0.002051665438488145358
0.3901690063756590998
-0.9596242139565867024
-0.3784377596739741945
-0.01319200182131274532
0.3881173409371709293
0.6831019983082228242
0.4073377109183636824
-0.3804894251129389282
-0.477630054071339516
-0.7597106980505782259
-0.03141723657793050323
0.4205297127404707402
0.2733590208247430042
-0.4644380522512319698
-0.3842567730878457821
-0.02180331307893274007
0.4080239719560064815
0.3047762574035468575
-0.9472071022496206805
-0.3528395365108030757
-0.08208498315670555157
0.4298272850353658248
0.5013401247609824418
-0.9254037891714884667
-0.7988495011137007884
-0.1111279083737720802
0.1191735650344052239
0.5834251079179257893
0.4070610919554802365
-1.036792529143044428
-0.7881552357514811646
-0.7167645179578948644
-0.3104208930219069518
0.2303014734083986548
0.1197760502157845519
-0.9256646207695862216
-1.09966715961346484
-0.4989058269252237832
0.4301969432378268676
0.1697044573541849899
-0.5495924079935929907
-0.7892462665917391318
-0.4888744532827151712
0.08877171473141905189
0.668610284279495537
-0.8280383061083199658
-0.05068658106851407774
-0.0569173420031321986
0.5776461680140976274
0.428006780569237022
-0.2858854006661231684
-0.3391638528255859208
0.2217637227136390332
1.851829477453285522
0.4849241225723852078
-0.2289680586630275516
-0.2503064971055995458
0.2329494289710138388
1.630065754739650874
1.580102511761499295
-0.4908080503329505517
-0.450123983135510497
-0.4720702198192621157
0
0
1.347153082790488066
-0.7237574793039670551
0
0
0
0
0
0
-0.1284254439414065085
0
-0.2648986710349105489
0
0.9891526933265135657
0
0.1059120835784910092
-0.1491897033796231176
-0.1364732270935040404
1.49828086027755436
1.030669980034011335
1.11757813726791988
0.3854355739644970691
-0.2551017869581141961
-0.3974306043199880012
1.561246073279261015
0.9247578964555186465
1.573451464476705919
-1.849008231598279872
-0.7828661782844850148
1.175810499314759117
2.088646693754705908
-0.3426614265537053505
-2.658695091724846193
-3.176797432939879151
-3.422459696074986013
2.248672294374133962
2.72607157568467029
3.051061815273442335
0.5151952292780120901
-0.4100658811018769168
-2.316033665171100875
-2.432824519468337776
2.452594428339692545
2.59133372092777714
-0.5569714579491757966
-2.02275863836643488
-0.5044687310542708136
0.7182089959854826011
2.862660309441489304
-1.269181974224367293
-0.4086799558458724668
0.05250272689503582974
1.75682141503424738
2.566086697636449365
1.275180453934609437
0.8605020183787382981
0.5556112435025073459
0.8544733122830310279
3.026003389258388854
2.141610457148866775
-1.620742359756390583
0.4611826827409076235
-0.7082038970074430173
-0.7293075825135240109
-0.006028706095713057267
-2.562511226849065515
0.9125384627489153688
-1.701742574142917519
0.8914347772428667938
-1.424404930562391591
0.4422167670154394936
-1.803763217308806066
-1.067917436154300681
0.8607686527061872983
-1.0437534052527353
1.138106296286635954
0.04549005232847556229
0.7358457811545148219
-0.06217951096971788272
0.7600098120560394577
0.175516672400516327
1.307301662263199882
-0.1076695632981933548
0.5481450274946363388
0.1300266200720407161
0.416366964051905819
2.250344009427563297
1.436295120918710699
-0.7591566347685640981
0.6771881192384305859
-0.890934698211293119
1.527803809268121205
-0.8140488885088625892
0.9695233100738713805
-1.573155890189128936
0.823709337799569008
1.615215929348722934
0.4633274996238611609
-0.558280499194254709
-0.7040944714685472006
0.9950339184920470315
2.539003660461732093
0.9136900739229060209
-1.151888429724863494
-0.6201820108566789003
1.763228087538720734
2.674888544223226639
0.7016555729660534091
-1.625313586538835731
-0.7757755729229982578
1.56121882860403205
2.490758305810351292
-2.00745040211542225
-1.251821270949617482
-1.973232971257187884
-1.113669715619167055
0.2364579126499974926
0
-0.6923536688943883188
0.007428854599595711983
-2.254300393160295179
-3.361111865211050986
0
1.622249352243686271
-0.6365172270568379975
1.737164202237210242
-2.594927291908504241
0.9329122405718355271
0.7556291311658058785
0.07757975490316604272
-0.153492087190599702
-0.3125612657257820781
-0.177283109406030287
-1.151564854272080218
-0.8553324856686688182
-2.147532805270528478
-0.9999722399523762739
-0.8390035885462985288
-1.672961856145801729
-1.834971539544747898
-1.760949512048365806
0.2575381172671081798
3.554463462461850298
-0.6729896161934255661
-2.95373888984387456
-1.4477068271835285
-0.7609772720959956382
-0.1806427554691164561
3.296925345194739787
3.134860803905952231
-0.9000644744237094041
-3.211277007110981963
0.8606719288504728338
3.315503559375071685
0.833106003188058053
-0.719421718954582623
-0.2952855890428962571
-0.3494513924898844381
-0.02756592566241455877
0.4660383912844179299
-0.8585098623911326943
-1.15595751789336898
-0.9502250825431519665
0.9494294182262044135
0.8154897837743028122
-0.5090584699012482561
-1.247712532069311209
-1.62870816358951398
-0.1723843564144170448
1.899654500769355936
1.533607243361776007
-1.042033247408741703
-0.6784830810463621242
-0.3846137231117203181
1.705991599776165879
0.6253443597639147811
-0.8696488909942975409
-1.70687464998940519
-1.077643211159660552
-0.2891913484591554506
1.009958082875614949
1.393999713494581183
-0.8042057883644349037
-0.6930294880478095054
-0.2213140981480894998
1.683191061953744905
1.299119756502579381
-0.7752268921570728555
-0.5150144399048018906
-0.1717751421902442566
0.6142882456627429821
1.520433854650546479
-0.4397827201110391382
-0.5539127940077356316
-0.1297481893108248518
0.9827419323123234296
0.7860633878519857065
-0.6950556869233764923
-0.2680075779189322049
-0.03954846581842094699
1.112490121622870642
0.5795053759400139448
-0.5653074976107748117
-0.5024266292736574435
-0.09788407386755150486
0.6190538417558208995
0.9915245650044475223
-0.8562068774414028915
-0.4628781634507627696
-0.1029131285856150907
1.089408638871139257
0.6459489232428766714
-0.758322803568915238
-1.293789290881651954
-0.7610728201034533402
-0.1037537536244531183
0.9216058502350238379
0.7488620518263050529
-0.8923027450738911792
-0.6581596915125589309
-0.1022906911076835734
1.025359603852442403
0.9449232784477502589
-0.7885489914424035351
-0.6370132750951136291
-0.09798005347169251589
0.9335045023933583597
1.04721396954705237
-0.3844940516573953637
-0.693776673295528723
-0.5347225839822080662
-0.1115256224862578305
0.4477017231208537673
1.031484555862950181
-0.5149619810945104126
-0.286513998177091278
-0.133308412020011785
0.3126901816794617206
0.5592273456014650312
0.7634643130102543029
-0.4198994682700125103
-0.4034363585985787926
0.9681281885417188926
0.4459985936917685301
-0.8025815452133686634
-0.2865910562422956942
0.9864595762917628408
-0.522129594848150691
0.4679232788826050982
-0.0713554635180130431
1.011470931169454524
-0.5185362974069437358
0.4799918461744377418
1.071953416200455145
-0.5314790849946033902
0.4697042050317927209
1.015727191049157874
0.4750143440973799147
-0.6022492111686623684
0.4959372899135143786
-0.5407128469518083236
0.08254936228340342685
0.01375781058339397081
0.008392409822317462367
-0.4133879276300911898
-0.0191047971065940736
0.07744502744882919565
0.1050409011781098662
-0.005365400761073786662
0.03781136819578779368
0.02759587372929542259
0.1185853834223046105
0.01724909969628535961
0.08077401522651093957
0.474595873655945244
-0.05104524616364376766
0.4662639228954348902
0.4573467739596398518
-0.2410675665433456849
0.5173091690590543301
0.3483635482848000398
-0.5151001361773779319
0.5894311148281426993
0.9786562402932081906
-0.171301885594843023
0.3667519607903242385
1.493756376470586122
3.122352348547769108
0.5380538463851752828
0.5984648712566672524
-1.191887525487466126
-0.2019076264893653327
-2.523887477291097081
-1.334973373214617398
-1.40581710266019444
0.9899798989981343222
-0.821803554405489356
-0.323550170235300083
-0.3694334753186189202
0.5840135482547051948
-0.04608137867731978976
0.1054238994823646774
-0.04588330508331182195
-0.8344386319561579723
-0.539453974584424123
0.151505278159700163
0.2949846573712497921
-0.3457203511370753324
0.6836150640131182232
0.3591914787685756005
0.48991211275986013
-0.2367676650499803692
-0.6546886582991874315
-0.3744832983598186948
-1.744659241852310139
-1.020837640925768675
-1.003351625990851925
-0.5275743913261068396
-1.090209511487105765
-1.480326655349688769
-2.383201071304827945
0.7167811550667454457
-2.545265612593606175
-0.6546750965146032053
2.141874118679079952
2.406206705181701544
0
0
-0.1620645412887830872
0.4159478811909721463
0
0.0001342021360949425396
-0.4308902155064606165
0.02715427395326183713
0
0.07573806638739219443
1.333108952284510984
-1.415298709062276616
-1.023323018757113401
0.6026284305013140941
2.711619096188563116
0
-0.9013690893206730559
-0.05867893240932822718
0
0.9183513407104032522
-0.05593040415564576318
-2.42983067032621225
0.1969396404028311565
-1.17245978442909804
-0.4571795600823931327
1.204722996230720433
1.222437880109593644
-1.434280087484854693
1.232245990032563299
0.1916713617735729125
-0.1167908542972622421
0
-2.770298028597891093
1.518289907312054599
-2.653507174300659965
-1.430956705238441984
-0.9742817448660495705
-0.7214117003075714019
-0.8339582675995029781
-1.116529380273452832
-1.847009902056650166
0
1.689425550114956209
-1.013051634457147632
-1.070075456553843729
0.8737869098725589145
1.194949553545653798
0.3275976014449399898
-1.294437358842026597
-0.09857840372420309527
0.1201077942672483245
0.3843840148993794559
-0.1305618386896056915
0.3238819871469927891
-0.2522198064059405498
-0.2007006522492408573
-0.2311278623515497233
-0.5068921497418641398
-0.2023845227340279884
0.4598313903922003343
0.09791378094307751079
0.2217303833653412604
-0.5276757493492982842
0.4998180864621841746
-0.613558696778083057
-0.2895552531044286448
0.2136806985072867149
0.6445892377065139955
-0.402037533462466512
-0.8800073446316700743
-0.6444105130101798196
0.8408829104534906174
-0.08837506402267199246
0.5349649931328105401
0.5793072734533677437
-1.068482554721183364
-0.3669693294078796852
1.078375553555873445
0.5595946904429205393
-0.4608298825803627818
0.2927356795040362281
-0.7145944329816154017
0.02892127682167147662
0.9919479645708152438
-0.1308116002415939672
-0.5103574655759762768
0.5707016250796814738
0.4507741313287875751
1.094790601623892412
-1.247817659707772364
1.032956565291901052
0
0
0
0
-0.7062124403656667715
0.0155994972624391541
0.2336779034077985373
0.2828115023666036842
-0.04139824284394615084
-1.393758000393063856
-0.6698714042347773123
3.461308056792062882
-0.7388158986145517693
-1.393071370293648803
0.8044110787869479529
2.772339195998914541
0.7854316788500425028
-0.820241546852696346
-2.660994728085609218
-2.188800899656346832
-0.690746144237236348
0.7076820625608871707
1.172255671261211996
0.8140959177516492451
-1.668301638435374379
-1.214880292388041294
0.5648187660995714898
2.704686433830633341
-2.48239755618701885
1.890590516078988426
0.3044039169906532227
-0.4427685382715844109
1.414119128556360128
0.5864567049123363685
0.1554322872697808389
-0.5115170665097915625
2.626770310729037661
1.25737088589711643
0.2998011512241272603
-1.765777352423643753
-1.491036775449668506
1.770210906633782555
1.524548643498675471
-0.2110342504714723955
-0.2748425654375230565
-0.4439702232101328527
-0.416370303081900206
-0.245662263135106973
0
-1.735582893970148088
1.066142053313794857
-2.32696915950490002
1.643969622528241414
-2.958668871406613388
0.4745830427799399009
-1.305276990022209427
-2.139697994111855461
-1.169386579748326049
-2.949246612550461055
0.4122488585890841106
0.0004001139999364748852
0.8430902709112775284
2.065640739973491513
-0.4154135650549405923
-0.730480521783197001
-1.09236355534239471
-0.8200651620730265989
0.2667341795581728014
-0.2087700238257206853
1.105011176292218789
0.8358564254601924537
0.01639096600111560401
-0.7521761174698331498
1.022283197430001733
0.4386888271920796334
-0.6455420921209136242
-0.1915105772253976602
0.01573531003000922662
0.262176456616401099
-0.1026878649338490712
0.02433356758799263414
0.3178653248071481863
-2.09443237869605392
-0.1638799151570810853
-1.467216192923649132
-0.001331113668277437165
0.9430666087000748599
0.7763301898929126921
0.1542132995884376023
0.002906095022803576334
-0.02711745050503005378
0.9563531185961787751
0.2371587701269782522
-0.05214440010527351954
-0.4005750044765191142
0.21005456493644864
-0.2435705048057457411
-0.3290621647511187131
0.1079323164115559425
-0.1152655188810838977
-0.2757642873904167513
0.6909592527439372134
0.3045076270075188773
-0.1471706919158703164
-0.3484306043711751788
-0.4516783189236533436
0.2621989650416333695
0.3002983036771401659
-0.1513072045656552733
-0.1813307500933757366
-0.3619176094489479079
0.4345826151027579742
-0.7392907688706410463
-0.5670748012033112184
0.5818617518298480062
0.4770358289617506742
-0.1575760693920301159
-0.1606122244847578706
0.3743334391127820515
-0.2900789056056171655
-0.3995979582445729483
0.06986312637484205779
0.5563671765468564123
-0.2480493242178045954
0.2105194334344560325
-1.006109270504036868
-0.3194845762113096566
0.6817536447540684108
-0.4291251475281154804
1.029173377535119505
0.4052638511170435498
0.02792494597966739545
-0.4943300859601458264
-1.061924811647882994
0.8102002748524571585
-1.002774511270560387
0.7735899397950358747
0.03559017835681999725
0.5837828327399957606
0.2042369674089198062
0.9630266877511628465
-0.5392787423995502039
0.9985281435791674154
0.03550145582603229932
1.036684745850047884
-0.421246339487559962
0.5053176803698116171
0.701513225317289657
0.1137094671524766371
0.6076526721373292084
-1.5369869539690868
1.40706681067673034
1.264737993314856368
-1.584198962388738696
0.1198801403837773949
-1.233626261315155848
2.801724947283942946
-0.04721200841965166733
-0.2329359727386605128
-2.240813271432317233
-1.280338020026664747
-1.584946678763221151
-0.2294573893959643285
0.341669339291260199
0.6595654206344324644
0.6995716444966000314
-1.187173813449076576
-0.4519085398452163393
0.3436933477848485574
1.559165669711307434
-0.6828676305487231257
-0.03687509678583010542
0.916538894526571557
-0.3648051302608327773
-0.1906825249094403762
-0.5567297823170259674
0.6910073320685254927
0.4522684265437846851
0.6916939621679518702
-0.4441310752094997927
1.339441123373233511
-2.343948398200608629
-1.373858005188731468
0.2057013955485446632
1.196599997911029778
0.4534213460473355828
0.4936043169468309344
0.1741226053513935945
1.055812462329350998
1.779699058487619778
0.04018297089949388057
-0.7471724552622373006
1.109715211565707405
-0.7980252921242328989
1.92868608886049131
0.9005961866270063565
-0.05085283686199596614
-0.06874852823820709613
0.6049617539308337344
0.3063539219040768424
1.653391881384405737
-0.8276624236440239812
0.8189708772947874582
-2.06557850364777007
-1.021607998818117036
0.2747405769739751369
-0.389391661199106176
-2.614281036891800802
0
0.8426901569113428581
-0.41581367905487715
0
0.4129814751776741955
0.2714537375332971014
0.4751024164028244123
0.2355272742270705932
1.222550469062225975
-0.4310244176425555573
-0.5970028434424853314
-0.5157392547812521544
-0.2681113456466101552
0.3812856314128406088
0.14465535478029376
0.3380459869730977895
-0.7563047044946868969
-0.1068061095396948545
-0.6958936796232020328
0.3706997111855408478
0.4977696794841093841
1.584569021115266763
0.499194404542764536
-1.312589048860849594
-1.323718341611758831
-0.317826110182900079
-0.6338713421824317962
-0.1786695543285137244
-0.2891949775214014418
-0.009997267605878707233
0.1972486196494263877
0.1092179725931027579
-0.3824407545551381515
-0.4759655896759722449
1.328646202089985184
0.6751585102222955603
0.1473912330583399821
0.9534470235733497612
-0.1032477145522108786
0.07151283972546237933
0.218686197991364073
0.0380993386356225372
-0.1021222485249821121
-0.1805868593556277657
0.264276220632069736
-1.028888781241155792
-0.7174834273660133377
0.2764616030347461506
0.9581321076546668314
0.2770501264519641405
-0.1383662815500876497
0.1610623817241456091
-0.2184183645491868664
-0.0662052302412427518
0.159320489654015407
0.3272931188130260849
-0.08043632540750261795
0.6866246942962491717
0.5769841229725678478
-0.1727437984109057301
-0.8499904620604460392
-0.6906151631352285269
0.7121479205626169984
-0.09387784950136288109
1.227423083753978128
0.4713430016800529421
-1.077263555266197548
-0.5222550319385762529
0.7822753288723233167
0.6232622092351809417
1.001183290025576378
0.5550085233277768371
-0.5313670654790337844
0.04656409801685289229
0.9265640198539438765
-0.1423288173618737495
0.01271647628611911884
-1.287186670292953083
0
0
0
0
0
-1.299903146579072022
0.811513587605952047
0.6257896232869432085
0.8570382222847031661
-0.06183403633199127669
1.162086288679534896
0
-0.9396145148056671559
1.141135281107974686
1.439338201210196289
0
0.363490974691633939
-0.7171562653206355886
-0.3331146347013388964
0.7352652736039012593
0.5043061829001870278
-0.3264523233003560621
-0.7919096683489714739
0.03459842024731975968
0.7549473147276620777
0.6193758079577451614
-0.366047257407585036
-0.1339396344519009352
-1.080647240012230892
0.371774298912308232
1.008998208860810708
1.783572198582735524
-1.899817322991107282
-2.195451755687276574
0.6322163376190109707
-0.1428411254622034832
-0.2956344326961709568
-0.5942422647229295141
0.9700903930118790486
0.7238865961582757746
0.000686630099421711021
4.131179461026824207
2.139867667731058187
-1.991311793295763355
0.8052374218979271303
2.022322272424130762
-0.6889688607931488962
-0.1054583659968723885
2.796549215193678606
1.217084850526203521
0.2643325865026213695
0.6558145907928296658
-0.1975872126852759869
-0.8645365664648483328
0.09897755965063109729
0.8137047609166081497
0.2604572767744464667
0.533226569448432608
-0.6669493537795724292
0.4580444894597224814
0.9635141261154792636
0.3751024501422838275
-0.5884116759731956581
0.9759209817616130156
0.7147272012659735552
1.186921029695239271
-0.664132238173081535
-0.2659165349994306315
0.3919756903051632713
-0.141527737644377094
-0.02316679674663461863
-0.6919103669241805088
0.4819074689245305687
-0.7008275158599797106
0.8107989667204832385
-0.08920029905163114059
-0.6687435701774899766
-0.8376891909517347745
-0.448464065486583352
0.505074265671134337
0.5863378543322909087
0.06041102487148274081
1.127004415680244787
-1.811783453403592814
-1.133065746725218537
-0.7191943484693072985
-0.01112929275090442094
-0.5890875700835245254
0.915871765992457787
0.3322773957544984391
0.6045757890238133703
0.5998265339929467199
1.188914104076475242
-0.1105254231927508823
0.2878875269213967969
0.2791977099155569242
0.2922338420793035851
-0.2604924858836838442
-0.08549165994550811387
-0.1738250288522850129
-0.2618556759083248142
0.1283049859247433477
-0.1763640159626833903
-0.9019342268425101228
-0.07676028368991134887
-0.3220956572945771201
0.1371058355474143731
1.364771724972131617
0.8839262086660294448
0.3114053538761298312
0.7750768093815605386
-0.5329847456827218055
-0.196678544460065885
1.305350384275173248
-0.8443900995587170222
-0.4719193763132837893
0.1593752989269094922
1.321333463738800562
0.9945335538191899527
-0.9717553538413544745
-0.06560974485291132252
0.4940642406053796787
0.5302735748922892123
0.2994286632742467757
-0.0800520829991293037
0.09098950969299249292
-0.1104063019391672285
-0.2084391535812709917
0.1853827048481778983
0.605711901109175388
0.1662307370888975455
-0.03035421893999757509
-0.05785142586886044686
-0.007089328984787771071
0.1522131343079015375
0.493943204981361017
0.7670610197065623748
-0.1074488724365327413
-0.857176793813604343
0.2175775970628583966
0.8143149107024010291
0.7269401262018271304
-0.5084444253105526723
-0.5187808631156000105
-0.2648494004212631481
0.05915030037770197674
-0.7856398740489501931
0.5605401435381095476
1.09751499000558117
0.577931163494684319
0
0
0
-0.1857239643190088108
0.3505727010735827931
0.02759992012823267796
0.2312485989977599576
0.2036486788695273109
0.3253322644788637641
-0.9327783426142279843
1.897359118666843036
0
-1.208147364114882327
-1.25811060709309408
0.5157857420306127816
1.572026854187981382
0.384041630619131491
-0.3840713054516936009
0.8374208176013593352
0.6410600250550261281
0.795601887630155602
0.6372239099484953151
-0.842734015104653289
0.3727383068219402018
-1.001111992786380078
-0.1074309854831178995
0.9037317463428815589
0.6982977051844728722
1.21547232192655863
-0.1583779776816934826
0.3255593983625088006
-0.6426267751846928
0.9903735958841862752
0.4558681963682899574
0.8936810073032653845
0.2394255356241673238
-0.6542554716791005864
1.011162731826002803
1.543226977401500388
-0.2054340411584076875
0.5163778964697002261
0.6538355602511435327
0.8899173098419972394
0.1602828397409534755
-1.605673225702744178
-0.6147746233402608951
0.3868239924111691042
0.6611732153616857177
0.8109298313339164954
-0.7750574630812143706
0.3982157031736508479
1.564332657734807785
1.579559400737276853
0.2110000479336237578
0.9908986023624835049
-1.368559352803655482
0.4721938284292711008
1.970248583848375645
-0.1723742903648202707
-0.2804781914681757082
-0.168945620774255123
-0.008917148935797120091
0.3892251254651079573
1.213869309929744622
1.03480191981883074
0.08126358866120123037
0.3288914977959164765
0.7080650557184688942
-0.06050202775242068121
0.4544438258366324535
0.5610778511855893935
-0.01541809848944322367
-0.3490255170433064769
-0.1216579677163591722
-0.7685670834709261712
1.005892231428867412
0.1066340253489380663
-0.5835943702379405851
-0.3160452319995201154
0.2722983932693432418
-1.084230919313011743
0.8835935315166986159
0.283135497438289585
1.086799341631173421
0.0130361321637309617
0.207245887255375516
0.08882271229157995274
-0.5527263279630069137
-0.09352483512088054229
0.07578658012786607112
0.5298319876134952588
-0.08803064705616212016
0.3021300147770870637
0.8251739431524374169
0.5798385695480047231
-0.1496393874447869421
0.3920920242838837333
-0.9748133305971581342
0.9606864923558058322
0.8459695124405535172
0.3724707232482510344
-0.4434597156297641063
0.6312946752418852059
0.9061456089883302978
1.02513133050681482
0.5596739854581355145
0.3938218584294398972
0.4203291962609715937
0.6116272168083722871
-0.027497206928887203
-0.1590131196366760535
0.2352700108868470419
0.2860321077710725191
-0.03661033505782636255
0.2731178147292133152
0.7535655620802372834
1.00123822096899584
0.480447747346833931
-0.5207904736257799039
0.8253895439576759419
0.3474197327841412331
0.5830165644080879117
-0.7497279213801200104
0.8343889986413941529
1.074754390873150722
-0.04996324297815599169
-1.366905354880971091
0.453877488156526232
1.723933106145439043
-0.196360792546202062
0.6459925337626781783
1.256340348626094672
0.8423533263086597778
-0.4654573450488347919
0.9458281312585082867
-0.4139870223175831643
0.4196537382462680044
-0.3105122173673862118
1.081542105492998562
0.5394269689946593616
0.9534139913123582666
0.7218119376281069144
0.6648141975217013444
0
0
0
-0.09720035246132670281
-0.474275624638679727
-0.5335032285593396262
0
0
0
-0.7425520893300451286
-0.03764025942439422345
0.9247953225169005531
-0.1790673901109487987
0.5691222459020092161
0.6747178516433389728
0.8537852417543188022
-0.5764959496750509116
1.367366416751317537
-0.5416224212992196696
-1.142080455377657122
0.7721587788187174173
1.514833913470754911
0.3652088935462429187
-0.8209178117045917711
0.4592014928420589115
-1.732888340447368503
-1.090696092651763482
-0.2474803133961533119
1.904320777108779117
1.635037557010019071
0.5967373136367041253
0.8265080885957768464
0.03620933428704172646
-0.7902987543086028577
-0.1086282496888655996
0.7203488944798278615
0.473086449790018071
-0.08926959451427210479
-0.5256030512871199267
-0.2724996305696139598
0.3688868679573945042
0.6175541893677104488
-0.8999992657721622713
-0.4933730177670368477
0.2134507661148968283
0.412766700426923816
0.3942831305234948958
-0.07102534180764527583
0.08827712148499881895
-0.3936677846368155098
0.1843361602593245885
0.07481710762034757267
-0.2132985237555596325
-0.2423729795486506688
0.9813448069160817244
0.536974846466856226
0.2223447846862625643
0.4027140455676717634
-0.07128501630377959142
-0.515654976752492944
0.2355968316223271408
0.7916322806081611541
0.2694910281583391409
-0.6239095264147311859
-0.4339833701233181129
0.2043838005839863636
0
-0.1667713650191535169
-0.06044395675102106485
1.398428206798123519
2.103573146204377409
-2.142622874213194528
-1.954861083505545549
-0.8044956482791227881
-0.339922039578797186
-0.09935070887286935604
1.552673881778798393
1.57015989671371492
0.4885280917285782509
-0.7627002453113784775
0.8215754854229813109
-0.5749384546037291654
1.000049093151989199
0.1524435918834742831
-1.720485231206077881
-0.870804146414733915
0.6969788258664595393
0.652295622898731442
-1.848599327765025224
-0.1953098783697843344
-1.546921432479303249
-0.2218934327502348758
-0.04468320296772811812
-0.2395751421757538191
-0.918872258616694304
0.4645736087003252135
0.705144939406253668
0.2743492229505165581
0.8284501313073753259
1.652024590651667735
0.8657629201158598686
0.01748601493491661052
0.4932632495996617239
-0.7862616705358079772
-0.7865275191480185502
0.1877617907076475912
-0.1081039011033554653
0.1784736077290081657
-0.01641833147901762546
-1.692379631837715337
-0.3623379904127488893
-0.2125813744405180561
0.1917629179441098786
0.7866115836474399936
0.4453108508640759022
-2.624520793764829385
-1.145546776602350381
0.1497566159722307777
0.5541009083568587679
0.6578922253045939028
0.7049118299056509329
0.1089526860870950326
1.478974017162479226
-0.1505389241382045773
-0.419693674970274988
0.4718996262910369333
0.3205391673101360417
-0.2708584247892920627
-0.3140980692289929155
-0.3336074185538815962
1.943862366426385435
-0.2243619022881688518
0.1092455162657289675
-0.2378428890284255692
0.2273675493269232684
0.05568886819077001338
-0.6004580340784252401
1.313781200117942083
0.321162643673077397
-0.2691547508320421001
0.6224385504292120341
0.7426751346520652497
-0.2717531683532770637
0.4890957850852976629
-0.1027629607933850525
-0.295928278117194965
-0.04907653032132763132
0.2404782766860457666
0.1055956057413083293
-0.9612310666424286332
-0.8409944824195138002
0.430356046436734474
-1.112591525623365607
-0.07887598181944598108
0.4061809366728279524
-0.6203697667780857516
0.1202365842228809711
-0.1513604589809235956
1.271350528856228124
0.07671701682211462536
-1.149625019924500391
1.22766588942486754
1.151124099898155784
-0.4808455163059519588
0.6421922477954119524
1.485408027051395408
-0.07654178952686108151
-1.017074474340907697
-1.131791454255923979
0.138264163733223866
0.1059632897600894103
2.14437955364792554
2.831696939421717296
0.1912980205474265893
0.5979242685526430234
-0.4394811640202863634
0.161590811779886101
0.05076209688404007686
0.1593024632926559048
-0.322642442829084275
0.2255257198952068109
0.09605903877435686966
0.1803692608812619003
-0.7379997614385173099
0.534945663597539478
-0.1294666811208226298
0.1679726291589936082
-0.3669730344385200294
0.2340989413617138859
0.1820337374340333658
0.4872023620792889642
-0.1095190526389595853
0.01837014829824080986
-0.4821689079495418695
-0.7880868252702778465
0.1699187823250534191
0.4806564899069588059
-0.356957264106518346
0.119973688393303593
-0.5005390562477405325
-0.2881156313758959087
0.1515486340267705179
0.2672120051041645961
0.3735394133722970134
-1.08163180498513678
-0.08685788549625386712
0.5948486657033300595
0.9947739194888828296
-0.3413007327833641469
0.3999252537855527145
0.009808109922969595468
-2.127780638421002735
-1.279790768747680385
-2.1383383613439233
-0.1948919392080257218
-0.8476055012685156376
-0.3244235852445426227
0.6380119966967520151
0.6377461480845414421
-0.193702951253258121
-0.6660553585885742311
0.9236053461811175591
1.225283241466839979
0.2695370161962353239
-0.5411083899678998943
-1.083976351837781404
1.510700840401441702
0.2843588036548777565
-0.9017679015959491062
0.753846384710698314
-1.035812332736468777
-1.548828969044787396
-1.769119853696666356
-1.194633512034054768
0.1689902075598835318
-0.02417510976391539293
-1.226342036746485009
1.363623719593879402
-0.7568544556909307941
-0.114716979915134229
1.123037764101167957
-0.9587044747285156099
1.193096615776722214
-1.867166599439490371
1.183283843714707739
1.820312801549352155
-0.6730146568938358831
1.270055617989030328
2.006115389914624458
2.481124315401785463
1.056241112157287221
0.4066262480051731631
-0.4363334567728135438
0.7068237838819489971
-0.5699180461287464139
-0.5927830217206816465
-0.3141907065977589952
0.2839887960437127434
0.4235972914709975612
0.07234975181574411496
0.6010719758001979995
0.2531034207175493767
-0.4070551954146234275
0.2162848617406637752
-0.9291964478631027369
-0.4139212846691257552
0.3690516990164962041
0.647414422904680098
-0.317912450592648721
0.4636390745803857238
0.1406563070596477394
-0.007174743010913518272
0.28736379494241443
0.2124234248717299933
-0.3059179173207489111
-0.2615756370000411057
-0.4739990618716112269
1.625951449258427495
-0.3901171438625831156
-0.5050889424118567561
0.5179330122240121126
1.101443507020290369
-0.310482839077224626
-0.00417943548599569465
-0.2690071928210031604
1.090885784097369582
1.967928117211967587
0.2360817495908535957
0.5835104947962784783
-0.010557722922920669
1.428467116433038919
0.5640717053133599279
0
0
1.401368623174594541
0.9624355819412946378
-0.0002658486122106380398
-0.8314490993377997574
-0.8585475925962434696
-0.8643954111196787693
-0.02709849325844403481
1.589660704769692456
-0.4179209932492071178
1.370021331075384152
1.653289449395241029
0.301677895285722808
-0.219639373694308665
-1.872928823089550665
-1.186126705250847735
-0.867351952100724688
2.725733649661724822
2.151801090505078395
-0.9084621247108466413
-1.561949816578396488
-0.2692832200987094193
1.930552463538965924
0.627216185772492385
-0.6534876918676360003
1.194151942545928158
-1.181254969031689583
0.1065599735209940974
0.637028957834913423
1.406365606774755639
2.053838392123347401
-0.06663978316150262482
-1.856298500608817292
0.3051686246453172435
-0.02286497559187267159
-0.3458477431124699075
0.6422677979444401108
0.6233400571552653036
-0.5221412524491506613
0.4311295611638306102
-0.8060257700659170244
0.5152751631929927134
-0.8934005545712059293
-0.04978982544596478876
0.7331831582392034363
0.7222855477410549119
-0.2793718685649704825
-0.8058699075188350269
-0.08737478450277259834
0.7829729836852581393
-0.7560800820727916483
0.3107377075818151813
-0.4443699604490436439
-0.955746225270604044
1.325027999729069483
2.280774224999673194
-0.8106454061641352737
-0.7063980468292091475
0
0
0
0
0
0
0.3353541525103029275
-0.2075138093595785271
0.4396015118452290538
0
0
-0.5428679618698813991
0.104247359334926154
0.2802053599393687922
0
0
0
0
0
-2.23853396735833865
-1.551216581584709431
-0.8030497904656512809
0.6486191020528662143
0.9869910425693025902
1.136853650195583487
0.4750089254870548672
0.6873173857736945003
1.435484176892643404
0.9604752514056951185
-1.424883203244579732
0.6558665926690532277
2.199835683637603623
1.939903440661166156
0.3383719405164530292
1.106946523857144982
1.465885079255438539
0.7693366489396940011
-0.542783100911084615
-1.239331531227022554
-0.5918587458786707112
0.06377344098271667261
-0.2486175083992608614
0.2846564981429932639
0.2146288871822878974
-0.6965484303158926416
0.8274395990540511781
0.7776613035611876779
0.6474727853484610884
-2.120478175284909117
-1.789658717447240921
-1.087591969025035743
-0.51301663630828509
0.6413864985270362196
0.3370991732990918921
0.2785923151229964256
-0.3229827675206675686
-0.176275279638056892
-0.7494061327146102069
-0.4548675947611685033
0.2780877030968056385
0.5981795026414933325
0
0
0
0
0
0
0.1647913930037811225
-0.2122838791735719155
-0.1272356026960055619
0
0
0
0
0
0
0
0
-1.314254866290336832
0
0.4971295833779806328
0
-0.2569684970252866796
0.314158231661948506
0
2.080749795913646061
0.2982029201022168285
1.355489289367259431
1.057286369265049819
0
0
0
-0.2525872691273463033
-0.1138272437610198251
-0.007284469758979824315
-0.2041493661126569659
0.09789381406977491762
0.02285767458965103083
-0.06983743739375890269
-0.9121019837049817447
-0.4580565762194265256
0.8297583663332059878
1.404333699049963524
-0.7850805511831152605
0.4540454074855922451
0.1270214325218541329
1.28781494255265816
-0.03887127807765335119
-0.009967839345118221367
0
-0.006583538311390401201
-0.071675139027243151
-0.04607280156450862391
0.294538537953413615
-0.08588294742881238952
-0.3606828015137453769
0
0
-0.2648277573350074632
-0.377075272177353038
0
0
0
-0.1829713517160315994
0
0.2976298438399249124
0
0
0
0.5711267286872336868
0.6598913506482044777
0.480601195555956151
0.3579023052053488807
-0.1792901550922487153
0.04843790301468906684
-0.3019890454428541537
0.1827498317335874978
0.07434985869567505012
0
0
-0.630617902297546995
-0.4807552946713091746
-0.0903221223516306182
0.2117210578307940072
0.5745753327167839597
-0.2202908846518716601
-2.189414250233057135
-1.622034960286983685
-1.969123365581163743
-0.347088405294162794
-0.3772943657414658536
-0.05720256619677049903
0.02824046015189775327
0.02103893666504309118
0.01426574546253607696
-0.2325232144971899895
-0.5747966035199790769
-0.5856942140187504364
0.4552969269536207841
0.0252883524969582732
0.2324582185891613528
-0.01089761049855142959
0.2783627238883096267
0.6000849560169392305
-1.001657416306002135
0.1472791367270230578
0.8181524326079983034
0.3217222321284817776
0.476930952499893035
0
-1.353506401698933326
0
0.2536400137879237238
0.149862607626253308
0.768574583340694395
0.8423389601283255423
0.3200917995446954656
0.1447711512442910742
0.0854430263486683772
0.1396084954272892864
-0.1258945755708593128
-0.07893436114361222777
-0.1024814549537543112
2.183832092687522319
0.2290720015767597484
1.642338307728878899
0.04696021442725122064
0.2486673214103250484
-0.3042873252279720275
0.3549665771476135934
0.05416546907862118676
0.02890343873253510554
-0.007201523486854977812
-0.02354709381014190306
-0.02526203034608610204
-0.351247539655243024
0.3997268359683252004
-0.1916707561311347674
-0.6276169670757645314
-0.4283010327637146175
-0.5213177113384903638
0.8919485948136220976
-0.001714936535944241915
0
0
0.001669364497783574347
-0.5913975920994440916
0.4922217588452908466
-0.236630276632566805
-0.04323964443972189153
0.003384301033727816696
-0.430008574456588244
-0.2747998540850458138
0.3240034436736269896
-0.2228387083645681499
0.1552087203714681285
0.1993159343120406435
0.106299255737283091
0.485056918492276723
0.7319086662881449934
-0.5414937849586426433
0.2468517477958677708
0.2895548070073739044
0
0
-0.3123909493819865268
0.0861517987359464027
0.1323196897601091326
0.233735677153274618
0.1508554461995791074
0.3985427481179329434
0
0.0461678910241627577
0
1.41326630615211668
0
0
0
0
0
-0.1079563593477853162
0
0
-0.006540371954619574046
0.06386982700539399482
0
0.1014159873931656797
0.02560233746273438138
-0.04367555699413427917
-0.05875095557649189643
-0.06927789445686836911
-0.006773191202508452302
-0.09718952547987740054
0.01968431187757320455
0.004608913295215585557
-0.008227319145437856501
-0.04726424877692695509
-0.01485424304705355684
-0.008930163863863754478
-0.01507539858235762073
-0.02791163102301049206
-0.01353907715907935565
0
0.681670504619516171
0.1722159676671204398
-0.6810819812031329024
0.5817146994787472103
-0.526498038952938674
-0.8532979488700438431
-0.32679990991759017
-0.4863025029323189141
-0.8736519565968667855
-0.279057507754256473
0.8287297751424599346
0.8146459742869667231
0.2640692326574042292
0.3140311417356886348
-0.468667631746385871
-0.5734935546145787377
0.176878180974999244
0.567527680846693583
0.2022056641347472483
-0.104825922867946314
0.6708732958811896019
-0.3873494536642625996
-0.6346118983540004477
0.7503717355896776242
0.5781815966163944553
-0.181520135326367682
-0.5468421520383038859
0.5032359516117516085
-0.2472624446896713457
0.5945944488426087027
-0.1355715067703312238
0.08272920712549086675
-0.007687127151873460185
-0.1210441055557711781
-0.5200226470289183167
-0.5949682920335478409
-0.1640597528342515876
-0.7301659556132349405
0.6618883672464430656
0.5930886494900945438
-0.09041633427736750495
-0.2467889599597270778
-0.1133569784039026307
-0.03903692963148888695
-0.01812374178324620277
0.05619630698917188472
0.1099113272261926927
-1.00279297258563016
-1.016876773441167447
-0.4198126571156459153
0.1491464454732365774
0.07432004877241760177
-0.9846692308025201124
-0.3989785414731645274
-1.158680273415756412
-0.5421151364983104459
0.5563798350546762528
1.028879231120542581
-0.06879971775635544684
0.03241000572987409734
0.05371502023702195289
-0.01276879701925100544
-0.00684471783606123603
0.008536217487896981954
0.01471444738025820195
0.005826191204892581729
0.005924079183189791958
0.0213050145071479527
0
0.01267090904095383511
0.03568006099617841709
0.006178229892361204387
0.03923511824704522394
-0.01408380085548651545
-0.564660542484969552
-0.1740110426132136512
-0.7597017319426769832
-0.07494564500463611612
1.098494971552970156
0.04913359895879918643
0.2283218956362216279
-0.2750761462517387068
-0.8095815457676203142
-0.337082149701779521
0.2318769528870774088
0.08240535160711848217
0.02317774768645856909
0.009141178910697890167
-0.1440756739183017554
0.1674536280846848357
0.03511262275912428732
0.005610791655307112782
-0.05922760392065991308
0.08504827647756633968
-0.1672534216047603106
0
0.1583124491739869577
-0.003530387255390781721
-0.01241864343075641669
0
0
0
0
0
0.1791882966774260288
0
0
0.22986950547191079
0.08455702722745937761
0.07265860294374730521
0.1701776426412774657
0.01010563530896820342
-0.09829433772894426158
-0.05969186283063331044
-0.3281638432008550654
-0.02950183110381720403
0.003555057250867840746
-0.008888256175365632367
0.5970641163255121509
-0.5006148325514273578
0.3906494998717343625
-0.3653220167119270445
-0.5345053995158889348
0.4724993960658535053
-0.02807437174157673479
-0.003970484643323482846
-0.01814422325370043665
0.03492321085198746983
0.002067772607054165889
-0.01189842428371205851
0.08562061541381808805
0.0122054628145411969
0.02410388709825325715
0.0301421443486308803
-0.06255296763477909139
0.5689591025888711684
-1.097678948876918748
-0.01417373861037697289
-0.02638528441844080474
0.05151915415664403558
-0.1716786811361292187
-0.2231978352927213582
0.3904331723196907133
0.04000622386215715864
-0.3504269484575384119
-0.03045481331979011178
-0.04330743331277386171
0.05216693144828717099
-0.1133350442734838148
0.07365069000153970369
-0.09308572880563459329
0.1052343655539749318
0.08262174476807736256
-0.08288023095369415061
0.07041019896001354805
-0.07002761096070886371
-0.04977829549286292427
0.05306743410568795505
-0.01221154580806382665
-0.1667364188071709941
0.03158367555243264679
0.07376437678762390315
0.0421807012351911384
-0.03285543824493327575
-0.07503613948012424761
0.430908539199266083
-0.1083999730379124615
3.176903591546598626
-0.2790571215179664111
1.893231222602739017
1.246196875221460498
2.312279060184994073
2.129849511200955892
1.675363303896631795
-1.283672368943860498
-0.8646245313616046646
-2.040552826372883821
1.671340811259255599
-0.4544862073043254291
1.414445630667290787
-4.170402337573839269
-0.03337262531790612108
5.015400518966552923
4.12600386675995523
-0.2568951805919819642
0.6735555757636859653
-1.704713436577118157
3.771132410940816637
2.221481272947463559
-0.8893966522068759151
-4.341844943202469054
1.077413890771119265
0.9280182878104508148
3.425240888678089846
-1.549651137993566463
4.312662836952470435
-2.693718520169330777
-1.389104576693292792
2.497222600867390785
-1.289935642454107967
0.5504376591509697603
3.384644549142313164
-7.608327538296263626
0.09916893423895283
-3.565734766262492528
-1.505174228526668712
1.939542235844494478
5.55943543172208976
4.042592772033563264
-0.02052073635610870972
-0.8723631433327615481
6.103153309769290047
-4.808346243850466273
-5.579956168078342493
-7.382558287143952569
-6.431798575056231648
-1.960139792205445985
-0.7716099242278767756
0.1085043880887521239
0.5652128689345419232
2.068644180294198165
1.872960882023002149
0.2979859025171854303
1.797041185384179229
1.307748013088525063
0.6982657922309907228
1.499055282867198136
3.308859931981626978
0.849207902649787516
2.610594139751056808
3.288311612045821342
0.7250797292585927645
2.439103709396502673
3.033045980190781421
0.4324788817307874123
2.307966250932772745
2.501861210237506405
-0.4204713076441595199
2.069382328507383129
1.723262342233693456
2.143733649878669212
0.6997825234938754857
0.900791143909312475
0.2988620687804999787
0.3304407446539724957
1.550791649306576314
1.585999213646271055
1.058694698035244741
-0.6925502420988153274
-0.5703503992553654589
0.6500005053972517377
0.6536204137698229388
-1.941872876942775328
0
0
0.09198954202561339388
-0.4050742842654215803
-1.886408695263741553
-1.548295323080931762
-0.1646646181641393258
-1.088489607561087924
2.033862418968388486
0.3381133721828096794
0.7979190877026535178
0.03672629030475998285
1.130994671849725908
1.383630704916792631
0.6019953556644601633
0.1538204381693074607
0.565269065359700229
0
0
0.4114486271903928238
0.3270660242317281474
0
0
0
0
0
2.053878175258213812
0
-0.2085501686671801247
0.1745367908374903243
0
-0.4570063056542803537
-3.388444785499476808
-2.262428343925393825
-0.4521940898192822744
-2.931438479845196454
-3.663599763357487937
-0.350735841115313085
-1.8182083580752324
-3.211405673538205718
0
-1.467472516959919426
-2.350370229537773081
0
0.4500814649558376734
2.097080447010527315
0.9609300355159938745
1.124289666420759559
1.646998982054689309
2.899839102568363636
-0.8214164203503857564
1.788225651328867682
1.775549436147601856
2.609642071679254105
2.172288344120705261
0
0.9202847880530152791
-1.843423659386524305
0
0.5616481254116151289
-2.200867720253645299
0
0
0
0
0.2526360330670667231
0
0
0
0
-0.5289993161852656334
-0.355930867133273432
-1.530268539048424525
-0.5983735975612072266
1.366633005043191629
1.53827409571527296
1.223537699557042169
-2.981522586823154963
-0.04772677176962214496
-1.404422926629741886
0.7133231253916405556
-1.672069530500967627
3.462192740192108431
2.442419064378268168
0.7108044065294952807
0.8760546514362861359
0.8999393659355010566
-0.559239921889597591
0
0
0
1.313566695737817147
1.804040100882450925
0
-1.470999239093787825
-0.3831329048356668099
0
0
0.1221998428434498962
-0.251791388873015165
1.667282551159655402
-2.119875692161766079
-3.307609475512265362
-2.09267774128843298
-0.3860959786396818139
-1.578322692299476637
3.546063372690223758
-0.1188403278125853835
-4.181953836203265773
-3.301839523886648031
-0.6394189286857674404
2.508147805866881797
-2.509614318196092597
-1.608961949289646531
4.367882278910331095
-0.01950131476039075606
-0.03497671040266275844
3.294587675555189943
-3.315897353102403855
-0.7942154078204600731
-3.328573568283690332
1.994171925496457387
0.7189832481154427857
2.028436304437337689
2.521681945281943449
-0.4373537275585495654
-0.01267621518126568064
3.332377720782088382
0.2214997956272725943
-3.241943756380220254
-1.583336618708901078
0.906809217438414028
4.547309455005713374
2.865107031049173969
1.471909715586201317
1.982209318471320758
-1.14858689383634216
-0.9833366489295513047
-0.9594519344303363839
-0.7321612835122913721
-1.801384007600560722
1.126016441574082982
-1.310910602455926943
0
0.04657999046203546711
0.4533446881451531629
-0.3586366626414001502
-3.787158243321515183
-4.974892026671827949
-3.664903700502127215
-1.037915566824743951
0.5415529998630861375
-3.110877925154577728
1.214931734223781312
-4.06311350838980534
0.8801143123171113469
1.252840120513673883
-1.136150411494533552
0.9006523689064498406
2.490113003435694861
-2.959035672840491848
2.788387333316883598
1.868931837971621546
-3.463443552007155368
-4.38289904735209479
-1.393197315462972874
-0.882897712577853544
-2.620496609422543699
-1.069222724088269461
2.662420595201839824
-0.1956832982713972713
4.047556816399201729
1.237272882922009432
0
-1.241615556018294431
0.795187224382689295
0
2.369172463269680229
0
0
0
2.036802780400983615
-0.9194554953452309665
1.658607137671587406
0.03426437894065467726
1.573985238886990823
-0.4584507235249598578
3.608133655607903556
1.72340897801440085
0.8456178099426124861
-0.3493573144780602324
-0.401751258044770021
-2.770561979224623883
-0.960757330111547847
-3.259855151519069683
1.571477804600095896
2.503372746091079293
3.147566734554493095
-2.858103893473460833
1.973229062643301113
0.8182238147393214867
2.234515606087828399
0.9724302732611289635
-1.11899088760589005
-1.290106559050499646
-2.472995451345623152
-0.03163294870827508543
2.342693210095453615
0
2.270206934478950167
-1.284260880651692194
2.707780443841533824
-1.076702375693127989
-1.502285596560159364
1.159851889493997534
3.509955945853115988
0
0
-0.8659965947975110101
-0.3574440608671260455
0
0
0.02589837710830211401
0.7491772535261050914
0.4067646976831174599
-0.4052166531034352981
-0.4233196331191417805
-1.17433767191317151
1.579468566689193221
1.551273885334274238
0.1652502449067908552
-1.270044328419092983
-0.1454257152392097463
0.4904734051446337784
-1.696699600573484013
1.577099660193488795
-2.810283933477213392
1.309453056322037234
-1.624342758731201153
2.49014583614764673
-0.5844931396555230751
2.181859701539347274
0.1090934090469132811
0.6935865487024369669
0.6018352294861718521
0.2863403439798651307
0.8074991016817459899
1.809804649113752495
-0.4892931722953358653
3.464130076203951969
3.049872956882745623
0.6777174722938881235
0.9318949414892659933
-1.475353096412137965
-1.889610215735877174
-0.8362117189970156295
0.5800800723503221068
1.857060764234087946
0.4896535061952655976
-0.4142571193225315085
1.96500660260619564
-2.372155484590102947
1.053398496739494705
-0.2208929122480404739
2.151262572343051627
0.5939422707938101231
-1.274291408988395435
1.416291791347970008
-1.937214702344629114
-1.023718717332498196
-1.557320301550344954
0.2505726916568445373
1.807892993208130461
0.1938949593040699138
0.6606497225938511297
1.574145707604744704
-0.03985232630135107645
-0.3859723125767194341
-2.199780980223958959
-0.6933548411447265636
-1.370434893955595257
2.374326158803727438
2.396865227988697278
-1.252627931943417039
-1.568122817449723705
0.02253906918496917378
-0.07248627561650515527
1.721667459145568957
0.7374200311343688252
-3.274477359029876578
-0.8910672606344883784
2.542320295781023809
2.150659435630724037
-1.596587300986886282
3.244972726982383815
-2.436927044030009704
0.5085525339303800241
-0.6864225904903000774
-0.3195608037858036488
-0.5725100375109911655
0.7232788764178069707
-0.4492180102274358489
0.03157867587347701344
-0.3424125558429880201
-0.373991231716465089
-1.884724677593537567
-2.762515845665275638
-0.01810298001570834203
1.86662169757783003
0.02388471449921495196
0
0
0
0
0
0.03675227892176202021
1.124618613179883209
2.117746052021452385
-4.38738359367069819
-1.073294603355183119
2.36505362137588282
-2.514225046198923064
2.34116271814947563
-2.266917476844425128
-0.5910880350521856563
0.07862588583678914445
0.7646870535298726512
2.74886961480060954
0.2473075693544032894
3.278912099728848339
-1.262085332827235673
1.276980691884306296
2.539066024712075986
-2.262536832312164403
-1.576475664620007322
0.7818768670804121523
-1.019773675813596459
2.249684422618143831
0.530042484928290536
2.888395016629695
3.26945809843209334
3.640500237567350084
0.2667978340002986615
-2.129101917644926178
-1.758059778510217885
-1.100609424037382489
-0.05147801586153896714
-1.49039132363241289
-0.9289683333645045726
-1.367407258038251694
-1.757189157632198961
0.3710421391351063081
0.6387105940120006986
1.706581762648713418
0.1716410906725956975
-0.8774903175026834701
-1.192226713659954029
0.9134959850114994229
-1.354004563739178657
-1.61399803390513874
-0.3461199862743792877
-1.813808667646573447
-1.443951126385187411
0.3698575412609922397
-1.891871706498601258
0.8293460862687420665
-0.904340881171695754
1.699128389960597119
0
1.235489527617914529
0.8099063067508767144
2.383410098395393639
-0.9842474280112027962
1.677890058042960986
3.433387556415511188
2.336994401527011878
-1.096393154888525956
0.253734473380583414
1.241265298708196685
0.7026524312013674445
-1.194975124420676327
0.113912552979309023
0.458613105920761821
-0.3154948855063066104
0.2056638721955742766
1.087866334258121181
-0.2529492337251875167
-3.005710465867337255
0.3238539200905354853
0
3.762202144821608307
0
0
3.329564385957872741
0
3.438348224731068825
0
0
1.675829441792312968
0.1297522681238695297
4.425344106881759387
0
-3.784482819534662035
0.8021755020116079216
0
1.89813833521870845
-0.4327038906929018269
-2.658729815304186062
-0.02543099565694718206
1.88857467671762036
-1.564416523952361748
0.6697139208885419803
-2.33084222591161927
-1.546077173668407578
-0.009563658500611700586
-1.182888892295677508
-0.6792775793886145497
-2.226025924611531259
0.7847650522432119136
-3.623168604870116383
-0.6770800528114558903
-1.41039435946569669
0.5036113129076125183
-3.747246736617671381
-1.397142680258540048
1.094313291351742379
2.358352531700954824
-0.3147363961574299318
-2.261729247759499462
0
0
-0.4255832208670378702
0
2.662137486054155566
2.350104056359130222
1.350127628269137015
0.98753082532761427
-0.733314306653546355
-1.733686967441146809
-1.000372660788640733
1.914005672374491152
-1.53898552829533819
-0.5386128675068488914
-3.106790005045972691
0
0
-0.2802952506948420686
0.7661845733025206551
-0.8553483725368846713
-1.015226864933980622
-0.9532821059251587181
0.1753552566848823879
2.82649475435113029
-0.8425551278274883149
-0.1598784923970556215
-0.7021367171419444775
-0.006152690386428891212
1.030703629221739526
-1.672044692892305839
-0.8982761505268690438
0.140418410685601347
0.8364024374410383711
-0.7150247813013101972
-1.888134539649353405
0.7737685423656310846
-1.159751186218632268
-0.8545694270560661998
0.9570199115908628595
-1.486421566800015137
0.7283833534308951085
-0.8274099846225081434
1.033565112592550905
-0.7415305482957926797
-1.338065431601986432
0.6590115821779882754
-0.6526133327569820786
-0.7314071059975435496
0.7448910185037412868
-0.790828562548174907
-0.527013713632335512
0.6854520988450513164
-0.632033482000070479
0.606658325604229165
-1.409107393994065927
-0.4668258161387435767
0.2638148489159178323
-0.90379419349024126
0.1587950805479624583
-1.859153578915006655
-0.1630208942441363495
0.9422815778556121735
-1.945089628901816248
0.5053132005035393393
-1.67296812096940517
-0.8637028383672071818
1.696132684670941471
-1.179289766582412469
-0.08593604998701721842
0.8092652826021722312
-0.8843929321094193829
0.4936783543868981661
-1.212060787041797871
0.5811864542826123969
-0.4852276375742920478
0.2019651813469237611
-1.257390593596454664
0.7268331494685656979
-0.4233164357583645288
-1.152786386763496207
0.8340741578411234869
-0.8574054847156646897
-0.01478044379048557705
-1.049605636796896446
-0.416270803000051981
0.2953809020498004978
-1.097732272847233403
0.6333348337973031539
-0.4977499332114900255
-1.122614007449182827
0.5999823396359974526
-0.5050834071064648212
-0.9994888017634552257
0.6175306003432931012
-0.232875798883042856
-0.6517323887869186372
0.766613002880412342
0.1055648062672381454
-0.3332317037662897441
-0.3222084384648505329
0.3185006850206461571
-0.1967719815236258774
-0.05868595321715626423
-0.07168817297425679469
0.1254364569412315389
0.200212039315522311
-0.01300221975710053393
0.08119245311291123368
0.4775334959508850119
-0.1190195862026110774
0.2023300669249135098
0.8929827181858842611
0.4677475703401441365
-0.2752034290259330329
1.05859924447304099
-0.4252351478457401246
0.5563762747138667475
1.079487002409511121
-0.5022229697587325958
0.6266119558483700391
0.9747772504459190079
0.6034396141389077872
-0.4528750465611409703
0.8335532123774562763
-0.3713376363094387789
0.5150972132198970987
0.8081470334725243676
0.4606548826717687395
-0.3184559991575591775
0.8076433026015106265
-0.3474921508007555726
0.4960019303046820927
0.5159904889710730247
-0.3116413722968285338
0.5041579419673447582
1.088924072118506059
-0.2145371035864409859
-1.11528513495145476
-0.6277675746018535063
0.418648358127869713
1.690151479399001566
1.365066717171634192
-0.3119674553404934714
-0.2552647934917288142
-1.015852957855955196
-1.245798035066968623
1.417470950751399839
0.6429667659682974934
-0.7606719172123974637
-0.8937415819358830449
-1.199588312328951467
-0.0009540634556923811849
0.4241361299116876982
-0.7745041847832166981
-2.311212532687277665
0.7225378488696186929
0.4250901933673819633
0.02911457396171647505
-1.174109812984993173
-0.77355012132753731
0.8016074702088178405
-0.9641678854826201128
-0.8962456825795929172
-0.4949873979176463989
0.4248307361994763109
0.948303200492860876
-0.06056851619162986755
0.3460885993727539356
-0.3996031727762368035
0.5109898653513343936
-0.600547173772698728
-0.1302002002026286798
-0.6044174403009174856
-0.8276318612708976064
0.01646310967938260234
0.8156369430983980706
1.415787925336871478
1.472497295342654944
0.5706762950475032792
-0.5757554789257049999
-1.048904436253488504
-0.2455418755660851438
-0.3792212729370910695
0.7916847857284995404
-0.1775886771757969051
-1.327738262406350511
0.1402284240520576264
0.5096041417478051061
-0.678409887013641022
1.218495596762797062
0.9874237546690292078
0.4579801369678838663
0.5199248959767241995
-0.3197784037689142544
-0.1101351027475426791
0.01606673686108839316
-0.2269948320731476066
-0.4717930638019364742
0.09053765445173717064
-0.06535173730700973016
-0.4476156032066486157
-1.738521846908489543
0.4059294665474592056
2.112219919831458181
1.870271151024172518
-3.277620400330629735
-0.5505655797026273168
-1.787951169971351062
-0.1133655125176633999
-2.734886976897786592
0.7067008434809537443
0.2638313366225918388
0.4896602725545028956
1.197434659402690782
0
0.7153097842121934891
0
-0.5068687069871462558
-0.1396114019035191167
0.3459216146574052853
-1.230600448548784476
0.6684056907943118908
0.1501911701663332377
-0.001349563194614701762
-0.6460874442386582706
-1.581690493856738877
-0.2974476555022365076
-0.6934232749079025648
-0.7386540621680629526
-0.3795664598346959462
0.6119281014021348275
0.7868987353402857599
-1.046256724856492015
0.6429039118567919653
-0.5013581925840039366
-0.1192582935821714513
0.3500255662107600862
-0.7681155943967651334
-0.6817760734254462163
0.2218232958616906947
0.6341725093356660459
0.442223452533291983
0.4891182071379652219
-0.9474786245908840554
-0.5066384132839202303
-0.434409229755481574
1.151821635167077584
0.7455176329623610654
-0.1642672121460131418
0.2791924931405612154
-0.9548809604743851986
-0.7990236611377290465
0.9560256840254314215
-0.1106828180775649012
0.7328112630376403258
0.5726986825310756979
-0.1729930896060307144
-0.8897936999102041833
0.2754211395824921471
-0.2232144209788856082
0.620880549988249042
-0.3833270014995068808
0.3454594104152330369
-0.6587481410900807299
0.5739073933514675652
-0.4938468751285001734
0.2646247717288408019
0.8475047093894069183
0.698691607857160335
0.01378333038543788289
-0.4441636592078996859
-0.95181944731653223
1.315878664242164264
0.2227470412604102834
0.6196204176184120227
-0.9238234037307483382
-0.8671140337195949455
-0.09891040181419254174
1.075236644486003756
-0.6045496158477041693
-0.9909697583842789204
0.8297982182312513277
0.008425838532892219665
0.2507230471808139516
-0.3595786903453088712
1.236898141068829116
0.7084799976343414407
-0.8615362187460477994
-0.1280437705170358043
-0.6514563616781857691
-0.2820806439798163034
0.08018127916480856376
-1.150149585228382509
0.6871928189220688488
0.6493283753946172965
-0.3625361894174982669
-0.848854601632541117
0.1372700751065943359
0.7316376408432455625
-0.8186383110676063168
-0.9558615478728217374
-0.2310718420937662998
-1.292200319601868097
-1.538274000531709262
-0.4674988586923050637
-0.2460736809298330885
-0.7084628839032197645
0.07402202749640113266
0.06194475900883163189
-0.5422582247449356796
-0.6166083063220918481
-0.7777585407367831882
-0.5043464019153764966
-1.354468582845241187
-0.2491661107453894408
0.4814745543094137714
0.1895811671921091013
-0.0246175647937280917
-0.2676791337279464944
-1.849932289541130981
-1.711192996953312617
-0.9088034760540688595
0.3587166937761892549
0.6983493811314039901
-1.290906243701869904
2.559835523038126226
2.144451313455947972
0.1387392925879513961
1.464341684476749395
2.54828167067250666
1.105302472099800148
-0.2419487688072738674
1.086789449117279371
-2.391977722587937283
0.7317348182585523553
-1.479141528148087303
-0.9636651661799673363
1.444420758669698213
2.08271980480674257
0
0
0
0
0
1.375004230120418169
0.5642003739155415643
-1.090369752305226037
-0.6952339458742169409
0.8664996248854023309
-1.327220058502199818
0.7920265430888635549
-0.3618520178500389539
0.2243700708815324352
-0.463323216917698899
-0.02076050319644959577
0.3809502845632845025
0.2818883163310569873
0.594819047670681389
-0.04674644285633427349
-0.6741405337486727767
-0.3990098518433533581
0.6168166922281452802
0.5715859049679858916
-0.0475485545577127855
-0.3868529913901548323
-0.586407694718579009
-0.4879972633711529006
-0.04523078726016027673
-1.203224386946709856
0.1377523765216379925
1.176446937734344056
-1.156628778713165717
0.7492604223658269058
-0.3579011368093495404
0.05524694896249009168
-0.09981195562964280399
0.2251735223065655378
0.2327113377526683902
-0.1225537799583042431
-0.03894327880964999072
-0.01614218832958844163
1.000005219551997282
-0.7467477144938713396
0.7126362151711717052
0.04594595014968173158
-0.5077398975930360603
0.4692838597921927812
0.8864348495296752173
-1.056314660702476482
-0.6488573008127880293
-0.5401631346797991506
-0.4932683800893009063
0.2341430535674977609
0.1515357163402777374
0.9038953016425113063
0.3684288143188176878
-0.80542916578746937
-0.02879586894077737144
-0.6965306172088414627
0.410252289213877297
1.047462254996121001
0.6106831676691075739
-0.586006055919776947
-0.6791116579040420431
0.8434940811083664336
-0.7791108818304590677
0.5480828338306962255
-0.5858687662179652422
-0.1687177764777491873
0.3471388328428491321
-0.3017218230961760672
0.2284479829266071738
-0.7456917721427680501
0.1649012659700805072
-0.3092826216303800058
-0.0304506849484306695
0.7280209619257208553
0.1953762002473259374
-0.6716407505159407432
0.8870750512543906785
-0.6812564820270710086
-0.7186469451672258257
0.248637293391268388
-0.1740025388433426579
-0.8674600467011636118
1.631156646139514166
0.6478628417403882178
-0.3280533570851608127
0.8600547464190708702
0.5639915939534491107
-0.7130290534221798149
-1.15972969181063057
-0.9351174710584062577
0.5943675657382004873
-1.093131622979648832
-0.6962582466244902069
0.1265542880593060748
1.174147046299449659
-0.5056392140327090612
0.711651705050622474
-1.131084767008698533
0.7577978487132659424
0.1323522957372655628
-0.9727134510050123861
-0.9374660751556656013
-0.1492852661555271743
-0.4624953412480807269
0.866448111898871165
0.3801296996790793914
-0.2454384262561474517
-0.6254455529758947696
-0.3864201425357720598
-0.9070831148683649037
0.8426250409257690643
0.2143103549945249431
0.6737514336323945363
0.3086507399959093068
-0.3016509975301006063
-0.4467378416184319967
-0.6257976242056136895
-0.1372232368039380257
-1.011864564815715184
-0.8746413280138100044
-1.089861074977142907
-0.4863184122159749934
-0.8720800991972635918
-1.111886538156987347
-0.2152197469589169354
0.7306406650547765391
-0.2918933871173281513
1.212465812477433902
0.7369332128337392485
0.8023895208992785077
1.328738217924541498
1.083939986195746608
-0.6364881768237450332
0.9128361944399316918
1.428312556408016798
-0.4676108802435415823
-0.3807027230096374226
0.6485809802840758476
1.597189852988198711
0.3249902395888020212
1.592510409419081396
-2.210876346406627668
1.350984986548146027
1.267520169830267829
-0.5554787235808517076
0.1458119248287685077
0.2392824648647060015
-0.797004146451788853
0.6537038645172160711
0.1905952902692938378
0.7012906484096230741
0.3396326873552243941
-0.2415254228709362017
-0.3616579610543921852
0.04478336544052879953
-1.115445187540192729
0.6437308133968636659
0.7904444759273150378
-0.3153307416754781434
-0.4380315277058899337
0.06551562618178398412
-0.3408492784245180651
-0.4967386701833126916
0.7429292860160519041
2.064800733231735741
0
0
0
0
0
0
0.1681665861667438755
1.198722932209971503
0.5716865555327972359
1.239406999407402843
-0.2093611927819556406
-1.598694961367579825
0.5743810091635946913
1.241493654796877788
1.188215202637381562
1.220155216354376959
-0.785196651531936296
-1.29370125676699077
-0.6198669296414555108
1.141407594934300995
1.081771579530596439
-0.2811113555426463795
-1.218771693157850056
-0.4563939901898800833
1.336446522641774326
1.091029492826897762
0.4992207636465914034
0
-0.8526037030500989156
-1.569818268629579183
-1.933519728584437214
1.038694561212588185
-1.294381155234605618
0.6391385733500478672
-0.7990637610499438104
-1.555793338053479413
-0.4271865153685810435
0.03791182282960602057
-0.008394640952056293265
0.1855566625522766522
0.03926592719247525703
0.05507725482377506809
0.03192414383785863174
0.173378276080571575
1.016147407880571008
-0.7306055261632680153
0.9816114225598584486
-0.7429509993660505796
-0.03453598532078850508
1.094298940286301258
-0.2873690043804841832
0.7041255568579338764
-0.3336951263302851411
-0.0123454732027558408
-0.2002517044089346943
0.2390078169009425546
-0.306762120111264025
-0.5354664873182152229
-0.93269117058780171
0.3933287139952081901
0.6372099657797614114
-0.9962583451317209571
-0.6259290504810491873
0.7000908341110402278
-1.372010581335870949
-1.064959431524278965
-0.1946949628957305445
0.5327164707729195037
-1.190451583328912211
-0.4367790873281910957
0.06288086833405516496
0.4270481090060327944
-0.06676945346230962752
0.7970577428745643234
0.682927668980471525
-0.2898909642839726519
-1.518978958468708784
0.8638271963357829764
-1.452209505005631174
-1.289794825574093418
-0.7168006103059183509
-0.2009440009907653979
0.1990338830250021063
0.6693808566051331344
0.1466957302807169183
0.6597651251062468525
-0.8621759863974317595
-0.4498267729196800402
0.4171509897388492316
0.2841469431238117238
0.7584716468650246624
-0.6411900655603993693
0.1590540893212354923
0.04689475459792221551
0.6916988510135707591
-0.8766326822827906762
-0.06135875715214855752
0.9059254814046815429
0.1545036645086030613
0.9773161991952087346
-1.388940156843255336
-1.35302712574727857
-0.2264971332904816004
0.5508545917490180743
0.311200733149762987
-0.9832938043993517674
-0.7711018997200074221
-1.105065746742544208
-0.850406399226425247
0.03524737584986738226
-0.3909653205891308603
0.4594410786375751621
-0.6610481966130655751
-0.4262126964395188122
-0.7913133900759731221
0.7881808090002166978
0.1948617038123248157
-0.5258191447243684147
0.4314233582647646337
-0.007373151768846782778
-0.5226458183131322821
0.2523635756778292438
-0.2188181475104255536
-0.2595047414524924156
-0.473703473438352507
-0.3992325558477173852
1.199272376268147644
0.878396290313254946
0
1.029283703293716101
1.138837637080898801
0
0
1.030556346043227878
0
0
-0.3775277789486994884
0.04068406719743229705
0
0.6677204438746044968
0.6457742071908144643
-1.359577660695532764
-2.170381516900378394
-0.02194623668375937989
-0.05327845215949855023
-0.0213384384425329629
0.7773517250396609901
-0.7567966711090959864
-1.80808213227880743
0.2345476127520021714
0.4923902990103899979
0.7526027512639377193
0.863779051581421653
-1.229538235109806976
-1.289174250513208664
-0.2454170298148765639
-0.8372257589951452861
0.3635501663623849078
0.608967196177263137
-0.6191344595256986771
0.6292314388295821015
-1.464085847861831269
-1.351824466696653682
0.4305232434494949967
1.229250885353825762
-0.3510900453074575212
-1.39548101312133066
-1.00767909095108843
-0.07824533387538017137
0.2745910999162660127
0.3868530043229166937
-0.2689590933772090797
-0.5156516390621624923
-1.185406893050701571
0.09419467287000478362
0.1939513035043156641
0.1971246299155019199
0.06347189577584039233
0.3213496531274861456
0.1334434219213154194
-0.03072277709415740382
0.003173326411199810931
0.3070009972139893795
-0.01217838647173109801
1.128834925606889916
-0.3901733834280495805
0.4074573598914939532
0.9914945612371683925
-0.6666902650221335769
0.7976307433215298337
0.1749706339368331254
0.08633952097307560913
-0.6226601093860097969
-0.7089996303603985917
-0.8529944538414179211
0.06792220290226419488
0.9035993692895040175
-0.1439948234817980399
0.6844929333323865883
-0.3084524357203439204
-0.3333710577748251747
0.1308070855893752049
0.2896413797026566317
-0.1634444844306250644
-0.5536858477428645564
-0.3948515536293520922
0.5448985322710381274
-0.406304002203539405
0.3703292946485096659
-0.8726291420279019828
-0.09310560198233178153
0.7766332968493705469
-0.9097848451068775155
0.1088985485752478055
1.337772871849448375
0.6261406279910493033
-0.3647989398835178032
0.5550191942354587571
-1.419256731936212157
-0.2037027274872126037
-0.7116322438613592594
0.3070511498162653563
-0.7827536776120667117
0.1815589980021386218
1.018683393679874927
-0.8298433554798516631
-0.6347564489908227303
0.7274114336627244271
-0.99575662042625257
-0.1141300738953947153
0.2602124522529966066
-0.9728186332652898338
-1.781564549523273699
0.111176300317054666
0.9922024890463654323
0.1834565727890782594
-0.2368855051397207867
-0.8119128301294806782
-1.179426362283517271
-0.8087459162576355887
-1.229087994185411148
0.4703469735752683345
-0.6488606559414287211
-0.009615731504289201301
0.9672842385576621016
-0.1488131015333592488
-1.291668368596218253
0.07139071779181822841
0.8228125346853146782
-1.543443821350509282
-0.2396538585987005587
-0.6934575078588838259
-1.082302632868984871
-1.378365785333163007
-0.3651006936366414934
-0.6103017375260972877
0.9861750938880188277
0.5110864971745783247
0.1869398704992524807
-0.2842418526891713482
0.009128968773656483821
-0.3229690217945825892
-0.3241466266752661696
-0.5019575284007715688
-0.5206629723329070369
0.1960330362346619781
-1.113982077520790259
0.9993955969194210365
-0.43879651003356962
-0.1790597825870228477
-0.5152726665442666221
-0.2141987319858486283
1.137901031765711446
1.028826599951124576
-0.2430615689342298658
0.07447091759064267125
-0.2447982317287853149
-1.536884979424999242
-1.427331045637820095
0.3301405877696242941
0.8728740112025235032
1.410157431217783364
0.1050157463878232528
-1.360891895163215182
-1.051285461169547242
-0.3393044368324433235
-0.1254356737250466036
-0.1011442719810067836
0.2138687631073967199
-0.7799601364066328646
1.289183947930643281
1.387594379278050294
-0.03897980582146793466
-0.9091247149508229208
0.7087785148525028722
0.09841043134744059673
0.4005596916574492572
-1.003078991523564945
-1.328163753752056753
0.9820024698395066753
1.094263851004799948
-0.6157991152846273852
0.3770492854253402748
-1.036231973007099905
0.7987276419040735265
-1.438202334400312532
0.4650983381982405906
-1.107161559175231069
-0.1611502344146644727
0.1122619044066890254
-0.6235394373880029928
-0.5435501932935122849
-0.0249186220545065118
-0.1641661990154416051
0.4392595213097981732
-0.155058904592164537
-0.1392475769609028968
0.1699265733441121529
0.01581132763128348384
-0.007341783354609197204
-0.02274182432866966863
0.2167563072419381176
-0.06122634119215674547
-0.1214912562284852088
0.1292526509398085055
0.3146639950524273699
-0.1058963000574863478
0.0355578321852556764
0.3160100467656120071
0.2523565558102318085
-0.1212963410315580776
-0.02562609262385721551
0.1414541322427297909
-0.01540004097406871136
1.270138680467815862
0.5409994355329273974
-0.811522761629454803
-0.07379052114896120229
-1.071242231393626065
-0.5148599534253267551
-0.6849082774736473533
0.8920449510370940249
-0.07355782666828154792
-0.8316763347242531745
-0.7549306537385336302
-0.2960631524648100754
-0.4711817231883459467
-0.3191793836857261812
-0.03872716910539378277
0.2804522145803380884
-0.5933191051878876632
0.1095539337871825891
1.867025567194619873
0.9486088727041347424
0
1.532346792025643278
-0.9184166944904699204
1.489669230359236041
0.5427334234328712315
0
0
0
-0.2277717833216678645
0
0
1.083948051500641441
-0.2905324723783055396
0
-0.263459728809775473
-0.0627606890566382164
0
0
-1.389333768585624407
-0.6788158644255969376
-1.403638683180854496
-0.325084762228130375
-2.002118934738773781
-0.4389163951168587041
-1.620331510665170338
-0.8701449091289760185
0.1122613811652354715
-0.05963601540355326774
-1.597801585124157597
-0.7172145655794698316
-0.4623892029733626119
1.429970749449966494
-0.439078520564689323
0.6737829493208005172
1.124124019056892188
0.578027593008663243
0.6580168371030752361
0.08944450624710852116
-0.7561878001291640894
-0.3058467303931029502
1.563202539621610265
-0.4019944186931612151
0.5285230268116551944
-0.9338305797260951779
-0.0957553563121178869
0.686729555087525867
0.07998924409445361261
0.7824849113996323879
-0.2466925456850118104
-0.5685723308559238465
-0.7649070663133485937
0.0468803106279129661
-0.4062055535052661592
1.015595710574325627
-0.3986677380590119557
0.05722873845343127985
0.6136110164225341279
-0.9656027777036728654
2.408085924849685533
-2.184321397195232883
-1.647037977179988566
0.9826898521234760375
1.040225852257249617
1.635751871110069144
1.674585657453632193
0.6382990461370883217
-1.036286611316499906
0.414421399652529554
0.8200663559985039708
-0.5182145206282420258
-0.669755253988719268
0.9305174455045275295
0.7341827100468112377
-0.5318361610325539335
0.06281493954677569436
-0.06209590435907705319
-0.1963347354575153692
-0.4530858641332241588
0.9687153999474569233
0.9397500858997184237
0.007537815446141384046
1.115296790390210457
-0.02896531404879836361
0.6538746948096676448
-0.4019846941507470572
-1.144262104439477845
0.9209166567456112951
-0.4614220955790738765
0.4314159410498271119
0.5372834200152519779
0.1006797118220695841
0.1998254339394508472
0.5063246681679466343
0.9999398798043308556
0.9066663450186084328
0.0634551613094264666
-0.7962786144054398996
0.4012582846630850519
-0.4895007156947742688
0.9198181341174148651
-1.054457792051132659
-0.8907590003580539983
0.5234724642954434737
0.9643126756110822484
0.5542990654423555208
1.215554004448799352
-0.7291392449364693107
0.1636987916925703446
-0.5279206603010325738
-1.343929201616078428
0.4408402113114107679
0.513069394830955483
0.6612549390062437693
0.7004845461614632729
0.8563418454965687765
-0.4156935221157381233
-1.009608330400702414
-1.08221972574265024
0.1950869064895663085
0.8928380366285313396
-1.055859388959270895
0.09914572211730768303
0.4056449563459429419
-0.4631085742479256195
0.8001144458647855284
-0.562254296365159667
0.6774136598342316296
-0.4428695068584561079
-0.239806438961692403
0.656860352242762624
-1.06117881866279884
-0.8213723797004753857
0.05670937000727745841
-0.8451116302898323829
0.03591303109711485586
0.8810246613891045131
0.3733688732841522473
-1.131114503620182177
-1.146431773974029955
-0.30800395378262585
-0.5076557881067178535
0.811074922652903485
-0.9500178237630632072
0.043225168390836545
-0.8528558413458234844
-0.3040734492784116783
-0.6813728270681707055
-0.01531727035453046837
-0.5658067384523755017
-1.680955110382132522
-0.3035701667727649933
0.823110549838948935
-0.473148957327897246
-0.5504894680973166921
-1.31833922236022949
-1.3100151137545748
-0.8451902650322185018
0.8033625606855492318
-0.767849754262394546
-1.115148371930536175
-0.5284181434336899796
0.4648248487214787228
0.9932429921542271778
-0.8365237681509776202
0.09716198241667348134
-0.1723727620236460145
0.5611196862049983025
-0.470216555736543973
0.2088207273289497123
0.7334924482288280867
-0.3320979905682389655
-0.3957514815236227168
-0.2978437937130621882
-0.4116402403600584736
0.5220455102068891629
0.3442454956801727639
-0.2975874423485492803
1.070827902273278731
-0.7639391992359496619
0.9336857505672844226
-0.3522989588758883017
-0.06365349095538391788
-0.2779826484340988668
0.09790768781048916902
0.5487823920669094857
1.598504932115871968
-0.1558893917587487188
1.083778564440603276
1.483669856292644251
0.5242664336032178962
-0.3208760859547952204
0.5670359734274726948
-0.514726367675167662
1.008810981522761052
1.396612903692656227
0.6398833266888699356
-0.193057236517340497
-1.038199756075406377
-0.6717415882461966747
-1.147274187889979036
-0.8108038562048354159
-0.5085046052350570278
-1.654570126220738402
-1.37448052387894748
0.2800896023417618896
-0.5199818182345963269
-0.2368503061970721746
0.2006990397531366876
-0.5993723808232227501
0
0
-0.8000714205763594933
0.6870858289052572676
0.365346847295099586
-0.3161709064854991147
-0.4821248751904972374
0.9702173409427652384
-0.8515130447452710083
3.689492574192084096
4.183013946408077999
-1.873789658289764404
1.104627284246699315
-1.761761904558182934
-0.06849609608744511302
-1.003256735390756438
0.2831315120375077488
0
0
0
0
0
0
0
0
0.412349213476433718
-1.362882935073082002
-0.6171088606178450897
0.1624146794303959196
-0.5750273249893349536
-1.643633486191662607
0.779523540047262542
-1.234073453616203242
-1.026524625573522531
0.7288279083225657207
1.113990885988104029
-0.9799654062521856446
-1.14890601755127042
0.2443558156648028001
-0.2418200898780465125
0.1558572993360068382
0.2075488280432245258
-1.116178068276110213
-1.100849530498761775
1.05406259254500978
0.686549060391281829
-0.0145435686585171052
-0.9377789495351673832
-0.7189801605938180851
0.9873217844508549446
1.002650322226098956
-0.875083603649868369
0.03200232402378155872
-1.188487297521366504
0.3934069761676148858
-0.5585129311529223317
-0.367513532153611544
-1.068606161203004223
-0.9376603376152777836
-1.405529220985304972
1.22620981328760692
0.8188275897126880976
-0.5533962783423918008
-1.366183324628003737
-0.3300929293475350912
0.7583409299176879781
-0.4073822235750370613
0.7623777029681181316
-0.4678688833700073157
1.169759926543264772
-1.372223868055198359
0.749327068820799469
-1.052633259000162358
-1.308398358541893902
-0.9232353808766304848
0.01532853777625715723
-0.593914808283654061
0.385162977665400863
-0.9706479982014648566
-0.4204328577224311636
0.3129307313396244572
0
-0.3286347591873913232
0
-1.413281258432440346
-0.2529334586776429972
-0.5676564722073422775
-0.812787046285278425
0.3195906090550461043
0
0
-0.3147230135296993914
0.5725240677327098071
-0.8696350703234372315
0.2187987889416025122
-1.801960327820983476
-0.866783136007912014
0
0
-0.6273940908923389959
0.5449598160379744982
-0.4805270713849286168
1.789746453862226083
-1.109517422014373977
0.6002883864048000895
-1.448838453039961172
0
-0.2040518152157095033
0.239389045115572463
-0.3615313382163087286
-0.01607638795876643878
-1.38701822563919186
1.326696159939246389
1.601826841844567806
0.7501866015355576067
-0.6207552361448717138
-0.7605881643652872004
-0.9367143726860590602
0.3369118600151421727
0.858357174630111075
0.4881168506202357982
-0.6605212523791844648
-1.039663203592684937
-1.025486887423109117
1.244786637824253805
1.688227498155546735
-1.370941837680406339
1.617903229803330234
-0.2034796772809256971
-0.4334247544933479968
-0.379605885600102444
-1.14536537643173153
-0.7590086450594618617
0.1612263460848589736
-0.3159591365429657572
-0.4969524972294581677
-0.628990350629644035
0
-1.914261448681785271
0
0.4251532168851515636
-0.9514218467226770448
-0.2299450772117456743
-0.1761262083198637807
0.594651100578825087
-0.7657594908328650973
-0.1809933606845379184
0.5847661301495632458
0.3863567313711401274
-0.9577963394122518404
-0.71869504555274355
-0.670275713992095179
-0.1320378533982314306
0
0
-1.189458067457441537
0.9628396019591078936
0.5862220887315776618
-0.4535435372362299766
-0.1014711990676625264
-0.3462106236405708137
0.06790177737873896724
-1.039765625967807638
0.2939357400682712229
1.214170731211132503
-1.050217330713970831
1.089259887303988261
0.1536568376850057094
-1.133198925480727759
0.6617690064981389675
0.9008703003586414626
-0.1911328086046034935
-1.29690802620756207
-1.390181560993288379
0.0001222689950283164986
0.3751239590505369703
-0.1496980217928544077
0.8176866727717678751
0.1303845344776317361
0.6294558461359229806
-0.1718522511952801923
-0.2724652092164168149
0.5214453146149689022
-1.376575063607827998
0
0
0
0
0
0
0.9202349911435910856
-1.344153070782829751
-0.1249108439065080983
0.2391012938600053928
-0.08298159476718447447
-0.9996154776325699709
-0.852901815102422467
-0.9007480313643134728
0.4425627137212427842
-0.2447394245729082873
0.280082556270500882
0
0
-0.1227671874235794214
-0.4032579028775463703
-0.1882308266358533322
1.036090395280802046
0.4141124010193098504
-0.9356030496185772094
-1.044390967814115889
-1.286855763165328126
-0.2424647953508729248
0.3878019221699712249
-1.201868218040074154
-0.9594034226893924933
-0.9166338828653105564
-0.7567295770035931124
-1.311624914935018538
-0.8451425195580384298
-0.1090744318145983188
0.1467136625304163722
-1.081762341102697089
-0.4755325996437567149
-1.105775217602775085
-0.09327353478572431023
0
-0.3702403240098752768
-0.2362044075110107111
-0.1689406112986952813
1.224321221916663704
-0.8013080973312916022
0.8570977528158236769
0.2247302667829239042
0.5436940589447164518
0.03372369649243086437
-0.2320767091750224886
-0.006854628991538201134
0.9070859276736134014
-0.6323674860326868874
-0.3134036938712350118
1.088433859265309778
0.6202856576304558445
0.7543215741293203269
-1.028963171548663791
-0.8414583986239412283
-1.312157112056757002
0
-0.1006129580211195945
-0.2315848957745031689
-0.2804907154539631464
-0.2598983993145978499
-0.1309719377534090956
0.629974366369430383
-0.2129175836025259672
-0.5099703624523952428
0.1340359164988644824
-1.14863810299941882
-1.932442769687213513
-1.783284745677984118
0
0
-0.3060165992912711186
0.1875047729247223405
0
0.1690201111145209767
0.148862269754659049
-0.001736754247726981365
-0.1155862220465942863
0.04703111558862282937
-0.09105459118118984507
0.1341949510448264271
0.1628904026375989078
-0.1374596655174785964
-0.0770264582982030932
0.02869545159277706731
0.4558964765123172946
-0.2716546165623096587
0.8715559551245863901
0.7989445597843836122
-0.08036395219755153307
-0.9232559021708008906
-0.7547962220068159533
-0.01706398152813520461
-0.07261139534063759671
-0.9519199073210902196
-0.8160085413136141108
0.5373888391534943354
0.03908586599654321342
0.2403360603031438336
-0.02546434536427557779
-0.08290312952934895951
-0.8428919499725316955
-0.4983029731570959853
0.1684596801649822784
-0.2970527788502465016
-0.02015784135984238779
0.6667626533223778296
-0.1219889955259113867
0.686920494682231153
0.4272010249194142517
-0.2399168609358172943
0.7377322404795465527
-0.2597194697632240756
-0.2658004056674133642
0.5563822779690400511
0.08361050114866155902
0.0956702484077094073
0.03540533337140251008
-0.0322778029683625442
-0.04820516777727397451
0.06043320721930714456
-0.01592736480893872444
0.07973963403352778145
0.2348165423593786549
0.06817937932232552567
0.09271101018768765356
-0.06026491503631749291
0.2507439071683046361
-1.305141684829959958
2.629727829303472042
-1.00287131902637916
1.005857983656195165
-0.3498093000396493846
1.117885737387524614
2.008729302682574325
0.6530620189866066516
-1.257453486654125596
-1.826952010822350259
-0.354760116545922044
0.6951749190815056378
0.9197871398351465944
0.0204804894177402913
-0.6712905642484817692
0.1514283946215492782
0.6048704936476424487
-1.216859892040397684
-0.1659539687049985668
0
0
0.4935213722159934591
0
-3.078386662161376908
-0.4706987134328164402
0.2751306819053129238
-0.4154657065199627852
-1.25867689022899687
0.9748381234682754748
1.332636105612250432
1.462355683819684504
-0.4373219354449854324
-0.8432111837091080808
1.390303829988334794
0.2258289359317571798
0.8213549547842258214
0.5955260188526828591
0
0
0.1176924020729318843
0.2566289557660637599
-0.0690202590246474651
-0.1204847495482543607
0.1830432393503069743
-0.07143450471435498772
0.1499260429735685962
0.007262752474036491407
0.3615718441750231382
0.1479776235035507592
0.03798835113183387374
-0.03873503759403641028
-0.142663290499532136
0.02059231613935560631
-0.1119376918417319816
0.3543090917009870111
-0.2135942206714720459
0.1337914660669400624
0.3672573050836271391
0.04058472442481477621
-0.06562192957671472704
0.1368803430472144145
0.004350335066140307953
-0.07237305365972260263
-0.1238375441833292623
-0.1062066540015098037
0.09629561862238891767
0.2252220801835261577
-0.05743878416509842766
-0.05821561460660810983
-0.1076444565248154683
-0.1138494677988932391
0.04876786983638603523
-0.3897487236025143909
0.08418928997511200552
-0.1562828845858346694
1.160287626163954977
0.8748194597670019279
0.3292501319750870126
0.3473856867384046421
0.1389365536931460587
-0.186712661097583249
0.4739380135776219416
-0.2084491330452309665
0.2334658390166861608
-0.5043957269607639571
-0.7851065940029531287
-0.5682580910049220835
0.5197400530377838113
0.3732897576042748522
1.151515508958279144
-0.6823871466228423888
1.076098336188976878
-0.280710867042126222
0.8776854845648798253
-0.07358571641574256084
0.4016762795807791164
-0.1325300079810848575
0.1289264615611791231
-0.07672338872586957625
-0.05146449052361307813
-0.04942884191821526191
0.04905024483389214957
-0.1053144993974832466
0.2476423314192487402
-0.006835412645389237624
-0.09995925596037091854
0.05511765236548173824
0.2534917149101678646
0.09847908675210076401
0.005355243437109163951
-0.006205011274095584631
-0.2544777440646499578
0.4752619959965281859
0.4680952176632717232
0.6921104989949280473
0.005849383490903008014
0.1550769083258494996
-0.01156025471120350652
0.1854113441126544748
0.1983740625446955286
0.8644486271780007502
0.02453163086538328805
0.4855330165609230697
-0.1984128516243217344
0.6815227592464455642
-0.2854681663968191563
0.5372507924733167517
0.2168485029982082368
0.224015281331847782
-0.4622458341724300923
0.6701804873471731705
0.2038287304604511074
1.087998144043011317
0.4461652060150780863
-0.641832938028180533
0.7265824065922418251
1.201273980090241222
0.6317754559208204057
0.6790372830653294001
0.8799356108711156033
0.7782257513533827886
-1.222631611366930215
-0.2814753664836461278
-1.324341470885352923
0.9431450361871062116
0.5230910293536299438
0.9411562448822613502
-0.1017098595180811471
-0.1442719667729520094
0.3096064339938772725
-0.7013410612209334261
-0.2220884176366478835
-1.121395068054414024
1.561733570759656464
-1.085428211655148134
1.224620402670401065
-0.6319861126284631592
0.6738343271255055056
-0.3371131680893034721
0.8227189588700835055
-0.5455693277919272388
0.6660745646331397429
-0.4663517568870611529
0.4746915734986612567
1.377384943608342072
-0.5694985241690023736
0.9026933701090189555
1.847432500239324371
1.049935035627649116
1.126680716611822675
0.07674568098428222185
0.2246122207532610937
0.4534420990260226159
-1.010947495214872482
-0.4200540068335403276
0.1120277537314806199
0.4875175603506711197
1.029093817496407937
0.1297195782087491867
-1.769958041057834608
-0.3022630036309436052
1.997307847418476001
1.391002804839612361
-0.8993742392864760848
0.147041693445628896
0.6852795540425254961
2.225768929210690583
0.9682140299217327772
1.046415932730871745
0.5382378605953801465
1.540489375167405806
1.70980580841931773
0.1693164332522633098
-0.6907365615339389198
2.700756053882382712
1.91695138719462288
2.321614102668885682
-1.257554899289006434
2.152297669416586068
2.607687948728560023
-0.5668183377551370139
-1.173123380334142984
-0.7838046666877955815
-0.379141951213500028
-0.8993066504175492026
1.467695037427107385
1.69326580847072905
-0.6063050425789348052
0.461124305328006967
0
0
-0.533031349897293838
0
0
0
0.118100533465127
0
0
0
0.1196481548067104689
0
0
0
0.1315550168294502553
0
0
0
0.1556092818212970741
0
0
0
0.04075078140544644012
0
0
0
0.2534910473240026829
0
0
0
0
-0.6826746329591224516
2.6349287847513434
0
0
0
0
-0.2082399063413463147
0
-0.1584912881937213525
0
1.189250556162475769
-0.02922769083832643319
0
0
0
0
0
-0.1141520521546036532
0
0
-0.1225430839020028029
0
0
-0.1282006817768892581
0
0
-0.191809835603886647
0
0
0.1627903808150915344
0
0
0
0
0
0
0.7348154406349658441
0.945156385997866999
0.1149148499935238321
-0.3663218739722805539
0.2103409453629103421
1.543594470461021606
0.9890168952422875304
-0.4696519880728750596
1.356362069797177661
1.355338769214594397
-0.6738120828129151585
1.73909501036150016
1.826014057870052998
-0.5939804860081391302
2.525162469782233909
2.412907093174396334
-0.5048839211537237137
3.119142955790373151
2.291699416034386871
-0.528078953925684047
2.716990334282767261
2.796583337188110363
-0.502698827221458755
3.245069288208451308
2.356179497213812812
2.858878324434352525
0.9507597120873925167
-1.474344239930189815
1.066082184963534019
-1.151063651097949947
-0.2581997387077210604
1.401031925372975717
1.669532194305245465
0.323280588832239979
0.06020603430889842622
1.659231664080696778
2.655244347298777008
0.7470947814817328059
-0.1929232287518405087
1.091769342772889617
1.718360517551788869
0.6868887471728343241
-0.4817490240121719558
1.284692571524730154
1.091159665182005911
0.3261325283079757331
0.7373064744886060895
1.572908689194177922
1.347741844356197261
0.4111739461806303009
-0.5688607341492266656
3.317603417710465852
0.3768399834612171651
3.432635586109199721
3.886464151859692517
3.055795602647982445
3.122352026529476632
-0.7964528374403694322
-1.028330886318388426
-0.04929788811545123689
1.40923143073440138
0
1.537958806680638224
-0.23187804887801855
0
-0.6698624815546283529
0
0
0.06655642388149385358
0.1532056446828166663
0.4538285657504930182
0.7331190546370808248
0.08664922080132290982
-0.4970638262910350713
-1.899304679162465925
-2.788194470156205362
-4.696313082501927028
2.809916197150397643
2.279203370600675349
0.4141877579689678956
-2.570584748691189692
0
-0.6041420359250532224
0.1937454174188402711
1.955174210631666742
-0.5204454609262181286
0.07679120334927640179
-0.6784858343645401302
-0.001821418856991420532
-2.231593314831068486
-1.726842480185085238
1.416724679330668479
1.724378139676904453
-1.175928295011279268
-2.21714583606148441
-1.230822753246133328
-1.264475261948606821
1.686234630132343426
0.6729524386808592995
-1.173901758922781147
-0.4646306805989544042
-1.05196363606388954
-1.048343727691319893
0.5532671620319321582
1.532300160234875364
0.3613152147719309037
1.454668931367097517
-0.5837130470923580505
1.017897842630878236
0.5799134099542648801
0.003619908372570410093
0.03520756433968094679
1.413278850835882006
0.9790329982029377653
-0.4379844326766103579
1.37807128649621502
-1.992371425131571616
0.3804001754054680551
1.442989449443481842
0.7490834476803840403
-0.40511473033537998
-0.0776312288678663448
2.37277160053709979
1.587256694796098433
0
0
0
0
0.2792904888865878066
-0.8888897909943743736
0.07959300290499334019
2.313492437132421031
2.290741711005519488
-1.908118612346340504
6.975516453101683112
-0.5307128265494698294
2.914003637822276449
5.748210527814372028
-5.380500945841963478
-6.725659000952190603
1.777629073943004512
-2.880159514024966505
3.891263247393488278
-0.7671385426128465301
3.343724820050034463
-2.375318707529077145
-2.106818438596806953
-1.379306024310996692
0.7252834630341012945
0
0
-1.40363043657211839
0.5701363913988262144
3.240938394931380806
-1.665701068795485407
1.469428965956141919
-0.5051121799711384419
-1.578297091060985036
-0.9517059162820858953
1.660892420198513575
-1.329421397402793525
0.3330496367029268101
0.1077849397319291663
-0.07776845101640272873
1.843239417328162988
-1.772602734897790633
2.159759599011724873
-1.047638899431463821
0.4347385376836274129
-1.230369345452626328
-1.799831761472321823
-0.3578230724273356866
0.5892475274937891694
-1.483311579788755274
0.2428879787448808281
2.034822068389676719
-1.233527810270051983
1.561723498841499636
0.005163997334077683951
-1.089949783736618327
0.8138254081903826265
1.093353716595228287
2.450402829405148086
1.062589274038090892
1.238691807604214601
0.1435780265334155315
-0.6939060017630206412
1.100996635585517636
-0.9365678981755668486
0
0
-0.05753252377573233461
-2.037564533761084373
-1.201962319055512429
1.093418829861477759
0
0
-1.506274707558524995
-0.7739656781524288931
0.2970090864296727196
-0.4880416682511842241
-0.122569539213590456
-0.7987591465259503698
3.444716464371357478
2.83420688999171988
-10.31200601764393987
-7.006381357121434839
-12.47386952876693833
-10.13656919855394278
-4.657788587968026306
2.113634173450532394
-2.37826901234076038
5.419258833973496614
-1.857510136628578445
2.279519575627354744
1.315133518068374308
2.113020971412266746
-1.118626194265824214
4.137029712255933411
-1.04121754105020492
0.7388839423627544534
3.305624660522873626
-0.547538427343243983
0.1754368190896203328
0.2685002689322698033
0.9960126832180804524
2.832101901630908802
-1.346251605473005597
0.433849877939954276
0
0
0
0
0
-1.908149565817044646
0
0.5230873368018462699
1.85634086189977876
-2.680835628495059186
-0.3071541992020595524
-1.182065451601617356
1.153924812609000483
-2.739965078183589142
0.9508968889370563726
0.6265911747788991404
-0.1935329063427236873
1.91134672776391179
-1.144429795279779949
1.150951353637210017
0.9604498388268554177
0
-1.031471770378954655
0
-1.553107480466574097
2.095210513695254129
1.999098195810271372
1.921007868344367875
-1.69483428388145918
1.811589338646877767
-1.775095660888190485
1.442008689045005454
0.3165201816836374915
-0.1094185296975414001
-1.556559501507552401
-0.7478980906509866688
-0.08026137700665998687
0.5422333894451146774
0.9470705999210006221
-1.551427218742317038
1.036856319608161936
-1.31244843306660397
-1.222662713379403465
1.428476784286928591
1.209259997384687813
0.133126107829050655
0.0897857196871546942
1.445574540895770976
1.476298124501072229
-0.5734439196978367015
1.903775191926986521
-0.8374840282964630678
0.05692099432336870934
-2.120409582258417025
-1.991682206312174186
0.835602214705571944
-0.8274435397557498018
-0.112255376608061383
1.383705168344687486
0.7075155610327930056
-0.8452097942137306585
-3.82998230087314484
-1.492618241441477922
-0.4483818946994810872
-0.8679605203419827886
-0.3014019282388230581
-0.9418752503831624434
-0.8549562028748717291
-0.8559795034575019557
0.1886131655330524348
-1.003817977529559036
-0.2076879906219913086
-0.1221043127420027852
1.479991130204280747
-0.5882059005534483465
1.45325271236245257
0.1941857736446152005
-1.67649065657168217
0.2369332632717111309
-2.30535101829321043
0.03550768864324466145
-2.39825202369095436
0
0.797887453343893549
-2.433759712334198522
1.761428793212798327
4.110863362663101483
3.022578606644265697
1.261149813431443167
0.6322894517101025347
-1.211162293978907734
-1.878383007282391048
1.780101483412959595
1.333253525098116787
-0.8302415360043342574
-0.5545775752187223073
-0.7024160492906750264
2.37368142929378978
-1.958410064851661136
-3.224106675751202467
-0.05912944968932039302
-0.539791410995394294
0
0.09057350302582513335
-0.1905015148103545997
0.6303649140212189694
0
-1.546965662560593868
-1.013282191451484016
0
1.437206337134715906
0.4595797346656728122
-1.725021061328043892
1.726199558533707101
1.472861926117135623
1.29013148009602352
2.651139497666277212
1.046479823997383374
-0.2192167869022961235
-1.265696610899638586
-1.550985221510447154
0.03676159637736255148
1.197350485202860026
-1.145102071820520928
1.613992004551085824
-1.076133889555648926
0.4058831496899047986
3.16497722606187315
-1.154198178015728882
2.211148708100481919
0.08691904750842166516
0.8197709376410202697
-0.001023300582586900154
-2.984772506659785662
-0.02275072612788903159
2.337364059431291441
-1.345158055109851203
-0.02673841784135982252
-3.682522114540779157
-1.285805356560228319
1.04423634674158583
0.78239167419862643
0.7229752464325248651
-1.088284756018621069
0
0
0.1287273759462398137
-0.9776266024689960199
0.5047508346460031214
1.070974764582477201
0.2859240099009556224
-1.21631944909044476
-0.9437299879275733439
2.396716757980187129
2.337300330213371247
-0.0594164277664410434
-0.6288603617216267372
1.482377437115045327
-0.182730446021189874
-0.4195786256428826189
1.6386725641141624
-0.903611717450312657
-2.151592321836737209
-1.286797958723144397
1.911262025277023602
-1.22965399782838869
-0.3963011561551880169
-0.3107174782749109188
-2.542284281564281656
0.2725894611626674124
-1.247980604385452885
-1.843451745689032251
1.704530410616291736
1.109059269311508888
0.5955579457618691563
-0.5627370210225167702
-1.246128612929639834
-0.526590716457815744
-0.5954711413044858626
-1.108972464854920403
0.8647943631145647014
-1.635649985769303205
-0.6672207133035066295
1.973766827970281579
-0.2620706322228158469
-1.158294966784547686
-1.510741161477746175
2.670802003531614233
3.198059984000462208
0.5272579804692669736
-1.771509428975609701
0.564480835234843159
1.36061082214246154
1.675510498226242095
-2.191733424646210793
0.9921189063190577473
-1.884079964299871124
1.323064303533246111
1.160588888825001996
-1.181863668197862483
-1.248670529255109241
-0.6833915919071608114
-0.352446194693019299
0.8333528416731976751
-1.97454114592815122
2.335990264210535017
-1.557899626581550123
0.4166415193477305268
0.7961299869076283731
3.183852330965278643
-0.09611231788498378337
0.3076534603462990347
-0.3551621317240312714
-3.279964648850262954
0.7195378964718156523
-2.924802517126231738
1.074700028195846979
0
0.3711926081902614527
0.968429272465753499
0.5972366642754933785
1.791934089644906525
3.207144267833127671
1.482017039245565826
1.415210178188239354
-0.06680686105729886914
