0.006567776039183779481
0.4628015678816221889
-1.140717537207444066
-0.4474188953501792021
-0.008056731569593479289
0.4562337918424383965
0.8084772923251567489
0.4867829021078356466
-0.4539866713897643957
-0.5647357721008288145
-0.9047334630648873333
-0.02857824904860446422
0.494839633678112456
0.3308085978307610531
-0.5566790405322308288
-0.455179159089772023
-0.01632230053987375473
0.496478314559059275
0.3593868468801437177
-1.131709123993767996
-0.4266009100419691502
-0.08217696393723251946
0.5128006150993265067
0.6326790962402660812
-1.115386823454526999
-0.9583433385351223244
-0.1116097163009196064
0.1721873105742304788
0.7148560601776980938
0.5166417251335936323
-1.249069148765496795
-0.9554272051238089647
-0.8761663745986338903
-0.3358860610400992708
0.2837970268753357006
0.1642889163218352322
-1.137459432464852593
-1.338528940889051722
-0.590292878939212895
0.5001749773620478567
0.2128778566274381057
-0.6742501170532905208
-1.002642879849092949
-0.5701185602032071698
0.1108510387846743245
0.8031707355667284665
-1.053387432706817339
-0.08395723811420155447
-0.03809875321670858767
0.6809695989878838951
0.5105446709878318501
-0.4246463034454768248
-0.4832688725036237143
0.2928642292677122172
2.150389373205616295
0.5486434242045760135
-0.3865475502288145959
-0.3991876046911315701
0.3104954387986134101
1.857525143937912571
1.768794169772152314
-0.6739781751917302
-0.6429842071368340184
-0.6920518339588691559
0
0
1.458298730973542234
-0.9844736139903468297
0
0
0
0
0
0
-0.06302609299405201315
0
-0.4556673423773253684
0
1.11452201372157389
0
0.05136955192229333833
-0.4508250827194520416
-0.392641249383273383
1.615579790361866275
1.143319415107725501
1.177548106715625709
0.444339021594938044
-0.5021946346417452967
-0.6329973572852093389
1.87973489126715454
1.091949863185430081
1.938319448346568663
-2.36154593483552766
-1.077336378880147105
1.435395869672213109
2.473040457756520372
-0.7386273257417590443
-3.663697494545293143
-3.835297748068337231
-4.299865383182097212
2.542145739436151963
3.064049444352403118
3.442631419745394439
0.534721009409963477
-0.4680148294504414275
-2.925070168803494575
-2.88850606225548745
3.015166268384098291
3.280773065177874148
-0.7625066323661653378
-2.420491232805020765
-0.5933231744594966717
0.8357230683658994908
3.483181097834490814
-1.564723706857086505
-0.4935964499308438391
0.1691834579067431898
2.101288184753434596
3.145300589200281216
1.598229700732052283
1.071127256926400095
0.6858828273543130516
0.8404699743878933926
3.666011891610377216
2.592343466003206753
-1.750564620006902938
0.6627799078375964381
-0.7127588894894114624
-0.7415060148669342377
-0.2306572825385115322
-3.112872687843901254
1.037805730517465497
-2.025437839956678143
1.009058605139970588
-1.800168967025743028
0.5508203542122760421
-2.137066757280331686
-1.260829559419413215
1.087434847887266631
-1.302425997002033098
1.312703720818112263
-0.01257063856324409229
0.876237197860924133
-0.1597500243909147633
0.8346407602782763835
-0.01452110337364367898
1.52642863398567008
-0.1471793858276705114
0.6716470537222580806
-0.001950464810399801796
0.4663994245867116861
2.520067540790031035
1.594738158950439244
-0.8547815802634126658
0.7732590053257772933
-1.060029209398957395
1.704317625173914053
-0.9253293818396006731
1.12862548158895426
-1.746808535464250411
0.9180989472674969676
1.946320301757489935
0.5115346965499943943
-0.5756921435849644553
-0.786218677906412311
1.143904701197476115
3.056382165037848875
1.096422659367251473
-1.434785605207497206
-0.8024156005600167063
2.290221865347743524
2.996100741889581087
0.7929268690922460783
-1.959959505670603619
-0.766160299690096136
1.813664987450426924
3.164500859332434857
-1.54526954370130043
-1.262020779845436813
-2.203173872797342892
-1.182435754439130182
0.2616815586596594745
0
-0.5688282478344894866
0.2458255158673946783
-2.902819300672619285
-3.725054787439552317
0
2.848957356335521496
-0.3996465148290803127
3.058440053115989876
-3.416943200172435358
0.6827961589943344345
0.2832487638558637277
-1.214586309481611837
-1.649670030376436447
-0.4512225509069813789
-0.3995473951384705402
-1.687635715681060855
-1.89738246847594616
-3.52201803676663161
-1.295223250393644943
-1.236413164774079476
-2.054366687138823533
-3.070795485859656004
-2.743630731690108071
0.2172241725026758941
3.923559626800457778
-0.7591434367451788123
-3.111377023136761899
-2.411814970375444567
-1.448407481296469346
-0.2026954702764061922
3.706335454297776888
3.548654883876499966
-0.8758418871677572382
-3.328601195639435684
0.2763699095464850486
3.751350354152908739
0.8620048867216110189
-0.6731464168913333657
-0.2667843116502007228
-0.2506956138990109051
0.5856349771751259148
0.5693658949424391658
-0.4943419699530262612
-0.5431542211966855493
-1.07361108204239919
0.9921857162672240715
0.8200615088414505705
-0.2436463560540153561
-0.5892142640138101628
-1.912586990465216852
-0.3302310085578590293
2.065796798309623483
1.692060024467995971
-1.377896429169158443
-0.8389759084228175512
-0.4671644776490160855
2.022291033025819029
0.7150935126366734229
-1.047665420611263665
-2.140915869787074044
-1.301009775633166221
-0.3613138697857126713
1.1822579902856718
1.626275139262857605
-0.9651350747632708726
-0.8338452979840441648
-0.2777421679637560592
1.987589009048574162
1.533208051447468412
-0.9438930352062546714
-0.6038212049771790602
-0.2173041624801107241
0.7276865712295069732
1.810950219411100681
-0.5276733891000664478
-0.6661508672414879761
-0.170494671263816705
1.172158056838343843
0.944990733708820696
-0.8535254703285856115
-0.3103692266185045789
-0.06093057067421171064
1.342652728102011084
0.6936803772609754226
-0.6830307990634296722
-0.6210487071391765923
-0.1311435127142060175
0.7546109479331577496
1.193811590015916968
-1.057982535489422782
-0.5601181364615054337
-0.1374904313284160129
1.324955102729459266
0.7779899446129889817
-0.9268390227713911855
-1.599506498834251778
-0.942208393850437198
-0.1370315936174607008
1.114573896627587324
0.9154803759399278151
-1.096838996496462659
-0.8047179625181793972
-0.1334940077409668691
1.251605490239602103
1.146365049305041683
-0.9598074028735557039
-0.7796767193133100626
-0.1268185429206412085
1.133952588370864545
1.279859057039447245
-0.4732213873499278023
-0.8456014767455531933
-0.646182711568542345
-0.1420360278788327102
0.5418836556983028796
1.26077113128998608
-0.6296849604082458418
-0.3464028444226818215
-0.1642362957125624856
0.3780738339830387318
0.6839196835727499035
0.9287799799573046577
-0.5104310821901242301
-0.4876489325217962523
1.176875427897870585
0.5423101296894040635
-0.9698786983653384652
-0.3461947864713646461
1.21244436771545816
-0.6345652982068715753
0.5758000538632228604
-0.08385915223287400411
1.239477508152793783
-0.6366443138504844779
0.5894677072668587092
1.301390727891616583
-0.6500098008856203258
0.5709650196223610141
1.222550105980956925
0.5721370178459382894
-0.7304257082692556802
0.6041454758343816067
-0.6504130881350850268
0.09749840199081183378
0.02711750591306057515
0.009291042632397298814
-0.5066470738435618903
-0.0322520758662519641
0.1304032433479413999
0.154561317234601231
-0.01782646328065745286
0.08028251240735508054
0.0241580738866738233
0.1669248610677991351
0.05345084392127254225
0.08664234866043948879
0.5873490653647647219
-0.03769096666279701802
0.5507547480565854192
0.5338982214434758733
-0.2558847391469959986
0.588445714719362134
0.4020615771161247798
-0.5491485536330199535
0.6579463162631196127
1.100890748839721045
-0.09950126830874526929
0.3885749051915693419
1.65003930247274111
3.488494409257346884
0.4880761735003224522
0.3065623100614474073
-1.53984860756805686
-0.3798880813731610462
-3.181932099195893482
-1.277478405307099329
-1.59649034627557973
1.159960526194919739
-0.9163837156371663628
-0.3557882292422204773
-0.4369012797856499097
0.6801066306384132565
-0.09870905396179463498
0.1034099238372933049
-0.08111305054341155785
-0.9818933828695843857
-0.6296498823863416749
0.2021189777991111991
0.3522435004828690652
-0.1127946120264379376
0.8414673229865586856
0.5333503507648772457
0.2653286075709566094
-0.3603422901892586183
-0.6867213033099719421
-0.4099755117854234077
-1.013052100717655613
-0.508822738588683543
-0.7101415793091483408
0.06189756174971143554
-0.8097917490145460917
-1.033501362463691509
-2.821224142564567217
0.6412049758963721535
-2.978904712985833925
-0.8281806804282010326
2.20111452464698143
2.180665262900945311
0
0
-0.1576805704212719539
0.5941900418023247088
0
0.01229420391591181869
-0.4775513364034492114
-0.08212532071623429575
0
0.141021947740011977
1.63918437902621239
-1.671834875400460163
-1.292722371682502702
0.7407643824714392755
2.925664603953828546
0
-1.071073525124895287
-0.05847924942835489026
0
1.156253311747440282
-0.1318350087951499772
-2.956478423969560509
0.2151002187955335931
-1.458315992683363316
-0.417726974458791811
1.638171702227380955
1.077477799027849459
-1.802262510004803531
1.121733312545781791
0.2312242441491382527
0.03656410654798223497
0
-2.984143853382183575
1.827168058345443269
-3.02070795993019825
-1.614077698043536957
-1.28808832054259037
-0.9411530929519064115
-0.8179535223647442788
-1.32648098388821345
-2.224900980442986675
0
1.539460287004573491
-1.406947458078242619
-1.084790005529065571
0.6643084758918502697
1.158316413426174307
0.4134302741854992691
-1.400293447460648988
-0.1069088282296349612
0.1124887058729463069
0.4408185967335192523
-0.07990739121707288173
0.4986509054089376947
-0.2762919862774032009
-0.2319797874879072352
-0.2813060271493185716
-0.6030004173670319156
-0.2239290489157278186
0.5504628330357925758
0.1704815639166636365
0.2672369892885262388
-0.6189484532644284887
0.5828093579855135875
-0.7306557076964362851
-0.3472750835081248044
0.242641442764725157
0.7459571535621646321
-0.4825910294200620454
-1.06110162274271147
-0.7769116633031736274
1.007272276160912305
-0.108660034598635602
0.6393117636108236468
0.6968642142981170684
-1.302677341148635648
-0.4500256817715978519
1.312311314386388261
0.6820713026912593735
-0.5595590580492967314
0.3580015888836285964
-0.8716789097840423883
0.0328405926916364721
1.214997973415557819
-0.1527914341938061971
-0.6268186134021429545
0.6998602251894647797
0.5507061459728583852
1.174180398442984385
-1.459918988824992159
1.053954733299252933
0
0
0
0
-0.6660036115635643572
0.07314976016689470062
0.2016541674661447292
0.2741579956130013596
-0.06204262320655760943
-1.886660766548710955
-0.7303407890863689023
3.946104684128010298
-1.072950027140477935
-1.950807918284394482
0.9680551971512202369
3.168772154601332769
0.9059216270951279126
-0.9478059228704445172
-2.963668380368411626
-2.49950933495739358
-0.7045603837510369116
0.7065951080042708332
1.15657711119494766
0.8856143068002123586
-2.003731160631098795
-1.968109546180530467
0.5730301944138036507
3.036338339357823379
-2.889345467431303938
2.150724032557619569
0.4143015517244467705
-0.6674126839841471037
1.817968867770644259
0.7589821949736871298
0.2691366546543261795
-0.7088989822616451608
3.171578642765091161
1.49816243128619897
0.4186922680022293619
-2.112515996572520649
-1.812856823140471807
2.0412247963824246
1.576657161268664842
-0.4122430458519750762
-0.2913752380575039269
-0.5304305183221468267
-0.4407430608966184105
-0.4645676351137595916
0
-1.988900207120639863
1.284209555955380999
-2.752886374762856025
1.918791083848390366
-3.464588375213182747
0.543252286521407779
-1.522454672540545895
-2.519991283952712102
-1.375538797326995244
-3.441245756388950028
0.4769510005215738535
-0.0001398343889715016313
1.012454441307565567
2.419084703194221309
-0.5820356722753843304
-0.8984199965547731148
-1.399646579014253822
-1.132448816392849444
0.1783924104099480767
-0.3829720743430062857
1.170201760315510375
0.9308356604492660225
-0.40427124243125373
-1.401286689396920915
1.175983378182499095
-0.2285428014650934814
-1.386280766291886568
-0.2339914406283511716
0.01688629261438306939
0.3137990714651318069
-0.1193451794443123742
0.1434459138137316458
0.3936238029923916915
-2.377745566495398144
-0.1970854524647608352
-1.66161613733045832
0.01028736848477732405
1.058405905333105412
0.8750584103771814615
0.1781353353818387053
-0.006387638998810514501
0.03249910097610624743
1.110620271425308614
0.3608289918365616411
-0.1188502044359098508
-0.5248611410560436452
0.2905079090075158299
-0.2622346784932055863
-0.4049826599153062423
0.1654369497493748398
-0.08885528643720483344
-0.3216943902177828996
0.8317688601852819552
0.379071368451058377
-0.1640310358475317587
-0.4060109366200344017
-0.5431024042988766842
0.4093581134433408875
0.3944106128323787708
-0.1845229743806770517
-0.145636234405657955
-0.379981269118940701
0.5203677029314954794
-0.8820843607999926395
-0.6769136569440373785
0.695488786627436073
0.5703507540790634378
-0.1883424311911786608
-0.1727045432730707764
0.4645049370845961145
-0.3595313813979130746
-0.5275586929991600282
0.05249142381452757966
0.6508493060271810515
-0.3409877510039078796
0.2342866463354863205
-1.218493043568039669
-0.3906647249083991524
0.8236976919497833727
-0.5164939378946458159
1.244289541555532397
0.4919068348235240418
0.03490552562515417817
-0.5962605884410813184
-1.285387413442702798
0.9730684923275259024
-1.213237420838409575
0.9286062253934540545
0.04104877217414578533
0.7188874755901636382
0.2448602963845504799
1.182157380725405993
-0.659659206095296935
1.226112021115592254
0.04395464038872295975
1.264929460895002356
-0.5151377482234228422
0.6169592362443017119
0.8526516593801543031
0.1459064686676867229
0.7431182830966078789
-1.570817288045693205
1.833095197673792587
1.702292475030328545
-1.776068998939945853
0.08190201530318255707
-1.288913879787671801
3.273109763076020418
-0.205251710894252537
-0.118187472470171695
-2.480563223398667638
-1.404902489253662567
-1.744428887796188432
-0.2729620750947081009
0.3902769735359502556
0.766988560975248479
0.8179714069876865556
-1.430331122548897271
-0.5395819904190193306
0.4391782536895020295
1.861170059168888224
-0.8329376895100925049
-0.05879968668570639129
1.09210639472299631
-0.396408871497337334
-0.2761753607548309564
-0.6499121345964639085
0.9884108916346969753
0.5592594519273877962
0.9242637398990261044
-0.49506668021694622
1.558888183211605494
-2.625006255501777019
-1.554140576564474463
0.2452274994072732306
1.433530580884833538
0.03562161445057068776
-0.01626908223268896947
0.120233510742508376
1.384819763132025816
2.541139740594343888
-0.05189069668326188461
-1.081714235708593819
1.403667316046197877
-1.035987222251839146
2.348264407306684287
1.184133616935705957
0.04572701345675424245
-0.04148629827749807791
0.8645534530066827372
0.367837611995084024
1.942133702672642181
-1.058986672796957462
0.9445970912604904068
-2.531208264574749567
-1.087226840134959849
0.2996591734320489531
-0.4409234003602439667
-3.063243570474117217
0
1.012594275696538704
-0.5818958378864128589
0
0.4364675577766541359
0.2870997349375396523
0.5613974128462283497
0.1607528576927260144
1.406630261886666844
-0.4898455403193610058
-0.6658926771182744897
-0.583344382700024533
-0.3047303128653120474
0.4429154812387706142
0.1689016979158196319
0.3768652521669071942
-0.8678631269857342012
-0.2785166490265190697
-1.049376990424608636
0.3936012702954075904
0.4243054652054079057
1.735146692008169955
0.3327577320003982653
-1.743586509831628106
-1.438530033779591211
0.1417245868341312498
-0.5648325919334969969
-0.2303266409819154648
-0.3498347515356480253
0.0008542384803312301966
0.2517319717229578591
0.1141277735779072655
-0.458090519654795747
-0.5762211411633205715
1.473874545645039058
0.741320246796888016
0.195755744465811149
1.117007910424091088
-0.1370914676786513797
0.1198784811407796747
0.2193975341025063419
-0.01494750061088864941
-0.1250709592582189833
-0.234345034713307504
0.328329890860514173
-1.225302241338737552
-0.862007867170187958
0.3297571914307284024
1.13914683755701196
0.3263834925410875609
-0.1772384501092397757
0.2254727350513282547
-0.3095833832901593308
-0.1057792393117202162
0.1905059679143401019
0.4110311076350242065
-0.1052404409368479787
0.8278283186624183498
0.7019991056707044486
-0.1990935206891366049
-1.011831242874665637
-0.8295038998587379586
0.8541253331831305529
-0.1153644840998698379
1.471169193092802585
0.5659551352736303942
-1.302562726115413572
-0.6311661140651192436
0.938162966701954204
0.7479114901258807624
1.22097482050741446
0.6713966120505141522
-0.6479702246499378093
0.05441977965310738213
1.132096984465164269
-0.1308027226434640145
0.05818383333617871411
-1.751193182370610169
0
0
0
0
0
-1.809377015706788994
0.7487595628103602685
0.8358238012344412216
1.199808936568658391
-0.1202256651437312446
1.235914681962634321
0
-1.032981311654919798
1.338385243669075519
1.648500498038722561
0
0.4622891751018157747
-0.8449083452873481503
-0.4008911963098865106
0.8907491321299125797
0.597393433038668209
-0.3844839001491994757
-0.9379098595252087778
0.04011854707163198253
0.9013488829722515749
0.7416456061932483745
-0.3737367738416318419
-0.1721242074257725019
-1.307197520389127732
0.428459957028131555
1.209171586523853259
2.053954863428554933
-2.129939575284830688
-2.449519739213852798
0.6463034397747161597
-0.1253576023267716777
-0.3195801639290221652
-0.8162960049406219332
1.070865678937302556
1.156319977462327842
-0.06414715173567647755
4.676445473214364768
2.463308144944018618
-2.213137328270346149
0.8161578768048438626
1.891107539272210314
-0.7773325295266779733
-0.3112366993028995998
3.029295205075178909
1.074949662467366673
-0.02044926174603587526
0.8188264395499285087
0.03694668288210077589
-0.9410889540338704951
0.1680986012055560586
1.138902258590413608
0.432372698569315761
0.722280761422919193
-0.9780356369159712848
0.3954260156872149712
1.109187555239426359
0.4093239102725820255
-0.6998636449668443893
1.187298038911080544
0.9708036573848536355
1.434962702795876899
-0.7405825737922930863
-0.3166764734476265608
0.3791125037179574608
-0.1493678228391144835
-0.02937728008991063317
-0.7898288707535667807
0.5399614108504856569
-0.80668539736667777
0.9011237751035185983
-0.1111655021816218836
-0.7604515906636112321
-0.9468357282668442565
-0.5038912956901712148
0.5693386909403698182
0.6518869853585529395
-0.1815138634388824002
1.26146439728115678
-2.076344241832023929
-0.89759032393391458
-0.749791279588844839
0.3050564760520265706
-0.7708603413981031105
1.84015053125828798
0.4356243516106321767
0.702822114231949846
1.133593352490666062
1.904453693888788379
-0.1195081105536164867
0.3444544145596430962
0.3506889900160199414
0.3852726294067944091
-0.2872971207346569078
-0.1427479814222137044
-0.2033581183218229615
-0.3409623164666324424
0.1733793920560763868
-0.1982143350443041074
-1.072188525559939043
-0.09820335657964067433
-0.3798688287779284911
0.1745702998549834295
1.564922219029228234
1.013938784604479171
0.3632943741693392403
0.9291493536677000176
-0.6489723508409835917
-0.2271673231293065143
1.555059432768971739
-1.01226672501027104
-0.5730660829301185144
0.1823273430172179244
1.577786378147043145
1.188391359712198003
-1.156316676796790066
-0.07305302861467111164
0.5863474404310391463
0.6259100791002452091
0.4027111851605749138
-0.1323449331809404828
0.1427667871811112155
-0.1723877805152446152
-0.2599443979794777704
0.2407623187248628394
0.7124268532376871743
0.1855583725836904285
-0.04004284733427037474
-0.08158596583287275328
-0.02206733104705627113
0.203804143978419533
0.5972118144261902017
0.9330687596015538876
-0.1337327548350173978
-1.034825381189803828
0.2675332028805834095
0.9816726186437000345
0.8746680178780144033
-0.616976832397286179
-0.6302400116970120481
-0.3216510103839317902
0.07214999260437784945
-0.9543097255007264579
0.6774514325501287404
1.326436185617731356
0.702390004302282378
0
0
0
0.08706423842408084202
0.487155119152273941
0.08968745742552840239
0.3639851353342171691
0.2742976779086887529
0.3263555791896615155
-1.087590215158728002
2.119541533529026189
0
-1.325214820182571973
-1.413945794348390628
0.647199445807093432
1.79318595433936534
0.4440171489773237501
-0.4543809576015418461
0.9982846293484182176
0.7584454708201765483
0.9787602441085971883
0.7807116294957161529
-1.080776264106730666
0.3412155413727798181
-1.278824878719667879
-0.03596269960411199729
1.245804424600280846
0.9533927227297341878
1.421991805479470239
-0.1980486146129091241
0.6121771813569214515
-0.7690636644458552773
1.21613816971387978
0.5212788672033069615
1.242862179115558519
0.365004287971639918
-0.8778578911439200994
1.281767124204395314
2.041005224291698728
-0.292411701870546048
0.4467416698599142588
0.6261665978220358753
0.8369033773964049683
0.1062365736134694566
-1.853727549965576538
-0.6654244684880182836
0.250655484099819359
0.6774632630538235389
0.8848069534775447886
-0.7716610421014877819
0.4239061003446665254
1.887161683877923712
1.799368075971747194
0.2476646638847945503
1.188303081477557921
-1.551703412086954392
0.4641590454110267605
2.259107996617376823
-0.1846260989520394913
-0.4166214971674947476
-0.1863841376032402131
-0.01685652661311028144
0.4429444325766364043
1.34154542171278357
1.155778281048687406
0.08254829441822161828
0.3611623642529995792
1.054847755640961893
0.05783230867537734327
0.5785582966260516269
0.5935642197311449264
0.0847614010672400886
-0.4861893639849874105
-0.1963845950603637647
-0.9970154469656316021
1.580254620613722683
0.01500592310506387861
-1.404526179647624495
-0.7065571787676240278
0.2671977626213655754
-1.157737964826822008
1.016674504671286394
0.08255769793007429469
1.310841226802770709
0.03458363939074486637
0.2508777332426949114
0.1146462611840780993
-0.6725697501414846791
-0.1181306215085326239
0.08006262179336338936
0.6538462641205970982
-0.137604198144915757
0.376737510377956053
0.9739851689802030421
0.6923196967820323122
-0.170424928000035808
0.4573358520208929412
-1.144410096980224445
1.112142141184046418
0.977748060783676376
0.4392006420823945656
-0.5469651581177918942
0.7553934259486266845
1.083263648182018368
1.212826428421766023
0.6594004690456176654
0.5007067167043314226
0.4716645345127971622
0.6955198951850780631
-0.04154311849862582506
-0.1902514765756560255
0.28414352140168192
0.3436621561876664344
-0.04446226693447442868
0.3358569451785536897
0.9175606469297419299
1.214362416860862215
0.5817037017480135574
-0.6326587151155284028
0.9991024429329983247
0.420591849607978796
0.7047818090489403886
-0.9010926263571515937
1.008400772715310811
1.302358584067739855
-0.08873097416576848639
-1.601745949001078806
0.5204122087626884552
1.972414265989588023
-0.2398391585281176297
0.7741380028242006439
1.504739163509984934
1.013977161352115797
-0.5534259593762408391
1.126129506342831599
-0.4907620021580187397
0.4971743823320084466
-0.3786096571669501087
1.302057738743418014
0.6601440792505275379
1.150906081408659576
0.7391533717304596962
0.6039609883569913018
0
0
0
-0.09945805914849221996
-0.4770468484847122381
-0.5284742980261415424
0
0
0
-0.7321502792975685958
-0.08600531650625334312
0.9628006604258377843
-0.1857671406641268064
0.7524432500393215539
0.7744424942027500203
0.9602096348669043602
-0.5088028186639342865
1.2402956627569246
-0.6053914254760662805
-1.539508232217334127
0.9477824091824662567
1.763313182775436916
0.3617547413531078671
-1.045500294683067155
0.5544391286329319879
-1.949788269467450208
-1.230833594874795711
-0.2787244438653033729
2.154560516873202047
1.844538378867137451
0.7141394157609924909
0.9780284065963141815
0.03956263866940559065
-0.9384657679267092156
-0.1290761218003025346
0.8612303359000929026
0.5646658078090279753
-0.08456525973004476449
-0.584183338372354255
-0.3212402484131703373
0.4925229546779659739
0.7362452495633093896
-1.012289277285186362
-0.5671283278583612031
0.2536821814349445869
0.4736320107811494151
0.4743949979773049996
-0.08230583913321078138
0.1435656358923027842
-0.4704302622556825741
0.253024004993611995
0.08499669339246201938
-0.2585004482919306401
-0.2943206338835848146
1.179455243718151802
0.6489847530673188425
0.2690000577349723754
0.4809298716990295097
-0.08808690483497157164
-0.6185573954850420719
0.284189959439930695
0.9524415881436832931
0.3241117113250163717
-0.7523827067295216775
-0.383931235855283215
0.2492201051446545357
0
-0.1829230004091765838
0.006230471681207556955
1.411155491755307745
2.592371061303843316
-2.443734095569414677
-2.114365875636508907
-1.098449326625819733
-0.6484673234351420179
0.08276624292271544947
1.706079300024318846
1.504760459303854159
0.3681323149688632834
-0.8769546317842832339
0.0824009505922629476
-0.5475864118513773526
1.425312846623774998
0.106121755748558616
-1.989483104325161289
-1.108950029999738573
0.1403498288795322901
0.676922835802602707
-2.401041170838574601
-0.6422682550726140915
-2.435557083433970593
-1.179684772832856998
0.5365730069230699728
-0.4006445551535023908
-1.320034601712389621
0.449982003190677049
1.181215569548535571
0.4268077789540042355
1.016599638404005246
1.623313057101603452
0.7632636798944330003
-0.2013188407204647423
0.5707203003383949369
-0.8600493772071705623
-0.7427690469605477963
0.3293682199329041049
-0.2319953982154553673
1.342911896031512065
0.405694333954939812
-1.191350980592001729
-0.466385621163695363
-0.2590419307399741133
0.1234062382863057028
0.8924190859488209115
0.4367470464256098528
-3.476241973155738574
-1.441896692473785491
0.2073436904237212219
0.5897918594500011213
0.6957889771655839661
0.6461449627913151694
-0.2475476781628207501
2.034345280681953305
-0.22022684746464119
-0.4595929473309200985
0.5753571702866415727
0.4384657793476316456
-0.3715434740957133664
-0.4375937031675385946
-0.5709507650522568367
1.749098481420887197
-0.3155034419315576599
0.2554473231207272654
-0.1703531576514294987
0.2898047689245905056
0.07982473152729296917
-0.9341168067412403131
1.553173834658534647
0.4940079375342945056
-0.2393660998662544281
0.7955840177512559785
0.8155307735930025226
-0.3323685741404934779
0.4492738683044119608
-0.1814986174903428506
-0.3063982445418463874
-0.08804205934649103615
0.2413411026868397813
0.02199924416340673025
-1.187259599163612789
-1.16731284332179519
0.3117451896398584776
-1.324150990102653358
-0.1210695619926878963
0.3377155192385137283
-0.7093521110461247225
0.01994675584177839703
-0.1368913909390301609
1.479058032961629632
-0.01671334389097517414
-1.401558441422329659
1.390351919174331652
1.317541387960151633
-0.550983434424662355
0.7189546745925240456
1.671063825602272512
-0.07281053121426976638
-1.150188663435000036
-1.284582743835241514
0.1674193133918131238
0.1197494455819450021
2.416162425546168446
3.195121419323815992
0.2238553606723081013
0.6690163100992209122
-0.5268684806540202548
0.1693982314570101622
0.0595186347857920503
0.2258714750254786352
-0.3881244231223333618
0.2962852072260354075
0.1094583691012932236
0.2119298139638396972
-0.8875574532196974786
0.6372094803576264788
-0.1868268381247579213
0.220525139720689628
-0.4166843406368822
0.2795823714742350363
0.1863443689425225425
0.5425254614335138781
-0.168027311601192525
0.02782195664942951549
-0.5742838997073629326
-0.9422444122578719217
0.2143928986448711271
0.5819102904333648407
-0.4288348702272095636
0.1409508267360271294
-0.6021058563566622501
-0.3434971416844563308
0.1865709419953115178
0.2010082354461066034
0.3901617075364907095
-1.13662814433499082
-0.09965016970539775087
0.7690128476625152087
1.036977974629593069
-0.4556720395232110032
0.2679651269670779712
0.04425551351793251958
-2.202344238575109969
-1.313489347298942622
-2.257205490948387183
-0.9372175620765722526
-1.319191090875216466
-0.3081169722216813844
0.7406890047104097707
0.8579693349570324257
-0.5761387154156021317
-0.6272633859600509343
1.991461517192478103
1.956945604597079003
0.6989441930739441755
-0.3312054663548171241
-0.9536423990807642026
2.032822524724292812
0.6479774271929578111
-0.7592776088432465764
1.174616512406488456
-0.8444756121784736669
-1.372446801788391513
-1.504163748083943597
-1.495771376852560675
0.1508699566501401357
0.02597032959864976898
-1.384845097531262059
1.646641333502656623
-0.8582060123180812461
-0.1343940804003057043
1.269938109017058503
-1.077504488088290469
1.355780472650409907
-2.088824546056939901
1.348094692731368172
2.071909901815498056
-0.7787235579816323972
1.452002057226977172
2.248743112154321544
2.781218728253628036
1.14598650853218853
0.4451609494268709
-0.4996180786422698139
0.8208105092933191127
-0.639715330520192027
-0.6850408089177310034
-0.3778495532111045829
0.3706935046292548774
0.6148754433945392561
0.1007573299174775727
0.6962667121110655
0.2629430899592370974
-0.4864975991452045734
0.2614741990645915171
-1.11482747596333498
-0.4977836160520627828
0.4382537279061923807
0.7748837410957704064
-0.3934791748184947591
0.5530324038155266519
0.1817952225210259232
-0.02596178303028698689
0.3317548926168104595
0.2586087146719808771
-0.3679605125503697116
-0.3104080618625637
-0.5690167765342728501
2.033486754153941867
-0.2237096134491454447
-0.4809128572747652375
0.5892129677657766962
1.055308797989556568
-0.5791806758537896282
-0.02718644423694920043
-0.2701760777003962
1.000447545616279132
2.200716957450112865
0.2107367795743690653
0.4660958302237799278
-0.05486125237327739435
1.089236314746879541
0.4139321953904996354
0
0
1.579628221470068761
1.048805976932090989
0.1172803302466226133
-1.434108050372634446
-0.9437161436494448941
-0.6753041193563800171
0.4903919067231893303
2.618724903152529926
-0.3263790131207133238
2.281892958844773833
1.758772915765960398
-0.03451591259539696366
-0.3368319443077565922
-2.095604860073718267
-1.407255036036206386
-0.7448861392406987969
3.075371973741920062
2.433284960738594016
-1.01132005796855684
-1.743874356816639493
-0.3100221380060486087
2.180660114030652075
0.7161294291649926702
-0.7325542988481291706
1.310100988075532102
-1.278118801179247699
0.1404425794828095819
0.7238152090843410491
1.611103660404691995
2.397121219692619043
-0.1077261261281337035
-2.126818250713225389
0.3561810924910657206
-0.04532547839746349505
-0.4165626596917888502
0.7404726604376059562
0.7479717982095319684
-0.6283298768183986915
0.5134095420308527613
-0.969489817284308053
0.6170438599107388455
-1.076494418053280056
-0.05850884844830352843
0.8775284955100346451
0.8620974840467530154
-0.3351838758283656738
-0.9637229062670490398
-0.1070046007672370708
0.9360373439582077015
-0.9052140578184443287
0.3675173917883395314
-0.5304704906505006701
-1.258001411523134383
1.255872310601110708
2.513873722124244203
-1.030149659428761355
-0.8535343264765696825
0
0
0
0
0
0
0.3377544849232362867
-0.2846824478027108474
0.5143698178754279038
0
0
-0.6224369327259471341
0.1766153329521916449
0.27674579152454859
0
0
0
0
0
-2.522808635883051487
-1.743849642105473663
-0.9146722856389783995
0.7468326099311891619
1.118160623129821341
1.25721876459000681
0.5324756160991779286
0.7789589937775985851
1.608136350244077528
1.075660734145028385
-1.635232219721522995
0.7361343356024557805
2.490682252036661826
2.171891050228948128
0.3713280131986345656
1.255491357797866137
1.671903505815269364
0.8872884513202403678
-0.6321749905873658149
-1.416790045082538807
-0.6307724857947469843
0.1203196524645553239
-0.2079327656175780359
0.3149604185467934636
0.2622393173315381576
-0.7846150544951395744
0.9471354091341409598
0.8647710418923986175
0.786017559287853107
-2.504847345820775395
-2.019092124585026848
-1.169658408592801901
-0.5279711896098789881
0.8137632030911733372
0.3842915679464912193
0.3071912557067046357
-0.3712371812944130212
-0.2212775111988268262
-0.886185442552907876
-0.5284687669056444825
0.31557236869694405
0.7485430578403831081
0
0
0
0
0
0
0.1665355825320796734
-0.2110532068041403309
-0.1302104645937356975
0
0
0
0
0
0
0
0
-1.450238014705964362
0
0.6200103786919445303
0
-0.2888864563741147529
0.3743525922565538178
0
2.371366555323999314
0.310115254369641935
1.471466812701483606
1.161351558331849221
0
0
0
-0.3152567235250382516
-0.1747720093723773849
-0.009174376609104802766
-0.2769418171398764783
0.125344845173028796
0.02947322959049467062
-0.08283267724434893731
-1.120493365244072059
-0.5467097229169262107
0.871851657745066122
1.513538876728000693
-0.8577022719859824784
0.5737836423271897024
0.2627910932580667103
1.418561380662024751
0.01914126120472330744
0.0641717825366074357
0
0.04807875223422174854
-0.07499748065488677506
-0.04097738230497531553
0.3577166756472080489
-0.1117072544319865079
-0.440959463697491838
0
0
-0.2429896334634469857
-0.3775887893362199765
0
0
0
-0.2456577864353901852
0
0.3662605251830233777
0
0
0
0.6632390486306671828
0.8323597684330090729
0.6119183116184131466
0.4276944334517451263
-0.2204414568145962594
0.03831490638516149572
-0.4046653349812627254
0.2324240462806893837
0.0981802757515242569
0
0
-0.7351910366064547953
-0.596132895146324282
-0.1021698077674925709
0.3001168545454053205
0.6416872189829617712
-0.1317169462955500581
-2.371241148713958857
-1.813723721646176346
-2.239524202418384125
-0.4258004807721798013
-0.5247232981140697028
-0.09175260897062419152
0.02538865146712256798
-0.03472999204257528477
-0.01752471632448194747
-0.361575502537479665
-0.6869280335525852488
-0.7023590450166951049
0.5487398858672495328
0.03170777459475969395
0.2770177916216188252
-0.01543101146378763472
0.3366300131898490866
0.7186358081472008497
-1.197281359875319362
0.1751210836957269867
0.979376836638500059
0.3820057949570970224
0.5697856969634271795
0
-1.370815895090854442
0
0.3186217325661205302
0.1390581414601523014
0.8841633445992331808
1.0353078911518383
0.4329706891434447202
0.163147795576600585
0.1171412604377459338
0.2441819387652926499
-0.1302664641580273952
-0.04561998582571522715
-0.120505560068340678
2.620510124949900987
0.2331900788769042943
2.032227575896461857
0.08464647833231508933
0.2437222948853507154
-0.4294716351447191438
0.3634565430349276371
0.1270406783275473683
0.0450305213318838507
-0.06011864350969824133
-0.07488557424262536066
-0.08201015699566377437
-0.5141181134770498318
0.5779455658223596748
-0.2320636876210127042
-0.7260273002902164485
-0.506077470943992469
-0.6062930521406505457
1.192744444878901744
-0.007124582753038469218
0
0
-0.02321761305542415985
-0.8100092534433587232
0.6147988790565370731
-0.2740137833229687181
-0.06605022907184437964
-0.01609303030238568716
-0.5170321112723372803
-0.329252209265685325
0.3833806241883327415
-0.2717220942458025146
0.1877799020064992996
0.2199498293462165688
0.1197342481495728139
0.4587850812312034843
0.6771412664265596959
-0.5882825490534387969
0.2183561851953559063
0.3293831620333311783
0
0
-0.3282524180821392301
0.1022815140989514066
0.1346409619755468967
0.2307315353695233995
0.1419196648669883154
0.430533932181090595
0
0.03235944787659551097
0
1.799037497019555731
0
0
0
0
0
-0.1077585486019164152
0
0
-0.01166797520793973371
0.07326035039792959391
0
0.09609057339397664155
0.03402009834991137627
-0.02952194028363240574
-0.05455044025720593576
-0.06354203863354358772
0.01720527571809243872
-0.07881453282915246161
0.03457609056689173871
0.00954759059331821737
0.01930359637128142847
-0.0287450568517788399
-0.01272913908246223538
-0.009226363122471797906
-0.02502849997357353001
-0.01527249419560983493
-0.01877395371579002742
0
0.809389646126080442
0.2051707038555985185
-0.8127633450161151352
0.6937419296090722165
-0.6285390304381673898
-1.017934048871356856
-0.3893950184333663245
-0.5851184966152176425
-1.047247153795323182
-0.3311663910765288432
0.9875637400410495204
0.9718961423496990104
0.3138650303688191312
0.3848734826085057903
-0.5615687993132719713
-0.6867068318619826695
0.2122766951217875675
0.6819799098896457412
0.2426869536298770225
-0.1251380325483881784
0.8042557529430940377
-0.4621286571797764697
-0.7586931852705505186
0.8989835269839252518
0.6707392638405194063
-0.2158097621746576655
-0.6551027184343070076
0.5899165262729197945
-0.2965645280908288939
0.7160807627188551239
-0.1597032767794112906
0.1594506658455592529
0.06343085729831779429
-0.1555916932942004727
-0.6070930935974361287
-0.6879158311649874458
-0.1846001203674621227
-0.875784039498568645
0.8048833564111321781
0.7160398736851951718
-0.09601980854724394276
-0.3440507862129990602
-0.2190225505925231797
-0.04804865322305981734
-0.01302036418736083646
0.1579535331821090294
0.1864308552456380996
-1.147075295601523992
-1.162742893292978863
-0.4787618339885973406
0.2135673041940638339
0.1709738973694686914
-1.134054931414253176
-0.4515014003032541967
-1.338050426318357466
-0.6419136594928819273
0.6484288721562786462
1.182160236319786284
-0.0888434827259176052
0.01601591776931695493
0.02847732206352839718
-0.008893265630386181647
-0.005390489670395756314
0.003568138663825213761
0.0107181610635476883
0.005364169292255690363
0.003502775959990437043
0.01246140429421138326
0
0.01075465896265144494
0.03082166861014724868
0.007150022399722470202
0.02713644894842654615
-0.01566759769138810487
-0.6736987096720982171
-0.20399549490410257
-0.8865490260151401847
-0.08082273756757549221
1.290342531649148583
0.07250382814685167598
0.2711896288245950748
-0.2636967906726973565
-0.958556093183261182
-0.4248247290197640913
0.2675044091628638321
0.05871919488428072043
0.007291745342851410974
0.003436580365179186646
-0.1638981189488578349
0.1395619370946853399
0.03478768172888893617
0.01111603551846419152
-0.05142744954142931119
0.0808427422104046195
-0.1711898642917092372
0
0.1361253567295061528
0.00767945515328500878
0.002325463381993005205
0
0
0
0
0
0.1986858006777467711
0
0
0.2195854987518724988
0.08297896853423303298
0.0880527933429545856
0.163441011128147573
0.01439449270771044238
-0.1198492778214546722
-0.0561444876237249188
-0.3394347765733271571
-0.02367164621042477241
-0.003685219661720053747
-0.005353991771292001406
0.6839810593043760267
-0.5870226597413537029
0.4697032147679436886
-0.4392929562596894488
-0.6948593025105683774
0.5337313641635023087
-0.03410840091488484549
-0.003351649073063292777
-0.01754140658681187931
0.0493152527738742949
0.004539205284714663453
0.00507382480872155088
0.08046204259391454006
0.03583057665054310142
0.03075675184182155228
0.03864760619959949073
-0.07365830063524414495
0.6923291381826495172
-1.271003719045716851
-0.01418975751374859304
-0.02734610943333075014
0.04431219878944263335
-0.2099800373972644518
-0.2542922361866553072
0.493963087378843535
0.05098284601242826508
-0.4429802413664197802
-0.02479506926389971402
-0.06088583855117506161
0.07328960826155167529
-0.1136069397664336011
0.04009728916301131402
-0.143250205792916141
0.1401462676222376968
0.09808467752545145524
-0.0888118705025341959
0.08492832560586931201
-0.05272110121525776932
-0.08236436724174277246
0.06685665936068621584
-0.01315635191958214843
-0.1833474949559250888
0.1000489784592246689
0.1511445465525998733
0.05109556809337505862
-0.04477604748915959415
-0.09587161558253448623
0.5033157107974898237
-0.1342437705291651129
3.308340605933345557
-0.1539478165521608044
1.59768157890794793
0.9002701527510200696
2.160647699277120637
2.56879860153359596
2.364295698019801772
-1.710659027025396517
-1.147692906656225365
1.306420062511859603
2.335190391033042268
-0.2045029035137933549
1.886921920500701733
-1.262378539021734358
-0.1030326875449187329
6.400639001848213105
5.316499141498291614
-0.4482684705323665697
1.090446136092813934
-2.438223078577927527
4.654502447842221891
3.525765952134849446
-1.084139860350095796
-5.310192865755150926
1.583956848951739715
1.112962986689164158
4.341146156041344462
-1.12873649570757828
1.632978514821928018
-3.070545598890140671
-0.4198555592852346585
3.228183169351906301
-0.4076089176026561622
1.933541287687632337
0.5200155281331190205
-7.694105373735339093
0.01224664168234484637
-3.74882803918137153
-1.55749974398162272
2.353396846973100587
5.183032114150341485
3.945277334553929816
-0.1766956142022362286
-1.058807431589195769
6.13660562975337065
-4.283500323705608182
-5.359727728352732257
-9.268988083482312845
-6.241839545740935691
-3.154919351550631745
-1.076227404647124519
-0.7664057525439424978
0.5477285366797395305
2.388513599006689692
2.15032452377578398
0.2688279362076502199
2.100768023695531728
1.602595987095992713
0.7911713141901285384
1.831940087488015179
3.965334752007544594
0.9749396238888513588
3.174163437817703493
3.950083754171551664
0.8139606114489106314
2.975144130283018384
3.615316745923257802
0.4195215014938845632
2.801356134474766613
2.998609423366383808
-0.6125674685088492444
2.579087921872958322
2.144949084832205255
2.757516553341567977
0.8146537637017924327
0.7516842444989765282
0.1545871470335464515
0.2013718002783785321
1.892966697678463373
1.90646063864885873
2.206226638829702491
-0.6576853023444573232
-0.5503124442206108746
1.14128245317946253
0.9520816602162174291
-2.500470259423824171
0
0
-0.1098312229090767367
-1.254144978613486172
-2.277845816470347007
-1.7551896739769135
-0.292520678025084413
-2.081543523068001278
2.390639036514747406
0.5226561424934337285
0.1963022934023460064
0.04370025709408524583
1.161215194715850663
1.462668995951829087
0.6136186336403430808
0.1561450937750549772
0.5699183765462578766
0
0
0.4137732827712028438
0.3270660242317281474
0
0
0
0
0
2.508126347370177811
0
-0.2799723413548065309
0.1745367908374903243
0
-0.4533440642833486134
-3.793014097458014433
-2.788098688724984342
-0.4894751773980522414
-3.339670033174666042
-4.08836217930719048
-0.4884138473121495405
-2.035349183020088937
-3.598887001909137684
0
-1.54693533570793984
-2.377968426000189428
0
0.5611631515613566545
1.493472792215454259
1.050270238555439883
0.4702267114622638022
0.9323096406540974934
2.392210143568701763
0.0454953626643905748
2.240912028138919432
1.92198343210643996
2.19541666547452774
1.751629395460108984
0
1.059502411932166099
-2.166097135586107836
0
0.6967432019405346288
-2.657191733506821141
0
0
0
0
0.3014538012359783692
0
0
0
0
-0.5475965610755075819
-0.6461178526621291773
-1.866467765697409797
-0.6999235754510536589
1.708055303316001527
1.913786909731261199
1.430676371649119094
-4.217570121786271109
-0.7395803433785701486
-1.974332598728496535
1.281712936697649186
-2.475976637857972396
5.221185551747396403
3.340839086283265758
0.4919391086014341941
1.013422393304870939
1.126365367753346947
-0.7041683676479170151
0
0
0
1.295696006654052823
2.24728390907113873
0
-1.571958296707651304
-0.5906678530441518138
0
0
0.1073728581238464902
-0.1641751463215646578
0.2972736210013853797
-3.338518465953131287
-5.172609030747767456
-3.305969505249188867
-0.08800296212681232855
-2.187013036678735478
3.775192819212250139
0.01411813834751890137
-4.107854810409556023
-3.798033158306536539
-0.7359080234753380134
2.849904024179895412
-2.989647840028940351
-1.967443927728993902
5.976401445405092439
-0.009825890615922105303
-0.1282451711829338259
3.756077943856398704
-4.242517348151412016
-0.61134989312062471
-4.561445944183911472
2.481333891015137016
0.7014653152776094691
2.443058799205695575
3.631167455030782421
-0.4437872700144195881
-0.3189285960324794722
5.046349738762108572
0.4364439262769054806
-4.32706472563300526
-2.628943522963671509
1.45147590669786819
6.912989264260426481
2.614241083323602055
1.050703264434554862
1.783207993031352911
-1.909362455349545851
-1.387879170646109106
-1.274936196197633098
-0.748692146132526104
-1.93509507178194351
1.004915408733033422
-0.983507169364857825
0
0.02725908286339754488
0.3512241228930035319
-0.3627592099916314705
-3.635792086954565683
-5.469882651749104596
-3.761074680864223918
-0.9252887950335558775
1.151505429275282211
-4.60990581248507425
1.866639525498534846
-4.121972948756289057
0.3098216521035898063
1.459900502914599274
-0.4432025536600143201
1.022203912299950224
2.979821949413014703
-4.074954725045197179
3.092683784135726643
2.091424824014503692
-4.763508651909750924
-5.764767612030785138
-1.563537818889048081
-0.8310330902922494767
-2.960065719784100491
-1.186402925649415296
3.062125134831660933
-0.2381890752307548043
5.262911259461571234
1.519921446498405215
0
-0.9619358949976098971
0.5034705709623548131
0
2.34266932750841983
0
0
0
1.465406465959964599
-1.001258960121188313
1.698121202669512719
-0.03827509180959597079
1.839198756546065239
-0.6083112885349530874
4.388148049694018837
2.006818429285183392
1.034213114246638865
-0.5155890879370527147
-0.4987178114869221246
-3.300859984950916814
-1.167465320432304665
-3.799032021549797467
1.866744323138942674
3.033288513388213481
3.585812047656611767
-3.300314210062329945
2.365462134624646495
2.386719222461857637
4.793838374412254133
2.420809973937962489
-0.3724869857267141815
-0.9314734258539637546
-0.6810777230639297741
-0.03221834922043013277
2.539309640492089404
0
2.529773755660515988
-1.498463870283105237
3.173228169172733093
-1.37984973103664843
-1.890576725647262535
1.433176464177983389
4.102606936439362251
0
0
-1.14147560328699571
-0.491094597920718301
0
0
0.03787965890176225175
0.5487283912301821331
0.3239650400296059107
-0.3900182928550289252
-0.4203585920259410025
-1.220349913033622835
2.076794224310171799
1.773662794134685416
0.5214832847034367447
-1.19610747624935132
-0.1127010655635193731
0.9515879024170857958
-1.886363859698204859
2.243237523057828309
-3.742989812963175567
1.741593483928194797
-1.736396294479288116
4.080419429661689357
-0.8491618636519199237
2.615129717820126043
0.09272220059791091984
0.9418840642498322868
0.8353925830591715229
0.468349889397111474
1.054461145401042632
2.133394664519070449
-0.4981720365993458355
4.200753833821457839
3.680063358055982281
0.7759203163532256697
1.166544190247934543
-1.823105858903456333
-2.343796334670722459
-1.169647084444394913
1.237472067505278384
2.466511667177355704
0.5848730198658542712
-0.5206904757664155836
2.407978878768460174
-2.904143041703667549
1.174149250226755425
-0.325536650984592113
2.578606390719730079
0.6401726156399216716
-1.499685901211956773
2.407119151950101621
-2.759206208188269116
-1.291645786767418702
-1.938433775080557586
0.2080401144450818862
2.14647388952619389
0.1972532888911585069
0.1789141572376206912
1.646474578657743049
-0.3027460219785976236
-0.7368848590204267746
-3.181655162472006637
-0.1296765800990026252
-2.088050652951758845
2.571527989712518281
2.664907482731746491
-1.466245521062675028
-1.83328821472473491
0.09337949301922707224
-0.009535884831575403703
2.023502872123120078
0.8463440409347920967
-4.057925313170648529
-0.9652878472629065065
2.209898802235089388
1.918262968323125151
-1.911330954533716708
2.486169485490916209
-1.988422578097893689
0.6503810053662720803
-0.8994211968174262717
-0.472913160084979689
-0.7868441156662160374
0.5108487323284213177
-0.4582382509276980986
0.0467846532448346758
-0.2247633512005764445
-0.2715480044454111619
-2.381329620408854542
-3.35393493544736776
-0.03034029917091316669
2.350989321237980434
0.1129429744484759385
0
0
0
0
0
0.1021159670223321103
1.083406410685831878
3.256045535426193904
-5.98622733602099899
-2.220323501548724821
3.792970948500221429
-3.853232950829909242
3.343312603715414166
-3.31630753775584175
-0.9847215683909344985
-0.008970796077079973979
0.9581789775355814553
3.93947261504985935
0.5369254130740100939
4.811411928365479262
-2.373028400474580746
1.22903959967236287
3.602068000147236493
-3.352283399792215235
-2.38513362618004443
1.063480185254353838
-1.88034646546398343
3.365404759076255914
0.8719393133156084774
4.320553124750515117
5.245751224540386559
5.461513357562551185
0.199073727958140434
-3.294662452610070957
-3.078900319588247836
-1.68256491935266439
0.1390662235340409669
-2.339514086935316151
-1.476833312937002374
-1.881638647311153045
-2.538587814893178418
0.2157621330220442779
0.9551483656744756967
3.217966543122333434
0.2057316064155587654
-1.615899536470939868
-2.099010074552086103
1.467560421420476935
-0.3085907373369176088
-1.949220600635740874
-0.4341388370411718989
-2.444770303451409887
-1.942862789639882681
0.5019075138114201806
-2.646737302728229935
1.093604509520375467
-1.503797301592169955
1.930123379103890535
0
1.366606920376991496
0.8558799257663705085
3.092637465907751348
-1.177158831188330979
2.146594358636923605
3.175186649497990121
2.579825287140534495
-0.5953613623575502167
0.8487559507410972204
1.991695951877321846
0.2762706832558111669
-1.549802202183695021
0.1125770811512102343
0.5329995179231074021
-0.3670426936620599934
0.2190685623418710259
0.9812904436634996008
-0.3139309555812362929
-3.77546404575646255
0.1088590692828834694
0
6.122153519331833493
0
0
3.884323115039345797
0
6.013294450048947581
0
0
2.331585969364972755
0.1619860116260765093
4.538072875383028837
0
-4.553077900209381745
0.9293787672666523614
0
2.186327963285720433
-0.9781025738491013755
-3.426633231369645038
0.2596929229641539161
2.637055238155572745
-2.858726714201486718
0.9757507723135986355
-3.164430537134820476
-2.169599957738867158
0.4507272748701504073
0.2503957027897252829
-0.5250234974431281509
-2.448530657520763043
0.9948305793959538734
-3.608694108116350385
-1.95837407285304721
-3.152781515423042968
-0.7754192002325408506
-3.829593922856865618
-1.1601634505954872
0.5679065171679746893
3.448613811434689147
-0.4831105380813092154
-3.148644816539651448
0
0
-0.5107269946106210989
0
3.323753189825246146
2.669430472261391962
1.444117313098718602
1.14294000113631955
-1.194407442569654032
-2.597401811112805436
-1.402994368543398984
2.377362315190846953
-3.118419637165068981
-1.715425268621554533
-3.871522482791854181
0
0
-0.9823231230091153954
0.3081115872670492917
-1.163615722142198772
-1.286802863639751271
-1.14082570885636736
0.0528541656686366268
2.889199359782738785
-1.070065345945384827
-0.1231871414975121704
-0.8755204426025393616
-0.1465892139543835127
1.216469887810816441
-1.90559596640152229
-1.01573089414996609
0.1945449033428996721
0.9234761319909849941
-0.8220281586626962955
-2.155000378483694856
0.8898650722516987521
-1.317340899500828666
-0.9772620415237950331
1.083567807738765598
-1.706615167758320561
0.8376594789829753251
-0.9498537398359115924
1.177738336959334386
-0.8482723983640213516
-1.554655503947049988
0.7567614279227508067
-0.7644622865686463431
-0.8367020093781214474
0.8583427693939575942
-0.8942979317098915804
-0.6261561796653074552
0.7901932173784007585
-0.7269273138042099403
0.7179534945687956471
-1.837522580466499633
-0.5824114779339796266
0.2681417520446143787
-1.149628573578887369
0.1673706179056065613
-2.37361640682633146
-0.2252565655982342874
1.255111102532686873
-2.380158811263694663
0.6878940068874496161
-2.117641207548390359
-1.073628803101527307
2.148359841228135281
-1.479220039656162555
-0.006542404437488020565
1.044012404446838627
-1.073668425607106292
0.6384211678921688504
-1.452837276423001311
0.6932986418572647525
-0.5804528563716152556
0.2425518501836177176
-1.513739400836266791
0.8723844200521229109
-0.5086945887397806843
-1.391370148540142626
1.005044812098834228
-1.036312059461526047
-0.01877910954191979245
-1.268414089930249622
-0.5043625300745694373
0.3550580890801988132
-1.327964762894229045
0.7640515598560013721
-0.6027602738269153271
-1.35692058322873077
0.7252044890674989031
-0.6111595255487898282
-1.207430709367523392
0.7457610576804039049
-0.2816693324170132517
-0.7867720673546592103
0.9257613769505099732
0.1272014806384785257
-0.402501349345842474
-0.3894691812013355015
0.3842707180088288932
-0.2376427683142233738
-0.0511130336252304876
-0.08644491727388084468
0.1518264128871185947
0.2570103666614758087
-0.03533188364865035014
0.1097681589096712595
0.5796024096687150129
-0.1472422077518045491
0.2454240137038074254
1.088794484629130421
0.5696264728517174136
-0.3341783959648804148
1.294877648899211309
-0.5191680117774131187
0.6799085433068242645
1.323357213340034422
-0.6149691055920450955
0.7660527756737841587
1.196189175401355165
0.7383310185789058178
-0.5573044376662503741
1.019246349938836893
-0.4578581568243129118
0.628244330649949001
0.9822434896160020523
0.5591590881806356439
-0.3910020192888880031
0.9780108280248375197
-0.4230844014353664639
0.5998249036919842681
0.6236839118939738746
-0.3781859243328531961
0.6404956311798956081
1.194122650293236498
-0.2136827750474678544
-1.303511418046489956
-0.7521012937341977622
0.4672853373722868353
1.944121970672628708
1.694446730630202014
-0.3615806822172231705
-0.2927099083727096596
-1.311070960999639601
-1.513046956212561023
1.430869725082185795
0.7885356398709616466
-0.8455074967026596777
-1.021889583389501421
-1.393786492930871868
-0.007886529182265608617
0.4063621052411348078
-0.6423340852113351707
-2.452759308471683219
0.4630608856670621054
0.4142486344234032059
0.01658915987264103498
-1.075138214055743724
-0.6344475560290857574
0.9895821645132509836
-1.170468252607869353
-1.092418127878008072
-0.610124136664431882
0.5118069906227874499
1.161949370038482865
-0.06463294767470356694
0.4225081807536318901
-0.4856858783697229898
0.6239810381496138092
-0.7339314096286327915
-0.1611335871293153033
-0.7315194282551111815
-1.001869836228889366
0.02278214967442278999
0.9903966003151219999
1.714407465213376947
1.783343231949858554
0.6859524637557666837
-0.6985873272533419387
-1.26650596846318142
-0.2930621279501953724
-0.4507467916747476822
0.948719658970077484
-0.2142827385521637873
-1.595361747346807357
0.1731849806680363091
0.6087219680049278381
-0.8125391451389198938
1.555415304397793852
1.120331583502968353
0.5814508855243522012
0.7274280403077507673
-0.3815176949545290297
-0.2284301202034709488
0.04604994756286564378
-0.2962830742068840451
-0.6595361219123738739
0.1496974819850263316
-0.06801905555382449509
-0.5777969019393965899
-2.124867790407599877
0.5225902390609654669
2.644191742390241018
2.316975413019010333
-3.915916373187434463
-0.7962748067873900437
-2.134655806944544487
-0.1933178486435549182
-3.410185518905079149
0.8432943870829495703
0.1656950226516996361
0.5122455597726278675
1.343458913911300678
0
0.7923834261520958933
0
-0.608530916102107966
-0.1629765687778036154
0.3771308889198978775
-1.426628574041422848
0.8265814288348436456
0.2191931902034701674
-0.01597017851096753371
-0.7430776831777320401
-1.821316658962942814
-0.04881225124365907997
-0.446471725794421459
-0.3455679079597948622
-0.4623710477960909504
0.7487815072436060371
0.960086238123663227
-1.274841136635826544
0.7811108887330153738
-0.6110295921970176902
-0.1413041628329954058
0.4312807135682694692
-0.9401591655351140275
-0.8410209392064904588
0.2648143657240058513
0.7733019538162316797
0.5454030155273252856
0.6060323931341156101
-1.16833259741834028
-0.6292751550587744047
-0.5346147130628156052
1.428620226540883831
0.9293505065849161362
-0.1927250319703880388
0.332461083111597
-1.170568393155399178
-0.9748435624681525136
1.160479694987151644
-0.1327800181352963294
0.8901292869995760526
0.6956328925772101712
-0.2125611665378278892
-1.082941125607000732
0.3378624622257533905
-0.2703504079806768878
0.7543015779356287975
-0.464846802413495741
0.4164391157170457269
-0.8027092646450688651
0.6997212317171284113
-0.6012364072614366783
0.3273411423330299663
1.030806226869041664
0.8550612557829895266
0.01984956863305591124
-0.5421503795330838704
-1.162922913463577457
1.590213191742253729
0.2687542205990898214
0.7514947269810976493
-1.119761573438389668
-1.050825806697644582
-0.1170576586465334606
1.299823104353228898
-0.7290337233993697819
-1.199981726596657028
1.002334485280824916
0.00674854757542375349
0.3012601615610338568
-0.4347936446768836949
1.490157419645075532
0.8538037624203088649
-1.036348232141617087
-0.1521610137987718103
-0.7755346783034352542
-0.3399976909645318068
0.1014998814436565977
-1.381079008792964524
0.8230047065559071839
0.7828226022093548453
-0.4376295663081471443
-1.023823921641370038
0.1719263457972057263
0.8770345597472088972
-0.9857241258084236124
-1.149532625344274361
-0.4350837208948247214
-1.624635568290694998
-1.936932999352322327
-0.3929035431952175861
-0.3122974310616176696
-0.7997334297053998453
0.327164754169576244
0.1459771547833915162
-0.7523333011050660213
-0.7391345119108736483
-0.9629685804788702397
-0.657548628330407392
-1.7671501218368173
-0.286782453705843432
0.5637707762728176863
0.2109531100485582678
-0.06995358533301446191
-0.4122866071027723178
-2.300947586210444484
-2.035340789416852481
-1.134855109107642201
0.2639665683696950649
0.8122643841473687898
-1.547070888468237371
3.221988644329647489
2.647458029468556351
0.2656067967936838192
1.794385173958074731
3.113211970357802727
1.480367668130947667
-0.3272163293712203047
1.354863514734029994
-2.731875729574787304
0.8350972934518205992
-1.694231141490583514
-1.119345755750049021
1.705774221238411714
2.396240221235907519
0
0
0
0
0
1.636140695997599037
0.6581755891861160723
-1.248283132935533057
-0.8200584605023817364
1.032416948523161793
-1.543548244045292117
0.9464966163464895166
-0.4926663262848026137
0.3202410141769420626
-0.6695579766576942315
-0.01324731759061533246
0.5466109591815799806
0.3616106814850953977
0.8101855788494524147
-0.1057758827366778731
-0.8325654240747357715
-0.4285963130158268464
0.5955254499149793546
0.6964292677496073392
-0.08665474804241768414
-0.5436832804575458811
-0.4962019240134290521
-0.5368585929004388024
0.100903817834626694
-1.091727373928385036
0.1454671914703610791
1.355742988963448248
-1.324981197387273602
0.8671086771885004874
-0.4027509977070135028
0.06976554406466017877
-0.1300061190331747163
0.2820649413556559071
0.296865947388192164
-0.1720311547071342317
-0.05400383827485397831
-0.01986446513498778613
1.22074768373068987
-0.909053623227974783
0.8692606753471495695
0.05679058650788228885
-0.6180099062715008751
0.5725848764009993097
1.086102487474248424
-1.295635456247019812
-0.7988550027008439747
-0.6675785351591694283
-0.6069491575625312052
0.2921210339827187141
0.1801306835550554597
1.134894299667301709
0.4622268235965146244
-1.013805991258306838
-0.03953313434609159738
-0.870032733310504125
0.5303097061697611414
1.347760763223056601
0.7815481523592124891
-0.7375521148768517943
-0.8641276919989304695
1.022909305129668267
-0.9501611074702500659
0.6687085483794051877
-0.7151890217668873673
-0.2016714106921739802
0.4204630171261854454
-0.3731677815206073112
0.2832821159926430243
-0.9081940591190009737
0.2014728573898070807
-0.3723800893898619457
-0.03846154360436944419
0.8901160060022365039
0.24182555248569923
-0.823576168892698135
1.08953477119055675
-0.8381921760942355748
-0.8780357818486963506
0.293641943641407499
-0.2010695084237832386
-1.053780752936096077
2.017721709420492004
0.8013428195771037377
-0.3945747463909737296
1.063213008517411851
0.6991161626369646331
-0.8930693281478743195
-1.413289223618579893
-1.150039114534804341
0.705108213951260332
-1.321458971141569849
-0.838718464761681104
0.1570434849206414074
1.416880762999259913
-0.6119760647522223262
0.8594206191553127594
-1.36681183368277992
0.9161528653432916558
0.1613170964128322615
-1.175046918203282331
-1.133276262415751523
-0.1816880026807142778
-0.5574601438434447775
1.046267161414401015
0.4600728060775545192
-0.2974886190734479241
-0.754835768930420814
-0.4709480031966734037
-1.097840868023635119
1.017532949919973229
0.2590112443674228437
0.8139096242266281589
0.3731074098129568695
-0.3629463964247701679
-0.5395486519444216977
-0.7554917987497821175
-0.1638084995349819994
-1.220452168520315794
-1.056643668986808615
-1.319580027294559921
-0.5861943553338387902
-1.055882989934342264
-1.343755780489326535
-0.26293635830425377
0.8505532299786549011
-0.3528176662242623607
1.416349397043705549
0.8583418119742541874
0.9004856803092280426
1.682079844105239586
1.318826796399728885
-0.7877850280817273454
1.037644588084287944
1.612529973824759377
-0.4722603752541387756
-0.4380316836462433416
0.5322229132859614964
1.928054626652329961
0.378581975393005643
1.777403652870338302
-2.529328434942404336
1.561142927784059609
1.398821677477334324
-0.7525093055766577388
0.2268945119098826346
0.2821019276404813647
-0.9687700306629167812
0.9110134697432445972
0.3873055765595002642
0.9794038174865550284
0.5482978157776707828
-0.2162607250862688402
-0.4311060017088895191
0.1604110646496310078
-1.319088164260551865
0.7729038801340252229
0.9329062513849224469
-0.3886738311675661528
-0.5338652276545732267
0.2698830733151797445
-0.164729495953468974
-0.3824460334923149296
1.055106009921038979
2.400315001906466073
0
0
0
0
0
0
0.5586089529436122358
1.565802414221438843
0.7151377097700002405
1.596796382276324699
-0.2454263547822060909
-1.967862464529856581
0.715751663702439811
1.560982763848873356
1.502360194790661518
1.548342709386645755
-0.9892834037859494778
-1.593007151260388055
-0.7665500074709185041
1.42451771906029534
1.354783431954462047
-0.3343839491863546121
-1.47849371576200328
-0.571830715827358449
1.934672523536945743
1.51794179843162258
0.8414220743610636433
0
-0.9214293992213823392
-1.865049004604317329
-2.20720597175263622
1.210275797492976535
-1.47044838885748641
0.7367575828952982464
-0.9156664017269099398
-1.787513218818903793
-0.4886343117749994969
0.09478467277469762586
-0.008972711264798677311
0.2256213225520112831
0.07303884956887141122
0.09524943868027885285
0.03799262597764107435
0.2121031768617467061
1.240612148864802977
-0.8891891580921125193
1.19907655508444333
-0.9038048688165952749
-0.04153559378041001005
1.339486287485414318
-0.3514870083833124825
0.8596655466574424365
-0.4072819321801078307
-0.01461571072448013958
-0.2426427725454894102
0.291043716956600973
-0.381568749936873175
-0.6726674760668237552
-1.174427434016598992
0.4978643990312591194
0.8174510570514836871
-1.267861821045211057
-0.7928586840829811022
0.8794331489714740657
-1.707541023665897661
-1.33225955690476372
-0.2417720865736825431
0.6572981049799727638
-1.477079634774598471
-0.5662126108647361766
0.06198209192196527106
0.5431562437112769093
-0.08285096934241943656
1.026517885235602501
0.8880404070962442109
-0.3781600843209730889
-1.938937544215013853
1.109368854577190255
-1.85608657487201345
-1.645675844358868822
-0.8703799590700721511
-0.2482455312549515236
0.2479032745587629039
0.8207010970648107584
0.1723672055229883704
0.8060850898717384361
-1.054215112185804326
-0.5457275240913737058
0.513517611073981195
0.342021240247452285
0.9285775495999505358
-0.7851146252833594019
0.1994187651829997798
0.06062937760200708126
0.8477092187095413012
-1.080017728586032399
-0.07057779925213220062
1.101099926236608795
0.1845988070746594212
1.180360756759258001
-1.686657493346876313
-1.643534405652635311
-0.2717200469120692463
0.6977101476802916036
0.3693173848836139861
-1.216378889843559907
-0.9545087009027460878
-1.336364014616333584
-1.027430390097483714
0.0417706557879731627
-0.4725320102387663979
0.5548983798589509631
-0.7985598963119380223
-0.5143026660271819983
-0.9551048804409274506
0.9515882597351086325
0.2337923776432117851
-0.6344060455558818701
0.5208875670958289517
-0.008815262888559686691
-0.630728749211623585
0.3049444202906836376
-0.2635544074802794179
-0.2979193082014170435
-0.5788260035829847494
-0.4751784691608119116
1.391039179178706453
1.031823186730986164
0
0.9702545969322077246
1.090544489708707099
0
0
1.007193461277826607
0
0
-0.8040353077258184378
0.03099396805488701875
0
0.8816586725063232377
0.8325910456842476881
-1.705035067488405387
-2.683000174299858376
-0.04906762682204422743
-0.05862256905819493435
-0.01264005446226933692
0.9694301945924918007
-0.94465884293166269
-2.268910202261518183
0.2870056969932698876
0.6555501841368828186
0.9956220143669728406
1.12691179114688933
-1.592751964321139413
-1.662486251426664507
-0.4167307251053231631
-1.093250449175851013
0.538920520746345888
0.9556512458516702724
-0.7830840157920253564
0.8399060941537636049
-1.879757661314452433
-1.762851473582415673
0.4884281958495418352
1.410658395530188347
-0.3946880849211448217
-1.610831629629791983
-1.163995788773065199
-0.1301471032699176023
0.3716859976994533743
0.453271881279869171
-0.2506357745619799959
-0.5574551708200288225
-1.400006778165525878
0.1451000425583113262
0.2345940338167942785
0.2382713301610110135
0.1042221499450893263
0.3926662214555847741
0.1646391596346098163
-0.04087789261321170958
0.003677296344228342482
0.3708516380756446407
-0.01351814569028726536
1.381021881265644735
-0.4798207408277108676
0.4967804535474503735
1.211152555039848311
-0.812470088839887028
0.9766011943767004544
0.2113047308788983392
0.09913822632988170125
-0.7652964634988868031
-0.8644346898298532755
-1.043410039218899632
0.0780501247291604805
1.105835304932121677
-0.1789753493895101522
0.8324561942018796623
-0.3760307880799336755
-0.4039867663412387566
0.1576557014220877351
0.3550281228189017813
-0.1916873690502101935
-0.6748004927795875352
-0.4774280713827812606
0.6638115444378281937
-0.4992697199551330289
0.4750031369607451981
-1.096159143430262661
-0.1265755771206767133
0.9742728569140467476
-1.122075538554325957
0.1437732579455476833
1.646396133443645882
0.7558288037130449499
-0.4342734267429054218
0.6876577005455690728
-1.720600001555532499
-0.2549063846861571725
-0.8905673297326069937
0.375281466764376237
-0.9587384328967490932
0.2304613888879355477
1.265848796498428408
-1.010735188400475382
-0.7821185304971576269
0.8990701915494525576
-1.235307548195838878
-0.1384774781403898813
0.3400718302296610873
-1.266200491417893703
-2.318036435563286091
0.1312897767795716542
1.268713990389098489
0.2168780462442783941
-0.2920634695060622676
-1.011397397301755152
-1.472289334895942048
-1.051835944145106172
-1.560777459894600705
0.5727978225027676729
-0.7936307986480722887
-0.01461600719677077359
1.171677725489422617
-0.1757449710869401494
-1.572956606401314295
0.07926083052368863846
0.9957619496835590223
-1.871256300420511609
-0.3283927627962399676
-0.8527112445131730389
-1.323826085785741791
-1.68792293166509566
-0.4408022144138368792
-0.7360538062378375601
1.188897258083975395
0.6166118136242902947
0.2240664112993661639
-0.3444324164717605941
0.0150572261594872428
-0.3871226133312147266
-0.3925454023248458046
-0.6015545874647172386
-0.6268928648272013016
0.2332864336630691149
-1.344688746919192379
1.206730274173875905
-0.529702829984354806
-0.2159431468052205039
-0.6219134863230481036
-0.2809066953815702039
1.329742494932394603
1.211159478198545303
-0.3423330217697562183
0.1036475344221672173
-0.3632530477054980445
-1.631690707563107301
-1.511400814786612035
0.8080004165488803292
1.313731270831301368
1.415611833656094776
0.09601422864572033145
-1.694412147725495865
-1.324251359329715383
-0.4570285324151299733
-0.1934539127472577058
0.006824687557093348303
0.2635746196678722675
-0.9752072721973983338
1.374575162253705463
1.333918493366759828
-0.06845255633675823015
-0.6257764338872396914
0.351886533612574437
-0.04065666888698628301
0.4406906580266494178
-1.193352478547246243
-1.443027718590355502
1.245818067452365563
1.362724255184518452
-0.750530367435278789
0.4191046498016020028
-1.323099747551179872
0.9222301996804533886
-1.652423984622434672
0.5834189845497425031
-1.269859674895550183
-0.2238340685679762188
0.08158588358044550903
-0.7112700672117222567
-0.6223217722614591274
-0.02795597826130831118
-0.2055170522478016737
0.533686489502055883
-0.1997716630978463026
-0.1775610739864694199
0.2122993972909961169
0.02221058911139087155
-0.03504622359121866565
-0.04202503567396527473
0.2570970886709966763
-0.07857223290033801821
-0.1489582399659998835
0.1687257984797275179
0.3820296732752075375
-0.1341339659694802955
0.03997658491465151676
0.3816561718212014287
0.3095136031926061237
-0.1411127780522334341
-0.02615571837871731586
0.1741105508841222782
-0.006978812082752374434
1.535594894203860195
0.6555368107102794717
-0.9740126426802445669
-0.08737681212303861911
-1.292104194503914005
-0.6235489212084135424
-0.8352116871514656538
1.093690909026743041
-0.08908157307257480451
-1.018714477226614346
-0.9194778154351839206
-0.3640968458798110596
-0.568498827771044879
-0.3843697837659420524
-0.04269019685941818215
0.3416795869065339941
-0.7177958820919440042
0.1202898927764993464
2.439691124111983633
1.3958317133663809
0
1.607415043432332435
-1.043859410745594074
1.781260566242870436
0.5057308542823881758
0
0
0
-0.2681198636180385786
0
0
1.272021895327176022
-0.3036459882774648067
0
-0.2938563939211514264
-0.03552612465942681791
0
0
-1.722436109747650601
-0.982031959754438466
-1.634043136573758437
-0.2496752400429342045
-2.305702652889414672
-0.5482789962283931562
-1.987156639003580194
-0.5573238775499930187
0.1169061877320947962
-0.06973428710567919353
-1.996348434887649237
-0.9436196053829256636
-0.4874359986437641346
1.547686092781678902
-0.5816344734205444178
0.6754860704651103331
1.175789183240278035
0.5119953756690690527
0.6009436706192767819
-0.02967760449820585136
-0.8722000223165702337
-0.3718969095414186299
1.75742365666084055
-0.5917980771768213133
0.5519568689222353886
-1.151466273995076506
-0.1634906947960289014
0.9634074890789618983
0.08894829495023737209
1.126898183874983417
-0.3068193962580831324
-0.6306212751174484765
-0.914207634889734555
0.0523755130418861875
-0.4943399788272844209
1.229566029425221085
-0.4795389727947194647
0.07548410143101332015
0.7440393747268846392
-1.182772482097975475
2.825119976988462511
-2.61391071211773518
-2.512030149292948877
1.518318528097510445
1.308520366560097736
1.819578986097980522
1.941337958300956235
0.6904659999975238938
-1.25087195830340403
0.6289115421027670072
1.0366122357264278
-0.6073882386315871962
-0.8425516073456394972
1.143754946098864966
0.8601685863263860421
-0.559668196817993735
0.04019436049755709117
-0.1021022870553929124
-0.2835863597723524143
-0.5467154918691212728
1.177190516383995078
1.141239615820204056
0.01480100603255076787
1.356189580364577818
-0.03595090056447173416
0.7935590772223322098
-0.485526654697676141
-1.392140480929207058
1.121460163949656863
-0.5626305031412940361
0.5213611482202651359
0.101880562824789786
0.1247934633040033992
0.2534146769278514677
0.5324941569275981612
1.183829010020914563
1.03694339314202244
-0.1451052075036785571
-0.9622708733814906434
0.4822939912143560659
-0.6000990157287725557
1.121931127287288055
-1.286326574811440748
-1.082393006943389357
0.6501423794171070636
1.189199821782567446
0.6620714487918669677
1.465693616869357951
-0.8800580834945727071
0.2039335678674716879
-0.6404457533532290636
-1.622971706326572727
0.53905744236253339
0.6337178843525572702
0.8036221680774736642
0.8365139952956651692
1.032238825981730335
-0.5059757232333815802
-1.21669225302752948
-1.302517202144700237
0.2286166579036808533
1.083991651361464692
-1.279085731919286317
0.1286212136238046588
0.407700693623640753
-0.5237078931837577667
0.9304143330930013667
-0.652329106807518988
0.7852229366059632065
-0.677599364431297424
-0.2878727905564618661
0.7929466316335859188
-1.283458728263982884
-0.9955859377070431782
0.06893576673763231188
-1.028455001457950768
0.04312308769509351492
1.071578089154741065
0.4508055552272002831
-1.372133219365218704
-1.384539791009819165
-0.379590687132608462
-0.6207725339289721367
0.9751408150609298664
-1.141610742014406821
0.05331653125148044792
-1.023629544720869866
-0.3667778512405570068
-0.8303962423609375643
-0.01240657164515894355
-0.677902493584393584
-2.019821159884821693
-0.3717908649523886111
0.9925425322337388945
-0.5679186412099943571
-0.6654959219387462932
-1.587320205748673718
-1.577975180581616454
-1.019401564538524596
0.9734438405114607118
-0.9218242838095918046
-1.341918666300957463
-0.6363536572242228795
0.5585736160424468189
1.194927273266029655
-1.005964776218847279
0.1179811972932044845
-0.2141044794360662251
0.6700827389066044137
-0.5634943029510947055
0.2550713324924109848
0.8841872183427579301
-0.4021798394907235008
-0.4743224081193485597
-0.3493898235151173814
-0.4997949840257870924
0.624150989485918517
0.4135955862262747362
-0.35220825949128165
1.281002682965652451
-0.914806390440021322
1.123945973511863095
-0.4150114064141462999
-0.07214256862860349284
-0.3356693215713317247
0.1249325846041999533
0.6568516934800271434
1.866217648339510982
-0.2177165375388400714
1.219835505874544035
1.744873638857143083
0.6236627732120247902
-0.3592159924476640565
0.6603869653236968951
-0.646382142464953513
1.171028433982758798
1.617864274839318828
0.7460174577472304946
-0.2317520594198417272
-1.214630825079689336
-0.77520625674415089
-1.333213841813600586
-0.9779651068114476598
-0.6037237474744725496
-1.906458722121617821
-1.57566788360464094
0.3307908385169453513
-0.6382329811102563921
-0.2952651111098903991
0.2583302692617239771
-0.7106935503654792097
0
0
-0.9690238196272031868
0.8949209941701626869
0.5037927428532027463
-0.3971917121172958698
-0.5510754877592047851
1.237888864170509917
-0.9663280249913851483
2.517184912711699862
1.077661530502437737
-3.128566842155292349
1.319228372932635729
-3.611858397153953959
-1.167299185437815856
-1.292112706287458446
0.3429678700003472858
0
0
0
0
0
0
0
0
0.508487588093806786
-1.68916738114063647
-0.7591728357993341447
0.210410730512257782
-0.7193339277953030297
-2.019392668230813204
0.9695835663108187674
-1.503029476267933484
-1.260219832431203502
0.8716803164218235311
1.327496408522596649
-1.15418213746687881
-1.357396669141207823
0.2855267931556091932
-0.2832905089362144357
0.1957248306867829801
0.2428096438371870336
-1.342489718528280029
-1.330719947411956205
1.289717637339083067
0.828825699745231792
-0.01034110309747395505
-1.12805460224639531
-0.8733358418750131191
1.183766090441635388
1.195535861556527024
-1.033541124007645973
0.04056503619739590394
-1.410995581706358415
0.4730495606485396465
-0.6663073683616805853
-0.4608919375937969853
-1.300058740436068394
-1.144109766575649889
-1.702161541620471397
1.46081444172215047
0.9666695385194166157
-0.6425528510732038123
-1.602296785010506097
-0.3939257090619979196
0.9027626666772792241
-0.4941449032028651933
0.9066629999347911584
-0.5580517750448631409
1.400807903137790023
-1.609222389592751767
0.8282385230219002636
-1.119717911533674393
-1.573529591249128945
-1.117713499148841994
0.01176977111555732418
-0.71071652979325739
0.4558160921005301458
-1.154970825358584641
-0.5725693801158616703
0.448574897364357128
0
-0.4673865642217733818
0
-1.742204397352781875
-0.2371011682345182947
-0.6262556021695590003
-0.9597439339370584799
0.4895044780590868116
0
0
-0.3891544339350407333
0.7266056462936291149
-1.041969615367218882
0.2547187603717089854
-1.947956434555595751
-0.9788363426499349096
0
0
-0.7267895413380588421
0.9562306061648799815
-1.452457134592125332
1.50779896966864313
-2.147672293205281413
0.8409766951364013865
-0.1838673823776180716
0
0.3677009811261537919
0.2520468013118750128
0.07076225734653401878
-0.06701741540523209473
-2.337925483410019822
0.5066764410360958815
0.9106455520949489069
1.42983276145307836
-0.841075306551547941
-1.018361052627398955
-1.211252979470015534
0.2406946899572153242
0.5941308057912082496
0.5110427150561311915
-1.224801197695779331
-1.49762549579987625
-2.40868774075667158
0.5515683635037733623
0.43591418368948881
-2.270908068004739988
0.9776629674999974817
-0.2106611499420262823
-0.4126371451557132586
-0.4035530767837017807
-1.325618657508475406
-0.8713419819139870404
0.1872254121590992415
-0.3701776729195019322
-0.7386162345344337021
-0.6952151586131232186
0
-1.889958170509733915
0
0.4137226588017400286
-1.324597526955352045
-0.2019759952132878233
-0.1928919268419787558
0.5998625573152128743
-0.9220655807254225511
-0.3684385616136091057
0.5536270191124623707
0.4542766755937507339
-1.112050010937060351
-0.854178406226800635
-0.72683731292176601
0.04340107592263307834
0
0
-0.6668222745323116873
0.5653606435543818698
0.8129073404617509491
-0.3190888912597145133
-0.1768916503728943379
-0.4465492985298585293
0.03434722457427842601
-1.131996231721465573
0.3358287132461055258
1.394396107318208733
-1.230497973284032875
1.252099459764393075
0.1738604839785494738
-1.323852688488119433
0.8017354733896507879
1.059607078100353483
-0.2161035440973677613
-1.537683626649783752
-1.684569243528617477
-0.03022156489798771481
0.3998662309057268716
-0.1554499499570905774
1.056176889972777921
0.1302085827487650116
0.824839035299133716
-0.1720052725177088626
-0.2863517939056856032
0.3534361158339929809
-1.738320185757091796
0
0
0
0
0
0
1.058567394072594814
-1.566326686530511658
-0.1422966475533979369
0.2578716047104812059
-0.09335471520434125703
-1.177841388737766115
-1.017839017486904529
-1.089828642998681651
0.6563106590670717555
-0.2696576481569642469
0.285658532705867052
0
0
-0.1309018439486077379
-0.4606317351859526288
-0.2313378546736003794
1.208371075948752038
0.4808965231041369415
-1.078238975785585918
-1.216143544708777391
-1.497713172466411002
-0.2815696277574267214
0.4468358408565543671
-1.402780493402516093
-1.121210865645169585
-1.084486673533464396
-0.87184681709198808
-1.521223714491389378
-0.9828787656597631761
-0.1185830167338914887
0.1600023712509523188
-1.30676910778862454
-0.5580075850694694584
-1.321580082552401336
-0.146885616878862979
0
-0.08308809073507707199
-0.4445169792714807611
-0.2032145316741500729
1.439708930622308536
-0.9968443078169278992
1.033847109710829937
0.2402173335679038124
0.6563926520122225217
0.04633041463337006505
-0.2974228781839443614
-0.01881453187903840349
1.074106160205172245
-0.7936297761427587583
-0.377454457698619239
1.296688375739258881
1.441909936761248678
1.080481048224844809
-0.9976605370662983141
-2.392767197442837279
-0.972589870255589406
0
-0.1143465213879639869
-0.2590318654469721538
-0.3297298912373418101
-0.3019356962035840697
-0.1446853440590273598
0.7446882133453340824
-0.2618854360013864735
-0.6100622373789100772
-0.3614288885364036474
-1.735843912751910523
-2.414499807016837529
-2.078141585291143123
0
0
0.04441672183272282054
-1.395106660376539187
0
0.2479676882627687706
0.2118419108420930563
-0.004782447877522859499
-0.1524852482047825697
0.05943117085655542919
-0.1169584721832548496
0.1754428061963639318
0.2210137793697657393
-0.1754269794666973858
-0.1077866036555396173
0.04557097317338838771
0.5550230742257081795
-0.350869785663047884
1.045694533192707443
0.9598695840765394394
-0.09366239581845704765
-1.100236045165951637
-0.9092921994513729622
-0.02265636889522270464
-0.0858249491162802608
-1.139356929010498565
-0.982525952972419514
0.6411549128600166902
0.04068088312088376235
0.2929781114822011534
-0.05077518133508110432
-0.147855634285329357
-1.006573649347068944
-0.6004740297392122672
0.1909438457152176083
-0.3481768013777857829
-0.03612577742065080366
0.7914178754545827532
-0.188536517406223264
0.8275436528752175835
0.5094521010522952142
-0.328800383025323828
0.8866358305566478526
-0.3180915518231114403
-0.3437532928172829516
0.6685552732959367805
0.1180273164322845902
0.1149570596735226824
0.04457105260788150197
-0.05177130791001274823
-0.07345626382441222679
0.06764037581118412246
-0.02168495591442085035
0.1044913915831095219
0.2959990825313293383
0.0838849076997106452
0.119411683721208986
-0.07038600706565070753
0.3176840384457385591
-1.319597605010374375
4.030348677390467316
-1.27800141792624955
1.731675917389556618
-0.9767409599256673403
1.248384362390618119
3.009677335315806612
0.3012604580004824006
-1.50197640911009711
-2.182395181354090496
-0.4199743231992310588
0.8451224121967194636
1.108372521281734358
0.0188678489114100234
-0.7905398667256681167
0.1805368031432993681
0.7340961213172565447
-1.470120767844604215
-0.1538837756419093872
0
0
-1.439523382209262126
0
0.2415668424302087613
1.42017732718724643
0.4039691110588967682
-0.4247369556098224419
-1.606785556255465597
1.229610723020746033
1.591005133177818331
1.781020847334040313
-0.7491763995971135737
-1.182048600645672076
1.654347678630551099
0.3465505371208308927
0.8576091566584844728
0.5110586195377859742
0
0
0.147239867543367875
0.3152373687920413392
-0.1082969723368110426
-0.1790653972587058773
0.2261664933558028556
-0.08981820858219101422
0.2147101717172638646
0.01168166601372659999
0.4631489427019861993
0.205624760169781845
0.05819277048538316899
-0.04991207971040238084
-0.2030285057035372542
0.02779419503375026024
-0.1565174012318787111
0.4514672766882598665
-0.2575241825322041045
0.1307692355364052372
0.4455543473243043229
0.06513571086843204794
-0.0961583608159781722
0.186493705028862311
0.002182108763243431875
-0.1059227414325367017
-0.1766911663544318833
-0.1612940716843944688
0.1213579941604221446
0.2786083463049386921
-0.09708045295027101229
-0.08053280553844933964
-0.1404376046698649905
-0.1477028003272775336
0.06421361873410488808
-0.5096448577193906093
0.09462336085608832881
-0.1948597459314982405
1.356163988983149604
1.024828612885119616
0.3452477117661998385
0.3882934180686036241
0.1679975012486827346
-0.2555368398801816099
0.6042682185754739699
-0.2202959168199013495
0.3147851117878983085
-0.5758172276098375564
-0.9183520145375974053
-0.6755312976901796107
0.6105315378904520029
0.4464965936471027574
1.363548071403853035
-0.8245641353953601094
1.26154062812715706
-0.3425347869277317048
1.022313821256866317
-0.08907087543622915771
0.4820293484676565487
-0.1843115962656269868
0.1572503521445492713
-0.1081048501957850988
-0.07076842492189955314
-0.05990479913142067458
0.08924718867650928422
-0.1524064834783162847
0.3127302062675787475
-0.003254495670396789775
-0.1390651952523330737
0.05244249569589045507
0.2986660264140104659
0.1491519878079251571
0.01334128822598025163
-0.007265195657423662717
-0.3159847019379847244
0.5711002239038845962
0.5382155292938519686
0.8139209407515176631
-0.01406417985356581482
0.1915076909482205658
-0.02060648388340139206
0.2133038747955121051
0.2462235307181230293
1.031869510238959009
0.03552677602151303737
0.5401074576976997443
-0.2392268068703947981
0.8005727366460505534
-0.331335376097934009
0.6397412937710200698
0.2428207168475140232
0.2757054114577848769
-0.5522797091474341835
0.7959644013215448899
0.233366270373148027
1.286062835580799479
0.5202589898636540422
-0.7658038457172513525
0.8674070967388229914
1.433435305758307798
0.7530165335135553528
0.8185656354434168724
1.0397995435166274
0.9170514777563650854
-1.450336657262220275
-0.3341189984189054663
-1.573084723022826203
1.122261299239418086
0.6281783072420109582
1.116217658842582727
-0.1227480657604443082
-0.160831442874970254
0.3701607883959693868
-0.8523914667607246365
-0.2569697863872755228
-1.34647445875798244
1.852475409025512665
-1.277049101717586899
1.456380297658108391
-0.7234897835433077296
0.8264571437894076
-0.3960951113673795154
0.9710766698689607956
-0.6795809011189315463
0.7856459795207489938
-0.5625981309485682536
0.5660282090198887062
1.648030294931726925
-0.6804187722445231845
1.082002085911434541
2.201263030264998921
1.265096735396054939
1.364333397186230812
0.09923666179027887391
0.2632501090846622871
0.5535593181738401869
-1.222552255156796663
-0.4940829919973744877
-0.483291554998771189
0.5514101243129189145
1.338676276737921222
0.1900157141571870711
-2.340181532775421847
-0.1150562104595060364
3.123317094916068903
2.329503001256271411
-1.148660562579795208
0.07072606852843910108
0.8409644573753630725
3.925338882958170572
1.784640818177586574
1.219386631107262309
0.7702383888456615368
3.084374425581749346
2.988648988341664037
-0.09572543723981356834
-0.4479846000709086784
1.409281778951012143
0.73062588468611811
1.136457480846915002
-2.140698064780745646
1.232182918086710988
1.178610484757035781
-1.692713464709916238
-2.486527558370427382
-0.6786558942649270065
-0.2728242981040969184
-1.089504672370474658
2.225125322316183318
2.444559211715987335
-0.7938140936601544295
0.461124305328006967
0
0
-0.533031349897293838
0
0
0
0.118100533465127
0
0
0
0.1196481548067104689
0
0
0
0.1315550168294502553
0
0
0
0.1556092818212970741
0
0
0
0.04075078140544644012
0
0
0
0.2534910473240026829
0
0
0
0
-0.465173452188783032
3.89521749304623599
0
0
0
0
-0.2082399063413463147
0
-0.1497626238668005594
0
1.209621830605486448
-0.02922769083832643319
0
0
0
0
0
-0.1141520521546036532
0
0
-0.1225430839020028029
0
0
-0.1282006817768892581
0
0
-0.191809835603886647
0
0
0.1627903808150915344
0
0
0
0
0
0
1.083041386373428949
1.584624920169266815
0.2094826967804684359
-1.405505930913679702
0.5015835337958437501
2.426971088403307775
0.7964275003510103978
-1.076349433277214107
1.845939725403874743
2.201933431264685215
-1.165277451616318682
2.488419414019352072
2.92228915868108885
-1.029398711219821294
3.697902561063687532
3.653696865635609914
-1.017560006201074563
4.72730127228350927
3.4093527855087844
-0.8194500767797036067
4.344625805002308105
4.426912791709858297
-0.1315726031588239642
5.164075881782012267
3.648007865593466459
3.779580468751752242
3.02714853774071635
0.7117958741242028653
1.260377546526100678
2.462628422642060055
-0.1223924830978460054
1.467749298785810064
1.916748626897787355
1.750832548517857301
-0.06476707029763816015
1.590141781883656069
2.622515636604537903
0.6463612872249732133
-0.2572749801059597274
1.37415496938958448
1.82268233140584357
0.7111283575226112763
-0.4820032587417359959
1.631429949495544207
1.555834567609825303
0.432811517423844494
0.930360469847443472
2.037837826351561521
1.359384454472287063
0.497548952423598978
-0.6654207050078911889
4.360390945235018911
0.5606311671697181698
4.921616563361015828
5.025811650242910211
4.360985396191296992
4.47218255958274824
-1.137186206965822288
-1.374944846790580488
-0.1235088475054254287
1.666775280610651055
0
1.831428211833713737
-0.2377586398247575061
0
-0.8218354040202295874
0
0
0.1111971633914514423
-0.09934508868382910252
0.1041950868818937448
0.6711895543584741608
-0.2105422520752804616
-1.144313755704409186
-3.908692277885987831
-5.42476029407381688
-6.177192225085549104
2.549721223179754581
1.018220836257044626
-0.2475876533634215892
-1.903053893636730276
0
-1.414039304237871608
-0.2131137598351278972
1.768861030542710155
-0.752484432237191081
0.1330234381484828032
-0.8185958087958078444
-0.01522141434755663533
-2.576078166316693618
-1.997263264643951208
1.769626166094405262
2.025923395351668432
2.454112969168084746
1.202250876115959377
-1.445665986723454921
-1.482406576466354986
1.867900636084818711
0.7659340845169223533
-1.372213019144281176
-0.6037004229007362222
-1.348271133566625535
-1.537471926529871302
0.7509109843370487258
2.002346983622207865
0.377312400902918732
1.849990036121444748
-0.933771503629129529
1.35461140723777973
0.7705346430423037907
-0.1892007929632454066
0.01349394097038143954
1.72558353446957935
1.251435999285158029
-0.5840767641954726086
1.712089593499211526
-2.466728672678759171
0.4489671979713177885
1.765966389455728702
0.9191289419943943217
-0.5117916133395361555
-0.1523569475008262064
2.91569587065009328
1.95493705933914752
0
0
0
0
0.5669944674765804438
-1.516068016188353074
0.08228698670742125298
3.66110462452308516
3.589471202200631872
-0.7524319310113840586
7.195413061342158301
-1.531500386922225232
2.379396204032965478
0.9658704444791712529
-4.452775116816845902
-4.459771260284445482
0.4282403422348676214
-3.585620249765077983
6.563663708022493992
-0.9495409621128457767
6.547516054525045703
-2.515769302278275887
-2.066769974166298596
-1.483395447557394276
0.935831991898286808
0
0
-2.074825967941632765
0.8342788235040285993
4.739030157637200702
-2.390227767611476484
2.128426667917580506
-0.7298060124590726172
-1.5039279322898913
-1.05540057027363221
1.894767084859112716
-1.554534337944435407
0.3623751319233157187
0.1372847273381738176
-0.0842553238901836421
2.101187725106480109
-2.017516532031978116
2.473534035920333718
-1.194602825829585768
0.4914921856239802267
-1.397993917657401219
-2.044037122343161261
-0.4231460314230693354
0.6608983499064504663
-1.671690811529386256
0.3694539981695413866
2.26975682160883796
-1.439129138342397418
1.793545975983775298
0.005751670030540856696
-1.281645896124036454
0.9299541751163370451
1.472677635218561099
3.068052818151019601
1.316999191484440335
1.444880808372972059
0.1574832422183623237
-0.8468374474613049596
1.179407609217385078
-0.8618355020486879736
0
0
0.06219807033379186334
-2.04124311126607294
-0.9337657547619552245
1.168400819993246076
0
0
-2.36585817899214268
0.5874475005831518715
1.36250619905710546
0.8201987257135661125
-0.1766224502724121348
-0.9224557600722192996
3.910896590954856755
-1.413525759554153716
-5.462250462630500181
-4.703524113711719856
-5.425641704763973117
-3.779944666580113743
-4.013860591999897309
6.135423365787543659
-3.528669214670708598
6.894149714706776066
-0.6741544741475995473
0.4851913773292160226
1.43515374324964462
2.636079287652388192
-0.4220329799730332954
1.159345851476815792
-1.251862093052125147
0.2521214941745663074
0.7587263489191188315
-0.01614765349769842206
1.682305796050023838
0.4489993281119771806
1.032373854720881612
3.002601966064585515
-0.1659160783799299987
1.338067508846761511
0
0
0
0
0
-1.976154349379564579
0
0.8377078365014249961
2.763095391108737253
-3.995520954831510707
-0.537434386887126303
-1.682586578074617645
1.687647099561088826
-4.003651187816196888
0.9203684432100289747
0.4485273620162589792
-0.07559538188571808537
1.866303064213206797
-0.9959638250957471017
1.106202749659454199
0.9459346210031779334
0
-1.111553973883232294
0
-1.757482357520928629
2.588221974890256405
2.525192586382156268
2.185443048996448479
-1.93326120814180924
2.060829849262569624
-2.026010735323286571
1.620891090920062005
0.3723463108138874711
-0.1246131997338697089
-1.787794305953326113
-0.8635918008673464374
-0.09274952718146244057
0.6195226143745674596
1.084044381329362983
-1.745504290653685953
1.363059101765193182
-1.437748199223933598
-1.158733478788062321
1.677611715326074115
1.489837335491819514
0.1711102724781455864
0.2790147204358234267
1.608858471702233617
1.695044778771958249
-0.7417614441707773842
2.211600071240371168
-1.004320689679712997
0.07345296757919178576
-2.599894176236689169
-2.435241245013618272
1.107477356504118049
-1.317948486774435546
-0.04420569542835416088
2.189235728719449714
1.443402418920202157
-0.8116643274479126147
-2.467130567720498213
0.5802166120533494009
0.6558308995576209721
-0.8832977497711840265
0.05271275895966687219
-2.367694279614635633
-1.933824534953245244
-1.577830829092541354
0.8625683205206003956
-1.022735532588010532
0.1938651780863660246
-0.8800861652656537526
2.589689334286345179
-0.5174104003155695075
1.89024492331536953
1.187574117572598009
-2.750270941821339576
0.08508365518463741062
-3.910047606363904027
0.1926522660048541058
-1.664534457217823782
0
1.200925544402743572
-1.857186723222677971
1.981974790377774465
7.497057016638340343
5.264196475132762565
3.282221684756446489
2.122445020216022549
-0.8849865628624766778
-1.635837592394227658
1.503983587226691565
1.925387554607472129
-1.375142223388792662
-1.63054358805228361
-1.075448291547570934
3.458086567944908651
-3.017296685343331841
-4.495505775453566777
-0.008130232985210643359
-0.7050208544279105149
0
0.1101935573220733933
-0.1602681286562762653
0.8152144117499834364
0
-1.858132732065925552
-1.101966551567896246
0
1.691819065282602619
0.5845389555017919125
-1.982041850296333729
2.041144809699039886
1.686505507069667509
1.483114415241858941
2.836345194114123114
1.290434710276156416
-0.1877743798342675907
-1.478209090110356172
-2.146036476426586237
0.1437492402498974364
1.804170995403530764
-1.721370759073084455
2.341339066041224104
-1.318727063013731549
0.4246657173535013929
4.4873755424681665
-1.430920555333916377
3.507184215493547974
0.4338697446615634723
1.48760811434877982
0.3559937058607791083
-1.655466240272946976
-0.07163342232297233159
3.047347179773499892
-0.006996143467249471559
-0.6994444109706444701
-3.054343323240416908
-1.402115216714044932
0.07561428750390983278
1.704984517888465279
1.698453449547356664
-2.232860541505944152
0
0
0.1646529312230666786
-1.107280109780761412
0.5788149016727578422
0.7750586984742230401
0.2327512251301444846
-1.805161268130581309
-1.564013780910713747
1.652228106526039131
1.645697038184211092
-0.006531068341474349781
-1.159776664541751101
1.68609501145354268
-0.2033910918278637459
-1.53912864932916138
2.569350202256615034
-1.425781059292190678
-3.286606382515804281
-1.942422679638310612
2.810497689476730621
-1.796765006040720536
-0.6687031424344553887
-1.742654485786033547
-3.995131261548358292
0.2411474872196681662
-1.860825323222520256
-3.007431583078683524
2.620118669026990865
1.47351240916949533
1.055197580462070572
-0.6388803872328558953
-1.240457565976643473
-0.3786886525049014685
-1.146606259857070986
-1.564921088565486951
1.344183702878586795
-1.852201061674386473
-0.7508510295318233663
2.909104791444950155
-0.3154017996692837222
-1.694077967695052367
-2.268403340133917645
3.904751334132313456
4.752920369115591903
0.848169034983796144
-2.61060348972000833
0.7596301879154572223
1.976230898589960372
1.924168067472347143
-2.46226859688875388
1.322590888728538028
-2.205971367631379909
1.349842695033651507
1.660421755153020262
-1.86511999932298167
-1.953001540464798458
-0.6015771787438038976
-0.5743253724387010761
1.128061863606214521
-2.858232680377452262
3.370233677635586123
-2.321064609741325668
0.5371680706370801639
1.216600710674482722
3.784859485617305452
-0.06302938850810059501
0.2562972292573273414
-0.4543443297367639744
-3.847888874125406478
0.8617689134717371191
-3.393544544388642503
1.316113243208501205
0
0.2158421617568643536
1.101350032142537572
0.8855078703856734679
1.900302823439437905
3.555814062665004549
1.74339278036728329
1.655511239225511799
-0.08788154114183213683
