      3.19034956755994
     7.751694534257259
    -6.382378062858491
    -4.464104311470825
    0.7845090250117821
    -3.477204635059683
     7.196558947615512
     -6.96321752107167
     12.62802682601886
     -2.01939863498378
     6.916115755664035
     4.881977111687776
    -6.780818224985845
    0.9693350773520515
    -4.271225013864907
    -5.726128840443375
    -6.317525014567707
    -5.978344386463069
     5.049479654056398
     4.117030853298131
    -6.148346754298686
     7.331333057839558
    -7.524045362071736
    0.9189391130401855
    -4.528147164970983
      5.79448980285882
     -7.49840042171321
     4.187688219132538
     4.674882767316864
    -1.203759363561589
     7.492811649880947
      3.93723687783832
    -2.577717714133188
    -3.820787173782892
     -11.2450009749314
      3.61568360735707
     6.537050178964085
    -8.709561591991829
    0.5267130669234641
     4.225947308234925
    -5.556543119904251
     4.289286713556702
      -4.1205312946026
    -1.100695581958174
    -8.849394284095974
     10.02099542102316
    -1.654194043571375
    -10.92425495610776
    0.5123928616311288
      7.26733492532013
    -10.49124510765452
     5.256871731056009
     12.28736817244203
    -2.070769135043613
    -10.89684157224039
    -7.400342425186244
     7.976872739562411
    -4.081766674093716
    -7.526066658110571
     5.427313571999621
    -8.703363035283926
     10.18008322152536
     1.990031835937558
     -6.25070594964086
     9.623730881849681
     2.546375378883875
     6.832030516089906
    -8.039713415796754
     4.891484772918348
     9.976724545104179
     8.771070073037292
    -9.277278315415066
    -5.353591874888203
    -2.311761767077714
   -0.9812314024074387
    -6.864757465947291
     2.925261740201388
     8.206953566693379
      11.2192311254435
    -6.510230490096269
     4.953408811120077
    -4.077704260025014
      2.62219890607032
    -5.275701765499376
     1.925383507674151
     -6.63228534230902
    -4.400869145556708
     5.856792370115548
     2.140506410897662
     8.979764906307906
     11.53172972214849
    -5.543678910072339
     -4.60757800272639
     5.785109333771811
     3.911923070894996
     5.916687420936864
    -10.12338408139923
     12.00245226438179
    -5.914197817299089
    -1.377682172337116
    -6.569057077038062
     -9.50364977233318
     8.103316782090982
     2.046420313864136
    -9.085310124474644
     8.606755851888336
    -6.314169947468891
   -0.4259189833353019
     8.956309654859478
    -4.745259146589836
     4.689099369975045
     2.110313535942804
    -2.167946633097084
    -6.637615160638155
     4.935078891934081
    -5.570463752800391
     4.593529942719597
     12.40736399730779
     -9.33155942715109
    -5.396096758512796
     3.530462828123134
    -7.033062230028103
     3.954355984506749
     -6.30680319405939
     1.728002572011575
     11.32172538799096
     8.537255605275368
    -5.209976101138198
     4.617979998432881
    -10.94063356243163
     6.969063026740876
    -7.900507350109685
    -6.851109772501213
    -7.111616707056761
    0.9574867295014854
     4.614602908152452
     4.918815467534966
    -4.031006070734808
     3.714796681219127
    -7.469611116124497
     7.057075583596035
    -2.373919982836395
    -2.207328483981624
    -3.281029507527179
     9.208101815436819
     10.76484947382033
    -8.175128873724439
     4.778385597849183
     10.07816875034601
    -7.887583074649285
    0.7318662684979419
    -1.009244605570904
     5.248917431090669
     5.707465455802293
    -7.901002342153006
     2.866723140758937
     11.27338402290157
       5.3989746258181
     11.57664597456628
    -7.686384509676921
    -3.119415333749465
    0.5573749786176375
    -7.037601465309733
    -4.429061047027199
     9.334993425832593
     8.818340733449897
     3.711311237854402
    -10.92427961202171
    -3.930237294728718
      5.67964862947399
     -2.60419187043287
    -6.599921725977534
    -11.20146826055273
     10.79189440914478
     2.395289610756113
    -4.546127295140026
    -5.631420565899613
     7.504377498457441
    -9.020745400529123
     -3.66098346370498
     3.205689992941525
     6.999215286571651
     8.936354806484918
    -10.15543544121226
    -2.739734955517477
    -9.439898156848185
      6.92796601299706
     -3.98143081307025
    -0.182285053530351
    0.4408281880059945
    -8.622776138177596
    -4.388564767276076
     10.41506627946238
     13.38083009123339
     5.976483395485353
    -10.27193321807473
    0.6622479463059739
     10.72800236069573
    -6.797472951223373
    -1.254583727120206
    -2.367772191911832
     5.871147664597895
    -11.33435451589894
     4.455261318567991
     7.874477249783952
     9.494930149185318
     1.279944409840484
    -4.611778003586403
    -4.102150277790731
     9.592192316065354
     4.956242130207452
     5.413162156897718
    -4.447527591393081
    -6.666552594979097
     -7.54786236926719
    -6.857888987544692
    -1.181109479677291
     2.683771275073258
    -11.10812339280081
     9.082948534024816
     4.564230209356074
     4.819186016160511
    -7.178691341134696
    -9.791347741120362
      8.34592001408225
     8.728028007282933
     2.887477831256666
    -5.707774817313966
    0.4580556883542976
    -8.392054762981177
      -1.4955920299849
     7.106307493807215
     1.775297899774711
     6.870753122737363
    -6.862570118672698
     5.672106364397731
    -9.967438556290585
     9.777098311140993
    -2.986913855017001
    -8.783346037856923
    0.2772755922577353
     4.784946636839815
    -9.997460460038663
    -2.557024851048811
     -9.93132326725625
    -3.343998698938905
    -7.676262046097808
     4.092174188782828
    -6.735998969094091
   -0.3005247609637137
     6.791518162763724
     4.174432841395857
    -4.403975355255336
    -5.774548938128224
     8.573786895508443
     4.443349098017253
     -3.32242038507248
    -5.948754029957467
     2.533140842011153
    -3.987134201697653
    -8.985064175514417
     -1.32421295381256
     7.576875326391656
    -8.069590360610565
      -2.5273259132817
     8.764643745542028
    -6.280281246835779
     -9.72088907482669
    0.8290843384513965
     3.761436866723579
    -5.638863079405936
   -0.5857564491587418
     6.285292102403649
     1.514808898263129
    -4.596743239256272
    -8.795694900635766
    -2.541807013453471
    0.3997397441230599
     5.566293264134146
      9.05198369198984
    -8.227327933431374
     8.063808995192478
     -6.85670290251166
     1.271701694367581
      4.56384942524429
    -5.502010969344276
   -0.3666348868415183
      7.74641674394953
    -5.647338201008578
     3.763819103863234
   -0.9318978793000354
    -7.048426739202429
     7.914593893074042
     1.151108119762638
     5.493702126497324
     8.827377373899143
    -7.278525426892562
    -4.093139369269129
    -11.38860439641378
   0.06347903101960617
     7.400504611747523
    -7.638112723337651
   -0.2382050050463502
     7.588450366635501
    -11.36472606416631
     4.642413161754261
     3.827194020130743
    -5.821874630880002
    -1.535353182622873
     9.991708168081772
    -1.307137934604808
    -7.054785600476592
     3.962421566602688
    -10.88803399115698
    -1.400487759509591
    0.4110977573020176
    -5.506626696797141
     3.200262940532197
    -3.867153071481365
    -7.395040466387409
     5.056292662584952
      6.90515875694525
       2.2832349837519
     3.326336951088195
    -7.143505744922897
     8.193216713159893
     -4.23549659825811
    -10.81525180388338
    -3.742951884073478
     1.132686638230624
     5.379364154759888
      6.01432573100206
     9.690906341918382
     3.011823488114722
     4.243543690720259
    -9.769491972563927
    -2.688910443126897
    -7.831469786285585
     5.411171599676498
    -5.229337655385374
     6.380213844829994
     6.594899477466274
  -0.05549432440614296
    -6.060166655806374
    -2.892083431264342
     8.455394292843202
     1.078664973522149
    -9.525811208948431
    -5.683564530401588
     8.797464835522405
    -3.757072257618411
     1.281382518593729
    -6.856313480411048
     6.393536364444879
    -0.473430392827179
    -5.791167300628033
    -6.122935236555648
    -1.619518336103743
     7.275103344811271
     3.481734504749546
   -0.2220174045281141
      8.29701919137811
     10.50085157594923
     -12.4597026047469
     3.308593716679136
     1.555823391849208
    -4.730025056549119
      10.2737697860953
     4.879970694604275
    -3.191148495989698
    -10.13569193147057
    -9.689635879130215
     7.690637050493386
    -2.732137677633595
     5.156952097833106
    -3.648056627554594
    -2.587943836697538
     10.24582386630628
     5.401873363809246
    -10.84936664162712
     8.250797816595904
    -7.426200103068988
     4.209549494347634
    -3.799449862747675
    -6.016320982905457
     9.196261264577762
    -5.873180836065513
     1.370997293914986
     4.054966325380062
     6.072584754249595
    0.9150650295052906
   -0.7542398111649439
     -14.4738088457389
    -6.973280582273072
    -7.518471630420915
     9.163335633521797
    -2.431230338310544
     11.57857298948695
    -6.193845931463006
    -9.705581832761169
     2.367412183417491
     3.414832689020566
     3.781665268762226
      11.2276315065292
    -7.140806425313261
   -0.1785731234769222
    -5.265912576605663
    -3.440389662727039
    -1.172359813548476
    -8.760740475640343
    -3.378996997710504
    -9.141078215572151
      8.86878850779828
     5.466872113330444
     5.245561904472995
    -2.466984802183196
     9.989225863961783
    -10.54229762275521
     5.880923071948155
    -7.588365909382103
     6.392781331457829
     3.522458462069586
    -2.436611981508566
    -5.103352389765681
    -5.087671153981572
     7.315369529138774
    -3.096714558470709
    -7.262707393099855
     10.32286926027263
     4.238007721184315
    -4.353333233619366
    -2.151822884243015
    -12.47060465076578
     2.930480853906576
    -10.41843988792684
    -10.78481587674359
       8.0622308435818
    -7.459222252272351
    -7.826698734669511
    0.4779110821826034
     12.48773585346419
     6.827194740890677
    -1.569442464185734
    0.9809645413201277
    -3.010947938072161
    -6.021038068274931
    -3.103904601396232
    -6.973771335778534
     6.586250970593677
    -2.665004865240821
    -11.73720868312639
    0.8892287182062351
      5.08354445167204
     10.58830891572812
    -7.605006771053638
    -1.961044214954825
      5.09315805940126
    -5.802653805948487
    -7.097876764609897
     8.286717048247388
     5.315172474571028
     -1.44048610177597
     -7.51659670440762
     7.088724901077718
     1.261318067686846
    -6.320660399534737
     6.704951021034018
   -0.7216895145808067
    -5.502378095149252
     4.778278857634723
      4.92035623961354
     7.839628724737622
    -8.047952569641382
    -4.004152577742534
    -1.015741077672157
    -11.72503545251467
    -4.802727450937279
     5.969560867448441
     -6.82501814284296
     5.097848926855556
     1.019893148898844
     5.803939687170162
     9.112527053203575
   -0.7919315748942128
     -10.4870518489861
    -8.774364710959373
     0.213856961435859
    -6.386179618305849
     2.688632681745529
    -2.138140311551467
    -2.019945195332606
     5.959259727304126
     8.206151317795864
     2.880530251440341
    -3.418097825310562
     5.393019345977806
     12.63666121688438
     4.465804111419123
    -5.043849982692905
   -0.5328262175731707
     4.090026441511566
    -0.809941355768201
       5.7983959221467
    -6.705826050054069
    -7.998695098012601
    -5.031480176251546
    -11.15569478598294
    -2.759859338241589
     7.419319725853494
     4.463864382467387
    -5.992761809322552
     4.869556762327681
      4.03746195502718
    -2.598710109675505
     6.556076593032488
    -9.248855717707562
     5.809490850495015
    0.9357107418210651
      6.45914738797283
    -4.327313100476408
     7.009600045222601
    -7.330300963945883
     3.918435038663732
    0.2451817529743046
    0.2640877504338955
     8.018556343244395
     5.936833437313942
    -9.075955228927151
     4.750361384015429
    -3.227605259885827
     8.219891240337315
     2.256827230344795
     2.353457179262065
    -7.341051043071779
    -6.291912732158636
     6.384022103040819
     4.632205418842215
     1.186095904308096
     0.133557546173932
    -7.054815756777238
    -6.639108863561922
      7.63334930399053
     6.079897787499283
    -2.853076756390338
    -6.697628801880198
     1.662111712100649
    -6.934177236941395
     6.962472550020678
     2.406945901755319
    -9.646514414905729
     2.942010624046572
    -3.199799513886083
    -3.214469998200462
     7.877595608905264
     8.813476887183803
    -5.063346311098809
     -7.32441917902087
     1.696397706079952
    -7.101416418948966
     3.807702835758172
   -0.2920290293045952
     5.085913569170568
   -0.1907595392334117
      7.36548291957051
     10.42633944469055
    -3.493819225598754
      5.86479429570994
     2.632513478424118
    -7.497622883900714
     11.08526438303716
     6.803357709045537
     8.985075749144851
    -5.240463044786381
    -3.336800432847182
    -8.121857563031899
     1.746811072568342
    -7.102693168083569
      10.3754771126392
    0.9393582884016041
     7.534848022112396
     5.681866681166703
     -3.72895176077655
     7.548189726325049
     11.59131939797011
    -7.843263922429474
    -7.539843910285869
     -9.48782463893645
    0.3975979735988291
    -2.443399572382232
     8.165758471208033
    -6.366735122556344
     4.878888403014545
     6.559164946701943
      6.63281366415356
    -0.942292213314647
     4.491741366719729
     6.935458107277724
      10.6988372237248
     5.147999309818399
    -2.054048278662236
    -4.854405123290026
     5.174524701669474
     1.521560689743031
    -4.490714551178178
    -8.674010463724469
     5.216764808564994
  -0.09275077567135181
    -7.684893137156227
    -5.492480516887216
     6.506204862467524
     11.05843800536249
    -6.495159731144439
     -1.25609533124437
   -0.3794062449848674
     9.322397397181534
    -6.701002903809218
    -8.179949705208902
     6.397874135153559
       1.9606290882812
    -8.475493457494895
    -4.128524433996164
    -8.707329712858339
     8.224299156586122
    -0.182417909237759
     9.642790531622694
    -10.69620581813925
     5.124652590540617
    -6.056765279643426
     7.262675483774318
     4.053189603753581
    -10.80390821174471
   -0.6950838618109121
     -6.12180193284182
     3.581666597220879
    -7.536875622078426
       1.9978950877019
     10.93852539865026
    0.8408277561779373
    -8.191049398500658
    -8.979994613544203
     8.779345187821534
    -2.045296032976729
    0.8676687466819266
     9.385436651043594
   -0.2198970604788551
    -10.59730878506483
     2.255675713438569
    0.9792286966307349
    -4.057342339035267
    -7.123017629272594
    -5.539740327061006
      7.77976695469289
     4.216040133572903
    0.6173569262849634
    0.3531313544648951
     10.20547733860368
    -6.468431314794595
     4.976470844513599
    -2.666886191572952
     8.609437250580037
    -10.39913194625166
    -6.894358926999398
    -7.819055077616375
     1.486793190584426
    -3.545486789862016
     5.182288411889258
     -6.66089604894414
     3.577662803217419
     6.051560067931109
     -5.06232808453869
     3.970446550562768
    -6.908362587323444
     8.628348860901866
     4.528948895818131
     9.028558435664319
      -10.424860835684
     7.098029515635639
    -8.631225937285631
     5.111790964735901
     -2.01895004021264
     11.77894016025439
     8.164132011344286
    -5.112350451168364
     1.137642105123288
    -3.046041395589707
    -4.568627125580441
     4.806973430784866
     2.133606110366204
     4.910134274041713
    -5.027375659862543
    -8.257362570418412
     5.319147342469769
     9.532917310742327
    -3.273322214896778
     -7.82110050953479
    -12.72679466818869
    -4.688577456397843
     4.461212666545347
    -0.638364467021895
     1.375261522964313
    -8.647099905039699
      7.87912526774614
    -5.949705559499723
     9.122897371372725
     7.546577667046042
     4.503839505189267
     -7.51155141782265
    -10.34531492239432
    -3.895225566143948
     1.522173180774458
      5.87526192718683
    -2.112489846306176
    -1.650993186729601
    -2.396398842336269
     5.984069994283786
    -6.706500344235768
     7.009476878988661
    -5.748967434798399
    -10.35763715851765
   0.00537783947215853
     6.725228961351972
     6.342143598086495
     9.040913614870739
    0.7530737545857168
    -4.338805396049422
     5.623982176947102
     1.664640337551558
    -2.025997947310106
    -7.101214165356964
     10.28118273001121
    -7.342404795095254
     6.002801322063132
     -7.96354410062804
     2.811127632865623
     7.519076944028875
    -6.369986429226618
     6.932996720374948
     6.063784757579943
    -1.038621096597145
    -3.801781333789773
    -6.772804682551827
     5.939645013549988
     1.209176704291217
     6.067724080824147
    -5.439780727875661
    -2.220126344010835
   -0.1829112702061292
    -8.709564684725233
      3.69779776369283
    -8.302757242410536
    -4.194281733896519
     6.520190935103561
    -8.569606447301584
    -6.447392555702223
    -2.077006627710371
     4.214034592794648
     8.666384459708059
     1.982883374225524
     8.700604192146246
    -7.065565756684495
     10.71660268591059
    -4.622064312044023
    -6.185084276765478
    -1.828908758441417
       2.3949822154007
     3.766514420034892
      5.44177775908835
    -11.78046238675083
    -6.777108601219094
     1.471037406120173
    -3.843970111437338
    -10.87192211443055
      4.43354771656659
    -7.208730410852635
     -1.10099635776218
     7.116700150594191
     -3.90649643282613
    -0.840429474022278
     2.100100028890843
    -5.198166836933543
     6.469896673877384
     5.359942395511871
     10.49141176823315
     1.133920719341375
    -3.058881960089665
    -1.142431014907677
    -5.901182762216813
     11.51968472627294
      5.72697341110832
     8.952045271764206
     4.373709901679362
     -3.33827254015253
     10.17105497353595
     4.654311474838556
     4.939196420101677
     5.993587985310267
    -2.310006698447377
    -9.272656488363561
     2.096470496272254
      6.07288579409804
    -7.425758523941001
    -7.936409278464899
     -3.65949037385584
     10.11990669237183
    -4.062737725204764
     1.551882627601202
     2.307026201027028
     5.373173150743648
     2.210859659989997
    -4.879617791203633
     4.900915348603017
    -7.976038494939498
    -1.774647246498265
     5.724160722176276
    0.8554029669771757
    -7.991288912202471
     7.723306928027965
     9.615676534801935
    0.9363206356736191
    -4.243716644685383
     3.283818510968754
     1.287810664646887
    -6.230282333761487
    -5.514078317861369
      3.81100677862195
     5.877876878544667
      6.49620110580742
     1.782005284124842
    -5.647599582128233
    -6.875138792287986
    -4.766481629082595
    -10.25600844226624
     4.008260669082985
     4.070376059474964
    -1.637914306353924
    -8.191585146170604
     8.313624153164998
    0.8233947289803493
     6.810481410629849
    -2.332808337839654
     7.027293735724252
    -8.499785491212389
     5.466119061571182
     -9.92387125588364
    -3.023876387964314
     3.246445583007137
     8.287177964057971
    0.2333606201499671
     1.988279447198772
    -3.587216332104521
    -6.269934011202225
    -8.743942597281757
     10.70092146180207
     -3.22463484188383
     6.908074380596545
     6.544925385932294
    -1.755774399166451
     8.189276847575705
     1.911264768645912
     1.635164960784526
    -12.01137035520105
    -5.327272984036298
    -7.069628190860111
     2.945727759784484
     8.174869320433178
     1.193064566438244
     2.750704823725086
    -1.165775503132608
    -9.673826381778504
     8.325596046933658
    -8.147878963462345
     5.827725686526257
    0.4579821576448076
    -4.202113381996516
     5.214112838797725
    0.2921007577846924
    -8.529564588393143
     7.523074636655598
     1.965745289637563
     0.460456729397522
    -5.343218431756348
     6.448724449763836
     9.752950642580533
    0.3033200116262451
     6.565638404647222
    -1.868016927450556
     6.094904943085125
     6.603675599044609
     1.865587810449942
    -5.124660726445428
     11.20751684444104
     5.356653560774561
     7.954272783285456
    0.7743335672562716
    -6.283346679059584
    0.7711114646412538
     5.431646557083021
    -8.072218645166604
     7.994450204239653
    -7.993652795395313
     6.867741835904566
    -3.424137066179927
    -8.280194444651769
     7.963818312794051
     -4.97748210061871
    -6.486216263782276
    -4.523271097583248
    -8.568017363821006
    -2.293809927397751
     5.193691586459239
     10.06214801854957
    -6.260774151047027
    0.2415294767049255
     1.983659094291415
    0.2698983534674152
    -6.286299393748035
     -5.40777031241119
     7.042757132798831
     5.000968629756455
    -2.317000887604209
    -7.879253970445596
    -8.041543775316127
    -8.258879455791959
    0.3079717348860814
    -9.573158194421421
     4.297014424333095
    -4.999359695502552
     6.009774096154549
    -7.350120707235709
    -1.481390669572546
     0.424563395926484
    -6.808993757347976
    -10.76699724170807
     3.008576566525545
    -6.799225514108374
     6.924525835886656
    -2.625958389745241
    -7.777838761207382
     5.402305779709414
     7.117178302368677
    -12.07391893200003
    -7.876523593551061
   -0.5290644365243767
     2.470240685194097
     11.01140713013737
    -6.985977905654364
    -1.803811738571673
    -9.328536819630486
     6.222106129113035
     4.611343525013124
    -1.349808437764165
     9.577341562916139
     9.525409941974518
     10.66066471441367
     9.511903728813794
     0.254171606817942
     1.201876007391706
    -8.437978569978725
     5.777304458490965
     7.430154503093336
    -6.939957307642244
    -12.11429440783381
     1.136880265529176
    -8.665694295089198
    -3.510362452401439
     3.995082857828029
     6.275053850293895
     -5.23857595800985
    -3.688412634351177
    -6.303212705253587
     8.301147560336101
    -11.63128221861314
    -4.385460734674544
     5.848252114819628
    -7.689369744425356
     2.766669343687462
     6.335483820183956
     2.759450322432369
     4.168604270116468
    -10.67782116717273
     -1.71366930932789
    0.7043949340892259
    -8.009168714285861
     7.023264499222598
     -7.70951033343602
     10.22046088254946
     6.020813577331324
    -8.452367847813782
    -1.597811092384667
    -4.432880973351089
    -9.971184120607319
     7.894525896708074
   -0.3916737300611008
     4.647207609704672
    -5.719207374951143
     3.440242544209376
    -5.409328067593605
     6.515630836419238
   -0.2830255681474928
     8.136529651646978
     4.330750887743511
     2.559632672580673
    -1.115860657593117
    -4.376511668612014
     7.484054163224963
     2.325485788104009
     2.147267809172386
   -0.5990469916559784
    0.9822120567044903
    -11.57555969819906
    -8.049255744533092
    -5.162036876901369
     -9.21634171093088
     5.964562184260252
     -5.65224317471743
     5.966657721596695
     10.80101477101853
    -3.308783511639384
       -11.36828744602
     10.14743876285404
     3.949510879636981
    -8.653090688714382
    -7.036454748365712
    -7.605360027314081
    -5.732413995040619
    0.3906946616404587
    -3.083189548542747
    -5.817475757515477
     8.374470706289486
   -0.2777942345284594
    -9.062670492212995
    -9.886889784272539
     4.804342910346497
    -8.864996692327502
     2.258870566170376
    -7.101671628903732
     5.994957442345562
     9.548501559195744
    -6.911247685911985
     5.610337727288159
    -9.080920423165551
     11.69840491102551
     5.046865022770886
     7.423528998389493
    -6.617404089565834
      10.9419671930228
    -4.553289656123894
     5.930518893631643
    -10.39647686716314
    0.2660320477600313
    -6.534704633462098
     4.818513729434794
    -1.654302769167265
     4.814827825171658
    -5.502081592596554
     7.092848250906023
    0.8941586806223187
    0.1653726715329562
   -0.1087563819530135
    -4.875317633335294
     1.327290847106769
    -7.959800688455948
     4.104019896148117
     7.308053113844172
    -8.124204437021806
     6.742431441025889
     4.306872027296418
    -1.431787080036562
     7.734693768650583
    -8.774743520309713
    -5.710797526923104
     8.835164494122225
     4.007926659162286
    -5.180733253582964
    -4.105300450569631
     7.859542833865151
     2.493444840449585
     4.037116947766753
     6.764823855828715
    -5.787596288505549
    -1.763137954511305
    -6.364975088538773
     11.88236641219428
    -4.029594125847424
     6.182292203271386
     2.707422298039662
    -9.714182026634075
    -11.38001604463627
    -3.589498747108239
     -11.5463860160649
    -11.17863630483898
    -2.013025511565886
    -6.396947153053281
   -0.8292433079060084
     -3.23533256275859
     8.291057526104606
    -7.416782234103549
     5.085497430516073
    -1.851478670431124
     4.279534559399201
     6.336597799059776
    -5.798433951497143
    -2.689649966682228
     8.731932942820166
    -5.189800553151333
     8.281207866492094
    -6.869497087521498
      1.97612159115497
     6.254840308684499
    -1.456085799590848
     7.245353274923174
    -7.966874114766341
   -0.1453962366056648
    -6.618115954947751
     4.209719844724761
    -1.325800954990141
     5.116764417988218
     -4.61836519830516
    -10.02080222222667
   -0.6012141515590522
    -3.435048910778756
     3.917356783019418
    -1.475162851855192
    -2.775204765374188
     9.137496876482972
    -1.518269164892087
    -6.091171183260295
     3.870835323443154
     6.822746881906626
     11.55161939070542
    -2.605488589266653
    -2.104952846472929
     8.451705458402655
     7.383588652211672
     3.364675783206765
    -4.767751829330483
    0.5455487607075928
      -2.1639738153708
      -1.7463495701689
    -3.047786149387139
       5.0999452461707
     9.510156563474332
     6.365394244069321
    -8.300409562202368
    -2.398136151086435
     4.018860793074946
     5.357668801568186
    -4.137479479768874
     5.280639678008308
     6.864421639835838
    -2.896164177813664
    -5.393512878177573
    -7.802080990557052
    -1.626751633080858
    -3.583110267860157
    -7.679824690807053
    -5.070486077414173
    -4.454890574589985
    -7.595006597782755
    -4.299385616130559
     8.398928393616412
     2.087577682201606
     9.166535916734583
     5.240053620088016
     5.201225279906838
     8.089202693260459
      3.93558610543561
    -11.41483237665915
    -4.797314143179968
    -9.880472888964205
     7.286219351244965
     6.638276381460459
    0.4695559027677605
-0.0002125999802413403
     7.252210043668807
     0.483497917031709
     2.904105798481436
    -5.147229387274308
     6.937703828583938
    -7.908690957787025
    -1.057181091104241
    -6.285555047926727
     2.346242175109132
     6.111332918355181
  -0.04556972406276463
    -4.760375585427395
    -9.851756680686517
     3.078665145597448
    -4.566639045221708
    -2.256572734500097
     9.174588186430514
     8.323620712866525
      2.32341561268906
    -12.90550377251952
    -6.772744196078563
     7.330197889386604
    -3.161518240766948
     2.563226601257086
    -8.315595103647109
    -7.408569809776318
    -2.585480686162291
     11.69281407587161
     5.281020704050433
    -5.231374804431452
     9.304044834184484
     2.058582145256283
     11.58285103513623
     8.798667440950451
    -9.283464970116237
    -7.939852641494727
       7.4668816027284
     3.308331762925609
    -4.033938098565603
     4.381620399886941
    -4.348410752598889
    -4.851480479357384
    -5.323839164870812
     3.673420594813867
    -2.692868574097392
     -1.78995010158455
    -3.917815887761455
    -7.100428866340456
    0.9328958247345185
      3.77256864497324
    -3.489294867273516
     6.962781950168436
    -8.519071222949433
     4.953674098804343
     7.807814274527583
    -4.686853354730934
     4.633712349126082
     4.231713165755503
    -2.956544400393061
     3.160412566299669
     11.34725188964855
    0.5643930620236919
    -6.212524298213602
     6.950434614217132
      4.55618972202228
     3.340464212088623
     8.687645757812192
     -3.59576929102747
    -7.108518238516627
    -9.064518560884029
     1.130420733668533
     7.896024599476629
    0.9814513421073315
    -1.811733196370488
    -6.075419571049817
     9.504616767875575
   -0.9193140396573637
     9.815061118222022
     -1.27434717554487
    -5.263688936022792
     7.417073918004799
     7.889726301267475
     4.805700335267687
     5.399536738889566
    -8.619416268432779
     8.817428549850611
     2.895882315921359
    -5.520463243672559
    -11.63707924196627
    -4.896772278159685
      2.70859166223672
    -4.287456352616875
     4.220683722662245
     6.542415667488729
    -5.946525457578527
    -7.738175896601049
     9.841405041617746
    -4.353267462582572
    -8.682930822357138
    -1.790501101952271
    -5.606824439222107
    0.9750418353640593
     -5.61836819865538
      7.05210978088515
     1.343624171752105
     4.136507430100078
     11.63948663685916
    -4.696658234919107
    -8.491253561269342
      1.77798325332108
     -3.02264627345444
    -8.113310524185511
    -5.317813494714308
     3.648691548100106
    -8.456276499413558
      3.69637996630676
     7.390571719846247
     3.764631045314302
    -7.856279485491368
     -10.3383781392258
      9.72040006100559
    -3.392657184599953
    0.2758218840997551
      7.68261933227696
    -5.400527235192908
    -8.462916374010643
    -8.819903507253576
     1.559192194465038
    -10.36971128573668
    -5.184628403537117
     5.790156884863595
     7.618295192508402
    -8.765382058043468
      2.27760205671353
     8.868351679862865
     -1.34774621316635
     -9.08161296767881
    -6.074484862124152
      0.59579272353499
     7.206011374490222
     4.054731102833367
    -1.862830987374072
     1.669712703431442
    -9.042315877785777
     8.125236150634187
    -3.567708087631233
     7.012688226073868
     6.828864182529792
    -8.587891906429489
     3.018521744200453
    -8.612595736496424
    -5.407891029780441
     6.253288524569527
    -2.780804860692289
    -8.623061700166426
     4.250036608984287
    -11.62182288337886
   -0.8852064301960232
     4.796708377251481
     6.043272834251744
     4.107034223538081
     2.980471947347346
     8.134452614833515
    -5.070579448135788
    -6.874983598126482
    0.2481136986821225
     5.998617385576498
     -7.14811129246123
   -0.5904268188604511
     5.354429139468982
     5.078107559563545
     4.079729311349586
     7.238943751848787
     -5.71921059420497
    -9.402244025085087
     8.182396127114352
     1.303626402852004
      6.59920331887148
    -2.875605798321762
    -7.157113095096998
     7.683441448870457
     11.90954440026761
     1.538903219220481
     6.355275435944227
     10.37786267844471
    -5.466523550952319
     6.743210298443531
    -3.591997565341257
     2.350331164207454
    -4.446088674351741
    -4.291660725623085
   -0.5684531315268611
     4.894557458613931
     6.883066148041073
    -5.483878288965959
     -11.1759888062961
     3.176967112501464
     7.117603124561233
    -3.910194872426402
     9.603661109067737
    -8.373321457413144
     6.511882632095208
    -0.785564846037764
    -6.178290335206706
    -9.883922480760951
      3.07541910853682
     2.796970086002821
    -8.124113037094414
    -6.085651092129439
    -4.178976503595473
     6.600820249902062
      6.30941301335745
    -4.370334562182558
     2.732316431704256
    0.2386620120543935
     5.660014440954663
    -6.238080712340835
    -4.954753739981202
    -5.682134555189067
     6.191664966410591
      1.94286872347387
    -4.339308431211871
    -5.734944050676123
     4.027635212488007
    -7.787381463302468
    -5.371192353113953
     0.238126822548911
     7.447158919191199
    -8.790173454202678
     11.18161862741871
      2.84543487098312
    -6.609291501802903
    -3.731772038356297
      6.72565724703124
     5.949343171496894
    -8.920041388899072
    -1.192332008212765
    -4.876098723171517
    -6.109942116916427
    -7.083743917931771
    -6.984845555678601
    -9.094012713782334
    -6.007047487848004
     8.671681950885628
     2.125967071682742
    -3.820216466411403
    -5.867843424757312
    -7.707943323537032
   -0.3821430532933531
    -10.78774086547016
     3.239195090320242
    -6.293888301241215
      3.76731591335152
    -7.703918020939522
    0.1616387744103106
     -1.91893441876715
    -8.608558231962487
     6.788567124446456
    -4.939428282846954
    -2.830185581994916
     6.457134598995245
     6.852815991482194
    0.6504753886448755
     3.424202115094457
    -12.04751742726142
    -10.27822026351681
     1.592714342387767
     4.014025804536605
    -6.566239822413961
     2.137413869622318
     -3.13747133560955
     3.682773366727748
     2.936056673287194
     -7.55888559997923
     1.468745355819995
    -6.037480223660359
     6.923473550910511
   -0.6399611282319538
    -7.440197353123413
     4.869940853637598
    -9.612653322313051
     4.461981631363154
   -0.4909152027519228
    -3.841021650108538
    -6.659465110064549
     10.42388792038663
     7.692150941084316
     0.880059426014878
     2.266748051899454
    -4.576588807618993
     5.508939812159992
    -7.289182593567457
   -0.2499992750943157
    -4.810631258061869
     1.566562202769684
     6.947565651546372
     5.412374943968019
     2.851512177281635
      4.06343914821401
    -5.486746180402593
    -6.927193432658819
    -4.531721456193926
     2.574509246134394
    -3.520035869571904
    -2.448044454423289
     2.801924802933589
     8.926230178726318
    -9.511775504151665
    -5.056662815571556
      3.63485700433487
     2.965196043423145
      8.81054165300098
    -6.946967280493569
     9.181970142935928
     4.218648161011858
    -1.738389295726359
    -6.871817527270791
     6.567639180834542
    0.1602718009418951
     -6.09703108472126
    -5.761038175041111
    -5.859664944667495
     7.150204073073938
     -3.05203653140175
    -1.532517766918062
    -10.72895272412748
