  0.8927259689473332
   6.100893220464378
  -5.731689514940818
  -2.447810082402337
    3.10095428651975
  -5.699832283977502
   8.412851983243399
  -7.626398891689512
    12.0585165127392
 0.07983878453337551
   5.789923441989802
   5.990766990798257
   -6.47474003124134
  -1.211161577804856
  -6.832069831956927
   -7.08601819784985
  -6.301043299060301
  -5.018525688666556
   6.575288232059433
   2.785728546260918
  -3.983249873913671
   6.654620433091782
  -5.476380327626562
    2.38038214831708
   -5.64458158279931
   6.662998733807784
  -6.943915213719196
   2.340291586429101
   5.801809460383235
  0.2601912840348905
   7.180204482733791
     2.1871212863862
   -3.80594874181085
  -5.048417974500543
  -11.34265445077512
   5.851686740090704
   6.223674954598639
  -7.078791876934221
  -1.543547060142342
   4.622456416200961
  -5.181916806465539
   3.131693834223199
  -5.241185308291287
  0.7914166384823502
   -7.38808712570125
   8.882694595244809
  0.5813929975369103
  -9.569048747768841
  -1.412854012784182
   8.725407953475239
  -10.98820000294157
   4.031646085675868
   12.34857546500483
  -3.763580291688338
  -10.19005787096605
  -8.340432638089233
   9.666503341685702
  -1.961737229647414
  -9.412215182492055
   6.128084661481253
  -8.515470070979212
   9.285012250133583
-0.05544181530015604
  -7.294484365900729
   9.941114053072356
   3.843564667564925
   4.995518740277121
   -6.99189661260167
   7.005092166143827
   10.22963855612088
   7.214495435739943
  -8.498638711397422
  -3.600476953147307
  -3.879003825244307
  -3.133344908224878
  -7.455611544484243
   4.544099072528198
   7.315185564492594
     11.787289468795
  -4.980971210100879
   4.024850635635067
  -2.894750267869536
   4.379695665885166
  -6.510681381481108
  0.4385693198398957
  -5.969322860723912
  -5.669398903651217
   5.119652738012981
   3.858491928241379
   10.13522772940674
    11.7005564981229
   -4.47142149297206
  -5.364930205451694
   7.445569679220371
   2.725372214202942
   4.026772053688342
  -9.902688672710021
   11.24059146118979
  -9.016904212564645
  0.6232041364383589
  -5.128977742367676
   -9.30318431117076
   9.122408528789004
   3.377866204108402
  -7.305240971697491
   7.730234766813982
  -7.324091033232911
  -2.163633846833002
   8.460675902922066
  -6.305012981442843
    3.22431358669945
   3.516772395742475
  -4.594121355387732
  -7.711507852961562
   5.775305533010862
   -3.94378838039496
   3.223036213668876
   12.44116428336425
  -9.491736983046234
  -7.194829133938845
    4.95220895511084
  -8.791692389383426
   2.419762909817219
  -6.009908523321922
   3.291530028119079
   11.43169569469894
   8.252581106003364
  -3.615134933859556
   2.835773722829978
  -11.51160065528437
    8.40032664844346
  -7.471452577044214
  -8.742702373461587
  -6.921192771427767
  -1.040818884820361
   3.760172909366007
   5.685886603143205
  -2.632811006103633
   5.272133050461004
  -7.729369834611473
   5.764972080358378
  -3.676926615192562
  -3.736212068966966
  -1.292384900053027
   7.835248556525237
    11.1944720442784
  -8.010142606281525
   5.775011046322534
   9.377890183085729
  -6.815137810051845
   2.399938830127819
   -3.43156927131016
   5.791386851094186
   3.492053092101087
  -6.210333353237159
   5.040465033368751
   12.18735444940853
   3.676560028302986
   11.22289899143481
  -8.146367455155399
  -5.234182694746962
  -2.320559943633516
  -8.356033400238513
  -2.551214346845483
    10.5114918981572
   7.480505548137111
   5.722227331070306
  -10.45948669075059
  -2.218005496276069
   6.104213826653508
   -4.21782650881686
   -6.55196795901905
  -10.69216078381433
    11.0352941019492
   0.358448990204513
  -7.214846151585869
  -3.780598509986844
   5.962858583267818
  -10.41269881777773
  -5.687002178199603
  0.6989271849302917
    6.52633357272512
   10.26941505516316
  -10.90974877236086
 -0.3016718188623832
  -8.525326205183177
   8.219431314634999
 -0.9019687585024642
  -2.655017343509299
   4.358818274747171
  -6.539404482220183
  -5.714400981432678
   8.541837508827467
   12.70899243942346
    4.47606857621726
  -9.212516707773741
   2.611200200072253
    10.5532920683233
  -7.960657491067204
  -3.406631515079464
  -4.012844695116724
   7.063195352119577
  -13.03320820315408
   3.365642709651848
    9.08477248690755
   8.379740837909285
   3.236461905601395
  -3.476113026619428
  -5.590903086162387
   9.730030824246994
   6.676183687474641
   4.589863139658219
  -6.036771363854712
  -4.958311404454769
  -7.788620081939484
  -5.471248519803471
  -2.554850233481422
   4.934388668352618
  -11.36053340761995
   8.476376066211234
   5.361279102994219
   3.188954674173559
  -5.504841283786289
  -10.20712765186561
   7.843569784223095
   10.18511148738201
  0.5802088728376877
     -7.152612615071
  -1.530239217436558
  -7.968995730238916
 -0.1006031287749097
   6.631509855685549
 -0.2104681965650322
   6.460302691355512
  -7.416724229172205
   6.542400399364116
   -10.2742646222763
   8.685920156587196
   -4.53970514212268
  -7.203028350774932
    2.46413625830803
   5.662766452270207
  -8.997082241077074
  -4.725717448828279
  -10.76479473987161
  -1.492801273217246
  -7.924992628966669
   6.442975863160409
  -4.883980302242954
  -2.271215500556083
   7.726388148344707
   1.598372536499276
  -3.078825534157166
  -6.630549104954794
   8.684542218330247
   5.130332570713599
  -1.484650596962607
  -6.101451918480569
   1.576441316239938
  -4.850836941027667
    -8.2266552225502
  0.8824479897562636
   6.029402684577851
  -9.437059372605169
  -4.157075280409748
   9.515960228206318
  -7.833042967051934
  -9.095235394887911
   2.651523144288481
   2.288428547231094
  -4.494770709861651
  -2.170932121726122
   5.138564083346545
   3.155963802426025
  -6.601931810914621
  -9.276065661259537
 -0.3445028151523609
  -1.498815112908098
   6.305656337853431
    9.04210470132017
  -8.859484866809979
   6.160662674612666
  -5.918347781169297
 -0.1570604180679865
    5.66952275640366
  -4.225703452385779
   1.400590346111518
   6.776082984534911
  -4.424427258619241
   6.007546315937903
  0.8468876909748371
  -7.792972340692276
   7.473680998331956
 -0.2615192451268499
   5.601427613323564
   7.671394295863315
  -7.833006327920203
  -1.686454308908938
  -9.955410977102433
  -2.025406028018005
   8.745471958571098
   -8.11242961490005
  -2.036769816369179
   6.527790919615137
  -9.687984639823068
   5.641873402968953
    2.63507505740209
  -7.081891042206973
  0.1104798597152705
   10.85400799150819
   0.587417050861871
  -8.324701678725479
   1.733391820677859
  -10.14881768135779
  -2.992753767307061
   2.496668657171434
  -3.917027215712157
   1.603841624489314
  -4.831626124959985
  -7.255212080931162
   4.548179127180338
   7.697239424739267
    4.21290683434029
   1.372033711190067
   -7.89363194609987
   9.193010361462534
  -3.016811690770002
  -11.23187178099656
  -2.332243105074169
 -0.8700504219958763
    2.46741212525126
   7.262392645833716
   9.605051016442715
   1.717996475525398
   5.021217307531002
  -7.467602935998304
  -1.000138951839611
  -6.943911790780356
   4.547197209930301
  -6.090296327554924
   6.274229421323804
   5.104952183267255
  -1.941997571815101
   -5.91993178301011
 -0.9948223109438565
   9.824003932771447
   3.494144101499854
  -10.63963585934101
  -4.648416663137811
   8.036536661713432
  -1.965155210365179
   3.460740480498031
  -7.176012695775308
   4.721723880764005
  -2.177780391028439
  -4.974786628923209
  -7.288040866697376
   -3.67243204121589
   6.149974274402753
   1.523848814608248
    1.25705300101224
   8.653528423703531
   10.57908275315441
  -12.88627816204345
   1.806681334916124
   3.028557281844821
  -2.852095319030477
   9.487817787791851
   2.596988978542093
  -1.359263884821247
  -10.99903692125561
  -8.361524767539647
   8.384443202709047
  -5.045503967104245
   6.246849148846236
  -5.238705557895242
 -0.9832126358139502
   10.04874665768326
   4.392757086270435
  -9.723551714434411
   6.230948523680391
  -7.636452755631682
   6.207387680134524
  -5.510056008528185
  -4.476248541306088
   8.935624962866374
   -6.11099783606829
    2.64409386895734
    1.90770914313907
   6.906946046738041
   3.297433746694291
  -2.498203944617651
  -13.57431508866708
  -6.116620474256063
   -8.41392412171494
   11.28396925524601
  0.1863832007888819
   11.46229217246038
  -8.273455650985865
  -9.852927861178065
   1.059139227128107
  0.9536340582066309
   5.203853397362328
   10.75118521005364
  -6.338791650838429
  -1.831235826433541
  -5.756536244864396
  -2.335746147488078
     0.6559178260583
   -7.43095829420446
  -4.431936960091514
  -9.358385406600988
   8.681838187711794
   6.890738059727496
   3.407584744130195
 -0.5168534740509345
   9.787245045545379
   -10.8685366420784
   7.742948047215721
  -6.289712837202778
   5.901367261119822
   5.059305264504964
  -4.052156115611536
  -5.531482035278628
  -4.371537835387223
   7.690125963709469
  -4.475878048326607
  -7.017786716728626
   10.00208221007406
   5.901915387682404
  -6.003476994697156
 -0.4443754260525803
  -11.59338019929866
  0.9142248706124887
  -11.20924064539841
  -8.512844833465604
   9.592333749006954
  -6.143309769640169
  -7.884685537103302
   2.375328583812302
   11.76525831722037
   4.702705828029691
  -3.298492364465181
    3.12710094316039
  -4.300790875612991
   -5.75088246139442
  -1.762393659002359
  -6.922017282925653
   6.814745463599856
  -4.010145359199377
  -9.948377177810062
   2.502389643670149
   2.763252682247122
   9.781660375959952
  -6.094041628324131
  0.6010142911579597
   3.547285975623191
  -7.451464007494756
  -7.162893155515095
   9.318243137635708
   3.409842575773363
  -2.652320581825578
  -7.533260662521965
   6.876716777461962
   2.603546732643017
  -6.466440335639003
   6.290643081368993
   1.722153969848958
  -4.103303313436141
   5.923639615195541
   2.225747188051695
   6.754620672503451
  -6.562379666733232
  -5.086228409240596
  -3.090187686180258
    -12.200490172937
  -3.097789637228135
   6.737442555205877
  -6.730798206599936
   3.993650810522962
 -0.4515412668887935
   6.682543578561614
   7.465871494698803
   0.894009370296949
  -10.00584818175975
  -10.38061533808252
  -1.833808206172268
  -6.590949346978683
   1.550793182292751
  -3.609384051681827
  -0.809760913470688
   6.176801974207637
    7.18503016876864
   4.415412879874784
  -1.868953365629276
   3.060748384060766
   12.06829896217759
   5.869605296175767
  -6.072561358575065
  -2.868267552782717
   5.181076210984383
  -2.130276037554246
   5.172241673486603
  -6.951758703539098
   -5.99271554536303
  -3.527401254679336
  -10.69293824587428
  -4.289083179564856
    6.26403194728308
   5.856903107871229
  -6.294555165634791
   3.901621884578039
   5.355619209649771
  -1.488553803914014
   7.504750093349593
  -8.596278320981671
   4.659543612349389
   2.419975048086251
   8.037216064026657
  -1.969182171249849
   6.593718507483768
  -6.901677280469281
   1.595121425219338
   2.093772864857151
  -1.161949577714889
   7.108801356060469
   6.768725961493991
  -7.075254798984277
   5.921781329293307
  -4.767800622498995
   7.411118606360146
   4.508168070156422
  0.4646038899605969
  -6.254328212330819
  -4.398541857859271
   5.794371149869482
   5.615149218828885
 -0.8406551758434101
   2.475371353300779
  -8.636680809430491
  -7.089519948905012
   8.583694040491435
   5.852147269825862
   -1.49000309694136
   -6.64193713475647
   3.118914530353408
  -5.417697516652819
    7.42123182150778
   4.251004296699122
  -10.77331109514116
  0.7376266471556823
  -4.835935754632741
  -3.049143386325134
   7.743939570418346
   7.159983838094726
  -5.386920985659164
  -5.665191810624437
   3.352533386393254
   -7.65421409249892
   1.998159352596026
  -2.552786976227643
   6.266231111210873
  -2.602417443334271
   5.667366710783199
   10.11258226301145
  -1.848717222735072
   7.124660571036048
    5.29552084488399
  -4.851882031695597
   10.58603936389216
   4.938293259205706
   9.745383776429147
  -3.477106511237922
  -4.979836578204299
  -8.024183444973414
   3.402714593087927
  -6.916539814661728
   9.337936031277295
 -0.8845649365451423
   5.458479130080613
   6.939071775933726
  -1.080444417141103
   8.593029333884605
   10.98528548346296
  -6.139543794227248
  -8.724324159516321
  -9.132843387690141
   2.699386036182967
  -4.523094014173826
   5.662022147736693
  -8.688814366665188
   6.941854728995295
   6.691060764497927
   5.082009970623941
  -2.742754553382268
   6.151997857867093
   6.015735107345254
   11.33006852841806
   5.701986011753533
 -0.4901050554112535
  -6.245624495143324
   4.128486674783431
   3.046350759450641
  -3.311947658741338
  -8.089105023396698
   6.334587577100915
  0.9710373104972798
  -9.212513383007032
  -3.902282775104377
   8.393932113212397
   9.752463825406657
  -7.808835500116873
  -2.786179564493215
   2.083557826596675
   9.471325773608401
  -8.091110418818513
  -7.033109110012248
    8.08763916907505
    4.00064164509987
  -8.082802794365453
  -2.437360839393021
   -9.82795317535342
   9.083375136068451
  -2.271280894037973
   7.854163707021431
  -10.84296468277452
   7.298583712865086
  -4.405794624982805
   7.017822924516722
   5.551726764257973
  -10.42075970278339
   -2.25368273592725
  -4.673421121021078
   5.672576590531402
   -8.37829021288702
0.002426474007408308
   11.33258026079064
   2.828888947655311
  -8.951944736744171
  -8.354482651138182
   8.513932741940383
   -3.27927065694065
    2.26371802682979
    9.07975399788937
  -1.792028665467774
  -9.851303232089911
   3.876480723717037
   2.499744805397766
  -2.818814210778392
  -6.620029042540679
  -6.591841143480347
   7.240115992990589
   5.724590956999459
 -0.8818244505211635
  -2.086761930571439
   8.473907317240121
  -5.589039666258048
   6.310187089232251
 -0.9056714794262418
   9.179345583980375
  -10.60147000412275
  -5.744034226015783
  -9.026477821204555
  0.2931485276847503
  -3.828240404032579
   4.231411774014459
  -6.320441830894797
    4.95827523318285
   6.461777862828463
  -3.636069239833692
   2.358050486950366
  -5.715316853745464
   8.858443887683871
   6.151683727048099
   8.106497174607599
  -10.41381798769916
   8.032841272901223
  -9.802408755104238
   4.228730972631459
   -3.51175590086527
   12.02580037453731
   9.780421087725065
  -3.575567190746201
   2.631559469502937
  -3.766736313743564
  -4.536161911332625
   4.539521926468089
   2.533063212626486
    3.46238242266108
  -3.318683629430044
  -7.759586502599564
   6.623744960780442
   9.316265238601396
  -1.897512835826235
  -6.519764572872364
  -12.80463733489221
  -5.885342526624274
   3.331006091666522
  -2.811513706939451
   3.727327847858501
   -6.79877996480467
   9.262435829116363
  -5.339732738184618
   10.79591708218135
   7.071351706709123
   6.876130129918423
  -8.281994491521722
  -9.817597792234135
  -2.044446963046759
  -1.155264473049081
   6.575007514792034
 -0.6455905313224848
  -3.930496852386773
  -5.671448162342265
   3.985199900151148
  -7.987404187218947
   6.615991234964269
   -4.89465119591323
  -9.405982973164406
  -2.021551749870954
   6.428828619706259
   4.751789528207166
   8.929435843620858
   3.012054321382251
  -2.789754199135691
   3.870940544083951
 -0.5879503234026289
 0.04789617159479259
  -9.038600393324337
   10.23731011803596
  -6.393547077461159
    5.04367373624719
  -8.448019250167974
  0.3081999223720228
   6.245815553624809
  -5.539723965816012
   6.959933321182108
   4.625844136383645
   0.431292985780819
  -5.504429018080421
   -6.96329329352079
   4.631039479436573
   3.850413578787793
   6.869650893821763
  -4.035226137851317
  -4.724013479839147
   1.280386923686891
  -8.144730198512056
   2.194294545927899
  -8.202948138849026
  -2.294756734725432
   6.128831493428562
   -7.33461405382111
  -6.302661142699051
 -0.7884887650410135
   5.375251855424226
   10.49239579779771
 -0.5641249520976773
   7.527518251150033
  -7.003504866098305
   10.89363680367051
  -6.225910327260717
  -4.998867014598705
  -3.205800947058441
   3.660612401519203
   2.229278223806713
   6.861893764184725
  -11.52841187271853
  -5.279776272172464
   2.992846537472829
  -2.370249305067448
  -10.02207632626981
    5.20571208243695
   -7.98408091091674
  -3.126539780227768
   5.998495134216055
  -2.444787778772392
 -0.1226674407618323
   2.876554651731908
  -6.692530430672511
    7.66942765460553
    3.58705216008978
   10.14778254949566
   3.400052078468571
  -1.532550582394497
  -3.337741108886727
  -5.100507554056767
   12.36612657152297
   4.753658760120269
   8.096420907052124
   1.901442033610546
  -5.189233221559265
   10.95974931049734
   6.491153100226882
   6.198146279781961
    4.86949197184164
  -4.362926531720404
  -9.681568699273676
 -0.2974564382025816
   7.600671814177262
  -8.780296445341055
  -7.163266689643597
  -1.568502660321823
   9.425728446450215
   -4.94258860499778
  -1.090783615230414
  0.6695142841340997
   4.689889485681486
   3.275569867182715
  -5.187025104465797
   3.157280702769873
  -7.305113691304371
  -2.856922711364194
   5.535811422164537
   1.985248705363585
  -7.042529423837857
   9.199295201952891
   7.684521789814718
  -1.108343529912345
  -5.916903882798927
   1.749801533494415
   3.016101745649625
  -5.730585949628591
  -7.010163278326347
   5.953827548832037
   4.867513562478123
   7.307942001771061
-0.01131138683427557
   -3.34804655040147
  -9.356900395458215
   -2.09404072716469
  -10.47418327422799
   4.927000509443959
   2.820702589704601
  -3.287606469184407
  -6.857966155713854
   8.976843573441194
  -1.530103587833792
   6.091953404637417
  -4.955247060075425
   7.539404102813716
  -7.667329660679196
   3.462578567819449
  -10.53187239942515
 -0.9685432412850312
   4.635952745530121
    9.45603695254661
  -1.934186681322972
   3.799682078121244
  -1.960271616353849
  -5.859383054461317
  -6.380276170628616
   11.14177940882473
  -4.910239040477141
   5.489057308228579
   8.075103601789056
  -3.107483260066708
   8.803758761597884
   0.181254100402409
   3.108236543805355
  -11.09041943652124
  -4.011025157553506
  -5.040423518771858
   4.398502764944537
   6.887457574125669
 -0.5033313182882598
   4.663099733710689
  -2.743262436005815
  -10.37824278876847
   8.589212312084499
  -8.371551389015096
   5.237255129732822
  -1.388526437007792
   -2.51306031901396
   6.981679951623665
  -1.096020091971182
  -7.231436981489458
    8.02025090975066
   3.551396238526636
   2.318435019180924
  -7.040485416103916
   4.573238366536767
   10.62806654240893
  -2.500241370292548
   6.709303641122537
 -0.5815643290729754
   4.395457005821624
   7.853807629601977
 0.01211085236432633
  -7.425339441473525
   10.08402482553431
   3.126666678810577
   8.987809915430653
   2.332412794545657
  -6.641213269055628
    2.34921125285882
   5.512356553533348
  -7.897120968505043
   8.609804352819001
   -5.95217912528774
   5.081231931943906
  -5.583164097979984
  -6.952063923808465
    7.92180015865792
  -5.624656225795679
   -6.36205836270696
  -6.054373179592545
  -8.505860117482527
 -0.6628750523721055
   4.257376187934781
   10.48253749569932
  -7.940392828408873
  -1.827759912208546
   3.417199539367118
 -0.9695002399553969
   -5.36913021737991
  -6.106557674558804
   8.050007160792674
   7.432303670158359
 -0.5671308777865454
  -7.849929194849732
  -9.338452614894456
  -5.788139583908807
   2.540423614092792
  -9.509518244262779
   5.443645347240778
   -6.02315236840443
   7.050460080530688
  -6.378414460631009
  0.2830990854856004
  -1.214365571504374
  -5.956508170726805
  -10.59166437951419
   1.016808317850803
  -8.088768845726719
   7.827391243317416
 -0.7234671598448785
  -9.063002639995224
   6.687860784196131
   6.317873493628614
  -11.49662514671626
  -6.329374572964567
  0.8358639405013792
   3.966381606144289
   11.81255724124565
   -5.68470598072547
  -3.522173521745724
  -9.683497668290279
   6.116547814129529
   3.799954433905606
  -3.212559054796053
   10.26487213836341
   8.551271772614209
    10.6173770960976
   8.056544756629632
    2.42873002270545
 -0.4296202494433337
   -9.67613686331131
   6.950353262980626
   8.734318335788183
  -6.064355350556308
  -11.01381942526548
  -1.270434702220676
  -9.517678095892032
  -1.428506098118823
   5.136071805399942
    6.85715019435017
  -6.232377453008233
  -1.629520260101817
  -4.796736704336835
   8.119885974283214
  -11.44919497789078
  -5.568267580725301
   6.013788402002424
  -8.258636267045587
   4.527344368739319
   6.306898848365243
   1.135717387762314
   6.443249675425953
  -11.51455411064073
   1.063559215257035
  -1.177069659422054
   -6.39350404292427
   7.264466779639454
  -7.040552375624673
   8.863014278441433
   7.642426913002663
  -9.340997215692241
  -4.109928518646882
  -2.424500500887249
  -8.416028292943103
   6.267893699238167
   1.184807431647692
   4.357900372418031
  -5.322337669394353
    1.32487374789955
    -6.2229838801768
   5.010679086874431
  -2.362255261026303
   8.012132909254966
   3.742011081045913
   3.738926364153107
  0.2664827732925297
  -5.303985735113459
   6.835223258335103
  0.2717474648694205
   3.853684918810536
  -1.970441561598043
    3.41405301795497
  -10.49626672151825
   -8.87072694431529
  -2.851596507237907
   -9.68544866082134
   4.933048164240709
  -5.033919607203893
   5.395598627423888
   10.20066366736318
  -2.216930432434998
  -10.18064832653532
   10.84383634414036
   2.390037190068347
  -9.289129918583024
   -6.23786337699422
  -6.802245178525289
  -3.782367170819039
   2.990785980645595
  -1.255318080342102
  -7.658142435663762
   7.472145275873055
   1.606928639287752
  -7.369271270921915
  -10.36089862125614
   2.495660111501601
  -9.550080823182405
    0.67706317307468
  -6.497766493609585
   4.883001433105957
   9.330435511010233
  -7.024117837613709
   4.543122002950947
   -8.88847128571479
   12.01457698741596
   6.313378769484583
   8.048705037222776
  -7.059305338128333
   9.755698242631528
  -3.205099902226744
   6.753541084890651
  -10.46908399457723
  -1.513077389604849
  -7.790097355748363
   3.367197578792362
  -3.568297173438485
   6.411812479242088
  -2.516151026460682
   6.786774482679393
   3.812330094853868
  -1.440538555059947
  -2.541285703316246
  -3.365093435651008
   3.527427052467412
  -8.509518858105174
   2.755758253124406
   7.837235725502262
  -5.899421432810309
   6.437404917810725
   2.428381455523332
   1.049829503885457
   10.48001231527185
   -8.73483990188122
  -6.989438616806055
   9.839705102049543
   5.171700549600772
  -6.534236882820578
  -2.015154403810928
   7.861245486044756
  0.9492413982668982
   5.045126472298676
    4.42393224659988
  -3.428432499751928
  -3.365410413292169
  -6.502890666145728
   12.50812246088828
  -1.956085846959096
   5.251247577525044
   4.587742784079051
   -9.75972758252194
  -9.852063310011475
  -5.680505053474289
  -13.23882963681428
  -11.39768439978681
 -0.5239053038556882
  -7.604552178440814
  -2.772052913664438
   -4.72199284977721
   10.12938837645585
  -6.742477367554323
   4.130373515721814
 -0.1059703860712701
   2.833620056264516
   7.032283312104632
  -4.718028803357413
  -1.232558208667048
   6.893339794886113
  -6.827049146883784
   8.090545413620365
  -6.529999412355702
 -0.3307971269566445
   5.376124912780305
  0.3340721169671403
   8.456071613646497
   -8.29250860453087
  -2.103931532085574
  -5.658200756991677
   3.433458701996164
  -2.757476536787992
   6.357444461401419
   -3.41166709093731
  -8.713202261211787
   0.948807206852545
  -1.802091097041116
    4.87930589802004
  -3.079112659173281
 -0.8547160166200175
    8.47612554961769
  0.7618461643574007
  -7.057646330924761
   4.722439110568367
   6.101336086264636
   10.30501359398541
  -4.612609491877206
  -0.277968704690121
   7.231183353784101
   8.325387265043574
   1.545183950267644
  -4.316666775233531
   1.851661904669908
  -2.167361939271998
   -2.50137305747591
  -3.273707754093378
   3.798040474999919
   8.590388129547975
   7.847315452942845
  -7.149312144266219
 -0.6176996488875799
   2.916817645969334
   5.998319479841525
  -5.323120148216834
    3.89071056120332
   6.753549960538848
 -0.3206868515887404
  -3.752092615115646
  -7.978471488316973
  -3.683001940048967
  -2.322978694092088
   -7.40261149494268
  -6.066591384881431
    -6.0365573227471
  -7.336331961562992
  -2.528080441674884
   9.559191311614541
   3.986590155979355
   8.624025968007803
   3.360290011076056
   4.875793783086832
   6.399071692565505
   5.824064907624203
   -11.8337067741129
  -2.939938340958531
  -8.769802288576111
   6.132565006661848
   7.772127495073495
   2.710658711724901
  -1.374788897999164
   7.831841088046867
     3.1493404992423
   0.975525924758062
  -3.671112761048053
   8.245128717856959
  -6.732054804786548
  -2.996187082406262
  -6.546709489946281
   4.369312899119007
   6.217182247166602
  -2.126774579809672
  -3.428022401169238
  -8.447755733448364
   4.696662829989174
  -2.681747065257732
 -0.4465253653388224
   8.744531240965422
   7.268824575530509
 0.08111635611074834
  -13.90317430445127
  -7.926000943258016
   7.470544189676143
  -4.752897865903687
    4.02388924819034
  -7.032322002909571
  -8.706149239527537
  -1.110740764228939
    12.0790564589262
   5.360045049956012
  -5.473556526424145
   7.805859456316702
   3.548020422988254
   11.93737388801507
   7.148262349140047
  -9.081926310263473
  -6.028809661169095
   7.149489579252402
   4.586179913481846
  -5.384778370948277
   5.846831169297475
  -2.863989632903115
  -5.934745734803875
  -6.414756472881147
   3.180718999003595
  -1.647565936763033
  -2.129941508891322
  -2.093890028349128
    -7.6614265729888
   2.400177002423796
     1.8198818392532
  -5.199991908937367
   6.853403871384362
  -9.914142381987583
   3.701293069269933
   6.517260188288279
  -5.552976087713583
   4.107230131869111
   5.181656625640032
  -1.351355969640924
    4.57962123021024
   11.77743054404136
    2.72310796320896
  -7.322660680129502
   5.585608594661437
   3.192926610530312
   5.365180146359107
   9.014010674341073
  -4.672951139160687
  -6.740495939354686
  -10.22485410707886
   3.343712868773546
   6.943958813202688
   2.084140127787556
 -0.4305007463747303
   -7.23061345868506
   9.446348806788574
  -2.489230259476741
   10.54299389868629
  -3.636173106226177
  -4.367170390869496
   6.581577546513037
   7.608009826509403
   2.893256630945583
   5.922243345524986
  -8.782282738073546
   8.209870370520544
   4.280562718165751
  -3.597136749654662
  -11.14259650153766
  -5.792389728085266
-0.05815585507377449
  -2.916343118348424
   5.320148997284566
   5.463596451878735
  -3.950018748485155
  -7.296518253001143
   10.11222688379968
  -5.606812971360959
  -8.588536423541239
  -0.575096849071534
   -4.32509486138972
  -1.815792291739047
   -7.26622946439946
   5.346512285443223
   2.984002210527236
   2.038921881176842
   11.27820570865255
  -6.126670080217636
  -7.545734464483731
   2.428954922653736
  -1.968473513194244
  -7.353298838796215
  -5.959636151781922
   1.941266638731339
  -7.724367896988704
   5.226462381971327
   8.800688661264738
   2.535890732507827
  -7.145647941605601
  -10.50175950550953
   9.383352460440294
  -4.890533789950338
  -1.398669944712427
   5.984748664725513
  -2.708333233016003
  -9.801136285415488
  -8.519317473519152
   2.869956160082359
  -8.696129405018835
  -5.507597848477426
   6.051446748270934
   9.014732916591727
  -9.322538832437749
  0.5455208096659419
   9.804296312398783
-0.02014919706236538
  -10.39129408517191
  -5.994338634128191
   2.150305081884207
   7.154685799754784
   2.635682693133092
  -3.148879955109304
   3.212826180763332
  -7.802522845941267
   7.154181307223912
  -5.482339207313824
   7.453336384134717
   6.808328948107067
  -8.181142450410405
    4.76863291947704
  -8.004704524860145
   -5.84223915389242
   7.727506325182998
  -3.956278733360553
  -9.100669006964669
   2.901359906800418
  -12.67184752976203
  0.5635107525743603
   3.477965119849826
      6.115124602851
   5.804328319494186
   1.070549799871835
   6.945657172444262
  -3.941460801059445
  -7.580809844124163
   -2.31029639328528
   6.192105907869065
  -7.795070509962889
  -3.034787523292784
   5.847542593415354
    4.10825353925822
   1.356662398144163
   5.731161259752261
  -7.261675565761841
   -8.20152045708396
   6.139950171188182
 -0.1307329987586325
   6.460687232105863
  -4.038372357722757
   -6.12212867427396
    8.68869326802746
   11.65103565219766
   2.990546465057753
   4.630304908018386
   9.923370385008827
  -3.828022013515318
    7.34612616712723
  -5.542697846449691
   4.167624855681311
  -3.248991224204948
  -5.462717184306712
    1.68412032916248
    6.13906691047202
   7.004877885742508
  -3.225389007906361
  -10.66212029491014
   1.587266854928899
   5.920140757574577
  -5.376854392636963
   9.945345084781021
  -8.407317137934474
    4.87202346415883
  -2.901386297906905
  -7.226954622904858
  -9.520770036175687
   4.204264696552037
   1.557153683109041
  -6.477567235796773
  -5.668990045670775
  -2.402698518243774
   6.177684816228051
    4.53915831332726
  -3.097816886289137
  0.8396053289115417
   1.741436195072205
   5.681736598908161
  -6.371201376885008
  -6.562002920084702
  -4.606886266593692
   6.860196369254394
-0.07282588572790287
  -5.377817607765835
  -6.026095506752155
   2.632298771896262
  -7.141521337245159
  -6.173185383966568
  -1.720997583272255
   7.867216888926987
  -7.806705920185994
   10.05433972109821
   1.255605356527998
   -7.90600716332361
  -2.126743674942204
   7.564770190053511
   4.687549597269719
  -8.600445556609188
   1.043350172840336
  -5.538307580230381
  -7.414826579581293
   -5.47140196760338
    -7.1282099095685
  -8.967197969015459
  -3.800686377019695
   9.092615702718239
  0.7196221675731392
  -2.308791562724443
  -7.327021303984758
  -8.364404923316837
    2.20710933407772
  -10.04671993181734
   4.603490549508245
  -5.726603501476852
   5.032956480799656
  -8.091729350422778
  -1.302661065195154
 -0.5250112732972094
  -8.253314560229054
   5.400373345441687
  -5.972250301514614
 -0.4041171293471774
   8.563818246463892
   7.240808815990546
 -0.8903349324397689
   2.166018300409553
  -13.73836365916744
  -10.61443265816253
   3.324462254543415
    2.69005478795267
  -7.267610623653143
   3.639708105699374
  -4.549678545901259
   2.349189653813343
   4.144669065968985
  -7.964307735180722
 -0.6492430188511156
   -5.93083784892182
   7.036526032692953
  -1.995710657116752
  -7.177010828729371
   3.248750674189627
   -9.62242958996449
   5.550302634073189
  -2.371293514083731
  -2.449787194563848
  -6.030280595576171
   10.52588310379508
   6.484649254222499
 -0.6910559510030264
   4.184032640743911
  -5.433367034593456
   6.444361137648298
  -6.590298522799945
   1.443229120620019
  -4.527133649139058
   3.008160765256818
   7.880220050395984
   7.605455165940288
   4.791791504076018
   2.772540365735408
  -6.937155966584234
  -7.504260036456152
  -3.079040648518705
   1.168931734236758
  -1.015712228307033
  -3.655167998829735
   1.110827933268439
     7.7908761429556
  -8.711796300506636
  -3.333257355517861
   4.630283948684145
   4.881687520548446
   8.074925107659958
  -5.920188002167825
   8.842512092688194
   5.129919497493181
 -0.2427234206788541
  -7.432610567749103
   5.563995671876044
  -1.585544139302529
  -6.431514495089365
  -6.205796321414693
  -5.217120591176118
    6.98649600769887
  -4.374914317960912
 -0.1801657079394405
  -11.02389191734421
