-0.003700349175848653 0.02158065552307666
-0.003674560000494856 0.02072670796804817
-0.003248045568406667 0.01931609114533178
-0.002442370627230044 0.01761887696071309
-0.001977325181808201 0.01628431998183589
-0.0005539727871895083 0.01410614774221013
0.0007698354174760164 0.01081118757071137
0.002868633651944061 0.006784175470344196
0.004105944243886133 0.002834888029008673
0.004159255223754593 0.0002432967482976219
0.004873757236623828 0.0001421435171940208
0.003395936436447442 0.001098320057286347
1.170440703340181e-06 -2.333638831124454e-06
-6.877222775600456e-06 5.752265225326895e-06
4.528016629755921e-05 -3.989395439410189e-05
1.014698603571469e-05 5.268819422105986e-06
6.098533137258464e-06 3.540551796521404e-06
8.650642970622968e-05 -9.285828201957922e-05
-7.063684967261646e-06 2.783194434713152e-06
0.002340905811943825 0.001114888425732938
0.003821321337750039 -3.893406291686439e-05
0.002867663867923348 -0.002755929625521871
-0.003090134526570732 -0.003390978420748093
0.0005510414436033508 -0.001302946404070464
-0.002768298615981742 -0.001223269240588343
0.00258288517990064 0.001478463334863239
3.698656672346546e-05 -0.0003586046288807474
0.0008654275633610167 -0.0004489374347070736
0.001044053339994295 0.001814092910797183
-0.001813058834616167 -0.0008244898047904796
0.0008873781630795509 -0.001211891270594299
0.00120977259879926 0.001904330365305518
-0.001152032535414225 -0.001461453155091315
-6.825091273792699e-06 -3.851546062880854e-06
1.663546171881076e-05 -2.30309244920652e-06
-2.025377917727085e-05 4.585204320097141e-05
-3.141066150554781e-05 1.186111614985696e-05
-1.141848206947924e-05 1.554258667864294e-05
4.292015037133826e-06 2.657879068061278e-05
7.072811255671036e-05 0.0003626310095530104
2.166473585579327e-05 0.0003086264260010619
-0.0001998170433780596 0.0001592725367328469
1.087323047876732e-05 1.359680462446856e-05
-0.001440031510919361 0.001765755273571815
-0.0021074882321954 0.005037102105419922
0.0004783957210651242 0.008852747885207346
0.004445405303351287 0.0104863924731115
0.008066181436420074 0.01023978712356412
0.01140390120536509 0.00951592105934123
0.01357041927894318 0.008011825105736682
0.01584595065718375 0.008199217117827829
0.01815024053770013 0.006698084539766982
0.02091296299092677 0.004727284667749032
0.02301698964570395 0.002116027471091104
0.02488921369500267 -0.0008875664718787716
0.02659813852984674 -0.004214859852722764
0.02805894675031244 -0.008480847001429698
0.02809753090859797 -0.01364167391331833
0.02158848320369818 0.01771649570307861
-0.007067285217149413 0.02386787958516161
-0.02375427685286095 0.002014112138725403
-0.00909294352606183 -0.02179924904539955
0.0165724304931437 -0.01640618768299587
0.01997816140772476 -0.003965434696180078
0.01530182932677763 -0.002694610264967222
0.01255227583015636 -0.0007284571684594455
0.01011839787620056 5.160750550579377e-05
0.007908232341612843 0.0002235448556617745
0.006556305413599565 -0.0003728643197806539
0.005219049931661538 -0.002067237618655003
0.002669215661761262 -0.003999581274410996
0.0004678260098084934 -0.001066808150689616
0.0008108587272658525 0.0003861364127311599
0.003708184744004593 -0.007589237137473163
-0.007242637482562382 -0.003438849638774348
-0.01136999485396741 -0.001122062526570647
-0.01847048630132383 -0.0001434540033021217
-0.01210985668121259 0.01694657194144393
2.225667780609584e-05 8.594081840316771e-05
-3.602426763323387e-06 -5.602906021717384e-06
9.74054459384489e-06 1.08207963437623e-05
1.012945661712942e-06 -2.576322114813795e-06
-4.097460971782569e-05 2.040577536046855e-06
6.041378485970533e-05 0.0003742986156312411
-1.218678542103955e-05 -9.425433793150576e-06
-0.0001056020249565935 -0.0003328086288511829
6.228507465287416e-06 5.987960044682754e-06
1.658703466448466e-05 -1.695563082166462e-07
-0.001910504579697505 -0.002080701321904558
6.416022157411863e-05 -3.099140645196984e-05
8.002027999953645e-05 -0.0001686850336791123
4.338098619603726e-06 8.448277371755241e-06
4.833235782755675e-05 -0.0001112814303795935
-0.0006544449007668746 -0.001986571463990485
-0.005501192548677146 0.0003424385367928804
-0.01637226461634898 0.005690880862979457
0.0054145526852628 0.01156552974269686
8.204279520782441e-05 -0.02166687220529205
-0.01630571715174244 0.01745097708013239
0.009179603558661624 0.02440408013966197
0.02925209443245191 0.002134302262795739
-1.36920360553264e-05 9.611980743544421e-06
-9.262073143552675e-05 0.001480764952137027
0.001113637840741743 0.0001509558621715774
-0.001070168400090965 -0.002091019981186783
0.000958700206027702 -0.002460940076072168
0.002168198499334094 -0.0008642337663156155
0.0001286738721159889 -0.0002384455977795958
-2.405850881586183e-05 0.001087288913479379
3.723177711682869e-05 -5.907064849636788e-05
4.640273685005343e-05 -5.511823939946185e-06
-0.0001205236874826389 -5.761103154175411e-05
3.947929108960951e-05 -0.0006563130904714968
-0.002339302009060283 -0.002507059727399678
0.002834755855855801 -0.001619248999962642
0.00225615367624243 0.0002021569671699813
-0.0004103870779732232 6.002366259446145e-05
0.002325293205959789 0.004154690829135662
0.0001190106043068712 -0.0005230913235880474
-0.003146171458869646 0.003984568133733769
-0.00723238602571036 -0.002568945501793845
-0.008052079817186945 -0.0002185039677265758
-0.01079458548189695 0.005150420292544386
-0.01598037832873982 0.01111065275654956
-0.01179207811187 0.01554432990876445
-0.01383475608361364 0.008569129517958414
-0.01497602105383456 -0.003072395588692275
0.004576433442467909 -0.01622809649745079
0.01301254994576568 0.00708291077413105
-0.01756152897719499 0.01361993365369301
0.002846624505752436 -0.02255804582532822
0.02544507937437811 0.009801370042263528
0.008347830433811982 0.02455293376294805
-0.01772259875928821 0.01669878163574599
0.01231495246409549 0.02208143886119671
-0.000441982666913201 -4.062652266526889e-05
1.226680163437744e-06 -1.641713097367327e-05
-0.004898407407672098 0.0006028367120975896
0.001031214087355532 -0.006222784404871539
-0.0004567821706473808 -0.001677088119179349
-0.002867076528632023 0.0001949377737998363
-0.001744033742289627 -9.682256139768094e-06
-0.001285687426241574 -0.0004790503089204136
0.0009269930522381751 -0.0008270801161800625
0.0003875969447411678 -0.0003450743788617113
0.002589750740720438 0.001694337399015849
-0.0007975251924405547 0.0014840992048051
0.0008513812278356381 -0.00042067166867013
-0.0005877141499178141 -0.002806119259038948
-2.035019522638557e-05 7.575453844386734e-06
3.762925725009179e-06 3.159728965157616e-05
0.001214744877115582 0.002118721518336358
-0.002396479115295161 0.002008064236506348
0.000718418126139034 -0.0003251460758832518
-0.003805978158771386 0.003646376887979244
0.00482812019245997 0.0006147107581697661
0.004574690232865573 -0.001344729793397379
-0.003553007340219667 0.007804120169581538
-0.003886272079690942 0.0024643547962621
-0.009057087132361575 -0.0001810267326426588
-0.009218019749744623 0.01291822887934679
-0.008480746003799207 0.01598031607687633
-0.01045513783603401 0.001738563806476955
-0.009816509717983278 -0.0005126451167657594
-0.01712295036496712 0.002017935716285933
0.01434930350494536 0.002032042180893281
0.005958180503079806 0.02162726390157502
-0.02005338234255478 -0.0006109698074709102
0.003718043473622367 -0.0231342697089339
0.0227355729504161 0.01573753296984725
-0.01832482381582835 0.01585614860623588
-0.02107351441731882 -0.01065506962000606
-0.007694704161265212 0.02348819540891464
0.0001265008370573843 -0.000457465022061147
0.0001371133526883354 -0.001159349776739702
-1.035722856507179e-05 1.105392558379491e-05
1.223706550287503e-05 -1.581930086939574e-05
-1.141504287251846e-05 4.710308364525446e-07
-2.293208341505572e-06 -3.762424663094286e-06
-0.006320704294312493 -0.002294883510538788
-0.006423492228046264 -0.01185957782182081
-0.001156714675253053 -0.002140257808146629
-0.002856838022450457 -0.002856873092719919
-0.002114942451234642 0.001259227599716165
-9.951012611061837e-05 -0.001401076445303441
0.002282635165922336 0.001219859982391344
0.0001514123981933378 -0.00122219678768451
0.001851360490568986 -0.001307683598885102
-0.001290176430087699 -0.001284138376154433
-0.0004502549944734001 0.002546385817305321
4.079690156567705e-06 -0.002485573816678922
-0.0008568894992486842 -0.0005143749024295497
0.00022361784194265 -0.0002507022080206231
-2.330934389934314e-05 -4.880147167066926e-06
-5.092160790993539e-05 3.47880483990067e-05
0.0001350638454742436 -0.0001125876885562479
0.002431294239273433 0.0009210204459531943
0.0001132417234360614 0.003106531074486679
0.0004792555943366826 -9.967231153932093e-05
-3.31049194968086e-06 1.210387422494102e-05
0.001779045436151029 0.006803625010015369
0.002025303872064225 0.005582916788196743
0.003592628780787591 -0.002767481058561165
0.006255419500564354 0.0002126806391184652
-0.002844446350100368 -0.005751603416520923
0.00278689581045141 -0.0007552973830647376
0.001339585143959542 -0.001656263854487956
-0.002172953031357969 0.01052517377967601
-0.0005875782100796467 0.006435726387332166
-0.006464269028244939 0.005493561094136351
-0.008563213225591738 0.009515992329466852
-0.00131255720367461 0.005176849967648769
-0.01420804447811212 0.002470491936880083
-0.004184735411948752 0.01553146297041689
-0.01064698106999447 0.01498605127786676
-0.01402883798339873 0.006036345152504223
0.0143696740748212 -0.0004380187920269034
0.01045165195421438 0.003819124007430153
0.01858599789934924 -0.002824532739956078
0.008585863458952597 0.02221205860167747
-0.01078526125547413 0.0180460449159206
-0.01014644532678504 -0.02087679245274392
-0.02056976009234502 -0.009953753216601892
-0.02337727723055715 0.003750679680390851
-7.421432186590533e-06 5.58096003684729e-06
1.473016247170686e-05 -5.034902019529903e-05
3.422197558574245e-05 -5.65353935840638e-05
-1.944732648779529e-05 0.0002020298848622925
9.475304604295001e-07 3.144006979662159e-06
-0.004122490077168103 -0.001406368441907741
-0.006549903485739601 0.003358478755886614
-0.01040568970818679 0.0003947318904225571
-0.001629466789571295 -0.004289864979667922
0.002138539147720019 9.140877546656343e-05
0.002236683940125315 -0.003401952151069163
0.005138079826289365 0.002160777863282266
0.0007767297152088567 -0.001968236216998289
-2.278240876811967e-05 -1.375783756497628e-05
0.0004300220915148096 -0.000881323247188845
-1.589098378417567e-06 -2.73767284539085e-05
-8.967844415667735e-06 1.079457843747515e-05
-1.65040336580763e-05 1.484944511486362e-05
0.001926702649951357 0.0003578103765093244
0.001861770168784006 -0.0005354880541509063
0.0001079840700363166 0.0030137662596353
-0.00290164979722915 -0.0004856515419703266
0.0007541478017543138 0.002821043420708655
0.005957254476064574 0.003551456718751754
0.005699032406822441 0.001753089750321127
0.0043523201147862 0.003161616750407504
-0.001300275884277058 0.005961120736770249
-0.002689154316334573 -0.00103108391121079
-0.001028208328114387 0.0001641431720965824
-0.0005210704991511063 -0.003315265699266233
-0.0001663950846009866 -6.39381119929066e-05
0.001665601156905277 0.0001021232685444086
0.0002493284349918137 -0.0001392697213009718
0.001461933379440967 0.0004988880398123118
-5.063165001754676e-06 -1.854303824329562e-06
-0.002528265264341744 0.005430332028282003
-0.002104005531625902 0.003860504019042605
-0.004570265368574319 0.00576380232721282
-0.005767546420003426 0.009651600014912694
0.00355730916805015 0.003272186381130267
-0.0008612279352179717 0.00583983038597107
0.006138307813308653 0.01610934975845157
-0.001235775935890922 0.01917395684148392
-0.0005845410013021688 0.01433819214231916
-0.01133608905344563 0.005880817688756132
0.01126749115578788 0.001098635223915463
0.00724083085800808 0.004591290199313583
0.01764752883807691 -0.003369644809585203
0.0199415920591873 -0.01092849514321777
-0.004993672534677904 0.02348106933746641
-0.01175644834448452 0.01989099377162767
-0.02235971478667682 -0.003125004956583252
-0.008679367155803287 0.01996355067755566
0.009255386643152676 0.01849442915621665
-0.02011462687910096 -0.01153337714014119
-0.002749191693229628 0.004119802379554339
2.705656351561851e-06 8.515091362494061e-07
-0.005183415568039257 -0.00696513964776688
-0.008934845135272611 -0.0075238399787937
0.005356417803118899 -0.008022916186646072
0.0009555652507962052 -0.008547536595950546
0.001129588380169497 0.001607587979658377
-7.409923166923277e-06 7.645538835088223e-06
-0.000347997525649868 -0.00145940848508296
-0.0005974129955244803 0.002900187028969541
-1.741863146316769e-05 9.682178980533722e-06
-0.0007429880589255761 0.004895825490380559
-0.001004645085656481 0.005408359329220444
-8.97791224771672e-05 -5.523162782473494e-05
0.004251070699226206 0.002518560241478506
0.0007605379183550818 0.004507306829919855
0.004481144125138861 0.002933149778914636
0.004164456580162353 -0.006199773537106286
-0.01456576138745191 0.01422617251173545
-0.01413811352527326 -0.002323826942893357
-0.006898128712922757 -0.01404241469938388
-0.001889402741698825 0.00882836722071376
-0.003920698815591941 0.005410638744777935
0.0179414341410567 -0.0146906877620253
0.02025999897475225 -0.001802213635023626
-0.02066586712240396 0.01058344900090531
-0.009953043232369256 -0.01988545511694859
0.01510515977370908 -0.01572952231149162
-0.01854347317497636 -0.011263766737493
-1.709548082602898e-05 -1.892506008733122e-06
1.319676175301474e-05 8.410344049077147e-06
-8.838738459486325e-06 -3.065704655877734e-06
4.628100927744378e-05 0.0003929275841634369
-8.902201297175072e-05 0.002506414810722681
6.793382577251497e-06 -4.87957057765156e-05
0.0002609815329262386 -0.001190808385171541
6.989743310813117e-05 -9.422542398953866e-05
-1.05320011011131e-05 -5.872716623206503e-06
-2.096861141680309e-06 3.924027810502827e-06
0.0009994536677500299 0.002033671033712952
3.936326780342164e-07 -1.91847221232516e-05
6.129786728887171e-05 9.458312069875065e-06
-1.691469124300357e-06 -1.628420859090049e-05
8.573473036169617e-05 -2.8924133862116e-05
-1.053754001558726e-05 -1.2221787092548e-05
1.711156990094756e-05 5.02963596143775e-06
-0.002452328850453799 0.001950450217084048
-0.0005974403274225201 -1.479278229127038e-05
-0.002754975175580251 0.001860164699819076
0.003764282175280698 0.001080699611523675
0.001203846153577375 -0.001798556265775422
-0.001105682248421989 0.004208639300506867
-0.001886817202673714 -0.001287730454487161
-0.002291777323313346 0.003691383225326367
-0.00281601354922393 -0.0007056124072958751
-0.002851458102118206 0.002324072544339341
-0.00320483156887165 0.004381801775980643
-0.001925041851540196 0.004253645213975142
-0.006651498398143023 -0.001628938484945002
-0.004754631868564855 -0.005082950510198802
0.004808316964826175 0.008164045303384071
0.02131034834039929 -0.004906909014350766
0.02087992807033832 -0.003554189182255041
0.01736652653705547 0.0007625377684798336
0.01885854940567853 -0.01142706655273625
0.01376634690059972 0.004667663783156833
0.006878451116408791 0.009523445569306701
0.01694854488544458 0.002587016471776998
0.01872710859284767 -0.0006064785796540529
0.01933862048911552 -0.0001186890007410639
-0.01506011153601513 -0.0161897995071809
-1.343612061735059e-05 0.0001456407446897478
4.519022529198681e-05 6.843618843584181e-05
6.823136637410792e-05 1.913938161935051e-05
-1.071749699803945e-06 6.17614360575748e-06
-7.411407355459395e-06 -8.277562889761322e-06
3.439894124969691e-05 -3.089023379580768e-05
-4.172110778151278e-05 7.640625089726713e-05
6.032790670558053e-06 -2.76751985665106e-05
9.774909036193874e-06 4.372480963430911e-06
0.006112610091628524 7.884626899441464e-05
-0.00498045130814243 -0.002107812839581636
-0.003179940306159004 0.005981443883937613
-0.006397894576970519 0.002084968184585943
0.00728356858083987 -0.001165581595136899
-0.005469071045673764 0.002673138435257271
-0.003360552447910795 -0.004946933129533721
0.002687444648394195 0.00776692606847309
-0.0009933214045250332 0.008514478892336667
-0.001979309302993964 0.01038448942376467
0.01040334529933473 0.00616330147895319
0.003563158145763194 0.009482804658703171
0.007314994654704002 -0.0188325349975994
0.01301252130628644 0.008037416507158229
0.01738321975422369 -0.01163058805476666
0.01967751570901338 -0.00693537055420027
-1.700462289316577e-05 -1.941869834796253e-05
3.75897676081646e-05 -0.0001753207135911159
-3.861076491317584e-05 -0.001168614409521759
4.607045151286436e-06 3.495478206497989e-07
1.106610380643968e-05 -8.764491688127636e-06
4.602785253358476e-07 2.051764299859909e-05
-0.0002857701753838523 -0.0002510377965611684
8.953347086624619e-06 -1.314141492483867e-06
8.401304703785928e-06 5.770535800107006e-05
-1.088377928065088e-06 5.075950724481878e-06
0.001332084031383885 -0.0009610032648169504
2.378638585752391e-06 8.814207754886134e-06
1.454104838755744e-05 -4.230222010590637e-06
0.00159437666260967 -0.001320254819606502
0.001034126974130181 0.00169213390844582
0.00451896778604876 0.004044223323737696
0.003245522975539156 -0.002627666547153639
-0.004284972900751599 -0.005904497570212864
0.002400770476797871 -0.006988355152954701
0.003136400682566344 0.006949838835903516
-0.003628800203195302 -0.004861292250009986
0.002737260666081277 0.006558646487536166
0.005134396985796322 0.01092400414495101
-0.002136283382185134 -0.02097295326097133
0.01208153332258284 -0.01678193731205515
-0.01347774460714503 -0.01565177449177663
-0.001069389529884258 -0.01895496254845696
-0.02073846031203446 0.00167018477991172
-0.002241575713432756 -0.01983017250744406
0.01736047822899857 0.003041034110450895
0.01358952740726837 -0.01680142271328296
0.001957267187862239 -0.001534669623674775
5.770915089864839e-06 1.004800918873638e-05
0.001471155213608626 0.0008948259484168761
2.706816366464516e-06 1.274309574577133e-06
-2.202820344714189e-05 -2.247886782521706e-05
2.561454998050479e-05 5.711448831181224e-05
5.124997093868165e-05 6.0194002012772e-05
-1.428549649040797e-05 -1.986171286745355e-05
0.0004723396023303831 -0.0007143843652931783
-0.005800058306073905 0.003986807918151416
0.006792333254377701 0.0003685511101204077
0.004649882679102887 0.003001029207608947
0.004930919263554824 0.005364611662572973
-0.0004170187629461985 0.006374788113056948
-0.007439604035281963 -0.001032642558465612
-0.002215348213378723 0.007256992356270983
-0.003374035239333729 -0.005184969136344157
-0.00693608539061432 -0.00261634674933338
-0.006647426413048352 0.002787241329718556
-0.006177134735296858 -0.002612896945955446
-0.00589921435591377 -0.001071425505332307
0.003574337587018162 0.006680071793917777
0.004251409793393435 -0.005002078030032915
0.001016194161515471 0.01061232396058145
0.005925010038995917 0.01137308695964625
0.002156451490291499 0.01196272227462062
0.01058251966521089 0.009427688378074135
-0.02111246299576667 0.003920217203313983
-2.144767025152584e-05 1.824137876776036e-05
-5.929873975764388e-06 -6.346579340149304e-06
-5.91076853287365e-06 9.996794113016522e-06
2.620974090004065e-06 3.780220697426354e-07
-4.054086575073579e-06 -1.354126794881045e-05
5.164901418950213e-06 3.713440586700843e-06
8.454705929288694e-06 8.527147670906622e-06
-3.063251207091408e-06 -3.656017174025911e-07
0.001193143319360701 0.004215981874106182
5.49696346215966e-06 -3.881620874042432e-06
-0.0003668623220156186 -0.001863144763718922
-0.003844878603959693 -0.0006242902471157707
-0.002416220972380132 0.00361462739726421
-0.00358165753215461 0.001402525118385978
1.807356670106423e-05 -1.567711070298663e-05
0.01308165009494134 0.007678793345379215
6.978358815794103e-07 -1.136329850156242e-06
1.900791316855587e-05 -4.040034773795893e-07
-1.381759646256856e-06 -1.673309457858354e-06
3.159133744090468e-06 -3.144232415171084e-06
2.069072006957357e-06 1.307813793407767e-05
-4.009123622773084e-06 3.501784305433278e-06
-0.002068796386147144 0.0008637340116259999
-0.001707911910900102 -0.0004414667877068642
-0.0004078626400797584 -0.000707841783877532
3.900172219386124e-07 -9.930572028731097e-09
3.102378416000548e-06 -2.349961367310318e-06
-0.001873850907549671 -0.005054326343890011
-0.002191477790678027 -0.004147710716479211
0.0005499078897983644 -0.004329206246072295
3.439417272900898e-05 -0.003738283296386384
-0.00244889907280696 0.0007098546240069666
-0.002578329018687699 0.002279935630357668
-0.004071368189026936 0.005608490579203476
0.01652604382669583 -0.001799757405873246
0.01347405821678777 -0.01319673577124198
0.0123285204222105 -0.01245073520920926
0.01710583459704878 -0.008231164347452746
0.0088547365758201 0.01064683102823825
8.163245408183804e-07 -1.915544049835388e-06
1.703080079875947e-05 -1.148823071366902e-05
1.934185827234421e-05 -3.247631269853287e-05
-8.562562959830326e-07 1.676772679748501e-05
-3.536459231257344e-06 -9.858374683770056e-07
-0.006254146682564762 -0.003409250211850636
-0.001435054501316535 0.01095104089069228
-0.004069809955660084 0.006713508372514894
1.95086667436408e-05 -1.273407598580965e-05
-0.003416515824770886 0.004191640913418318
-0.001999384431145368 0.002646239939334059
-0.002039688905606848 0.002112294564273811
-0.00148569547712923 0.0002018795607477269
1.93928343061091e-05 -1.667956695392686e-05
-0.001713166821274888 0.0008340834158758095
-0.002662082118613272 0.001505087699908989
-0.001061007254413135 0.001302304203687777
0.01383948410690054 0.006238876828058947
0.01745411111292894 -0.001356659660334041
-0.003556064963524484 0.002825825317120816
-0.003510769794551589 0.002116403529356858
-0.002651387135729334 0.009131012679393884
1.014529651766249e-05 1.938779635601807e-05
-0.001835943630064409 -0.0008027145961832324
1.966129424766847e-07 1.72288438289532e-05
-0.0006151025790912013 -0.001225248635188482
-1.261632465044881e-06 1.046334641952836e-05
-9.306332715172628e-06 1.216375945417928e-05
0.01744062567740878 0.001828037541021476
-0.00154069016695507 0.0009805743980855399
-0.0009522787729896049 -9.624855101475968e-05
-2.007319158327548e-06 2.170086061090794e-06
1.779622752391463e-05 -1.995703858518949e-05
-9.409195865813654e-06 1.063614255098113e-05
-7.743752309374873e-06 1.365286022457409e-05
1.842477397864017e-05 -1.959794699630239e-05
-0.00170583121194049 0.002544447430841826
-0.001276830978513334 0.002421605205883917
-0.001076260474108661 0.001882988006753086
1.854596268717962e-05 -2.148983416097495e-05
-8.80588858285078e-05 0.0001630416083125055
-0.01617832006520442 -0.00332394996786816
-0.009432291495610557 -0.01435012129051001
-0.006836712436362001 -0.01701822427316194
-0.01602100122891488 -0.01047260994428446
-0.01795617572749592 -0.003644540924719343
0.01214736639832598 -0.00216731861793347
0.01441916863326102 -0.001102894350190741
0.01320539262770924 -0.009446601985646584
0.01090732390147043 -0.01001915247338994
0.009006979623278942 0.009187669439399939
0.005018728996812439 -0.01260915019537721
0.00145925980831301 -0.01586973054502804
-0.004334292001786797 0.008528052633795014
0.009697668239279932 -0.005280262017044799
-0.003781657254954347 0.005380826145912973
-0.002485950160102577 0.004469042883047259
-0.002998245313183527 0.008691827114667837
-0.003226086801999244 0.009738363224904444
0.002596630433640445 -0.01145111664298551
0.007792147054651256 0.002239501307575619
-0.002399741971657115 0.004820693500024428
-0.0005154883876515881 0.001007865968201324
-0.001141839312446007 0.002237274933115901
1.777881902476327e-05 -1.964497835799678e-05
-0.001774220112737673 0.003329192156505987
0.007939317309550066 0.007897372516477015
0.001362883945767358 0.01114238522614548
0.006934155396819346 -0.002492624254656929
-0.001299531362055277 0.004699647078781182
-0.0002060353237619393 0.0004303879244732107
3.700143802309076e-06 -4.408253996937816e-05
4.689646910142158e-07 -4.157195508268235e-05
2.958398937049737e-05 -4.226534110038901e-05
-1.41105658871537e-05 4.268051904923612e-06
1.25753013091924e-05 -1.98422205434526e-05
9.715024440459308e-06 -5.54292972262063e-05
8.568707492027389e-07 1.758211606994985e-06
4.183622698295758e-07 7.736826911995011e-06
-0.001062392218197975 0.001831401432988775
-0.0005241449347996668 0.0009972006856150835
0.007113886262300433 0.006850205362187292
0.01281225461451404 0.001663111875749323
0.0103957019312633 0.006885037160764032
-1.779435795391381e-05 0.004105774395734657
0.004097146788192421 0.005267961519053591
2.464166602119393e-05 -2.49952977044615e-05
-0.0001802060438322847 -0.00103593582509621
2.149182161651593e-05 3.984948206253489e-05
-0.0001279659290736113 -0.0005348565009248319
-1.326401413644423e-05 1.729429193517321e-05
0.001104527225864443 0.008010293770788565
-0.002529255843557952 0.00430563330817056
0.009437656205795427 0.001863084570715416
-8.104088840129022e-06 2.126030856694483e-05
0.003658423262632462 -0.02195055779282332
-1.185657625974346e-05 -1.42199540759068e-05
-0.003778813313810043 0.002730938316321297
-0.004063126945413327 0.00141474109447888
-0.007766907684578469 0.00230693666572139
-0.004923148593042179 0.002931953230876149
-2.012527730601873e-05 5.654601368584229e-06
-1.490033523843009e-05 -0.001098592851984542
-0.004956843772584113 -0.003647396121432824
-0.001390795576849385 -0.002799525494034327
-0.002314575479600665 -0.001865174992719312
-0.0008952364828636869 -0.003780112494490223
-0.0004736055012662396 -0.001791223494360964
-0.001614881319705396 -0.005587590645902443
-0.0002958810626227932 -0.00165724916439097
-0.001090208425142148 -0.003179863947280705
-0.001229361144168337 -0.006122728264257795
-0.002402186461597313 -0.006248210084929159
-0.0003412583938297058 -0.003191727414067198
-0.0002888423066954988 -0.004897825172290248
-0.0003067163538128928 -0.001894842625596137
0.01475673722439919 0.002379769684733725
0.002335128457669985 0.01144971232909463
-0.002976472281094541 0.009980529884422747
-0.0001709086987707085 -0.0005124024179019081
9.054332227479509e-06 1.496043883589578e-05
-1.050697467252212e-05 1.460509964939739e-05
-1.824152414117634e-05 1.913323516177715e-05
0.0004956848602116557 0.0003414204317846854
2.592635207611444e-05 3.284558681434587e-06
0.002995699707924305 -0.001286713771861332
0.002677658437635665 -0.001192272115812403
-5.589640147381482e-06 -3.808284843698149e-06
-0.001763884829676605 -0.001227865933323414
-0.003050629711513737 -0.0002498144006283438
-0.0006117549538442508 0.003462596697368926
0.001240096614932091 0.001006954211002686
1.424440568598652e-06 -5.764768169098849e-07
0.004497828779492116 -0.00063660356248976
0.005648151968395812 0.002473935630446725
0.004656352015075462 0.003872950844736594
0.000485714056497897 0.006004736036616926
-0.004829271989829808 0.003833614085650689
-0.006345145043024854 -0.0009936348674738811
-0.005650921012378013 -0.003920982529900509
-0.007856759435850819 -0.0004565349076840302
-0.0003556502952897442 -0.004322651397878683
3.31048031319366e-06 9.141058812981223e-06
-5.591704833455522e-07 -3.532899439836342e-06
9.052783386777273e-06 -0.0001290902690868206
-3.892459969113034e-05 -6.215945837627289e-06
4.428200478338652e-05 -5.542609579632735e-05
2.899512764754435e-05 -2.493450079760956e-05
1.428972950287501e-05 -6.469242801888576e-07
1.468843855300771e-07 -1.109801902209317e-06
7.332412837930824e-06 -3.691887799714622e-07
0.001848283549202308 -0.0004419715938956778
0.001739569605144046 -0.001496551173007761
0.0006945602542533544 -0.001772295366094811
1.349979297999556e-06 8.08772827038393e-06
1.66468537064141e-05 6.225709011520867e-05
9.948857039846158e-05 1.940938446922863e-05
8.604378014418751e-05 5.507038934759813e-05
5.263481735395548e-05 4.160697346171398e-05
2.057569684229443e-05 8.476288239180262e-07
-3.36172258856027e-06 3.015006633477062e-06
2.524923089436891e-05 -2.833556055932505e-06
-0.005700673158502782 0.0005696463419374997
-0.001075500809871029 0.002243746412297958
4.667889611853816e-06 -7.108416757210874e-05
-1.296006864655748e-05 -5.613738983392108e-05
4.405312478976952e-05 2.054911603772502e-05
2.691273616961248e-06 1.547369352762108e-05
0.001859572728228165 0.0005543581649605783
0.005245190940563089 -0.00204235950768006
0.0009626853277155623 0.0009939212427311078
-0.001415411304695312 -0.001222187963178231
0.001520296742185442 -0.0003552969220638678
-0.0021550995271465 -0.002340420510295746
3.212647253388369e-06 -4.662078622167694e-05
-0.0005425054999193567 0.0005842856848072487
1.094011006411132e-05 2.046954684212831e-05
0.001292203625544398 0.001252397146995348
-0.005161305312090951 -0.001170908390065158
-0.001077486198004815 0.0009053619511905795
0.003651010570568509 -0.001534530037230709
-0.001089507481262272 0.004658860162365346
-9.671262011450074e-05 -0.0001728193105026313
-0.0008094172242122356 -6.866020835797697e-05
0.0006829049073588236 -0.0005700156438857641
-0.0003502419607907005 -0.003003160667438154
-0.0009012500823790537 3.753239701399296e-05
-4.371350745945663e-06 0.001025046969428134
-0.003443653056928444 0.004894397791302066
0.001258617351133896 -0.0008898611083321581
-4.419598951567772e-05 -5.186697485602204e-05
2.070721456182375e-05 -5.023631365120999e-06
-5.889836558058047e-05 3.639993221794183e-05
0.002965937687538673 -0.0003596653781071307
-2.003477137281184e-05 8.521896040637325e-06
0.001842931731239437 -0.002660589605654313
0.003072787986755487 -0.0003875067352960782
0.004972093359603314 -0.003372749681211662
0.002761764770798244 -0.005269204544028683
0.0005348687222850692 0.0005000783461387255
1.556213641805981e-05 -3.154208940688536e-05
0.00113074340369331 0.00187768323135752
-1.022006772274639e-05 -1.962098857418357e-05
-9.652957480439938e-06 -4.631949620527013e-06
-9.525197148790295e-06 1.606463239851795e-06
-0.0001865503729950766 -0.001093493163216586
-0.004546371258550339 0.003810037289314171
-7.826046226754485e-05 -4.087797428507404e-05
0.0001694875880073902 -3.303545509413514e-05
-0.0005379029476420666 -0.001823880900460122
0.0003999571592652767 0.002794959474430509
0.002227205224369045 -0.001991024971670563
-1.451754129614574e-06 3.209416513731045e-05
-0.004751024048904279 0.003769429537423025
-0.0008876806170262864 -0.005832287760135273
-0.002342807367325996 0.005557768132426475
0.001961218515859022 0.00544393360605905
-0.003260623975074838 -0.004655898046272171
-0.003912838077722993 0.003936721905130479
-0.0015542342313143 0.005336319239920311
0.003469314597318498 -0.004786732260206721
-0.002627428613051666 0.0003606252769605122
5.418037277729419e-05 0.005791573685659089
0.005974273538068286 -0.001817291114452644
0.006668284478578746 0.001259427901568489
-0.0004555052955474326 0.001538002955537217
-0.0002093622229309545 -0.001113545884374849
-0.0009540071214733038 -0.003186616724604726
1.751050247521675e-05 1.014149825894635e-05
4.909845432546586e-05 -3.356882807043984e-05
-2.380628794931325e-05 7.701835243405303e-07
-0.0002984186276056192 -0.001736865210186123
0.0001493485474874294 -0.001197291123817414
0.0001307515396481 -0.0008948161283514017
2.050865984934683e-05 2.002639553295804e-05
-0.001256133341874597 -0.002194391975530179
-0.0008369945069524799 0.003151868197866402
4.035261271447526e-05 -7.561735543055132e-05
1.900495042857418e-05 -8.976168848884336e-06
-2.695369640317873e-05 -5.882718011925328e-05
0.001183007147361236 0.0001982050667051768
0.003597146206063429 0.0003718634668438044
-0.002838402318172761 0.0004497672673155449
0.001220658452721552 0.001253360709344134
0.002030314993107248 -0.000305904774615932
-1.344517226963977e-05 2.413898784964723e-05
-0.001656451419459232 -0.0003211928706814069
0.002535688000582588 0.001632711073070498
0.001495944440926443 -0.002721050643973826
-3.171799152366665e-06 4.6439758238302e-07
-1.14700909087606e-05 -4.159760035944886e-06
-0.002152167690291165 -0.001841342836889439
-0.001704490262127767 -0.002457579969033938
-0.00028484967516508 -0.006646530236968936
7.867003758745302e-05 1.786312620624439e-05
0.002798177524499238 0.00112311035800788
-0.001094575661616001 0.00491841923816217
0.00629010421456886 -0.0004393989518524661
0.006451672136800361 -0.003370085657696041
-0.006894081399958634 -0.002834134908544764
-0.0002264741685568329 -0.001612700551462344
4.726618609746321e-06 2.723143528137883e-05
0.002441525583508591 0.0006878199608122375
-0.002748549951293878 -0.0004052600913572781
0.003982509098526587 0.001569950748518914
0.001756048336535848 0.002234754446006443
0.0005944720864084021 -0.0004093482971550044
-0.001628908169607152 -0.002490665887607978
-2.921246721766248e-05 -2.263775285385804e-05
4.617180508361271e-06 -5.036964258265929e-05
-1.582506521260871e-05 4.012531176249708e-05
-5.238175750126989e-05 -5.462742000802895e-05
-8.280427143379711e-05 -0.0004023054782071177
9.685876915539357e-06 7.888391667185788e-06
3.166798789957829e-06 -6.753682813573333e-07
-8.832650252005127e-08 1.253495353073021e-05
-0.005904197526966784 -0.001620205714444518
0.003896298769071399 -0.004500620141023263
0.001587358351159956 -6.094331479595159e-05
7.214835909660599e-06 -3.101833442777715e-06
0.007906556632651216 -0.0001991623153643255
0.003267597911890322 0.0004724186173290148
9.048307623568734e-07 1.081540374430402e-07
0.001079003682218873 0.003041913707686346
-0.0002130871936755991 -0.002499716005712496
0.001230479649422933 -0.006338062506371046
-0.005624667207974211 -0.006340482309673796
-4.139304785537013e-06 1.160446823479031e-05
-1.498433444038005e-05 5.180998290763411e-06
0.001053358817160282 -0.00125285750258385
-0.002023467955300688 0.001654072943673455
0.001621153598491947 -0.0004678234016455275
0.002624496863018681 0.004732055982053032
0.0009149924672338191 1.370981153880658e-05
-5.205224369949724e-05 -7.894500616068742e-05
-4.52753815140495e-05 2.083285196391072e-05
-0.001323802722804715 -0.007089938620359404
-0.006438631133559458 -0.0020265292366104
-0.004437995739318939 0.006360991656959074
0.005589465091889191 -0.003436216693376287
0.0008747978149768299 -0.001824028354326893
-0.001986509209769585 -0.006602555881015516
-2.555998653926623e-06 -3.725937330329897e-06
0.004713481378073597 0.003562000235627254
4.713730135944831e-05 -2.58130501686866e-06
-6.443798707575965e-05 3.201204250580903e-05
3.335622141044379e-06 3.442214011300603e-06
-0.005185660593558222 -0.003421432135295364
-0.008302064126623316 0.004006039585324332
0.006306706293706661 0.006922743464621607
0.002702444738970217 -0.008758385961763827
-0.008101276692210543 -0.001691528183535402
-0.001894731299768959 0.007011634558148429
0.002405122883454713 0.003558082050905976
0.002601687948926401 -0.00242332021373209
-0.003573022868057331 -0.0005280352694597641
0.001397477850941242 0.004342263147890805
0.01847841522893757 0.01346564595937584
0.0164574926979322 -0.01638487288906909
-0.01450121527860579 -0.01780324083943716
-0.02043411966426727 0.01023823537150673
0.002710139962023339 0.02142116370838548
0.02055844730889969 0.003210324195478359
0.008074585558628687 -0.018728949635923
-0.01386749876000702 -0.01439170010169458
-0.01972933717920076 -0.0007560724059591025
-0.0184755633820253 0.006565673231839066
-0.02062370473588227 0.008623631695980212
-0.02396443521550778 0.003622974810244653
-0.02269362512316703 -0.009877005992958468
-0.002673752193862284 -0.02487933219846844
0.02348221520356975 -0.01065108793508325
0.01761649077710531 0.02017485439576908
-0.01192080982583396 0.02548085145226564
-0.03009064920035135 0.004486896896517887
-0.02287796074054669 -0.02368574677457689
0.005732774521102743 -0.03163858210709892
0.0006549165463294108 -0.01050258586690499
0.001472005465665104 0.009902258899015796
-0.003295588547228546 -0.003770719864841627
0.001509104153575325 -0.001752763202412598
0.0008495178579910938 -0.001093225057916295
-0.009481436157993652 0.01939624225255767
-0.01863558799494887 -0.01870277840860598
0.02194403154275399 -0.02201844718251217
-0.01497703426276601 0.009133642376226703
0.00579177283024023 0.02123327475404551
0.0206710368207346 0.00579648247618416
-0.0006450881674230943 0.0001297550805673885
0.003355701181202773 0.002193693061753231
-0.004146461765286341 0.001378102252422807
0.00264387154937464 0.001929205224497484
6.663369882335203e-06 3.772388139052704e-06
0.003725513009961695 0.009177807573071671
0.0002101675238256615 -1.007457971792841e-05
0.0007400753513635836 -0.0002659324287441941
0.01469014794899999 -0.01747895096764345
-0.00328055783409553 0.02444874241914127
-0.008704654116260297 -0.01867524820926012
-0.01330814831402891 0.00504952765630876
-0.02556650872249262 -0.01470749667185563
0.002237138240523587 -0.02976860539133403
0.0104396474246123 -0.02457971579079457
0.001655715059001403 -0.01436298164819396
0.01062813926763531 -0.01446827372354117
-0.01339370594043676 0.01494013131842458
-0.0008349981846298789 -0.01743916322940668
0.007569192987828967 0.01924371214052568
0.02237873224825359 0.001459523144391523
0.006375051385597843 -0.0211242804696446
0.01792384953096325 0.008464311512738814
-0.0004016089727844565 -0.001461106646691432
3.167823871010074e-05 2.861463639208753e-05
-0.003117448775753567 0.0007934300820901528
-0.002931664185180708 -0.001416990790615146
0.002983581838074433 0.002447677733519439
0.001875651799107405 -0.001667020972753575
-0.002551229163546761 0.00302733737370989
0.003150471992427599 0.003073417263256774
-0.003741045590815063 -0.0007413044858910358
0.00189711581702072 -0.002583058527619806
-0.003837061648759114 -0.0002390839909531427
-8.546212392754211e-07 5.680993067981495e-06
-0.001958404230802938 0.006457997042358428
0.0005778881768206445 -0.002778187520147061
-0.0005884917979138249 -0.0004536510904387063
0.0001127277011109318 -0.001048873075004244
0.0003389252275402183 -0.0003993937462956548
0.0001050820259309769 0.009067544806830549
-0.0192587154946946 0.004428600296153553
-0.01328268592559458 -0.01985512255183407
0.0001067486002542953 0.02630884670792879
0.01434475013743283 -0.01590882811723098
-0.000994003249179286 -0.01562510934289263
0.001652274560491901 -0.01075739772682066
-0.02855916190692432 -0.01184997372069785
-0.02531993726897916 0.008666489104543576
-0.00590239679623965 -0.03123078089808844
0.02061635897941806 -0.01982164057560237
-0.01031426713429852 -0.02620372912654614
0.02298775258310634 -0.01233100397551251
-0.003400309702078038 -0.02355153213336265
0.01259184244156522 0.005265857355078763
-0.005101137180179013 -0.008473942739614541
0.01476973674398697 0.01026857654337545
-0.01233864782309673 0.01740462818627303
0.01518400306244082 0.01287552737915333
-0.0191399462282595 -0.008609338198154015
-0.0004585322118824839 0.0203228748519197
-0.02181313136656596 0.002615510420972046
-0.002254258888515259 -0.01900150287356654
0.01415839666905929 0.01663275146739293
0.00522875238392963 0.01841450254253614
0.01794615210655833 -0.0102002832107194
0.01494881952077206 -0.01199428095211277
-0.002682131053106411 -0.02023809278491753
1.558870240005643e-05 7.642078866248981e-06
0.002841041946780792 0.001270225043715223
0.002116212416589918 0.005899181961419471
-0.001674193781344407 -0.0008340616936780788
0.001300783807722475 -0.003738236779362538
0.003403070350385384 0.00194471552283361
0.003217593241300424 0.0006870564649947795
-0.00157645545993493 -0.001929323270534482
-0.0001044296093565254 -0.0004103698527678898
0.0009830683643892973 0.0001601104463455556
0.001048686862817131 -0.0005724265773439997
0.001861334260343176 0.0007563712435308653
-0.007685793596494934 0.006773357490929981
0.005793732343369271 0.006871231130838667
0.003004226065375966 -0.0007794702783164317
9.703516361700778e-05 0.00374751473849075
3.965480753860465e-06 -3.650008041725782e-06
-0.0006307045966486964 -0.002053406386989228
-0.001590270816772903 -0.005183843692782372
-0.006751059876321816 0.0007928240553983125
-1.34371472984791e-06 -1.841304011042417e-06
-0.001168986062308527 0.008876361807320775
0.008111472038918733 -0.003944683110666499
-0.007070217667199201 0.001896722693197007
-0.01771122636993691 0.007831322490021849
-0.01407717612380053 -0.02018463243478327
0.01367146239205747 -0.02036127920991157
-0.02377832510820824 -0.00242173146885981
0.0142879367395676 -0.008615628345207932
0.007901682697711861 -0.01017351593202106
0.006833483918486632 -0.01702892140939827
0.0117834585302443 -0.001513167427703508
0.007755093515819293 -0.005171402394142917
0.008037993018413955 -0.006338961370329538
-0.02632935669467684 -0.008636763325783208
-0.0229339974414804 0.003730427722219537
-0.01369619871615804 0.02237310368076497
-0.02443416567151548 0.0141795384867504
-0.004587243242493641 -0.02518256281192367
0.01623929984875812 -0.0186082552413627
0.00199205737798746 -0.02207338666305869
0.01481972707686238 -0.006036309866703779
0.008507216408221994 -0.00135886408021265
0.01350756015776937 0.01567773100378558
0.01822040991859945 -0.008549850458691366
0.002641811916963242 -0.01968101493094515
0.01757812061312567 -0.007386749122653988
-0.01428085900496286 -0.01690152333181298
-0.01765933896669163 -0.007909196958358499
0.003312133168123799 0.007812422754089325
-9.61928494177981e-07 1.126462876935036e-05
-6.961526711178915e-06 3.560705415344261e-06
-6.339429024258937e-06 -8.93158082738516e-07
-1.014259971291451e-06 -2.789435281822501e-06
0.001341885186557124 -0.00320531897772921
0.00189092774957699 -0.0006238991272295064
0.004359834596399688 -0.001599633780902699
0.005529360406249218 -0.002463897445356395
0.003424409312367283 -0.001298725848430787
0.005757244498101404 -0.002209257378390784
0.001047829817855575 0.001454466597525992
-1.881169035152397e-05 3.362418246471454e-05
0.003955435405273255 -0.0003649620809925569
5.631879785637259e-06 -6.059214851603828e-06
0.0097660081992797 -0.00205200116117656
-0.005250276934585433 0.003754543452066801
-0.0185943740956689 0.008436781062231901
-0.02188588165612654 0.006573637667037371
-0.01874212496816411 0.003729353896377854
0.01310137914589396 -0.02133699524575537
0.02411572512919587 0.00786745744049395
0.00586541188542928 -0.02283674783429132
0.02374762013123044 -0.003537826304526477
0.01715893688618601 0.01751794643200959
0.01431345658824017 0.01775777791274094
0.02314200476634675 0.001310692798119785
-0.02441406882038642 -0.002136270167022348
-0.0216063281176141 -0.005082424293946916
-0.0115034153184091 -0.01942959637652372
-0.006605171274442512 -0.01062956654428062
-0.01246002892122839 -0.007336197860360403
-0.001372233364835282 -0.01349848196347072
-0.005247267955057958 0.01772612750403646
-0.01729231174705585 -0.005479890786551806
-0.01375966863259314 0.008450570604936794
-0.01279038437556063 -0.01011879692403628
0.0150835096846266 -0.0009812756393104323
0.002977178971104596 -0.01995390070643806
0.01695140080624278 -0.01051808188369435
0.01028163390422074 0.004269588448968799
0.007652575146100473 0.002028284315244786
0.006110820407226336 0.004013804354489745
-0.004830551832389366 -0.007154513275929163
0.00490908145041927 -0.006841145994054137
-0.02541847168195343 -0.001972602745687763
-0.01956975315909124 -0.01431605177350307
0.01827728694107434 -0.01422833488106325
0.01332172608125303 -0.006528057241634275
0.01169613535623162 0.009500917442503764
0.01684451102785762 -0.003544413731733464
0.005777497864517477 0.003276267282797936
0.01112289818432745 0.00225831658160618
0.01211050681065217 -0.01519180184090623
0.004440770402642102 -0.01777839727061279
-0.01593318096059954 -0.008711629995441974
-0.008189093132514605 -0.01609096720873129
0.007857385741981672 0.0169322480714351
-0.01179445031766545 -0.01574370691773869
-0.01809910160542929 -0.007917922284557399
0.004210763972262111 0.005093087925294153
0.004128067058235765 0.002904137427885511
0.003290641882254637 0.001124407289082404
0.003471823345974221 7.846426411131996e-05
-0.0009808028004002968 0.001007428925409248
4.091888470227967e-06 -3.754407938096331e-07
0.00175871963663542 -0.007339530678591466
1.731299119883578e-05 8.198983937489076e-05
-0.0003237507861781631 -0.0007902891148726291
-0.007287629717148394 0.001292409124124888
-0.002344968698562564 -0.005257989167767428
-0.003216464324956409 -0.0001844039204159372
0.004255404084686905 0.003639404159790892
0.009150275643187385 0.002506843431568176
-0.005982920015114223 0.005436989530833123
-0.002552212743318624 0.0007418847678115927
-0.01917716008420361 0.003746732209829756
-0.02242074269846871 0.002994265905539406
-0.02131272464980299 0.003426549112676853
-0.01861268303034866 0.00679900848496622
-0.0202895133355072 0.006945192180574229
-0.0154455401126169 0.003088971586067702
-0.01691081173301571 0.004284584752623231
-0.01672509327508667 0.00664998334407972
-0.02149729058552792 -0.008671999762738745
0.005349181151621304 -0.01881522710173178
0.01190828099043898 0.01131427916478579
0.01058526748735203 -0.007665853421674472
-0.01033346449570971 -0.007774552074899767
0.004826285633600558 -0.009110876432771489
-0.01421715048310907 -0.01242243109075028
-0.01846243113173334 -0.003075542102376289
-0.01789513363545028 0.003800474204356311
0.01659638694981355 0.009656912120471163
0.001721599390803 0.001553756338122052
-1.178006934957224e-05 4.721007606783726e-06
-0.003688594159406628 9.509123757909247e-05
2.561057985546305e-06 1.288868870465467e-06
-3.959484938298332e-06 -1.121344382358749e-06
-4.015799917846364e-06 -1.833037503481398e-07
1.597882370024301e-06 4.637390143335263e-07
-2.650895302989258e-06 2.110702844055931e-06
-0.001676992622923895 -0.003812390523396364
-5.643700018351529e-05 -0.005308015191718164
-0.009267394067818756 -0.0005460636722144763
-0.01034140410030914 0.002265820497466185
-0.0016171647003239 -0.004931526683543941
-0.0005735248461933459 -0.002810766340350654
-0.001765333776060578 0.001059412451380606
-0.004907411347918908 0.0009160304867250391
3.775404514731138e-05 0.006456189787095626
1.302837067193062e-05 -6.25773218754644e-06
0.004402666657806909 0.00783606513581795
5.458442822857336e-06 -1.266767402565243e-05
-0.006679406839447041 0.00310831264608413
-0.0007435787255320409 0.001252561667434789
-0.001562850739797106 0.002051341887531854
-0.01804835569419848 -0.01040732175285851
0.001650993688745651 -0.01224240186711014
-0.002095314513416567 0.003547974786383246
0.001319582743658291 -0.0001768815433858368
0.00056001407948583 -0.003814812560355602
0.003515885708996186 0.001713105457685556
-0.00255635968075288 -0.0001275856500051284
-0.002142980236342372 0.005132200061550289
0.004030144537139516 0.002429781283620426
-0.000122147805962639 0.005792564930835682
-0.01826342377231368 -0.01180797362266857
-0.0210920494571831 -0.0009480154535636007
0.003044934508540726 -0.02113760587853693
0.02162794231922099 -0.002509464964808589
-0.002312593203339846 -0.001164517550383174
0.006037197690273264 0.007474701866793805
0.002914756294480029 -0.002662635075173166
0.0007125701011345253 0.00343671478484417
0.002381831660648636 -0.02197846554633247
0.01214066322318238 0.0176871984330915
0.002670181140128032 0.01983803887561692
-0.01603416659647995 0.01144907767406715
0.01870570794564498 0.003662478026371566
-0.02111866601196854 -0.0001375403591526686
0.0111405458252866 0.01234770151564827
-0.0167963261393531 -0.00978578139280957
-0.01805606497690819 -0.01283146407216945
-0.0007452071509134813 0.01728275534195763
0.01630650811883504 -0.01263947726114343
0.01908159902682252 0.007836083052331416
0.002199031822242042 0.003518983508253243
0.004269289493673467 0.00914705093576827
0.0009122842429532407 0.005993433420533894
-0.01731326045675571 -0.007602702685950899
-0.0198082713493391 -0.002666598084947574
-0.007485254477223925 -0.01535610576594456
-0.006862356332213855 -0.01685117788738012
-0.01589338712030331 -0.001913250791129968
-0.006272487717185029 -0.01437675248775304
0.01519494092751957 0.005073816492858291
-0.01213280517615154 -0.007569762581462945
-0.005253888304069031 0.01400313885515348
-0.005598574341760601 0.01555170726559748
0.003624459229699725 0.01725059354667572
0.004645248275800074 0.01499279480469081
0.01762199656712768 -0.003027467465749524
0.01180304411031806 -0.01187072440429114
0.01574273854864426 0.006167529792743104
-0.01198358027612446 -0.01057458860187224
-0.01483624107526388 -0.008396995904595406
0.004344912423555424 -0.01452373821894158
-0.003202110150186223 -0.01617575943016734
-0.01736850388199932 -0.002154359807617197
-0.01656901372671489 -0.000878526760894679
0.01242267386835199 -0.00990610520107963
0.006157102811301988 0.00525103143040587
-0.00801851458064465 0.005647633444861343
-0.009086032338600558 -0.00202532562357094
-0.003713129431813996 -0.001211583052466394
3.476804500949758e-08 -1.016763019346763e-06
0.00431470946280104 0.003112970491510533
-4.15074223489539e-06 8.651512925332505e-07
0.001300384960191088 0.001809016631179172
0.001240449815844182 -0.001389303162210978
-1.005111961267974e-05 -3.664790419047663e-06
-1.324812729204039e-06 1.349398341053009e-06
3.412772965937997e-06 6.689982487159707e-06
-9.50118184065972e-07 -1.328427585900795e-06
0.003764277646120975 0.008815527773017223
-0.008927358867578974 0.02169719087798427
-0.01905297612314329 0.01571670267370093
-0.002729736030841264 -0.006736134058800307
-0.00791178799943283 -0.006579209923965756
-0.01232139663283382 0.000484012659163138
-0.006906343424594055 -0.008599806916790088
0.0111526411450436 -0.005878905574824228
-0.001127553960457461 0.01444342687024561
-0.003390088843991978 0.01000830715425101
-0.004132890090024353 0.01519050154026949
0.01050425500922159 -0.01082668278878485
-0.01001791221465391 -2.603240789571463e-05
-0.007828870939861045 0.003698469279430489
0.00847894923712543 0.001509332979388922
-0.0001887223667546849 0.00805753830709461
0.001843465979200807 0.003783044318011167
-0.003809558041920979 0.01170612205275729
0.01463326192745052 0.005300848557207166
0.01301879598272079 0.004904447761520585
-0.003911176429477088 0.003079070384794248
5.737168822318571e-05 5.854569435480364e-05
4.793363900861384e-06 9.056870746919927e-06
0.004248207224065085 -0.002049935559910827
-1.98693001703644e-06 3.53964144182835e-06
0.008294593939044208 0.008606100065694169
-1.03665684010605e-06 -7.111673626352666e-07
7.741548163782847e-05 1.091162289732423e-05
0.0008055481866336637 0.007397953452095341
1.109628539041495e-05 -4.230195386223259e-05
-0.007267173231289351 0.006129478437561925
0.004962535252423148 0.01188474478236059
-0.0002495313232835726 -0.0001020860695743541
-0.003942512761224467 0.00480837197991079
-0.007159283914089249 0.007624689382108891
0.01059929474072232 0.005052080602176376
0.01074436191548874 0.003766121392955361
-0.0001239232932856965 2.131033257242877e-05
0.0105694063796704 0.003147286206320839
0.008407479599135027 0.0002321992546819758
0.01427303683976291 0.000438220214532346
0.007139940924917209 -0.008452692463932323
0.009649027539887405 -0.002806874146687447
-4.315653513337617e-06 -1.364476443248946e-06
1.80298222308189e-05 -4.167529973186991e-06
-5.381350031098455e-06 -5.260381085131066e-05
2.454299683894475e-06 5.222909859613389e-06
0.007906281107140376 -0.007456872407343023
-0.009681471247595096 -0.004017770912340857
-0.00458832914313911 -0.004172711993977648
-9.039714878013857e-05 -2.880635108592886e-05
-2.395678602464004e-05 7.333968135514581e-06
0.01017237234364027 -0.004561624202417494
0.008862252809159653 0.006315522456386957
-0.00411858760391175 -0.009949009828710335
-0.001557383852691345 -0.01073149797412908
-0.001154427129017141 -0.002539243239242533
6.645017870654129e-06 -4.254032656869684e-07
0.001658114717712709 -0.008780039329928194
5.200814959834374e-06 1.209119947109698e-06
0.01010983700033674 0.005084675614185424
0.008664293367662283 -0.005796186994868557
-0.002054308351840593 -0.009753903192308242
-0.004786747438196035 -0.009161178803307711
0.002162795755741599 -0.009389725383234106
-0.00512942954315601 -0.007098157363814163
-0.009730957891278867 6.006819777102215e-05
-0.005072326577937752 0.007320094221933246
-0.01028064950484983 -0.0003142109647217362
-0.006614512555806429 0.003940705955185917
-0.003798570592774465 0.007124545281387372
-0.01031567309679699 -0.001938165561220507
-0.0046083072403862 0.009068614010149795
7.167774412744808e-05 1.450642115903447e-05
-0.0004133125338788171 -0.01097715260979348
-0.0110262532039365 -0.003807240788844912
-0.003147157616527676 -0.0131612501376306
0.01044192082760223 -0.002188526929567829
-3.285913169234472e-05 2.607708708337323e-05
-1.172592829415385e-05 -3.19408949205147e-06
0.01003989826359355 -0.009567144833949576
-0.008068907475618772 -0.00512879027600865
-0.003989079378043861 -0.001960374161206312
-0.008604054116864325 -0.01255279059441679
0.004857417852737614 0.008514694979817557
-0.0001273828926374133 -6.759145357217323e-05
5.946525987861349e-05 -5.579111726450284e-05
-2.757832557722035e-05 -6.646398757197193e-05
-0.01410615096325408 0.001389698274431459
-0.01744093689019982 0.001900147336000279
-0.0198322235401433 -0.001173897705491059
0.003732120466373981 -0.01715710445775472
0.01576455494924573 -0.005613330381096676
0.01628412602616865 -0.007391314302817088
-0.01427639565104274 -0.001350439695734164
0.001993851302922721 -0.01610264997662195
-0.01270873006030476 -0.0110770960811843
-0.01691286595132792 -0.002299382750709152
-0.01848367713859486 -0.001890223932022044
-0.01154297209935474 -0.01465097257078731
-0.01316060531818895 -0.005220460401881907
0.003580123871757596 -0.01843321818443281
-0.01631512264249718 -0.01105791155731251
-0.01554027638638229 0.006340551268387193
-0.0170083789684298 0.004828261501789851
-0.01314051794034408 0.004396799005963081
-0.01597629226818289 0.0044898773007145
-0.01423249306710878 0.005082226689158127
8.96841437161517e-06 -1.187769690317546e-05
-3.697651078227063e-06 -1.373745789792194e-05
-0.002200615757936297 0.001730916704879101
-1.150909462217919e-05 1.268169445905222e-06
-0.006570034272648814 -0.01935001830255962
0.003916410281939681 0.002122360480177362
-0.0126386165073455 0.01389853921621319
-0.004907258400157612 0.01131420909779559
-0.00314811137563164 0.009245780529652957
0.007160324712383016 -0.002638114468706797
-1.212796518189511e-07 9.230239702542027e-06
3.385973927371461e-06 1.244182751451015e-05
-3.96671174261107e-05 -4.543727795976137e-05
1.636869549830573e-05 -1.585105238221337e-05
-2.540815222079962e-06 1.778075731531215e-06
-0.002421590535970671 0.0005358354320113665
-0.003464418207635025 -0.00071647007060803
-0.006379994542685583 0.006945693459093974
-0.003227170836550309 0.009435918809101735
0.006281842825054951 0.005960429389041512
0.002043692230933607 0.004103598092757167
-5.987999576150926e-06 2.212665824314413e-05
-0.00707808022443516 1.173803969882544e-05
-0.002303849963969995 0.0001173729061750742
7.859282587718698e-06 -4.114588336090176e-06
1.345996343585662e-05 -8.958947028981671e-06
7.521510193492876e-06 -1.461228588645221e-06
-0.006724244521720681 5.73643109423517e-05
-0.01006733965982599 -0.0004908902833969165
-0.01020998623655417 0.001029734029283294
-0.003669599722612737 -0.005899607378713939
-0.003909928701850868 -0.0005617191794947403
-0.003798410935751796 -0.002194740371352714
0.001223048823824565 -0.01226538705067436
-0.004538849617570514 -0.00907744688496058
-0.007545593762900549 -0.002375058284807929
-0.004697956202052064 -0.0007904172850730802
-0.00348379867410397 9.581877657169226e-06
-0.004891255545414257 0.0005094487508360848
-0.007632529013011487 0.001339093990818842
-0.007357237260209113 -0.002405473256455099
-0.01197275302747122 0.00103725073871989
-0.01003687668229565 0.002381423703961513
-0.01105651321272453 -0.002438685454978847
-0.009511071757232909 0.0008550938325516226
-0.01216398014876341 0.002733365699330054
-0.01439883303322141 0.0004958869847418711
-0.01236449084497512 0.003054414757391982
-0.01273499113871577 0.0005247738366755231
-0.001750959158372272 -0.001903978572012345
0.006890850628140659 -0.007127796042918793
-0.008066535107283564 -0.007879157224857433
-0.01027342276135846 -0.009447404003059634
-0.006908530146937835 -0.01103589621115898
0.008848225983129241 -0.01063785752422767
-0.01522321021461668 -0.002681754206771043
0.00574670526827833 -0.00970218627343127
0.001952244595644279 0.01067697500174907
0.01077426831936175 -0.000239282297921502
-0.008750858189226669 -0.001475538998953558
0.004578324328635789 0.00827594038777171
-0.007668561808770585 0.002136707377615607
0.003480846127605387 -0.0072898137052212
-0.01352588679487901 -0.00281716431620822
-0.000740348291720657 -0.01423621797524632
0.0147956092453651 -0.0005006401951863203
0.01171862570701442 0.00667945981828349
0.01214053250053727 -0.001747922518055603
1.320794874521722e-05 0.01391584537391916
-0.01185972046110085 0.004222814106711547
0.00943634384103504 -0.001705119529651894
-0.005959448089989173 -0.00347641773739764
-0.007247029952429917 0.00561364088933323
-0.01354391785536787 0.003418979206480461
-0.01474993590027127 0.003148561549367944
1.142749202232998e-05 7.792441452949173e-07
0.007071429180436531 0.002652124758505642
-0.00954523504425699 -0.003590113548944859
-0.004539446898639201 -0.003780976957222547
0.002436837891609236 -0.005901853730382629
-0.006453564544741857 -0.00789485762847407
0.004450358339557827 -0.008095443567629451
0.006613153830922378 -0.002792141374784859
-0.004684317847230785 0.003784590470675242
-0.004901939612059171 0.004669607667944315
-0.002243967722872366 0.003958898293574972
-0.000896045124956009 -0.0008929481143172167
-0.001508113147680121 -0.0003544794201199817
-0.008480590053990921 -0.01240501141289259
-0.01066342799119512 0.0009030013932637748
-0.004680482625556875 0.01022846252951742
-0.0009130756412836705 -0.0041619199082058
-0.0003115470128863717 0.004773865781902868
-0.003039511072084985 -0.001865315582530934
-0.001011697138315132 -0.0004207777254010734
0.004465667450317649 0.00198157433555113
0.004472779450010905 -0.001584051777905338
-1.65153102823878e-06 -6.273331936625828e-07
-7.226420391376983e-08 1.212070854795995e-07
-1.858557897890352e-08 -1.529451452946036e-08
1.799908637410259e-09 4.331029301769608e-09
3.624587098226133e-09 -7.878906853834267e-09
-2.647078192144505e-08 4.155199441204115e-08
2.065388969302137e-07 -1.22335239815933e-07
-2.12251688457113e-07 2.348970396848219e-06
2.82436060959994e-06 -1.631599867382757e-05
-3.620299709727666e-07 2.673956726727797e-06
-1.157435806224485e-05 -4.549236739861222e-06
1.844946042257389e-06 -1.89420883539291e-07
-1.317914663110142e-07 3.208270135659602e-07
2.839282781144025e-08 -3.897415458229065e-08
-3.706332210999042e-09 7.860635867980452e-09
-1.773635809882911e-09 -4.28465771278588e-09
1.203693748847992e-08 1.723006146205751e-08
-2.044316029291026e-07 -2.688621449675954e-08
-5.170052926754176e-07 -2.29870486194342e-07
-1.841154976186471e-08 -4.957183658526811e-08
-5.284475394587333e-10 -5.889353536317052e-10
-5.894233904096437e-07 -9.804666011917603e-07
1.343620403128682e-06 2.773328730936496e-06
2.479490791883681e-11 -1.561896490439167e-11
1.607838907696336e-09 -5.110786972419026e-10
1.086222469966895e-06 1.019879026484715e-07
6.886926210673575e-08 -2.339870447281339e-08
-3.277658218944272e-06 3.186402548824551e-07
0.0009433869266203496 -0.0007549458021071073
6.424488554323014e-05 4.640528622379133e-05
-0.00184385784230808 0.002596232942746944
0.001111873090298621 0.004043059806856629
0.004638332303540656 0.001210158225999363
0.003894558634899263 -0.003170881877106471
-0.0002401992641147958 -0.005205739957679791
-0.004058653457625341 -0.003866588065559834
-4.777041264114919e-06 2.928502437087251e-06
-6.943150314811778e-05 -4.180140878490495e-05
-0.0001051550262613753 -7.927652388947915e-06
-7.047097623141014e-05 -3.546603011576898e-05
5.748570056597684e-07 -0.0001323420627618812
-1.275314309526143e-05 -0.0004642500508192231
-0.0005820063732617134 -0.001075176832456665
-2.527765890569869e-05 -0.0003059362005993138
-0.0001439611559647943 1.793655842102928e-06
-0.000175532139351879 0.0001542202743416205
-6.016184834551967e-05 9.613356735772318e-05
2.179413865293861e-06 -6.7362223678244e-06
-3.895547281870082e-06 -7.054707596707879e-06
0.0006195428341199787 0.0008087732170603052
0.0001709647539390007 0.0003101968797193056
0.004287929124617416 0.0002992726741202468
-4.671446062233934e-05 7.354549973733677e-06
-0.002833330274318481 0.002694759054967021
8.803433796896338e-05 -0.0001649118993269996
1.245944913451569e-06 -2.989066748021634e-06
0.0005081155667927191 0.004589742615880185
0.0009874940557486967 0.001248348892981361
0.004460539993646255 0.0008148555831821074
0.001913970077640633 0.0001710821084955065
-0.001734675548785221 0.002506382391334717
0.005184966264422471 0.001095109624589348
0.004267431461923827 -0.002682309957620547
-0.004053524338786962 -0.0008945555818180949
1.298007896248858e-06 1.076145621633863e-06
1.281867986491873e-05 1.193065989655198e-05
-0.00397885929332762 0.002800970371132004
0.002348013321994394 0.004875837405760444
0.003208230089615545 0.001295527961200211
2.783617861912149e-05 -1.875559207324384e-05
0.003242550619765194 0.002396863135131502
7.933150646796234e-05 -6.454581320938231e-05
-0.005793493736271985 0.002750969568646218
-8.548948907048689e-06 3.379582250209231e-06
0.007563281781302717 -0.0003166980242127208
-0.003996346246547699 -0.004532438104429176
-0.005585419419901066 0.003939384962154886
-0.001370898021898248 0.004681279098517138
-0.00467069220671802 -0.0004698089677376796
-7.692323521574719e-06 -1.944841085976217e-06
0.005124942478932158 -0.0005689405519914585
0.002771520884038023 0.005928292158320639
-1.051702376149439e-05 -4.241405783922643e-05
2.56548914326506e-05 -8.886057424755318e-05
-1.438111476853121e-05 2.898079143922672e-06
0.000940962762133926 0.003628210018623744
-1.067680717657969e-05 1.296057589224395e-05
-1.342655101888503e-05 -1.892841397338579e-05
0.002204737974267619 0.002407644314048828
2.641749900772889e-05 3.517326975209375e-06
3.496106449497108e-05 -5.070898266502588e-06
0.002340309788716083 0.002259696317839266
-1.468947821708241e-05 -0.0001034981651213871
-3.036090822702325e-05 -0.0001019695174642439
-1.20868201889383e-05 2.08760159262621e-05
4.627814609502854e-05 -7.420570139838506e-05
0.005500458602940288 0.0001010293244338141
-2.527482513325432e-05 -5.630995719264447e-05
2.004702426996324e-06 -9.809639190062839e-05
3.044072761422188e-05 -7.194778905499908e-05
-4.19412744105598e-07 -1.278998733539396e-05
0.009095584354763552 -0.001124250028265008
-0.00345392702348811 0.007392445139887776
-0.003396238296283871 -0.007235683981067877
-0.007718938300731721 -0.003718447467062483
0.001650870227623089 -0.0008883287144312683
-0.0005082925644202607 -0.005332580495237462
-0.006786776913413111 0.004749875237157633
0.00115777478174934 0.00397487769115991
1.887836319256689e-05 -4.666842480260362e-05
-0.003741534506028003 -0.002931437376200023
-1.792125224177345e-05 -1.058410852317552e-05
-0.0007786905589394616 0.0003311788674142919
2.56315878160882e-05 9.552741526629848e-06
0.00172173416919862 0.005822718729022232
0.0004827774946736398 0.002392253699630391
7.487371600689378e-05 -6.830752219090308e-05
-4.528132206578849e-06 2.848731681605746e-05
0.004484312040569064 -0.0006897935596151242
-0.001895209526156845 0.005391388827335038
-4.604373435242098e-05 -2.084962451000957e-05
-1.570086859274187e-05 -7.500119924387758e-05
0.00204698727411138 0.002081253057732747
-0.002342890881934761 0.001399610086779377
-0.004285115013754581 0.00276308722609311
0.00443644652354868 -0.00226728278913473
-8.59532829440847e-06 -1.148167445067754e-06
-3.180178423614764e-06 -5.965610368765489e-07
-1.963944601091331e-06 2.529143103765569e-06
2.47706953469873e-06 4.809329432564087e-06
-0.004609467198635742 0.00450146243676466
-0.002936306182658539 0.008925815260543347
-0.004509378905126436 -0.001347649935606253
-0.004616762968914103 -0.007897348196365691
0.0005224970242272252 -0.003151001635124758
0.0004858339148065487 -0.0004696649250643178
0.003071569107466435 -0.0007471909538194963
0.004895844134916591 0.001764561253424594
-0.0001768033815745788 -0.003417008192818048
0.004494324775580311 0.001486907001117396
-0.00425576473012717 0.002703640178379376
-0.003533396920850581 -0.002087141783980263
-0.001898352294329807 -0.00202053619514503
-0.000581735238709027 -0.0005607799553739675
0.004861138835567157 -0.00119205741637052
1.430101972214266e-05 1.34289548280964e-05
-0.003610175405254008 -0.002319720700916489
0.003265064762338059 0.003208721533096229
-9.126775528557847e-05 -5.155040679153028e-05
0.0004259347813309431 0.001967731494957869
-2.611153939875762e-06 2.115189553271739e-05
5.010831936890206e-06 1.517217790402618e-06
1.711068409013456e-06 1.223934453680808e-05
0.001796317696389633 -0.003209863818595164
4.420629395012641e-05 -6.15738876548761e-05
0.003666318228689805 -0.0004764526628181929
-0.006219434323608729 0.0005408426335787214
0.001791530748908905 0.001554024173211641
-0.0008481686544005203 0.0008210778483844487
2.048964998348484e-05 1.628873939382175e-05
0.001367327946658801 -0.005087364645624138
0.002077443951840287 -0.005493160369085765
0.005411952332839556 0.002524259491106574
-0.0002825052632055543 -0.0003690066597583732
0.003569960902982459 -0.005578197487648146
-0.005535628048878053 -0.000884012610782854
0.001179522334966384 -0.007112067632062429
0.001193455623635181 0.006350230317086441
-0.00416020444268201 -0.00430237758147649
0.004252756532031125 -0.001269086811013316
-0.003700103536687351 0.005189946578491975
0.002708537570173601 0.005221485400414581
0.0043447510791865 0.003919111558337771
-0.006243470458849097 -0.002099364451421696
0.004263868845221601 0.004971508170877038
-0.000471600575099816 -0.0003345458349247694
0.004831952402252718 0.002422197996247233
0.002186029609804476 -0.002679155139396148
-0.0004040303263423349 0.006695355751199335
-3.368024360093835e-05 -0.006170158544922212
-0.002677809928194168 0.005460675823757919
-9.169866347215709e-05 0.006293411143016027
-0.005521933844876785 0.002570546271343721
-0.0003132973778824256 -0.0004296274981600229
3.01463743911381e-05 -0.0002425627898092352
-1.736708370458715e-05 9.397408885052124e-06
-1.313527512009885e-06 -3.035260489674767e-05
-4.053770653763303e-05 6.666209743473875e-05
-3.778175800765014e-05 5.158275861197229e-05
-0.0009608169281291194 -0.002223626488835587
0.002193832244165419 0.0009294808656393532
0.001096252716456772 -0.0005246689563557113
0.001307021122730992 -0.003979114088948617
0.0006176145096453659 -0.002622376468657394
-0.004567504783789977 0.003092271212452968
0.004299862490804262 -0.001553981709252562
-2.823387501754559e-05 -0.000101842826034973
