0.008191776593380221 0.002251979216810516
0.008218644383069983 -0.001794879672072574
-0.003388899569804375 0.00646870713515081
0.002703438212393145 0.009214708350532445
0.004873104589508345 -0.00573138620900332
-0.007484396934982551 0.002585505021265063
-0.003770694532257549 -0.005214535414892731
-0.0009108919130466189 0.008455586919117646
-0.00607116890981077 -0.004862181069897038
0.004734001646775159 -0.004926435452091476
0.005380777529804686 -0.008069339588543395
0.006737169529476347 -0.007068789161124706
0.007155520662924412 -0.003618209291782437
-0.00448619647662046 -0.008453648191237926
-0.004719210075131919 -0.005106980143035722
0.007638689797099351 -0.00519097709674503
-0.007840207582600057 -0.005535801298252685
0.004457825008665218 0.001090152523245174
0.003047320296431066 0.007061773551819025
-0.0007837686251059137 -0.00748606989000799
-0.007900717071308636 -0.002765568842624295
0.007435596370698996 -0.00528828837777394
0.005207751752621838 -0.006704775598478459
0.005168841823008175 -0.008032851019617546
-0.001267411877481953 -0.00911054998958327
-0.0004893695430080366 0.009662998797979095
-0.009245675183438875 -0.002217395216520293
-0.005151172083472218 -0.006811777477229651
0.005622823109711767 0.005125093598539283
0.002979090441535621 -0.007610187352325872
-0.00374516219718497 0.008310606094136643
-0.005613028340386838 0.00651956703563934
0.008261733610049185 -0.004123035882149427
-0.006583820274040302 -0.007092533342226491
-0.004204776451826415 0.008414748221707962
0.007286087306970371 0.0002328681497790435
0.002825756152110237 0.007602918776975204
-0.008062869653799758 0.005322834586315881
-0.0001648130977441853 0.009217967078330849
-0.008590586104466455 -0.004553595568302037
0.001496065300164095 -0.009186219894783455
0.006454765863349104 0.006274194257782423
0.007783531101853789 0.0006412637838654707
-0.008449322177960784 -0.0006714862564508519
-0.008125338899912104 0.0002338304866963629
-0.006469166054099007 -0.003093828569512583
-0.001276799950140793 0.008113889068230214
0.002536915262055709 0.008645889444449342
0.00243927433263168 -0.008898906836178087
-0.008538031216147103 0.002008673949137322
-0.008682916468266346 -0.002520217134822399
0.009590531888567413 -0.0001606095459905305
-0.00250527254832244 -0.008908466635830215
0.001788852412261282 0.007995178791361995
0.007186963929290243 0.00104926077767261
-0.009351357634462645 0.001405116956570858
0.003149320561476399 0.008547448248894246
0.004936783890087367 0.0009912669615940171
-0.001192896924706801 -0.00904799045181078
-0.006380810638132388 0.006809747919094666
-0.009351662709219681 -0.0004068966386163096
0.009305719530650729 0.0007512601680793449
-0.003672964385482335 -0.006669355417500581
-0.007691479245449479 -8.156139907153127e-05
-0.005983461944048873 -0.007529014816536369
-0.001899295739526391 0.009485190285856744
0.005477774671640221 -0.006380895990096671
0.00565487106050586 -0.006574330261915875
-0.003764759285784036 -0.008845114089635349
-0.008668106880036584 -0.00229121180499898
-0.00220193839350596 0.008540757174369433
0.008598125841002278 -0.003709072874973244
0.008183021258390984 -0.002419152854676194
0.002822001164695289 -0.008267677521468593
0.007711324123438799 0.005460601803636446
-0.009181240606211963 0.003394633438952186
-0.006595837561557894 -0.002446848183159823
-0.006769975949345378 0.002260197355687289
-0.002868790545885456 -0.007849484265874174
-0.005034827630614574 -0.007009623723544742
-0.0003145329616406291 -0.008053253304231803
-0.008445779699948171 0.002600295534483515
0.0007165612179299385 0.009003351184008227
-0.006776089122047366 -0.0008003423919123037
0.006376676534343183 -0.001016638476795595
0.008989704249867135 0.002470202466216226
0.002172904141879897 0.00838452188777602
-0.006604423238044586 -0.001869189416618604
-0.008404358322648568 -0.00422790363662028
-0.005726104009916228 0.004320041905297089
-0.008735310772554733 0.004456696472916396
0.002464845233496818 -0.009292103672277069
-0.008920192426935855 -0.001177574779779103
0.002412498977318175 -0.00750053216498104
-0.007523054762016534 0.0005125319184530712
0.0004440226352372504 0.009432119695383266
0.007434075003779786 -0.004548504945617521
-0.004359007885620611 0.002945975184908766
-0.000829785635902337 -0.009116481741809802
0.007989496310727519 0.003353135446671019
-0.007102700849604213 0.0003834343599265278
-0.003318966358722692 -0.00734352229823476
0.0007829930688419974 -0.008154557044695455
-0.002676085134672431 0.009216614357722462
0.00219514205490248 -0.008384281817679865
0.006735031048011413 -0.003808002091196603
0.003482305982417741 0.00700870514519509
-0.009564446255485335 0.001931057038052521
0.00387838098637407 0.00555214916838094
-0.004446831393681978 0.008666444507139938
0.009489278049617867 0.000892562182556508
-0.004079423086246789 0.006889166196947902
-0.007560181171400544 0.005352900880498718
0.008452726830065862 0.003434131030499428
0.0070088885332224 -0.004274378880011815
0.005793091976601519 0.005265777534367436
-0.00489541922906256 -0.005825264013461424
-0.005326736340986912 -0.007535182579753857
-0.003706243712958951 -0.008312610445505259
-0.0009269543858594357 0.009346720878294659
0.007574928358730763 0.004442148421001393
-0.0008402081057155312 0.007246108156051076
-0.008973645576068426 0.002824498979169389
-0.0002514025468702394 0.008210471366414063
-0.003111318097595499 -0.009195745613444778
-0.001869513733771799 -0.009319428241297665
0.008664225209827521 0.0003586211542061632
0.008528128208163396 -0.004538333394422831
-0.005667293290234917 0.004993429874933604
0.00793932706918226 0.004610160924497571
-0.007265973873282587 0.006366204450600974
-0.0068605245165106 0.002639301157696317
-0.001849601077735951 -0.007363234024711159
-0.009480219081025988 -0.0006661756901876243
0.008556179142003545 0.003812086619656279
0.007883136100319264 -0.005412307553867849
-0.002342768032788739 0.008613320597591855
0.005317823968990444 0.007612133050801778
-0.004664027539876498 -0.007898118050160715
-0.003920387976938272 0.007139060613724939
-0.00457566371671921 0.005602081916902064
0.005789529595987878 0.007677504696489468
0.00755544613181343 -0.00555679231869921
0.0008559428474660847 -0.008567347288743464
-0.007748568953855123 -0.00128438552443321
0.001858346291629756 -0.008493338506205601
-0.007609834046183053 -0.00131479501704008
0.004242403135708618 0.008727599306060563
-0.003700541498629015 0.008095995588544838
0.006564847998544419 -0.0008543333164953687
-0.002193091297968685 0.00812163353167655
-0.006701585495625666 0.002098995354399675
0.002064809125582236 0.006657806515847294
-0.00611380239879406 -0.005430141641517989
0.004970163890408296 0.005462272147209896
-0.005592951883106897 0.007504054665288318
-0.003601837337012611 0.008791251394303546
0.004291603619271752 0.008379250857689155
0.00240001532529674 -0.009453890941327014
-0.007214798588138915 -0.0007411650352718348
0.001014616325257717 -0.00689746226723417
0.001886996360262183 0.008344597662698577
-0.003870483222224486 0.007842253184980372
0.0002533431469967541 -0.008386066372588534
-0.007423520129745588 -0.006277322364170263
-0.004132871511662667 -0.005746121880535204
-1.934888178262008e-05 0.00940950621350389
0.002012872871150827 -0.008593791585962872
-0.004617933633953223 -0.008632119058168212
0.004857677170576924 0.007854365491106864
0.007579872603073332 0.005281958267028466
-0.004175698912119222 0.008276616692747246
0.004133875932990513 0.008705198137501074
-0.008701099949949236 0.004407170941857167
-0.005833595153506683 0.005508186426079153
-0.004487946573872431 -0.006363655668264486
-0.002561406661683962 0.008882918367115238
0.002808873915945693 -0.00749868548682857
-0.004903148889348036 0.008189811827641683
-0.007344242995071698 -0.0001921079963863979
0.00574097951525311 -0.001735966813773646
-0.001031445518108151 0.00892040644207865
0.004438334179739181 0.007150719497866169
0.00756345788125391 0.005761664272287701
0.003890933806126338 0.008929521160510292
0.009657006781553894 -0.001642366916822958
-0.007094253909718485 0.002282085353783538
0.008654326038000312 -0.004548296608763105
0.0005177825529171466 0.009294741433018118
-0.009441490002318286 0.0008070815759587096
-0.001980569554724748 0.009170441665282232
0.003197456601135672 0.00786868023157538
0.004060278396763393 0.007988379370375017
0.009004835428415337 -0.003383074548928464
0.00535082307657773 -0.005785429135470639
0.00680037885222805 0.007124861877273791
-0.007778776418504516 -0.002186769507519635
-0.002915922914370884 0.00680208461929862
-0.006013796796233174 0.005930794541961633
0.0008438264752688988 0.009668551871502009
-0.003199570573309302 -0.006864692958094496
-0.005916589576834335 -0.003516425366660237
-0.003939332067618694 0.008606034543116077
-0.004242888614821467 0.007659098081132254
-0.002054632560032557 -0.008382394613448451
-0.006242884828892868 0.007364128170654505
0.008062398835945258 -0.0002739349763505214
-0.0003626087102885591 0.008282973403197325
0.0002720514859866728 0.008921997864628719
0.003181722650958025 -0.00915455554749724
0.004211787222168005 -0.008807734375675745
-0.006702869644140488 -0.00518266185076159
0.005145625386610277 0.00805782836238144
-0.008617308752049696 0.001269086928369858
0.003593692365292119 0.008290653612920817
-0.004784220463400089 0.005876341646919715
-0.00932924427881086 -0.001484694847101812
0.008928421651117584 -0.001692084702809324
0.005461911956692152 0.006687457798884773
0.004633228488590713 -0.00817683181527141
-0.0005559384204052475 -0.00708722263656791
0.006613670584879263 0.006926532592993415
0.005368391659541249 0.008059378139574134
-0.0009088741639805173 -0.008573833370235883
-0.004681642281221854 -0.007043453795503098
0.002900791098393227 0.009054441597105306
0.00753112797006997 -0.003193405022279045
0.00819465331456256 0.005182299679480605
-0.005586279396703679 -0.007668662522055448
-0.007024579446337121 0.005979611182846708
-2.216586339295233e-06 0.008691807569586502
0.006352139142494788 -0.005525682938160312
0.006347600569281376 -0.007153310069328195
0.007290905315077189 -0.006490047537368434
0.00242478452633651 0.007121756809610835
0.008337568825426935 -0.004563088752819964
0.009785058817181757 -0.000850415431655158
-0.006118951475980331 -0.007707092418238611
-0.007837471924765452 -0.004633168812097398
0.003586652869740909 0.008665522808536852
-0.009276113249022402 -0.002567200539158069
-0.0007168065256461458 -0.009522486359393274
-0.0008653593071169397 -0.009375620078938199
0.0005665277581068301 -0.007184168004096617
0.003000518250911154 0.008678949952996826
0.007398957392615407 -0.003520918830623658
0.008996260584033099 -0.002218803223941606
-0.003791555262136138 -0.004463121048022958
0.008514716476079447 0.001960102579575966
0.004032846007823177 -0.007969047767296783
-0.008141049170887883 0.002739419049594052
-0.00512636004941253 0.008321512387856844
-0.008710987472593947 0.004175406113213555
0.00289450698115491 0.008488070771082223
0.006473110288499384 -0.007026925709288808
-0.002926021765121912 0.007018317618592089
0.001050477156172771 0.009021284583033379
-0.005011014214464845 0.008019287144339185
0.009088111942607476 -0.001977094573204401
-0.005037695409921804 -0.003296673208339383
-0.005892502636831019 -0.005338140288225834
-0.008853837875356891 0.002819986231884531
0.004350242139624422 -0.00609586330227333
-0.003496732063383483 0.008802618746071028
0.007593795761529402 0.005825656941505354
0.005815275936674635 -0.005138880807915643
-0.007091724948537871 0.005651236160212616
-0.002328918135941504 0.009229845081318742
-0.008484691226952369 0.003463609617699424
-0.007982459560373009 0.0007004011928457822
0.009375292709233658 -0.0004320612272911359
0.008838017358113681 -0.004291552417196719
-0.008153414870066912 0.0007317108394127883
0.003045410289998613 0.00901754565172478
0.008200864908093077 -0.0044549752522913
-0.001704609352844613 0.008009213811061946
0.0006742940646400658 0.00803522680547651
-0.002341649717073494 -0.006375392794140979
0.00416464210365178 -0.008146179220947155
0.003194423739090867 0.008092730599258786
-0.005746559172487141 -0.004280967865079056
-0.007379837334139088 -0.002056000369065328
-0.002702826767274632 0.008028398656350079
-0.008034721277174249 0.005055327480943049
-0.009376620122595158 0.001469573213378364
0.008017136779964821 0.005601064931514438
0.003096789214210463 0.007596119098457281
-0.007695694576245631 0.004868973901318802
-0.004627588765325189 0.004082062935596946
-0.009705365564085952 -0.0007655408995281078
-0.008860236525803592 -0.003741088812628236
0.00725992667988473 -0.005615700941377998
-0.004889473481657319 0.006108556056207391
-0.009296100558035829 -0.0008644385008821392
0.007868383516325515 0.003689426481735703
-0.003774566693563173 -0.005314628004870278
-0.009356087442475725 -0.002647439908733367
0.006342554777260396 0.0004083136941803308
-0.003482789576824283 0.008202671228384516
-0.003497185035358251 -0.006849491996749505
0.002706512956786261 -0.009368615024343883
0.006426776610026731 -0.004725856544452386
-0.009617712906251524 -0.0004104651161237171
-0.004245562245156105 0.008482646354262135
-0.008087199854515273 -0.004844589375731497
-0.004033055222905425 0.005410423493241916
0.007943191826823339 -0.002907507567803681
0.008638544520743053 0.001909187424497024
0.005823530067419401 -0.00741513926009224
0.003784739685755743 0.005848814731692291
0.007913237854271006 0.001300190697069877
-0.006815052590163661 -0.002470134178646803
-0.005824496106004727 -0.007026983148122041
0.001292428218046336 -0.00918181511272703
-0.006894091998430852 -0.00234910835326697
0.008169064344118732 0.001502869597058608
0.008724458559596528 -0.001394539090039932
-0.00835344848467395 0.003822810309205653
0.002398321468928266 -0.00683350574349775
0.006949406718551533 0.005520342099917431
0.005743994274622201 -0.007383315809671396
0.0073398592862804 0.005072089083216382
0.006698837612228447 -0.00617621566257344
0.005721494426805565 -0.005239559635424475
0.004770093258676657 -0.005999520686127526
-0.00806528987677897 0.0001412369177182411
-0.005753593478022821 0.004901663661735082
0.008145508543280632 0.004765231480709001
-0.007297128839510884 0.005082372593880571
0.008221868142205437 -0.00025146100945117
-0.0007712408037357366 0.008568989897432584
-0.007647401819648769 0.0002920261366154207
-0.008827405201382596 0.001558496413422444
-0.00544809978108016 0.007588373946695117
-0.008542218509475062 0.003904925705673125
-0.009067071160650225 0.0031606871673599
0.004550945889699533 -0.008369987710736685
0.006826502947812097 0.006963955419258731
0.008096665996001175 -0.0008735502458452203
-0.008559062090391183 -0.002530582419677265
0.009676290293370953 0.0002199199036648911
0.004765146642268571 -0.008428807143635152
0.003011382011163358 0.008378546002697045
0.008592966522236801 -0.002810120542663005
0.0005018085664972871 0.009741324866833892
-0.0005566208758432591 -0.008909522991157914
-0.00803888074684468 0.0002507382915356367
-0.00981754491113652 -0.0004112948486758259
0.009645756180116358 0.0008652270033375843
-0.005980681350502936 -0.004861858764993546
0.007227493560092647 -0.00623281704104762
-0.008723711452239399 0.002573503054121343
-0.0005338619525798492 0.008935701934188836
-0.005531626537749858 -0.006635910908279676
0.007786646047392822 -0.000702199765823273
0.007789483190892217 -0.005058417693745698
0.003636065655147993 -0.003460918371241766
0.009155623210659224 0.003281056338235084
-0.007906965485849779 -0.00296579978207841
-0.005368851588297796 0.006567100722283939
0.0016143958346181 -0.008229603412091401
0.008044674299858463 0.005354239975011031
0.004936929401906598 0.008216052773654661
0.005298920564625196 -0.00260676446798392
-0.001816236113929057 -0.008604764562851322
0.007899289277010672 -0.004976399379433504
-0.004697588825934537 -0.005561874414119675
0.005590529095244231 0.006268799799833327
-0.006965645533326697 0.00610927154098433
-0.009839148964193517 -0.0004586245176487856
-0.004276390985062393 -0.008423875191176542
0.009541735629442161 0.001271737711218894
-0.006973460083343813 -0.0007167999452589582
-0.009610584972522365 -0.0006798535720077756
0.001319318311589341 -0.008853464466471311
-0.005727990997737335 -0.004671265358509949
0.003175452147809325 -0.009219516142444735
-0.008136198112968203 -0.004147690943951609
-0.008817624565608303 -0.004022623315975134
0.001830997014595023 -0.007347022816229491
-0.003700520855822591 0.008555740237976282
0.0006735669529217106 0.007070644283878525
0.00678256796112629 0.003097591832116651
-0.001925705001333759 -0.007443393105439595
0.007405924514961187 -0.0008905974260336769
-0.007907919269923966 0.004488100262468191
0.0009354008130597782 -0.006776112497537598
0.003539982788246303 0.005865218100727766
-0.009273878550205127 0.003023101128461209
-0.008622513355308744 0.003752819495438551
-0.001251839328023007 0.009498036324014105
-0.009442289100235509 0.001405519093092893
-0.009400986525474804 -0.001914861871710943
-0.002497459976040203 0.009290504246880832
0.009048514554281746 -0.0007296832373249446
0.006351896920912238 -0.004266518532955141
0.0007515272236092337 0.009499927279867601
0.003361962410161597 -0.007777086456581304
0.00966092240004233 -0.0005453698868147014
0.004940424885727324 -0.007413393477587187
0.00224133513228659 -0.005913032297260697
0.001384109333025779 -0.007691353760763332
-0.005685548296011552 0.005941972491098128
0.006832042958401107 0.0008724578530520548
0.007730300642645656 -0.004755425632839192
0.002427091749532763 0.006661075526726921
-0.009049765049477198 -0.003534270873253738
0.001807860739103039 0.009202556048263089
-0.003488920225667493 0.006386785674549934
0.007632526792911455 0.005227373719228182
-0.007110491783712495 -0.0007401079605444568
-0.006034288545679022 0.007660986419190305
-0.007994706916068331 -0.002800110438358069
0.006250567654099951 -0.004714348480648378
0.007318282146195649 -0.005964691726033196
-0.003819460616740365 -0.008283046202230387
-0.008783415661598463 -0.0005791314165979383
-0.009366527831921385 0.002548896627329866
-0.0009037087984788356 0.008411965448121395
0.009598219304828072 0.002193430376882688
-0.008804550450451832 -0.00414009399943061
-0.003825985519646186 0.008706293078517969
0.002733319311798055 0.009273620698915437
0.007507004372797362 0.004477674950503347
0.002185137686331376 -0.007373994926973418
0.006449998268207975 0.003127987765178385
0.0009857207056794971 0.009153536010674784
-0.00175794272573363 -0.008550353638681516
-0.005257059854103749 0.005016850420388256
0.009219894236959399 0.002150092815878517
-0.002170604240150875 0.007870782456071737
0.001133115877125951 -0.008149222592691916
-0.007107387823853192 0.00510352487763129
0.008107172205693658 -0.002962801815180176
-0.005081106282000159 -0.007769682908200327
0.008658547248325522 0.003266174446877262
0.005038582247793069 -0.005110777713037589
0.006430709272311058 -0.007371710485203323
0.008215001176731497 -0.002121864191606245
0.0009859762378754808 0.009143230141920491
-0.001831783172439754 -0.009460684731175966
0.002386452784557977 0.009099519340709409
0.003452090552840996 0.009229670290448085
-0.007050618370009784 -0.001643241953989668
0.005611846967495634 -0.007395451441834356
0.008603270881151912 0.004760894387760736
-0.001251606235783697 0.007945369034272561
-0.00537647205897611 -0.00595012958284978
-0.007594111897279494 -0.002451825389904293
-0.005459455621167353 0.007777402429485309
-0.0003002140143871314 -0.009130320328474757
-0.00702097399470905 0.003822668133080784
0.009356104568324879 0.0008668772685903132
0.0009020141057051597 0.009487026092230387
-0.008987908108465871 -0.00332733692270714
0.003481454486324431 -0.007640968985659306
0.007260860470722526 0.005306235896997983
0.002246273688955197 -0.005885525630148184
0.007336623977944017 -0.006314316142017029
0.00195796056701969 -0.008686254408378816
-0.0008046770464958845 -0.009755665471484294
0.008165683868433473 0.005496471877584217
-0.002667691597715596 0.009375676512740924
0.00390595204004294 -0.008678617798301745
0.005365756849960477 0.008183314537762219
0.007584441067842939 0.001258987980040795
0.009401171114697243 0.0007379464824626528
0.002893357476950169 -0.00895812464019787
0.000218443252497231 0.009372695145039878
0.007851183589606875 -0.0002958166083025842
0.008678953463568104 -0.003836492908211777
0.0002409483250887885 -0.009496412970521995
0.009493753397135945 0.0003673467158081889
-0.001931194151456139 0.008874403280829253
0.006555822739229148 -0.005762609003196104
0.007188970628231923 0.002391741816449758
0.0071724497993518 -0.005553628859692763
-0.0005771251120699353 0.007884620560558013
0.002122795191755119 0.00938230207959116
-0.00333990913737228 0.009048379149750438
-0.001818304022012674 -0.009450238545180767
0.006971075879101138 -0.001297833745514257
-0.002167560916624147 0.009294852910938565
-0.002555726210287664 0.006668439272626088
0.007103943563665993 0.001757501594985792
0.00397262349206045 0.008835675009727035
0.008832364117139372 0.003972483044188587
-0.009194590613018982 -0.00239436710917767
0.004508029799169764 -0.008376235773285555
-0.005629078690347327 -0.007539913423022071
0.007658071929939596 0.004605232494990697
-0.001700471458576659 -0.008429476974270635
-0.009217185031001584 0.003439037441595312
0.008713242728141168 0.003574005594061754
-0.008280779955162073 0.001317750167755989
0.006841023338178014 0.005949682983811131
0.006703503718959347 -0.006316963796492085
-0.003787563583486573 0.008493285778126081
0.00202115519666551 -0.009216680823561628
0.001593856911300135 -0.006447705623875171
0.003590761555479733 0.007975363175255741
0.008782099431449203 -0.003677074248551854
