0.007575038769986538 0.003720235732925885
0.00656866336959789 -0.005116495167241853
-0.004791764324257021 0.006198173793362428
0.001510807076756196 0.009364382238932578
0.00596271893407684 -0.001630313218749998
-0.006811522261298583 0.004431239970330067
-0.00572417574185875 -0.003569126338235491
-0.001559558842296296 0.009051152717062194
-0.007599282208196383 -0.002900689514287162
0.002746741191532866 -0.006612635521786312
0.005101538938751467 -0.008265264040264749
0.007420639560551627 -0.006271507301156581
0.005984128769663546 -0.00442702664623228
-0.005032037229888821 -0.008156117675625886
-0.002156904157700181 -0.00622812188212557
0.007144414530200822 -0.005763097970279794
-0.008230894416888219 -0.005111331603065652
0.006013798761805389 -0.002795011983691353
0.002425634587886682 0.007194549871015914
0.003439591541220249 -0.007548324268978364
-0.008958973423861642 -0.000567022047001528
0.007021929837753459 -0.005786609592857692
0.002643745286391364 -0.007888413708275725
0.003083085406738072 -0.009027455713266387
-0.002702372323860147 -0.008907620649026997
-0.001009375294145293 0.009552519155358659
-0.009171977025626889 -0.002561560368125402
-0.006740143231616806 -0.003941731965634066
0.003644371306968895 0.007647614410238811
-0.0008149186962416454 -0.008668285826574853
-0.00432332227437943 0.008254926199648484
-0.004172256926896888 0.007214371176264417
0.007647382437294094 -0.005128938979210384
-0.00585629534751835 -0.007675320315816882
-0.006055998674455733 0.007289240644011605
0.007191439308662069 0.002294049081906883
0.001260588241160064 0.008157459939464042
-0.008191890095576408 0.005175343356370385
-0.001364399853951673 0.007826321751758561
-0.008045163487772004 -0.005266692954608732
0.001879641302143402 -0.009437661475436003
0.007921370960204921 0.004669581510522976
0.008433982636543075 0.001109035159138706
-0.007850998090625391 -0.001177012974410252
-0.008931331967606676 0.001649255050832662
-0.006898335160216123 -0.002201367486605751
-0.003732779687197692 0.006938934180930295
0.001557072532756814 0.009140505436935321
0.00194875950101839 -0.009055526873458779
-0.007859368762726349 0.002869030909492224
-0.008565192512714223 -0.001279028416084506
0.009531218210142474 0.001045515732646009
-0.003041163413511399 -0.007986548901109692
0.004237539369534274 0.00777668166219361
0.006770490214214961 -0.002655402662349066
-0.009328739969326658 0.001750777448228695
0.004221825026417705 0.008252136094135125
0.005157898812538192 0.005121874483276393
0.00120799059127734 -0.009380227551107106
-0.004781141004574265 0.007912202577702086
-0.007994814037126796 -0.0007329487041311253
0.009429387596806973 -0.0001327791299809197
-0.003389164916880779 -0.006394221276051547
-0.007981973890971517 0.0001410928903563712
-0.005396254183905089 -0.00786514919800369
-0.001087480927553319 0.009503078744233753
0.003701983743146114 -0.006994021287746899
0.003868646788701696 -0.007888719102289372
-0.001708881629559903 -0.009469088626696535
-0.008936397879420859 0.000814859342763517
-0.002584534987305035 0.008206004894299181
0.008880382124361704 -0.003071076183898996
0.008533437092679622 -0.000682736872554753
0.004035377088067642 -0.008212846832705661
0.007643315530406923 0.004836811974956503
-0.008972089124269226 0.003475419405843558
-0.006097283963622786 -0.00398955416318748
-0.007800937132115855 -0.0002665210649866038
0.00108025407134366 -0.00819863288182166
-0.006599380037828208 -0.004533657665942793
0.0008455550621340392 -0.008473773372570626
-0.008026873871194636 0.004532383601406762
0.001970365413155407 0.007962059181657384
-0.006926487441920764 0.001144794880054563
0.004879750344483953 -0.005685447855015774
0.008451382190294116 0.004063381641829802
-0.0004532534737692531 0.008344768162337819
-0.00673821676713845 -0.004504242420728929
-0.008930719164723832 -0.003100975342412853
-0.006754447985320934 0.003619276910861249
-0.009167003978841962 0.003520999683379281
0.004468578676951726 -0.008442992674772734
-0.008598304209382129 0.0005597809323525278
0.0009439556583178624 -0.00832642594615055
-0.007730481106954506 0.003250929107072411
0.0009615836918302615 0.008480430737777817
0.007840829517415569 -0.002448972020552281
-0.003847162829638785 0.006495302503635681
-0.002374695412458999 -0.007836529279957431
0.007306334778156639 0.005692723307648299
-0.007230160796381246 -0.0002871492116648625
-0.002376133008582634 -0.007243130455812327
-0.001103623740015999 -0.007689736081886899
-0.000771107786104051 0.009450879000068278
0.0004022605053779669 -0.009200756342873945
0.006133286823433239 -0.004699950098980142
0.003025237913943063 0.0073284151813217
-0.009530372738390653 0.002400542057633877
0.001036404110020457 0.006931647210497827
-0.005690701969360952 0.007903387583873014
0.009617983710166124 0.0004390826124124332
-0.003200033593458947 0.006962969275850516
-0.00810297623291739 0.004715882136440083
0.00632931198875389 0.005444214749006308
0.006352507926524669 -0.004864880212376016
0.006174254734956739 0.00531849575495604
-0.005727505357188307 -0.004506615080582394
-0.003241450934766982 -0.007048862065201519
-0.003536805405757975 -0.008583379965670952
-0.001403215396077896 0.008600521222429627
0.00767679276829619 0.003068573068024217
-0.003332253566727206 0.006376370815957298
-0.009301580299161972 0.001611036089143049
0.00215390172476239 0.008694750461083351
-0.003357389808768047 -0.009016076561663575
-0.001482916040996661 -0.009381387402769427
0.008542509253306142 0.001725276199715602
0.008455533673360587 -0.004952210292260933
-0.007569011109933526 0.001863039078785936
0.007851609046967769 0.004272242079683176
-0.006685492292571188 0.007034874403733153
-0.005854230136594508 -0.001800027432928083
-0.001371460694074318 -0.007502446958739951
-0.009437521937239447 0.001448676667643509
0.008281543545510632 0.004358778974530854
0.007367356114264418 -0.006081532774141559
-0.001387035591718362 0.008736267869822255
0.003207702297959104 0.00853781236136435
-0.006811619038272734 -0.006459909579475606
-0.005790785545141467 0.005709125461584049
-0.001148160765853773 0.005082373886451985
0.006956447302787221 0.006407527139587374
0.006645833905913253 -0.006691740098550102
0.0002241353079053393 -0.009168275103516222
-0.005862850607500697 -0.002941407992192809
0.002565186313055813 -0.008360485815595719
-0.007639317948539667 0.001752267663212758
0.003238082236877194 0.00919368284086864
-0.003252629496984839 0.008592986478148698
0.006848945360184318 -0.0007456742436152113
-0.002792981866854703 0.007949458697742396
-0.005133642174710193 0.005820341374046479
0.0007969995315113278 0.007343426732793003
-0.004113639519229637 -0.007595490480525258
0.003297602970329353 0.006818400811680894
-0.006696125133863039 0.006647538333461571
-0.005009113112520051 0.007819985426537191
0.003521457248190045 0.008818455325350163
0.002487056921225491 -0.00949488684682385
-0.00624696354656617 0.004004641917142256
0.00225902847345015 -0.006812004469602553
0.001995709910054394 0.008204357021156872
-0.005181860875088058 0.007275552852021664
-0.002071270708918613 -0.007295942622218003
-0.006064013297028514 -0.007476022306245107
-0.005074138004691761 -0.00507833791297902
0.00146021417718756 0.009120100658175903
-0.001609191863298039 -0.007538521242486499
-0.004626754282653231 -0.008488516074494488
0.005085662084555341 0.00782550333579307
0.008136355401270605 0.004063400714032995
-0.002373218871340226 0.008035271716076015
0.005520553087914875 0.007397405334875779
-0.008939157150849046 0.003930167303082773
-0.004261609343373844 0.00658818676371227
-0.001472877558816545 -0.007911139727494344
-0.00503909506992952 0.007955134533481394
0.004361672539689085 -0.006758568153752993
-0.005593357069548254 0.007752587787225476
-0.00665046943365398 -0.002026627908706911
0.005396899312957043 0.003965338834724406
-0.001317683831295292 0.009019385883967836
0.003049248805960256 0.007849107021287698
0.008062693335286523 0.004827386659242489
0.00230756991523744 0.009409046647307099
0.009555725956772339 -0.001622670412620508
-0.005069959307195973 0.005515005784904616
0.008847006056176511 -0.00434153458109706
0.001934632896431026 0.009255839607828021
-0.009433135352144684 0.0003472458436592819
-0.0008456809111491875 0.009001754770720526
0.003265850611627537 0.007993249181588854
0.002790531873731111 0.008716061892969137
0.008839846266339131 -0.002164541094103596
0.005797062937227608 -0.005225318488600622
0.006576558031343807 0.007322817019766568
-0.007565413966947519 -0.002955023500002276
-0.002462169786240737 0.006948026931414007
-0.008131551811108681 0.004153636093407221
0.0009683139813007671 0.009625336851323264
-0.002146687565145634 -0.006845295743657308
-0.004988063352247338 -0.006431319355808462
-0.002959120912616213 0.008970090776894913
-0.004720707384622528 0.006833911493747792
-0.002244115132429161 -0.00829364816519052
-0.006197289794063424 0.00734965917094204
0.007277195258297832 0.0024174179557824
0.001234332443753993 0.008021370493139102
-0.002640133198333968 0.007394959298010922
0.001950773881489415 -0.009453436195772576
0.004902887555599041 -0.008343457382950307
-0.007016931031280263 -0.003747896421988987
0.005844247345803906 0.007571163439575166
-0.008939787309471196 0.0005672202335959772
0.004985894554310482 0.007817750271457983
-0.00362194188061662 0.005445490843153531
-0.009268490403637466 -0.000326997077430573
0.008985716219116901 -0.00150551632527436
0.004251962229663929 0.007142169912950631
0.004356993816947569 -0.007564564372786351
-0.00266076030993234 -0.006733797710336972
0.006261577405076955 0.007284479397929151
0.005357556423988981 0.008087762527652418
-0.00207596933605642 -0.008020429941322991
-0.005984523968919753 -0.006593454651539584
0.003034611794809721 0.009086633582692025
0.008343989950231117 -0.001440076861598191
0.008034071074715722 0.004981403177861525
-0.0070437490589579 -0.005633290316094232
-0.00701454240172225 0.006593122741633919
0.001813335496383511 0.009133993522999144
0.005719086532862269 -0.006814483439639987
0.007286969484694339 -0.006197756091708623
0.007287464966465098 -0.006583283936691087
0.0007337484730315798 0.006947246974334046
0.008274719183380744 -0.004699093117587173
0.009738602060154962 -0.001028002779661637
-0.005966912617810517 -0.007717048040912749
-0.008376829147984897 -0.004636493612970133
0.003058857848042745 0.009268103881361843
-0.009136625840248028 -0.003230985505925563
0.001625718398527162 -0.009305421247718739
0.0002620915321724544 -0.009042163802515935
0.00152372191798985 -0.006636112036415634
0.003012071453353759 0.006868317678143793
0.005323673028463545 -0.005007542997159722
0.008366989431073238 -0.002664614559547873
-0.002744768247370587 -0.007017701461301857
0.008297415058633852 0.003117879163226658
0.003740689437677083 -0.008307343775189333
-0.007771905806119937 0.003337079606191092
-0.003332142113009959 0.009044603651289873
-0.008196533394846767 0.005103772374446191
0.005148226508163706 0.007609932933506794
0.004965802190654491 -0.008067985364984867
-0.005228505892207244 0.005544085866961047
0.002763223538464236 0.008090520117554499
-0.00344759836650706 0.008679821640504782
0.008503971003786984 -0.003337738148972006
-0.004651217932312833 -0.005116616278445137
-0.004927525559139633 -0.006618562694823505
-0.008824889057980402 0.002424693499879999
0.006712620933196527 -0.003119021419661896
-0.004607111556865978 0.00833838060330688
0.006779799925658079 0.006829514075974787
0.004708824969406049 -0.006484176007810051
-0.007557337257953831 0.004318266717729145
-0.002577126902963564 0.008943410224206777
-0.008924885310861949 0.00169330931213919
-0.008225766022396086 -0.0001844484383493011
0.00942671289688835 -0.0002631081184732999
0.008789035847070263 -0.004184155633459571
-0.008338667464667921 -0.0003761303810312541
0.004563251872393823 0.008117195307620874
0.006936795136599791 -0.005783105129154042
-0.0007454533637710786 0.007918817789278422
0.001380193672985056 0.007860259141725792
-0.004727091662051647 -0.002777174395344546
0.00419118624494945 -0.008005613668522624
0.002519588624708777 0.00792549793118493
-0.006878376850089424 -0.001745020686450727
-0.007103036759637749 -0.001709469701838158
-0.004853080589606791 0.006878614804038695
-0.007222842787715131 0.006155618943347796
-0.00941126937149842 0.000109942937486127
0.008313694134900029 0.005022108342142196
0.00199155136951648 0.007507608787253576
-0.00796862676355529 0.003980414570200303
-0.006717329083872839 -0.0009235053097070937
-0.009631954959815748 0.0005333048466104234
-0.009086133185106978 -0.00215199053004324
0.005443200391412814 -0.006368672144749329
-0.007409150355239602 0.003522713376936039
-0.009498644412410339 0.0008268448676464081
0.007969637087027755 0.003765897988062907
0.0007346406762259893 -0.005703751818889677
-0.00957541646176932 -0.001644125144163966
0.007517574478979453 -0.003452202608087932
-0.004814331129981451 0.007262787414117109
-0.004245198128571274 -0.006635294039604877
0.0026563691352917 -0.009333320744161705
0.006557044634955037 -0.005046954639734537
-0.009002685277486988 -0.002717903230761083
-0.00397783781170147 0.008459947347255194
-0.007339759427045235 -0.005928020742846083
-0.0004147340617726996 0.006411544778011577
0.007352296111349264 -0.003460527113526045
0.008426274869739677 -0.000165996870577461
0.006830793188360537 -0.005427315146250971
0.005607495047859244 0.005769650356520104
0.008734490477482907 -0.001613900906657527
-0.004971496505721344 0.0001926659868098274
-0.00624319612939596 -0.004370473660511359
0.0006962158104801996 -0.009242550775409008
-0.006129639069411425 -0.0004530308516083359
0.007326798315078238 0.004058810230351547
0.008292715880582108 -0.000263557946097541
-0.007010736851960139 0.004776823643055933
0.005341692062677681 -0.00639599379291751
0.005281530593255873 0.00724969708723079
0.00681253565472578 -0.005942192065004169
0.005929313594205678 0.00675550198652864
0.008231486711316337 -0.004381349711877336
0.00431115559279009 -0.00644186464430431
0.00343320534513889 -0.007012078010510379
-0.006041174547512158 0.00257738468077313
-0.007511086012497932 0.003117252900121027
0.00648077618730374 0.006211608788763723
-0.006464394234656272 0.005378550692920523
0.008928841261800147 -0.001151019224436427
0.0020696456949954 0.007387550543003775
-0.00836719147852891 0.003195280926523908
-0.008876755146274713 -0.0008466314375297694
-0.003482517689642865 0.008631419470385749
-0.008230014136033055 0.004708355728310552
-0.008582266805498623 0.004132713090906999
0.005297432983217822 -0.007196185670082985
0.007767632796735327 0.005841556190713048
0.008063091014780433 0.0005142252923030695
-0.008777944378265378 -0.003703726842319304
0.009447065030288856 -2.158656665105143e-05
0.00389942745814446 -0.008779755297232145
0.004152855669414582 0.008017494467188841
0.008419488471720343 -0.001142982438837487
0.002355295609750797 0.009482113609504546
-0.003003310089834226 -0.007844615343623695
-0.00786081644677337 0.002577093839721197
-0.009760196347278009 -0.0008542944917313117
0.009536584615228764 -0.0001953717328560575
-0.007202170017995072 -0.001498722553158979
0.007860837932159812 -0.005517458760676875
-0.008453369013481603 0.00237992634310839
-0.001493734765739236 0.009486506961534611
-0.00447513224722309 -0.007187602831604568
0.005676164212710218 -0.002385775916087972
0.006038354700059575 -0.006562104301671195
0.00666047515911515 -0.001250080229138191
0.008501427388745982 0.004751328504234239
-0.008284449074111773 -0.0008165658142670764
-0.007691037132217399 0.002682418908355899
0.002496308268180904 -0.007669749856704513
0.008077739956551373 0.00535806856262881
0.00520474105023308 0.007981075220624445
0.007033909722382711 0.00106218787816296
-0.001618310549936835 -0.008760296135221798
0.008963657611521569 -0.002523777820226458
-0.007335667546147302 -0.003309540251798671
0.004104170079491062 0.005894628720125692
-0.007495906413262302 0.005466921798017744
-0.009764674893037752 -0.0008474616471398667
-0.004486155050255259 -0.00827832262074618
0.009599561747677598 -0.000707330197434097
-0.006687422685697325 -0.003451062435534436
-0.009485420059940875 -0.002086692641556027
0.0003876495462249448 -0.009018318407297278
-0.004626947514859358 -0.006588237686499234
0.001436348528944381 -0.009525572579497918
-0.007858265604527782 -0.004796703835573981
-0.009112545804427701 -0.003604889914916075
0.003245586307080408 -0.007111928850044798
-0.003282006412892676 0.008872719151188868
0.003517955104934134 0.00601593345916206
0.006944435472920899 0.00274307729564578
-0.0009727496992411979 -0.007456486977585429
0.007496135226741914 0.001543037460511484
-0.007809340226627884 0.005164274292865294
0.00317289379352773 -0.006972996658908198
0.0002012866560462351 0.007055716064770607
-0.009320648442868371 0.002934187380106998
-0.00876616800258247 0.003618517166024394
9.384097646795726e-05 0.009638080743045892
-0.009413740536481634 0.0009944874354889666
-0.009610320312134464 -0.0009547474744058185
-0.001596786543801903 0.009057401717035856
0.009148051178686464 -0.00196460873071985
0.006386423456027606 -0.001961324784467885
0.000186859245914318 0.009468308024360075
0.004188169889609504 -0.007414671777963783
0.009566868255861095 -0.001112586583969271
0.003777837229502125 -0.008196047299939226
-0.002619396849327688 -0.004247673748762061
-0.002474686914561804 -0.007347321114389063
-0.003504823717524792 0.006452937392803346
0.006291263896623192 0.00356951079761403
0.00787773375751237 -0.004808656630661031
0.004102598651541106 0.00409613018275368
-0.009081165999226481 -0.003215655182667532
0.0035470381572152 0.008939057273462635
-0.003419902021866979 0.007434323166022011
0.007193811976909894 0.005471318090283195
-0.007969363332519127 -0.003089941328343039
-0.006345717640554763 0.007399284271959418
-0.00877150371560218 2.52266070407002e-05
0.006733616142771319 -0.001218469083686233
0.008200582530328022 -0.004772645755056693
-0.003137715344397502 -0.008751106849312964
-0.009138939283292263 -0.001092241335697379
-0.009175888163210341 0.003474568789462816
0.0006032693543703662 0.008724204845559434
0.009495155213149824 0.002163744105522903
-0.008813358663934248 -0.004046389141166966
-0.003865677150386761 0.008207554038346344
0.003906509222845068 0.008821560702148934
0.005581493115810961 0.005788426845065388
0.002556343103502173 -0.007329288790572886
0.006995258945762416 0.00441864914345397
0.00226961312005344 0.009346104683409713
0.000301737571067624 -0.009009019945247306
-0.006160162739341261 0.001664044120495327
0.008625432263868782 0.004113619884043354
-0.0001939846302018027 0.008078101067248697
0.000993647119662152 -0.007789149637452012
-0.008605334238056392 0.003119254059118026
0.007907946052939664 -0.002901795749424566
-0.002884926908643138 -0.008780297614845936
0.008639865911029422 0.002657789930303073
0.00624448268258086 -0.004715801918615876
0.005980904799035134 -0.007762560277706628
0.007817932464317653 -0.003244279244447949
0.0005315080236079465 0.00884587462224779
0.0001937025671433912 -0.009597903985995608
0.003511447357795448 0.00877247031092499
0.002801262752393016 0.009432321902294816
-0.007054556261322848 0.001551419065858431
0.006198573903057791 -0.006439782777754611
0.008275758142164712 0.005325582068646318
-0.004014127414957279 0.005665982268389709
-0.007213336821061002 -0.004375433876922098
-0.007858032716742687 -0.004597185350645135
-0.005418133241832246 0.007896279168110896
-0.0006268721500549948 -0.008614193525391833
-0.007022857253929106 0.004221958796867587
0.009288387255309637 0.002210412012080947
0.0001716789011469874 0.009601749443212508
-0.009081196434615187 -0.003217695290159945
0.005438622664887299 -0.005969158085165004
0.006740080539409181 0.006033271169760897
0.005377584075286144 -0.003830679147244209
0.00760908499554966 -0.006069832957963766
0.001675601977164434 -0.009299328431153891
-0.002299614861149964 -0.009548701039692764
0.008106181145002566 0.005642121547382117
-0.002251451088280552 0.009494963296187793
0.005400021734297849 -0.007886696105398404
0.006108079374739029 0.007642386158451976
0.006184627436334587 -0.003872319538035937
0.009208606295014403 0.001731065065470455
0.004238092967237913 -0.008650851967646445
0.001141238247072562 0.009410049034901216
0.008087160152737726 -0.003813204090266367
0.008223271762550095 -0.004515948830513826
0.0009756010705143816 -0.009159679268164659
0.00934552115006426 0.001750800958706891
-0.001830823793917689 0.009348687481472554
0.007760725087912952 -0.004015494478730309
0.005230818125458777 0.005590910794670198
0.007656827691256128 -0.005167880224811716
-0.0004732032481169441 0.007480931424392378
0.003112272312437027 0.009151732278430654
-0.001953814065647931 0.009485114433336283
-0.003166974396198641 -0.009292694686745907
0.0065998892191815 -0.00227240576108753
-0.0001685136090671668 0.009675945500252312
-0.0004904872943160271 0.008031623723909385
0.001914661044096944 0.002886654799593971
0.00428053649895892 0.008450625702963914
0.008048127696543735 0.005331684671810021
-0.009340340761410585 -0.0009598671356109319
0.005959725392376552 -0.006757970346309983
-0.006656747808864312 -0.007158590186023491
0.007597606122847348 0.004685568944910462
-0.004334693344725326 -0.008050526141578133
-0.009155353014046224 0.003538008237178743
0.009041284674180647 0.002508843754353528
-0.007516955887101062 0.002100152048550858
0.004514833490654798 0.006981862892954989
0.007209085074999198 -0.004199426003678815
-0.006342684823463101 0.006189683210778155
0.004772004072556039 -0.008086484363496864
-0.003452494560535997 -0.005744548575090908
0.003733728862838142 0.008292454680615294
0.007953442226628018 -0.004916973057863357
