0.005623572898431171 -0.007016788261020891
-0.009016734440694774 0.001197645301313398
-0.005184072610646453 0.007009883330888336
0.003836779277288425 -0.006891012041180224
0.007960533497327421 -0.004594108043673635
0.008175134460673352 -0.003984362263773735
0.002707067497978287 -0.00808275877647017
-0.002433540730942388 0.009134484037220676
0.006914785692121154 -0.004972382954801312
-0.007082388406957366 0.004395467594344225
-0.007445896184074089 0.004573768581233062
-0.002942138870529276 -0.00924930946507386
-0.0009648173297123827 -0.006702190272504136
-0.009388520984297167 0.001091505234488134
-0.005062745920919846 0.008244561718209729
0.0002551596947440235 0.009436718202574763
0.003558673560472602 0.007180505431455102
0.008508552389445199 0.003235176841742885
0.003898156835510383 0.007073827050342185
0.009296120139388582 -0.0008282112368127834
0.005331776701107484 0.008263174455054806
0.006191381473568952 -0.003897394849702132
0.003624005959083334 0.008456358449992294
-0.007287961151457589 -0.006491935320810431
0.006538277414510235 0.006560972798763044
-0.008515159608509097 -0.001965770039502212
-0.007346877872063227 -0.006216356256691731
-0.008720286713628119 0.001801034267214857
0.006185663339945988 0.004974132097848666
-0.009466640892269363 0.001851042431241634
0.007730494416038746 -0.003224127038155157
-0.0006397333638683205 0.008500256205221607
0.008122595500244866 0.003071613974659888
-0.004713508453686899 -0.006759483720716609
0.008864350786409108 0.002171115954191765
-0.0050524613446484 0.005418930639996908
0.0005052832854697505 -0.008983218179317755
-3.928020353123575e-05 -0.00926250307476463
-0.003259626457492548 0.00848887634762696
-0.003665317266237734 0.006426500650556829
-0.00770409357157513 -0.001446569349679593
0.005921938723210011 0.007662540436672
-0.009483968609209272 0.001084239616408692
-0.007246939459615661 0.002930984238794652
-0.004258459673769747 0.003287577275650066
-0.004637435466337751 -0.001546608292534513
-0.004130854600094358 -0.007625712389197323
-0.008477469156841095 -0.002167695936080261
-0.008669754933393987 0.003776292345954532
0.007833281425287128 0.005505460653809711
0.007321966486072608 -0.003621790336158251
-0.009319521630333059 0.001240845354231938
0.009213567206528711 0.002533244108043563
-0.009278240926854168 0.002243174802088454
-0.007981280078976395 -0.0004231668889584478
0.002753926129606888 -0.005248962944211234
-0.001374439690113061 0.008658597396355102
-0.009390984274756771 0.0004929995759101052
0.008073999417143596 0.005447243072574146
0.008065911399255053 -0.00360061354255909
-0.008564639323889081 -0.004486438079609243
0.002865873186507275 0.006902221639156334
-0.004828067667667324 -0.007466145531267689
0.0002132752734959559 -0.008884185165943847
0.00732522959001999 0.001598585262728415
0.007281770149454496 0.006218272079637022
0.005557780017869292 -0.004164106723624254
-0.005914299417018235 0.007307084020101088
-0.003823964656435575 -0.008702337725763341
-0.004359740098323951 -0.00793674103169946
-0.006614549560394388 -0.006414370674375976
-0.008593154906224986 0.003253835961210315
-0.007824781916827641 -0.002306861556524179
0.006156370630356911 0.003378768608989413
0.008693313740114884 -0.001017298595594328
-0.00715154686260724 0.006112823914373803
0.003202014604590385 -0.00626176166640786
0.004141802892392486 0.005637096300756244
-0.009741171934624367 -0.001356668166788535
0.003788446624687354 -0.008224332581800166
0.003211468284315528 -0.002434971416710058
-0.002486762453846927 -0.009082702040450235
-0.005299140821661744 -0.008061740099324286
-0.0004093444788324759 0.00829378369795321
-0.007337134024551425 -0.005767322848870649
0.002943001920920105 -0.006178793791068084
0.009337404526631633 0.0005913734919489849
0.009637065372704673 -0.001276603177179576
0.008792353377666868 -0.003924053108208016
-0.008286813647551645 0.003209168592601346
-0.00198187834039995 -0.009366146198436792
0.009372513459182944 -0.002205234941180869
0.001761671790077975 0.008720090439654606
-0.001273998935159562 -0.007801649234993465
0.008030574442036508 0.005430793995100018
-0.002136402702345224 0.008691572274539499
0.002590090745105157 0.008470347443772478
0.005824533617160941 -0.00792020939040518
0.004910425890120556 0.003948348029537856
-0.004114929778472198 0.00883468146264387
0.006963835739433696 -0.004777136609157708
-0.002318710982442884 0.007863948356866291
-0.005179518917431372 -0.007930900873681661
-0.008456940174066464 0.004046178508925117
-0.005089164928089293 -0.007864652250768574
-5.9433536434642e-05 0.009410865687935895
0.000514095492191737 -0.009213910023586229
0.003361511504357882 0.005131869394816661
-0.005087259530368777 -0.005464149111817464
-0.0004165926692250372 -0.009566510583007955
0.00466862376128933 -0.008692984310744839
0.0002532787921599247 0.009224668962343731
-0.008745903350890741 -0.003198143680429452
0.002390826500711845 -0.004633562420308979
-0.005043163673881273 -0.007594153391052366
-0.0006176881356823471 0.008332155497177134
-0.008316134687777267 0.001340157694003526
-0.007993628451794308 0.002133607000900674
0.008851954560389213 0.003148185116183809
0.0001010941834796579 0.009618377155789391
0.007453318747260116 0.002622180038240986
-0.005129624668922459 -0.005832820222920352
-0.006983158466687533 -0.00138647517528932
0.006668481436695428 0.007010872494902653
0.005942193011846278 0.007331032415816457
-0.001971644548950107 -0.008766992070021847
-0.004559310466677337 -0.007440515597585714
-0.006834123810543452 0.005349230110928763
-0.007845496501607395 0.005493680416577026
-0.008234887893266776 0.004775270471180546
0.001393599750526157 0.009679894974174546
0.009503695712266237 -0.0009163547022845049
2.821246728259094e-05 -0.008676902765181724
-0.002814768702129052 -0.007776678477656793
-0.009563206178343667 0.0001317308783186949
0.001621626681905206 -0.009543248684977903
-0.009296112826885219 0.001482549572994191
-0.006375293529969015 -0.004838674103805254
-0.008570751085054774 -0.004349025075452696
-0.002721190204001828 -0.00881990597563297
0.003398491796885282 0.009126156664517346
0.009331296817310245 -0.00149535228281475
-0.00408663269899748 0.008594322911714377
0.003846827323134222 -0.008230381565136788
-0.004585645583063382 0.008310852347541618
0.006623911688955316 -0.002705911230050131
-0.009324052138892253 0.002765667001609271
-0.009583376727926312 -0.002395891190969753
-0.006862421032768387 -0.0009256566882772618
-0.003175285318390147 0.008563206893511971
0.009254858913129764 0.001169823815053697
-0.007146526695858789 -0.003966936718511461
-0.005748590261497408 0.0007310499713219129
0.007553378626145339 -0.004819228574084411
0.009218893509761903 0.0001208175211906963
-0.004396686897365434 0.007068617769052881
0.002214514899238633 -0.006291581942261778
0.009337257170312913 0.001993867632969726
-0.005778899203480644 -0.002796963132957946
-0.001253695856884407 -0.009697184298662051
0.005414300238203659 -0.006591440477098713
0.004243944853750158 -0.005689270674964148
-0.004863463425126258 -0.005207648344520923
0.007706583520780737 -0.0005343393382913371
0.007921399340262349 -0.00219390043172561
0.008896414606655604 0.003589225009127853
0.008805730187847914 -0.001947136910375666
0.00173518849097166 -0.009227810565486013
-0.007016946426727185 0.00160902952381923
0.006189471442412345 0.005367274449403754
0.007858192325090149 0.005540561218104637
0.005602343364261012 0.007647245837474717
-0.007328968453081735 0.004916862884781886
-0.002185578706681654 -0.009498089447731024
0.001259321895957584 0.008861964544777707
-0.002728503407564248 0.008039462589648766
-0.00503309048827234 0.008098028687250952
-0.0001201626695677263 -0.008831310147465923
0.008633190894708886 -0.003117054504632075
0.005024310398858425 -0.002780738435179673
0.004504606515900784 -0.008169225483962927
0.001583985606941349 0.006915362158412731
-0.002734311244517844 0.007845945826888702
0.008833367535312005 -0.001137313145623407
-0.005733394762837235 0.00752977227710582
-0.001910419483787444 0.009386055549925628
-0.0004489592477791338 0.009650213174292445
0.007000093487561928 -0.005887681599340917
0.009413735332186734 0.0003236528589594605
0.006946581009795828 -0.004316655811231164
0.003015515475215419 0.008736641657765051
-0.00873138896593589 -0.001461636538361421
-0.004743943132735334 0.007296539650088715
0.004874802804331305 0.008207505604778278
-0.008160822849055635 0.00440726816949682
-0.003991134203780141 -0.008443031139937383
0.002716583073071921 0.007722242250136123
0.006029600653196512 -0.007227953376530095
-0.008980957096839997 0.003877430468376048
0.003819013362971127 0.008861779991158392
-0.0003409260485063572 -0.00964723925556565
-0.003331049632720001 0.009256081677506191
0.00808729297686463 -0.002518637871072317
0.004535344853850973 0.004129071270939587
0.004880924201610186 0.007776677293240306
-0.009003380780592977 0.003199467256427631
0.004867544586149084 -0.006878909612945276
-0.00829698869302934 0.004695910631558302
-0.005712613252033128 0.005551280806083173
0.007391656185451519 -0.006289499478824252
0.004991464318963756 -0.00580282203073851
0.00259347526148064 0.009259723558871856
0.008575839775720216 0.0007788054536111104
-0.000537926215491745 -0.008436998685308944
0.007663532167434772 0.005505415860462338
-0.005747650508744288 0.005395924909788756
-0.004555007641429521 -0.007844488861461916
-0.001417310352825373 0.009152562424267182
-0.007815657518761458 0.003476203448466495
0.008165085204131957 0.004524697156674288
0.008710092690150044 0.0003868247022632221
0.008183105993034529 0.0005321540002014562
-0.0057964873898536 0.007959713428597557
-0.007573650352223847 0.005967216257913742
0.008687735781683243 0.0021869237925568
0.009593621201865491 0.001143938540713488
-0.008609907323641527 -0.00262933653410807
-0.007825504718418077 0.004080965544925761
0.009665406614896217 -0.001582405012172087
0.008930216607346567 -0.003489514168769881
0.006575589650390943 -0.007263373752073852
-0.001938427149357359 0.009286796697495894
0.007659686081986715 0.005429588499490422
-0.005734680954019802 0.004408769432241072
-0.00887172086868835 0.0009975670575803229
0.004213677833867997 0.006974917295519951
-0.002624191174792029 0.009174671137171042
-0.008236824311882225 -0.002531036713340198
0.003509516097134464 0.007923172161283217
0.00608588386193023 0.003789555892208245
0.005333563545516509 -0.006211101164663276
0.003382321899651124 0.008329737733857277
-0.003294975898874597 -0.002555617624173908
0.005545559740957385 0.006330728673811513
0.0072417023121164 0.004940145042395813
-0.0007774420364397071 -0.009622022236602317
0.008524110731148622 0.001860161901723986
-0.00598672329552145 -0.007441593167193253
-0.007870347944874541 0.003180684873469651
-0.007389593408647333 0.002713275634684886
-0.007809891796124951 0.003189846503837926
0.007455294479516677 -0.004597800215303605
0.007546652527752966 -0.00508561753721075
-0.008395885512490379 -0.00392769726498801
-0.008439647120530849 -0.004097544188099538
-0.001980794554472506 -0.008302819075078504
-0.002227511713615191 -0.002244254843643415
-0.009057555084632362 -2.267899808632387e-05
0.007288749449526024 0.005733787503338738
-0.008386716755742263 0.004031923702529949
-0.009456027397266456 -0.001828608652007698
-0.008234995631898289 -0.002408183589286426
0.003493436411143001 -0.0088427864276288
-0.00717695653797536 0.00595789817259864
-0.009529184717572803 8.957065625837195e-06
0.006802374909149438 0.006059751066531547
-0.009337846524706404 0.001470316408768808
-0.003351978394666515 0.006765104298710471
0.00553408833528718 0.007575859768450557
0.0008659423620335641 0.0082087449438728
-0.008319423068591405 -0.002747984946928856
-0.004585126184941303 0.008655283749314735
0.007599774675678367 -0.005710122830641123
-0.004846150711957829 0.008282037728723929
-0.009125205532277119 -0.002223084244696496
0.004363082141313966 0.005425768133510219
0.006587451721062977 -0.003997103997261885
-0.003715605569426209 -0.008586956998460873
-0.007005799694370307 0.006097733663624396
-0.003860567546627995 -0.006842229088007595
0.0007214715502999648 0.009338629800347895
-0.007567934250907185 0.001991837846420721
-0.006713901479646351 -0.003714593278209616
-0.001074474466387969 -0.009494823772359048
-0.001569669657578729 -0.009155830914984149
0.007226899228875257 -0.005397986559148034
0.001737277047364767 0.006927508070789011
0.008394796841711591 0.004567911590675356
0.008115058604122797 -0.003603711830572624
0.008157769255095225 0.004205818593250765
-0.0004520148498333377 0.009502976686760131
-0.0048338717126075 0.007768791257708027
-0.009407382614985154 0.0008549758682305078
-0.004142897510897189 -0.004767728376507424
0.003244455325062141 0.007320464905221717
-0.006848183282218854 0.003914919559589564
0.007057879799929365 -0.006648307843557005
-0.003366217953547853 -0.008928512988552682
-0.007762610143117246 -0.001547397776660352
0.00557801762492951 0.006902156723223073
-0.0007300044266797892 -0.00971288813145825
0.007891241704637756 -0.005127857458372301
0.006280341471864037 0.00256748925905049
-0.002554146194151057 0.008397938310987564
0.001427582135472776 0.00924252411188879
-0.004112055787554814 -0.007487673457730547
0.006953124631422529 -0.003929321312637332
-0.009238837490526215 -0.002130392498701263
0.008508831584641694 0.004126195367714089
-0.002797785978944886 0.005763749589428224
-0.008941832381337453 0.002390771968502346
0.005935017213357967 0.003973837388954138
-0.007527301367046161 0.006183666093894808
0.00388864162795326 -0.008632313515307731
-0.002408022449685023 -0.007943096725633382
0.001215594420858755 0.004282016330459911
0.006924556570085417 -0.0002924326366014151
0.008304990649043926 -0.002350516473917085
0.003933433421379267 0.006491620159472087
-0.006399784864920451 0.006610154926695576
0.006500692384706296 0.006121849067985369
0.003448930464934075 0.006631732560947862
0.006989797719018841 -0.006671862910039948
-0.0002091644306528592 0.009330729829662697
-0.006770151872429494 -0.004810171681482483
0.007147956810726394 -0.005999962161074443
-0.0009516746572114785 0.008513037612211597
-0.007823269175871797 0.004207061390737649
0.00386862463187092 -0.008665918535048125
0.008454989342501485 0.001452889327727845
0.008435002592099582 0.003967700459708724
-0.003424136665309596 -0.009003508220555153
-0.007309921289043139 0.00622199865835166
0.008263175305958267 0.004516690281787934
0.002997791161867611 0.009197758163662069
0.005132303199591199 -0.004357432878050331
0.004280849811712935 -0.00879128635220063
-0.009592476496078382 -0.0006345374746732497
-0.008160711757946019 0.003429000859256257
0.009573807535041659 -0.002260554869515632
-0.007540573657449386 0.004927245528275996
-0.007287949976880736 -0.00175705969599234
0.0005148168484124673 -0.006986201648288007
0.001259861200730449 -0.006137894388184722
-0.00773841943687545 -0.005830953383420846
0.004576721166916412 -0.008546529092141576
0.008197037536713837 0.002311884926183265
-0.008839867117244686 -0.001657004122409146
0.003796435892499556 0.00821030738369221
-0.005233818296172994 -0.004641178480783359
-0.002563058874302776 -0.004902246469834831
-0.006883669798585699 -0.005018717341609787
0.006377641579289606 -0.006483403059219089
0.004662613781935511 0.003016146001372295
-0.003823260372702216 -0.008800284895835446
-0.001331868679927574 0.009134867617303052
0.001729888993706153 0.009297136585580295
-0.005305965500196948 -0.00710176826895951
-0.0005315995728887603 0.007717090401034406
0.008421014262628835 -0.0002840832127585807
0.004608373021379938 -0.007182747737136062
-0.002815212831523915 0.007004832718792266
0.006176292033756596 0.001707025916935901
0.007900335941217617 0.004656064507557756
-0.0007216037238174384 0.008981669475252687
-0.006072705796573845 -0.007335047397651773
-0.008467201232163947 -0.005070587748242401
-0.002534659654369483 -0.009099312785546971
0.006560064473178561 -0.005782007853639991
-0.00254740535456689 0.006616522660829876
0.00798744002966411 -0.005513358289590039
0.008600311429224405 -0.001271485344557812
0.00498335141789 0.007718660514178929
-6.641152306220414e-05 0.007973944224344102
0.005665721676925839 0.007094024159509487
-0.00481459965721347 0.003475442121839623
0.008986710826914714 -0.001091326028835628
0.008080125945818485 0.005301546923615813
-0.0068857073169795 0.006576350637790444
-0.0009094239715480228 0.006246026584514651
-0.009456286900919651 -0.002101137509910996
0.006575137969095531 -0.0009594990316755877
-0.009505785158385105 -0.0006388114070177575
0.005598244834012884 0.003823864358550518
-0.007506692872866253 -0.005356279869383794
-0.007054839454062913 -0.001102166280809791
0.007828533883000253 0.001259346344203655
-0.006018265534685738 -0.005370807267572933
0.008966321478802854 0.003109666259607835
-0.004439620799378355 0.006472762006605889
-0.002723961045915212 0.009502379052425904
0.002966873745425252 0.009068012466925665
-0.008204383820593648 -0.00453712971355319
0.009226046927167563 0.001145229397920553
-0.005566867085165873 -0.003588346442864843
0.005246347401368528 0.005964596446876719
0.007439395432429921 -0.006433076974885667
0.0008686357184297763 -0.009117264893091722
-0.009102994438065223 -0.002585369249198025
0.004471644407625772 0.007633135704237454
0.004103084440619172 0.008155352845418717
0.001671503211284104 -0.008126997376314374
0.005716037927316888 0.006489000940814498
-0.007331345653118707 0.004289451468808229
-0.00583067592619568 -0.005072865281539038
0.005968496285270792 0.005396525219891595
-0.008443724934927612 -0.001414753332676116
0.009046970403119923 -0.002806370447572461
-0.00147404902928347 0.008884125205164626
-0.005066571711762464 0.006890877871206417
0.0007187801683293105 0.006907000368169247
-0.006204038568927626 0.006846027567421913
-0.008623865195107997 -0.0003480566713182556
-0.004280376964811462 0.00800781470908213
0.001374688604222116 0.00890218027307863
-0.001726773959914963 0.008697119882056481
0.0004572475323655044 0.00878640834902022
0.001553591604197619 -0.009603019108839135
0.00863013518676899 0.004383917086067678
0.00979154215724019 -0.0001116983540763395
0.001112846188427503 -0.009589791129865204
0.007716292494341203 -0.006058237409704523
0.00900808606016996 0.0006678272400384651
0.0009525508486949607 -0.009713256359637573
-0.003030337621024696 -0.007546001400337124
0.001742414917613793 0.00911760316856073
-0.002733639468568193 0.00910503788793895
-0.0003623165154494195 0.009309538130208302
-0.007163983838365566 -0.005496218131687028
-0.001883645562206921 0.00900908350490264
0.006986455886143658 0.006750547787407006
-0.00828843800781299 -0.004339837482141678
0.009671887480874166 0.0009737557512002402
0.003464105883793016 -0.00788244251536368
0.002535818404107923 0.007178794022509376
0.0001062498323090579 -0.009604655347626945
-0.009202390087801977 -0.00148398821043481
-0.004125485432438992 -0.005185558413933169
0.006176379554936776 0.005807552636019312
-0.006514572024709286 0.007273266796939098
0.00523173899768229 -0.007951454406742511
-0.009449645479490487 0.0008399465430547981
0.008625822465672006 -0.003269200026151947
-0.008471424216816046 -0.003651001249126512
-0.002189161771906362 -0.009092761840257604
0.002804834081117669 -0.008617053606577855
-0.004629886405899261 0.00808119725162685
-0.007388563130801726 -0.003657128307334927
0.008205200452297529 0.005128337653512187
0.00664281819900061 0.004315584516734954
-0.0003821130102887207 0.007350024497604632
0.00839561816404983 -0.0004489219352468612
0.008272015596331016 0.005032786838186251
0.002312742072750239 -0.007810231125305508
-0.007061148664102136 -0.005436562802135164
-0.007875803145243929 -0.001381913131950888
-0.00900455706087633 0.0006146484516782111
-0.006079627638608556 0.001676690184173592
-0.001893391584062966 0.008233438789605772
-0.007295278704600716 -0.006429278097096146
0.008472752789025227 0.001115759323806329
-0.006508918207156981 -0.003619095071459271
-0.008573049791065077 0.00441817959374899
-0.00226897270738335 -0.008368246001537741
0.009825126123454269 0.001132711153074287
0.006618460729277314 -0.00672261087332767
-0.008440701246911866 0.0006823550614157542
0.005611013190306401 0.005559606578089734
0.009129974343548645 -0.002186593490144758
0.004403531266064478 -0.008822772715992102
-0.007491062366381125 0.004645696499141834
0.001598744232420709 -0.007890285702063697
0.004802860400193285 -0.007633194113462132
-0.003802435552053941 0.00645180139713579
0.008049406505195339 0.002080021806779855
0.002326131471506915 0.008060925088965569
-0.0001662799875626019 0.006722223245947614
-0.009178004775837287 -0.00177029051872797
0.008717609338350805 -0.001202250559115518
-0.004365003523558867 -0.00165508100246295
0.007449379243724425 0.006310265068676203
0.004438718551501983 0.006822254504937959
-0.00925899851791117 -0.003181093897380033
0.009412837135404769 0.001782212891654648
-0.0002457616558725057 0.007851334579206866
0.005116110545150447 0.007913777962518867
-0.001879824093737017 0.009517829218672291
-0.00666705304531479 -0.006555269107377657
0.007141862379438704 -0.005070068608764516
0.009758466628997663 0.001586270946755604
0.001869153605697491 -0.005571092675644415
-0.008748972643593922 0.001984602343361051
-0.0090201520366501 -0.001586491326843041
-0.004273161438442246 -0.005107987551275335
0.002802807684145423 0.009225547226559749
-0.004879356996527555 0.003928477332469197
0.001824978003589582 0.007413599790055741
0.008675065185164673 -0.004046977592428346
0.004774201287318223 -0.008498792525148017
-0.007584720863496105 -0.005849864375602347
8.974716366909498e-05 0.009815341090347587
0.007043644609366833 -0.006211021565744888
