0.4076732323127837 -0.9097174830026972
-0.4148386782099573 0.9098949780392326
0.7873762045130082 0.6164727976489119
0.690604396816181 0.7232327198752548
-0.8394336705797917 -0.543462153877285
1.000141108967108 -0.0039595356276904
0.3487564370707057 -0.9372133949116108
0.6122958770107593 -0.6089434946757497
0.5174950722169599 0.85574499227358
0.07916714203335272 -0.9886533956136395
-0.3579353053587204 0.9337463880400071
0.9975171356535563 -0.07042417253702421
0.03422645371896007 -0.9994141032954377
-0.7175317831580664 -0.6965257641738786
-0.853100979211289 -0.5219555764954389
0.342170911673572 0.9396377318969671
0.9562660191124525 0.2924983772447682
0.311016283408544 -0.9504040074519323
-0.9962602811674132 0.08606521259950144
0.1275176048546594 0.9918363072867069
0.5639773581834686 -0.8257902514902895
0.4652846320579208 -0.8851611215878866
0.8489069977173511 -0.5287503948686065
0.1762601094928952 0.9843436258754118
0.820149871834205 0.5721487461581448
-0.9206465787504061 -0.3903970761099169
-0.2252465698969474 -0.965616916846025
-0.06518029002126316 -0.8074540166401409
-0.5034845641362324 -0.8640042208673219
0.8296199999150755 -0.5583284479058095
-0.9618073341061435 0.2362134609161195
-0.9663979177241001 -0.2363514565501585
0.9982709603082591 -0.05877605212460238
-0.03672408539625848 -0.9993254432625082
-0.2146668324766022 0.9766873353507061
0.4796636813402287 0.8774524219598118
0.1680054020643327 0.8903672775741462
-0.2080156976842563 0.7793839466591267
-0.980502995969354 0.1965041345496654
-0.528556189694157 -0.8488983180192987
0.2339096774690301 0.9722587482455728
-0.8719270892032778 0.4411503211431022
0.8179735838292989 -0.5708976984203796
-0.9996252555796081 -0.02737422889001226
0.9750775212554379 0.2218644328154908
-0.4429131768496934 0.8965110717125484
0.739030321120503 0.6736721639331767
0.9240683436021839 -0.3821635379539003
-0.8819559758755935 -0.471331790373877
-0.9990044924978392 0.04460968470113617
-0.9959162557799548 -0.09028184464905285
0.008030043329152562 -0.9999677586823147
0.9657885651714192 0.2596952044098426
-0.08189961754967617 0.9966405834829409
-0.7750163254163781 0.6319412118909219
-0.880288636538112 0.4744385275058001
0.1234240310400298 0.9923516349283057
0.7302019811515578 -0.6832313420228467
-0.7954100099186883 0.6060717087285563
-0.2594699186451023 -0.9657451878608875
-0.446223889291257 0.585821437659797
0.2901116071992947 -0.5081897519548534
0.9823069254102413 0.1864644176366985
0.5803843637940086 0.8143174681572419
-0.3802527194292014 -0.9144320470093312
-0.6977888783906061 0.6800527294839174
-0.6913265091153346 -0.7225424954935488
0.3676526899933794 0.9299625650527046
-0.9876414073051758 -0.156730503017925
0.9685339724551463 0.0001230432450168156
0.6162157292719187 0.7875774088925337
-0.04157308162605786 0.9991354657323066
0.6460812645449873 -0.7632686287079341
-0.5132117733852122 -0.8582620087472156
0.3267926994712373 0.9450960435703356
-0.1791677224192695 -0.9838185438601245
0.5344277634769702 0.8452141355789933
0.9390597740597563 -0.3436783799604887
-0.6160505304501022 0.769203436333022
0.6641629903576739 -0.5343217034387838
-0.887443276093408 0.4609169466580712
0.2561382376460822 -0.966640162219279
0.989267990964791 0.1460566353237977
-0.3122492686655196 -0.9500002074641093
0.1130999126264935 0.9935836199152437
0.9332147731715011 -0.3581951172846562
0.9508605883575904 -0.3096193493763872
-0.5793574613346614 -0.8008805112120752
0.9459323035604403 0.3243641118857755
0.8522807938546924 -0.5230845518904331
-0.6752116795696185 -0.3268097950309867
-0.8640882149136289 0.5009427937643128
0.5004821037566912 0.8657468819779244
0.597935557541319 -0.8015441755237116
0.264091141529304 0.2814094154641092
0.144677441337251 0.7250983321928584
0.5273793331821252 -0.8496299423468873
-0.8829839271102027 0.4658378131151902
0.895634867323214 0.4447900453415399
0.009447640851126985 -0.9991797542325611
-0.954790764537331 -0.2972773637807519
-0.5295722076368943 -0.8482424887928671
-0.2841638353705699 -0.9587743900693417
-0.5437173579269108 -0.83926540146144
0.9873503097975205 0.1572818645562655
0.9846764233558587 0.06059424300076323
-0.9287243249324152 0.3707709916900591
0.2362469297366413 0.9716901381094111
-0.2743475046379933 -0.9616306186363361
-0.07722776233151186 0.9970134767015452
0.9096977662453444 -0.4141061735045978
-0.9651541301615888 0.2616820686100346
-0.93437871054509 0.3562813849755481
0.7022997358143044 -0.3557275901638879
0.6849581703788249 0.7285823934329843
-0.009585200063527831 -1.000079562538932
-0.4053637048517836 -0.9141554937694331
0.9975439644764112 0.07004312197985257
0.929659229077974 0.368420571887818
-0.5847843411558973 0.4103768260036065
-0.8339376196249711 0.5518587197591763
0.9978219286885456 0.06596513191278194
0.4438890342366735 0.8960817612047055
-0.5938808889506808 0.6609498765677024
-0.3391872602505846 0.9407188753733509
-0.7061505483945812 -0.7080617225934543
-0.9891298747155334 -0.147044520282917
-0.655041202381511 -0.7555931579795068
0.8348292841673648 0.5505089157285331
-0.7755770411093665 0.6311479536107921
-0.988836896917682 -0.149001984195546
-0.5325493806194553 0.8463989350193173
-0.09029320730376932 -0.9959152256667223
0.9316994098030121 -0.3632302324295373
0.9994543686187987 -0.03302976004754987
0.8627951114707793 -0.482370512922712
0.7682096823585717 0.6401983160946721
0.3071026360195265 0.9516764003325177
0.4681216512875301 -0.8836640309505848
0.7054198334793507 -0.3579000447983772
-0.4628085827498333 -0.09068553074420044
-0.8765041659096123 0.4813932612124677
0.05818611282484501 0.9411632481351981
0.8001072023827234 0.5990657177720961
0.7003794882974116 -0.7135932175201776
-0.8480008925982068 -0.5299947982316852
0.1535309813321728 -0.988143834556073
0.9664876891526125 0.2512692630478202
0.9537834062680334 0.3004949482566178
0.9426710668502917 -0.3337233281043585
-0.8221581098849826 0.5692592048885577
-0.768821582256581 0.6394633460927626
-0.2462668375747269 0.9688931643429672
0.7520603086472083 -0.6590929542400873
0.7086458309188446 -0.7055640920641637
0.9258168409109274 0.3779724554590061
0.1260955192090491 -0.1030834137022662
0.2083902023908724 0.9780457676139145
0.6050100178966544 0.7962178552748684
0.1767948161731322 -0.9829749115921863
-0.1184133888911093 -0.1401506003271428
0.7843565470657939 0.6203095392443793
0.9747750844790252 0.223189459157258
-0.5758677707306474 -0.4472144131689715
-0.6797187109774302 -0.7334728856243461
-0.5312118992759554 0.8468681704997748
0.4906000227964609 0.8713848848999568
0.9967528836836493 0.08370099577974308
-0.827793507801559 -0.5610328942598554
0.9996568509898786 -0.02893036115261033
0.9758596507121441 -0.2183446434644877
-0.7596910977316108 0.6502841194461377
-0.2795572563527372 0.9601333577127318
-0.8230509391962479 0.429547184353896
-0.8611328240914937 0.5083800342973831
-0.8165255157561956 0.5772427106915631
0.9996836879283583 -0.02493305488092363
-0.9816933340838963 -0.1904683643423326
0.4292672805112127 0.2636871669755019
-0.8773964772942034 0.4660893969524816
0.67594797248478 -0.7369493459483596
-0.7757200068341854 -0.4115022077859397
0.2748463671423812 0.9614881561769939
0.8168940167463936 -0.5778689546152469
0.8216404200661892 -0.5700061579609964
-0.9863830397070708 -0.1644642787301355
0.2015857594696015 -0.9774286502781641
-0.1637137911010935 -0.9865822967159458
-0.6156570528537294 -0.7901889935100878
-0.9834939101958546 0.1449053409831244
0.3541391706158977 -0.9351927313112463
0.1360638188476551 0.149055330347263
0.9175713520655371 0.3975711431452062
0.8892919746719676 -0.4572965591218226
0.9192845852126084 -0.3935905301867511
0.1827113520040366 0.8423386879192782
-0.3017825123233576 0.9533767960548077
-0.817388724515046 0.5747595474769882
0.9885962241270074 -0.1505905230810479
-0.096845766582838 0.818276256530351
0.3251729518856212 -0.9456545623862825
-0.159213317146062 0.9872442046643513
0.9999951586520495 0.003111692181796929
-0.6541991265010378 -0.7398964992176387
0.9646240381645448 -0.2636294084377442
-0.9906867347391655 -0.1326207948403124
0.886080162700526 -0.4625317832437211
-0.06889093190196874 0.2153391866295519
0.1836383264658709 0.9829938433070734
0.3611075424277844 -0.9324589778376154
-0.5305621630732272 -0.8476460293749143
-0.4144175451344355 -0.9100868630437141
-0.2985669853293473 -0.954388557407707
-0.9069934715046645 0.4211446813719928
-0.7937084106972967 0.608279150026127
0.6092263534358181 0.3886018170711726
-0.8957870523105759 -0.4444834720195582
0.6790639232050018 0.734079143009411
0.004282872893242565 0.9944972272690821
0.9780117656599402 0.2085497212434635
0.9847092705014271 -0.1742057765648056
0.997409492165226 -0.07193264167751601
0.7859077413096722 0.6183437734379873
0.7649911254343648 0.643905886189385
-0.5204026244326265 0.4021065829474267
-0.640212889402369 0.7679211912631096
0.1407945218661374 -0.7476899443249084
-0.2417891625674841 0.0781066770609715
0.6810739645355648 0.7629786690052391
-0.8957603108876041 -0.4443363086999648
0.1769807717138016 -0.9842059653203274
0.7939482084352222 0.6079853964714128
0.7273898173111866 0.0518858973690588
-0.9952064895780162 -0.09779592579347135
-0.8556630656976556 0.5175333013448404
0.8368778480430448 -0.5473863002859398
-0.7571035228925895 0.6532949223923527
-0.2696249398602447 -0.9629653991482768
0.6748069857118671 -0.7282905244061528
0.2249948002450601 -0.9702689068040802
-0.8941240169951379 0.4393679018859132
-0.06940957979431582 -0.2915373447557416
0.9096968719584018 0.4152729236888649
-0.4958832852031806 -0.8683890583803272
0.1155358234328034 -0.4028503976020659
-0.5235452752752295 -0.8519978548323293
0.942792504278074 0.3333801042010121
-0.9378052969620158 -0.3445898902991559
0.3055477807116554 -0.9521767449912764
0.1721392399002473 0.9850486088457771
0.1631558891007181 0.986600301971982
-0.6694232635202857 0.743030346829254
-0.9557768493227442 -0.2940928667932775
0.09605884465294919 -0.9953751236206256
-1.052815040967519 0.572510782818354
-0.8992521083117252 -0.437430732455914
-0.8803268221672712 -0.4743676698225477
-0.03531951863660464 0.4421088435962781
0.9859082086697855 0.1672871827563551
-0.9160855256712858 -0.4009829293817433
-0.4588655530704482 -0.693441275065698
-0.9977267805802579 0.06738895542263604
-0.4880419851957731 0.8728198846308476
0.9946436495391084 0.1033634862574903
0.9597710790009626 0.280782138553617
-0.6734132861424651 -0.7260685824995119
0.6400878183947445 -0.5350477089893964
-0.4632103692116231 0.7394484815022389
-0.4768124731108478 0.8790050429240533
0.9623492178179479 0.2148476190126318
0.2540160475159194 -0.9672000039311288
-0.6991345855998632 0.7149900916922609
-0.7154038595639316 -0.6987111833323992
-0.8618588443928528 0.506396100168738
-0.9959941776164757 -0.08941810864741188
-0.3637068985270202 0.931513441644218
-0.9980802845754418 0.06193339601382343
0.6201093216799202 -0.7845154104067487
0.6118288990368443 0.7909901379305322
0.4660311931004574 -0.1486641665998012
0.9086314841330611 -0.1488143282399857
-0.6637344297982622 0.7479683044909864
0.3873211769756845 -0.9219418884458642
-0.2770203285533149 0.9608640577980913
-0.9617430316924359 -0.2739531729895495
-0.7613621874240742 -0.6483267845455558
-0.9897084418912498 -0.1430791773142646
-0.2594510275699136 -0.9657562654691483
0.6214824886021452 0.7733632805395571
-0.9582272312945046 -0.2860078675974125
0.2027183417240856 -0.6075862140821774
0.3793113989141534 -0.9271139393030706
-0.2389762546256535 0.9710254114723748
0.1084857946249625 -0.9940979993765481
-0.8801590656603295 -0.4714248522136911
0.2150434115543561 0.5882038511178571
-0.3090143693687887 -0.9510573687907117
-0.93558656676151 0.3530974031275376
0.2388021656298971 0.9710682394613014
-0.4452733061761252 -0.8953609874300892
-0.118723851593012 -0.9915509692582862
0.9266780427386062 0.3758560962737543
0.7168968619230249 0.6971792376175006
-0.0648494784169539 0.9978950571823918
-0.9864374733070551 0.1631543702330314
-0.4605883914739806 -0.8876137683586505
0.4841595460390977 -0.8745692538636651
0.7588340875318597 0.6512839838347708
-0.5297349324946488 0.3375196881215103
-0.5666308430224316 -0.6964122746336643
-0.7774917536033805 -0.6288931332736432
0.2423026628603878 -0.9702007108456967
0.263597277827038 0.6568363177195771
-0.8740016970826355 0.4715809208499872
-0.6939358937780791 0.7200367874780098
-0.4410528160779177 -0.8974811493450648
0.720642141051302 -0.6933072196649518
0.2084132325508004 0.9499727320694059
0.3443317686149951 0.7665115305042779
-0.6507309406644035 -0.7593083977291576
0.5013428394392452 -0.865248725710125
0.6564027121193619 -0.7544056570890668
-0.9991268263034099 -0.04178019785536832
0.9661470142308921 -0.2579921449397997
0.3780338840814034 0.9122765002114902
-0.9814904264049182 0.1915112082241972
0.2722106668454016 0.9622376800227584
-0.731909037718686 0.14535968050363
-0.5149604533638247 -0.8572139356492778
0.9604079763718104 -0.2785974137019292
0.04593134533267201 0.9989288787945561
0.0228224586984457 -0.6777414402396482
-0.4510136284986661 -0.8925170625307211
-0.6041434554927971 0.2570221095242259
-0.3928803383918893 0.4803254254341793
-0.7656113950580619 -0.643303343499199
0.06057391085718107 -0.400225851228969
-0.07256442959696147 0.9973637268104688
0.9535796661597374 0.3011408645246999
-0.1581666444510814 0.9746302279129752
0.2801206796374781 -0.1548209242472519
-1.001058818169281 0.02228181400041556
-0.251325433268877 0.9679026431373204
0.9376579121924551 0.3475595484271525
0.9546077186987642 0.2978659151375688
0.9383015781421571 0.3458180857849077
-0.6288118306924994 -0.7775575100387715
-0.8275541668552779 0.5612431297791847
-0.8217562014277948 0.5698391841571433
-0.8538599056624152 0.5205028702163942
0.5293287022631612 -0.8484168344395329
-0.1193305001004834 0.8472960356051961
0.2375502947165705 -0.9713101281878409
-0.5916057467854334 0.8062271674154464
-0.6009018139547949 -0.7778372638345616
0.3987692043590038 -0.9170513189865042
-0.5341865938715007 0.8453608069365626
0.5877943061563974 -0.8090102796550289
0.5129287459698272 0.8584255364270406
0.6893992491821039 0.724381581230095
0.9531621547837794 -0.3024597604441663
0.9420051047203837 0.335598201489285
-0.5791023111779544 0.7328701682685249
0.7387390886470733 -0.1851200850929632
0.9852198793627895 -0.1712944520653553
-0.2331734387305573 -0.8414584976016642
0.9932386093861725 0.1160907611510162
0.7382081769309957 0.6745729667813674
-0.4489433426776333 -0.8935602246437746
-0.6293124167026176 -0.7495653654446254
0.5965287188814923 -0.8030877695670294
0.7732079924996811 -0.6341525055809628
0.9845933265143195 -0.1748598755499268
-0.150047726146395 -0.9886757429098111
-0.6274858458524109 -0.7786279185795628
0.9989457133247771 -0.04575805109616804
0.9636481744833234 0.2671696968262168
0.3669289094372065 0.6324309806568639
-0.08886695766900116 -0.9960435049909484
-0.7038049808711706 -0.7103932353991915
-0.3439989291794953 -0.9111715207816838
-0.9965481585188665 0.08301590108494433
0.8423662215032911 -0.5389055099246097
0.3787815483440286 -0.9254861093685309
-0.8974364899997512 -0.4411436800051652
-0.7479330247685516 -0.474970109146227
-0.6460138131778894 0.3821952279902086
-0.6902567396017115 -0.7235645330130651
-0.5348609391842087 -0.2875351215245729
-0.03072704686394934 0.9995278128151416
-0.778782759356938 0.6186360973503785
-0.8887397761262834 0.4580978704329757
0.276207298753953 -0.961098084544437
-0.5440235910731939 -0.2385138734514398
-0.835168105106582 -0.3462061716641815
-0.7059737023600399 0.6905191990056994
0.8830637426702886 0.4684174705037761
-0.5244949717740979 -0.8514135103370045
0.1904194516235342 -0.8088181947451236
-0.9114289543575048 -0.4114574805045539
-0.828167996286722 -0.5604799452227542
0.1924626788344282 -0.9813042865797863
-0.495830353825561 0.8684194034135919
0.156721968671998 -0.9876425915495515
0.4062734747142164 -0.9137515328269654
0.1017756905171233 0.9948073727208514
-0.5963977400358431 -0.5914758004244577
-0.06458924405546446 -0.7222684869201532
-0.9390750698000087 0.343712108014526
0.9008973283474688 -0.4340322612151691
0.4060472176107954 0.9138520935127601
-0.9477142829143975 -0.3191200991083109
-0.4174928301169265 -0.3005517692924974
0.5524200857008926 -0.8334077510726919
0.2215379923430298 -0.9751156423510136
0.352947472510746 -0.9356431379795804
-0.6800276046745841 0.6486765640497031
-0.3479473399914859 -0.605906506930356
-0.591632230876044 -0.3678002740568528
-0.7578533949165273 -0.6524248859550762
-0.3765083867584395 -0.8623366621147135
-0.6826782234623384 0.7341938171645161
-0.6553529148496589 0.7553228164156408
0.8037253517156335 -0.06266332608495395
0.715927073739732 0.6981750675886088
0.5228711415465788 -0.8524117369779293
-0.1897447797043237 -0.9818334474720914
0.4956337173497046 0.8682369751292119
0.9836971330038521 -0.1792763417019432
-0.2320518987010863 -0.9726970630880341
-0.9695156154993196 -0.2448801860558465
0.9264837106437197 -0.3736941181333555
0.9219458361575024 -0.2345581641908232
0.7206947365809263 0.6932524503962993
0.01294750840453286 0.9999161774999515
0.05627303280674538 0.9974032887127651
-0.4475258924967024 -0.8942709738204757
0.1923565660841448 0.9811855993977928
-0.03622179378855888 -0.9993437755120803
-0.545061706940967 0.8383959301109465
-0.04173240119100359 -0.8394501681341928
0.3287254166942093 0.9444255399020182
-0.9639481413522772 0.266090174157008
-0.9904954089122258 -0.1370745022345581
-0.363504334711688 -0.9327215526106719
-0.4103224799728825 0.9119404928112929
-0.7485775282837427 -0.6507886080517088
0.382842776873143 0.923813485763272
-0.3390301953445441 0.9407754921577413
-0.998678460747131 -0.05139389107414694
0.3556503320104197 -0.9346190889024675
-0.9330195177967877 0.3598257625716223
0.972527435976399 -0.2327882863744893
-0.2763950150940408 0.9608736051099132
-0.4772245138226845 0.878781408204794
0.4911296754247979 -0.8710864721238257
0.7642656862419006 -0.6449015125065197
-0.1157831083672678 0.993272095289138
0.1770681407611479 0.9841985945567036
-0.4607939427489275 -0.6828323794333212
0.3153709102550932 0.9438262699682477
-0.7396023614577368 -0.6730440898827796
-0.1599399376280438 -0.5828761067732875
0.4356655439438187 -0.9001086233450587
0.8687400322322582 -0.4952683680562439
0.8590602614881442 0.5118744642311446
0.3707987279611353 -0.9287132514088534
-0.9976209900628098 0.06450739539691558
-0.8848181902323974 -0.465933697187449
-0.9684837456578964 -0.1334784736463209
0.9959724563175931 -0.08965972482990685
-0.3654780806589632 -0.9308199463687059
-0.07266911859955469 -0.9786144403908505
-0.6776162351152388 -0.7348691915404907
-0.9715102308903386 0.2369976131857864
0.8912815390417463 -0.4534503480684252
0.7778302979362134 -0.6284743651195821
-0.7264176985399033 0.6862079574955764
0.9873313772893796 -0.1586718356226367
0.8773571883817922 0.479837851773697
0.1669547256265992 0.9845831720170235
0.2668239838930674 -0.9637452783902144
-0.9119851686744371 -0.3426235517991795
0.2086600376816609 0.9779787054500824
0.9893363905095719 -0.1456485716150079
0.9769403274972482 -0.234154984167821
0.669872107090723 0.1361528346292117
-0.1517168283789256 -0.7683713448779027
-0.2914269060850165 -0.2870495707590792
0.9169606377114282 -0.3262675125162801
0.3920043414059389 0.9072974140044506
0.9111619720407546 -0.4120483718044883
-0.6127747961907182 -0.1152499620926368
-0.8707022643527573 0.4918104989230923
0.8285690712733377 -0.5598868212807654
-0.7420912554736482 -0.670298865096417
-0.8534401739637735 0.521190818668829
-0.3141917230755449 -0.949359553146657
-0.649861725342998 0.7600524573568734
0.8888786637937515 -0.4581426863458968
0.86201147265808 0.5068887659098406
0.4227476510207878 0.9062474405792306
