0.481784146213367 -0.8797385480028809
-0.4148386782099574 0.9098949780392326
0.7873762060894197 0.6164727965172044
0.6906043968161811 0.7232327198752547
-0.8394336705797917 -0.543462153877285
0.9999277897998781 0.01019318440256814
0.3487564370707056 -0.9372133949116108
0.507521790146183 -0.8387161925788809
0.5043647538826945 0.8640808983190024
0.3011922015993828 -0.9756243430389334
-0.3579353053587204 0.9337463880400071
0.9975171356535563 -0.07042417253702421
0.03422645371896023 -0.9994141032954377
-0.7175317831580665 -0.6965257641738785
-0.848249416182245 -0.5296176931258775
0.3421709116735718 0.9396377318969671
0.9562660191124522 0.2924983772447683
0.3110265820978811 -0.9504009015819774
-0.996744497485332 0.08035711986518938
0.1275176048546598 0.9918363072867069
0.5639773581834686 -0.8257902514902895
0.4652846320579208 -0.8851611215878865
0.8527218158523868 -0.5224172860012105
0.1762601094928952 0.9843436258754118
0.8201498718342048 0.5721487461581448
-0.9206465787504063 -0.3903970761099164
-0.1865720604762879 -0.9817885730539577
-0.1709953541228791 -0.8136312782597599
-0.5034845641362327 -0.8640042208673218
0.8296199999150754 -0.5583284479058095
-0.9542170814368831 0.2863789367462539
-0.9623417711646148 -0.2599253814201375
0.9982727967850887 -0.05874667716213269
-0.03672408539625852 -0.9993254432625082
-0.2146668324766074 0.976687335350705
0.4796636813402287 0.877452421959812
0.08060268304888103 0.947443321129501
0.197775308265271 0.8931001376258281
-0.980502995969361 0.1965041345496404
-0.5285561896941569 -0.8488983180192988
0.2394673076309295 0.9714715625320646
-0.8208650906421838 0.5563018369674578
0.7997913450635419 -0.6006675433551864
-0.999625255579626 -0.02737422889004279
0.9750775216585654 0.2218644320907451
-0.4464157288552543 0.8947916442945937
0.7390303210778134 0.6736721639821066
0.9248009097792437 -0.3804130521487693
-0.8819559758751805 -0.4713317903747885
-0.9990044924978392 0.04460968470113605
-0.9959162557799548 -0.09028184464905278
0.008030043329152537 -0.9999677586823147
0.9645977494190249 0.2645221325403314
-0.08189961754967383 0.9966405834829412
-0.7750163281436966 0.631941208565087
-0.8802886365381116 0.4744385275058008
0.1231329291738215 0.9923888465837366
0.7302019811515579 -0.6832313420228466
-0.7954100099186882 0.6060717087285565
-0.2580344221536819 -0.9661312374366771
-0.537658381305451 -0.4180395027219554
-0.2008115684457327 -0.7002411703504768
0.9821044766484428 0.1879174902218285
0.5794852307461955 0.814968616423892
-0.4600803740922043 -0.8901624149341666
0.451337375867761 0.2900290154289207
-0.6913265091149247 -0.722542495494056
0.367554227500088 0.9300017560068293
-0.9876414073051758 -0.1567305030179255
0.9760980276244644 0.08898761602568213
0.6162157292719188 0.7875774088925337
-0.04157308162605767 0.9991354657323066
0.6460812646319858 -0.7632686286446821
-0.5132117733852123 -0.8582620087472156
0.3267926994712374 0.9450960435703356
-0.1791677224191011 -0.9838185438601635
0.5344270158640748 0.8452146168435052
0.9393416825015349 -0.3429416003683283
-0.7782990837503596 0.6445422142907774
0.7256750617094155 -0.20318398375261
-0.8874432760934079 0.4609169466580712
0.2561382376394651 -0.9666401622210906
0.9892731953734646 0.1460473813278576
-0.3122492677089943 -0.9500002077872755
0.1130999126264934 0.9935836199152437
0.9328534692246117 -0.3597018978082707
0.9508605883575904 -0.3096193493763871
-0.3579425843808449 -0.9808303399106216
0.9459323035609301 0.3243641118853398
0.8522807938546925 -0.5230845518904331
-0.3179019990004754 -0.8026752468202275
-0.8558837482435961 0.5169715272985751
0.5004821039110465 0.8657468819328522
0.5979355653067784 -0.8015441707972971
0.6046765706177144 0.3770520124931359
-0.1236460637449918 0.6481404875680442
0.5273793331821243 -0.8496299423468884
-0.909378263621299 0.4196248998375974
0.895634867323214 0.4447900453415399
0.07558834683262913 -1.000159372998731
-0.9547848562015607 -0.2972969452348959
-0.5281977140893704 -0.8491091118215962
-0.284051313936575 -0.9588083558589352
-0.5438909342624478 -0.8391541328746043
0.9873800961419738 0.1576473754227887
0.9833468104112599 0.1453726943895078
-0.9287243249324151 0.3707709916900592
0.2365829099437704 0.9716096873758018
-0.2743475046379963 -0.9616306186363361
-0.07722776233774802 0.9970134767012379
0.9111753324193502 -0.411581619729947
-0.9651541301615888 0.2616820686100347
-0.93437871054509 0.3562813849755481
0.563590279457593 -0.7649104306295278
0.6849581323933656 0.728582429400817
0.0303101387959302 -0.9990781870078621
-0.4053637048517862 -0.9141554937694319
0.9975439644764112 0.07004312197985262
0.9296592290779742 0.3684205718878179
-0.710275379175659 0.6360955937862656
-0.8339376196249711 0.5518587197591762
0.9978219286885456 0.06596513191278304
0.4438889965040064 0.8960817805468896
-0.2505564336821626 0.6100754653867827
-0.3391872602505847 0.9407188753733509
-0.7061505483942582 -0.7080617225937839
-0.9891298747155334 -0.1470445202829171
-0.6550413521769287 -0.7555930289786102
0.8348292841673594 0.5505089157285414
-0.785339468732471 0.6189812388334633
-0.988836896917682 -0.1490019841955459
-0.5325493806194554 0.8463989350193172
-0.09029320730377 -0.9959152256667222
0.9316993012274991 -0.3632305159148944
0.9994543686187987 -0.03302976004754991
0.8059478697496201 -0.5893650097185615
0.7682096823567287 0.6401983160969156
0.3071026360195265 0.9516764003325177
0.4681216512875302 -0.8836640309505847
0.9018552195417266 -0.05035151549678024
-0.4680533753052359 0.5720884318849564
-0.8765045729797856 0.481392979591589
-0.7289118522444356 0.4623981345521803
0.8033118444773991 0.595649761254987
0.7679935565227862 -0.6523300463806478
-0.8480008925982068 -0.5299947982316852
0.1535309813321732 -0.9881438345560729
0.9342118542569827 0.387721197281116
0.9537834062680332 0.3004949482566184
0.9426710668502066 -0.3337233281061892
-0.8221581098849826 0.5692592048885577
-0.7688215810205532 0.6394633489162639
-0.318586277460685 0.9527209907563702
0.7520747181866055 -0.6590771301604481
0.7086457300726089 -0.7055643266238073
0.9258168409109275 0.377972455459006
-0.360218059336147 -0.464679086433378
0.2083902023908724 0.9780457676139145
0.6050102209887477 0.7962177024664354
0.3431284279273923 -0.9610511766677885
-0.1380384514631041 0.7162855448249967
0.7843350593894178 0.6203370487763238
0.9747750844790251 0.2231894591572583
-0.5676855878537903 -0.5929389514306793
-0.6797187109866712 -0.7334728856161222
-0.5305146513438082 0.8474812323029596
0.490600022796462 0.8713848848999565
0.9948291057433493 0.1198534057996278
-0.8277935078015591 -0.5610328942598554
0.9997645836088547 -0.02255710627233262
0.9758725806701228 -0.2183114769793301
-0.7596910977424487 0.6502841194417986
-0.2785591196013374 0.9604220258393366
-1.012278260253358 0.1236437060457692
-0.8611328240914961 0.5083800342973791
-0.8164850477935207 0.5773323280643513
0.999685698868948 -0.0249558054690861
-0.9816933340838963 -0.1904683643423327
0.2247801821799989 0.7521995767754008
-0.9339304466437377 0.3480493934371134
0.6759479724847801 -0.7369493459483596
-0.6689820296723693 -0.7034414658614143
0.2748463671423811 0.961488156176994
0.8248945735600568 -0.5656775139551743
0.8216404200661892 -0.5700061579609964
-0.9863830397070673 -0.1644642787301775
0.1801285777191954 -0.9828884649019581
-0.1527995953491404 -0.9886179795620953
-0.5833451277445588 -0.8124981462273062
-0.9954059133760231 0.0752714596390803
0.3541391689882676 -0.9351927327034588
0.1972615964872153 -0.4255159580516599
0.9175713520337772 0.3975711432224825
0.8891804543350853 -0.4575341189915966
0.9192842449634021 -0.3935927412324142
0.08327723862773606 0.9288756455663898
-0.3017825123236063 0.9533767960547465
-0.8407692052550577 0.5407057545143433
0.9885962241270074 -0.150590523081048
-0.424681206998253 0.5634187678538709
0.3251729518856211 -0.9456545623862826
-0.1592133171460618 0.9872442046643513
0.9999951586623538 0.003111692160429625
-0.5879296919516963 -0.8024699900168603
0.9646240381772527 -0.2636294083929137
-0.9871768795768227 -0.1595741359853821
0.8854075453215476 -0.4643111632427979
-0.4360282918051769 -0.660612451760096
0.1836388526499729 0.9829937613627894
0.4365339704903388 -0.9056941729310052
-0.5305621630732273 -0.8476460293749142
-0.4144175451344355 -0.9100868630437141
-0.298566746789968 -0.9543886889394321
-0.9069934715046644 0.4211446813719932
-0.7936655478848094 0.6083428137538461
0.6713614094915505 0.3332525557601866
-0.8957870519329576 -0.4444834727879596
0.6790639232050019 0.734079143009411
0.02572003737270135 0.9972033935763673
0.9780117656599401 0.2085497212434636
0.9847092705014271 -0.1742057765648054
0.997409492165226 -0.07193264167751597
0.7859077413096722 0.6183437734379874
0.7645903603068316 0.6444407006144178
-0.6093297676402674 0.2896482363968295
-0.6459423229264778 0.7632971866756646
-0.1725030489228909 -0.6696702811637876
-0.7498686634689952 -0.04343348284890383
0.7577614675769111 -0.08892289655217635
-0.8957774404810812 -0.4444164756011239
0.1769838797540167 -0.9842092482625291
0.793948208435222 0.6079853964714129
0.03715518337888032 0.4864858846876859
-0.9952064895780162 -0.09779592579347123
-0.8556630656976557 0.5175333013448403
0.8368633291500736 -0.5474099020780755
-0.7571035228925896 0.6532949223923527
-0.2696247166914501 -0.9629654689447551
0.6411201490301588 -0.7650919699937487
0.1646035147528442 -0.9864803064483217
-0.864966703927372 0.5037484756573902
0.7127188626531274 -0.02441923489417128
0.9096968719583993 0.4152729236888709
-0.4958788958871994 -0.8683916217961514
0.221688104354072 0.4804120487192308
-0.5235452746734126 -0.8519978552286624
0.942792504278074 0.3333801042010122
-0.9360044168530898 -0.3506897972207167
0.3055477807116554 -0.9521767449912765
0.1586803679343268 0.987278875720767
0.1631558890885412 0.9866003019741247
-0.6728492066246075 0.7400684110670461
-0.9557768493227442 -0.2940928667932776
0.09606208032634327 -0.9953750498879631
-0.6216831987173719 -0.187160763357282
-0.8992521083117252 -0.4374307324559137
-0.8803268221672712 -0.4743676698225477
-0.763378969156822 -0.6317765055295779
0.9859082142560363 0.1672871532914614
-0.9160855256712858 -0.4009829293817433
-0.3991307216657654 -0.841073166018637
-0.9977267805802579 0.06738895542263605
-0.4880434375244374 0.8728191944004982
0.99464364938115 0.1033634880912784
0.959771067241311 0.2807828973920713
-0.6270028305196205 -0.7711492246120119
0.5059029512331809 -0.7676019143150435
-0.2735914534183834 0.7014532375005074
-0.4768124731108478 0.8790050429240535
0.9316187021942757 0.3494636134808543
0.2540160475156785 -0.9672000039311954
-0.6991345855998632 0.7149900916922609
-0.7154038595456177 -0.6987111833535451
-0.8616979727208375 0.5069825658758706
-0.9959941776164757 -0.08941810864741183
-0.3637068985270202 0.9315134416442179
-0.9980802845754418 0.06193339601382365
0.6201093216799202 -0.7845154104067487
0.611828899036846 0.7909901379305312
0.7028831093130938 -0.07187543869458571
1.008489628681673 0.125088431023448
-0.6637344212706294 0.7479683189470391
0.3873966026578829 -0.9219115578120776
-0.277020328553315 0.9608640577980911
-0.9617430316924359 -0.2739531729895495
-0.7613621874224976 -0.6483267845479943
-0.9896573549517501 -0.1434410740417433
-0.2594510275699136 -0.9657562654691483
0.7096396884187399 0.2683096788618195
-0.9582294967260776 -0.286000335577995
-0.1749363296534152 0.3724848779247623
0.400059730490938 -0.9172109645549165
-0.2389762546256535 0.9710254114723748
0.1084857946248908 -0.9940979993765874
-0.8179924332090577 -0.6029919752181444
0.6791868537051068 0.2581107279279052
-0.3090144119004108 -0.9510573551604459
-0.93558656676151 0.3530974031275377
0.2388021656298972 0.9710682394613014
-0.4436905764229842 -0.8961608834834804
-0.1401143515036161 -0.9898870132936929
0.9266780427386062 0.3758560962737543
0.7168968619230249 0.6971792376175006
-0.064849478416954 0.9978950571823918
-0.9873448614117113 0.1582718704611793
-0.4605875719004165 -0.8876142274733232
0.5152960996964165 -0.856647920319581
0.7588340875318597 0.6512839838347708
0.1559549784359484 0.59600234381308
-0.3845982208051268 -0.8516544970302157
-0.7774917536033806 -0.6288931332736432
0.2423026699302518 -0.9702007091389603
-0.4257783986883948 0.4653663097910285
-0.9045789809172595 0.4230176191787521
-0.693935893872116 0.7200367873889207
-0.4410528160779179 -0.8974811493450647
0.72064209643708 -0.6933072672345928
0.3120858821307182 0.9480490110396266
0.7403974653696274 0.6951022957360976
-0.6507309406644042 -0.759308397729157
0.5013428394392451 -0.8652487257101251
0.656398632624728 -0.7544115810732835
-0.9991268263035765 -0.04178019800554263
0.9661470145028962 -0.2579921439590984
0.5017232743624799 0.8708141515204209
-0.9814904264049182 0.1915112082241971
0.2722106668454028 0.9622376800227584
-0.6013504784209562 0.2765100098667535
-0.5149604533638238 -0.8572139356492783
0.9604079763718104 -0.2785974137019293
0.04595755745522662 0.9989350485376671
-0.9498239705497062 -0.2207004110899588
-0.451013628498666 -0.8925170625307211
0.6195060209990979 0.3438634542083335
-0.08416974454154416 0.4582148798318737
-0.7656113950580617 -0.6433033434991992
0.4516962262258764 -0.4378001056803214
-0.07256442959696159 0.9973637268104688
0.9535796661597374 0.3011408645246997
-0.1572919664590532 0.9896331529550494
-0.4830151023572048 0.2535302215329874
-1.000891041707588 0.009886997246601109
-0.2513254332689139 0.9679026431373109
0.937657912192455 0.3475595484271526
0.954607718698764 0.2978659151375689
0.938301578142157 0.3458180857849077
-0.6288118255291887 -0.7775575142631089
-0.8279396076689746 0.5607290439499528
-0.8217562779746297 0.5698390931836659
-0.8538596389890311 0.5205033178443076
0.5293287022631612 -0.8484168344395329
-0.5586589813878222 0.7956706067097518
0.2402148786653708 -0.9707405025653684
-0.591614370399458 0.8062209528476375
-0.488236946809547 -0.8784725139020784
0.3987692043590037 -0.9170513189865043
-0.5341724491951688 0.8453725054217304
0.5877956609836531 -0.8090093557512811
0.5130626123821767 0.8583478138064724
0.6893992491926775 0.7243815812205884
0.9531621547837794 -0.3024597604441663
0.9420051188181994 0.3355983174197136
-0.5967080134692282 0.7755008733212485
0.8812914215112847 0.1614872485773558
0.9852198793627904 -0.1712944520653502
0.2036108386021979 -0.9128755785972498
0.9932386093861725 0.1160907611510162
0.7382081769309953 0.6745729667813678
-0.4489433426776333 -0.8935602246437746
-0.691327216087924 -0.7260646595133723
0.6095185212693524 -0.7928501692362909
0.773207992499681 -0.6341525055809628
0.9845933286004476 -0.1748598708559127
-0.1501697288555499 -0.9886585999133376
-0.6274858987986458 -0.778627899009934
0.9989421114229166 -0.0458960590182857
0.9636462316881219 0.2671788237752158
0.7873727002901512 0.3443737099945533
-0.08886695766912397 -0.996043504990938
-0.7038049808711738 -0.7103932353991884
-0.0664610897536142 -1.043169679745471
-0.9965489183879206 0.08300713485131339
0.8423662215150794 -0.5389055100112348
0.3787815483440295 -0.9254861093685305
-0.89743649000335 -0.4411436800022858
-1.004917533773244 -0.1574258679947398
-0.1808925984417525 0.4816566570186264
-0.6902567396017114 -0.7235645330130652
0.6398640991930062 -0.05747387973620272
-0.03072704686394912 0.9995278128151416
-0.9250233883061484 0.4450517458554473
-0.8875327962912876 0.4606120323217813
0.2762072987539239 -0.9610980845444597
0.5623356574297784 0.1104214793366442
-0.9588811416033612 -0.0844863388427068
-0.8039208098662752 0.6017388465383174
0.8830758411290488 0.4688361690408867
-0.5244933523149672 -0.8514145240361359
-0.05643143220027458 -0.4485292907016082
-0.9114289557333244 -0.4114574790864855
-0.8281679970349688 -0.5604799445011431
0.1924626782764474 -0.9813042900598863
-0.495830353825561 0.868419403413592
0.1567216704757995 -0.9876427189852417
0.4062734747145158 -0.9137515328268343
0.1017756905171234 0.9948073727208514
-0.6134966299309521 -0.4329541851239554
0.9184535297458448 -0.02287620004281621
-0.9390750698109133 0.3437121080418559
0.9008973283389845 -0.4340322612332242
0.4060472182106661 0.9138520953179583
-0.947714282756796 -0.3191200997971587
-0.7563972595311107 0.09740273389211135
0.5524178665086644 -0.833480994733432
0.2215775857917251 -0.975122589758699
0.352947472510746 -0.9356431379795804
-0.5133917573760051 0.8586031237051532
0.08717909131117979 -0.7474811760293172
-0.7077074883087755 -0.4446576453475961
-0.7578533949165273 -0.6524248859550762
-0.1683174786854905 -0.7590998619310307
-0.7029499052809901 0.7128503559068133
-0.655352914849659 0.7553228164156407
0.7726704573237007 0.01655067377958912
0.715927071826397 0.6981750695787031
0.5228711415456101 -0.8524117369785362
-0.1897447797057762 -0.9818334474718167
0.495308168284304 0.868554076755309
0.9858881245516451 -0.1684296176441502
-0.2319908535402059 -0.9727144590524139
-0.9695739334936768 -0.2447195772651113
0.9157822057624871 -0.4022145570966526
0.6464426704528485 0.2532562456875609
0.7206919223372875 0.6932554225463299
0.01294750840453316 0.9999161774999515
0.009037292186707971 0.9996818418715444
-0.4475258564920037 -0.8942709920790004
0.2138706841870756 0.9799610003916596
-0.03622179378855891 -0.9993437755120803
-0.5450617069409669 0.8383959301109466
0.478105351660165 -0.4282459970846976
0.3287254166942093 0.9444255399020182
-0.9639481413526745 0.266090174156075
-0.990545829621212 -0.1369328214802215
0.1489730672693114 -0.7081388247670635
-0.4103224799728827 0.9119404928112927
-0.7902738567501811 -0.6122614867582529
0.3828428138646592 0.9238134833972566
-0.339030195344544 0.9407754921577413
-0.998678460747131 -0.05139389107414694
0.3556503320104196 -0.9346190889024675
-0.93301951779679 0.3598257625716163
0.9725274359763989 -0.2327882863744891
-0.2759106453806573 0.9610992300855243
-0.4772245138228959 0.8787814082047583
0.4911296754247979 -0.8710864721238257
0.7642656862419005 -0.6449015125065199
-0.1157775927995049 0.9932738733074062
0.1770681407611478 0.9841985945567036
0.01711287485257462 -1.052020374760444
0.2991041181583899 0.9539660344595512
-0.7396023614577368 -0.6730440898827796
0.756239098610729 -0.6193426135648248
0.4356655439438186 -0.9001086233450587
0.8687400322322583 -0.4952683680562437
0.8590602614881442 0.5118744642311446
0.3707987279611353 -0.9287132514088534
-0.9972277701350732 0.07328081289903104
-0.8848171426395325 -0.4659369468774487
-0.9509067921001783 -0.465619346400838
0.995972456317441 -0.08965972483191911
-0.3654780806589633 -0.9308199463687059
-0.2319645040124713 -0.9802614459740172
-0.6801100888703837 -0.732858971956232
-0.9715102410343183 0.2369975741598166
0.8912815390417463 -0.4534503480684252
0.7778302979362134 -0.628474365119582
-0.7247518343950752 0.6884985035189004
0.9873313772893796 -0.1586718356226366
0.8773571883817926 0.4798378517736965
0.1405703850690659 0.9918575699769506
0.2668239838930575 -0.9637452783902172
-0.7894026507314877 -0.6849490666353367
0.2086204871496626 0.9779914745772499
0.9893363905095718 -0.1456485716150084
0.981179817216901 -0.2108656366683581
-0.04712660785488113 0.5433488046742743
-0.1411076990037503 -0.7943288595941007
0.7340738250090595 -0.1481568184541019
0.9258997891118019 -0.3511114806199209
0.570604998080025 0.8349728631388652
0.9111619720407956 -0.4120483718044385
-0.7394828636520674 0.03793455154047576
-0.87070226435276 0.4918104989230877
0.8285691450351658 -0.5598867291761771
-0.7420912554736482 -0.670298865096417
-0.8534401739637735 0.521190818668829
-0.3141917230755449 -0.949359553146657
-0.649861725342998 0.7600524573568734
0.8888786637937511 -0.4581426863458976
0.8620114726726151 0.506888765885235
0.4227476510207879 0.9062474405792306
