   -5.802551378162600138
  -0.2841624703547327435
   -2.255372882472741036
     3.90771560972130505
    8.697115709186633126
   -10.28355692638558949
    9.394403431455135234
   -7.284993884181644397
    6.984879446011925452
    5.938744308566699104
   0.9644791013586497819
    7.369676490032835758
   -3.749690291376399198
    -6.97145549236725337
   -12.03689917992672953
   -8.852601622288128524
   -4.437522312061374485
  -0.8817355676453020319
    8.954071146918348489
   -1.747954495412085585
    3.232061490645696811
    2.839195194084850993
    1.840541422027819563
    5.788707215499458769
   -7.144757033699121962
    7.174771616266907515
   -3.387525505945128579
   -3.510983185614152902
    7.286036114784421258
    4.287045740746767919
    4.233391664204279259
   -3.347400829835146752
   -6.149667879981631557
   -7.032103646944621644
   -8.344836962509839751
    10.42909096833020222
    3.550591333951589768
   -0.467818999601818053
   -6.899098768354567923
    4.400246248819379424
   -2.637674242663895718
    -1.01504915095026238
   -6.869530923485221763
    5.864737704304845423
   -1.162731199003635973
     3.13130918722843532
    2.865094557459060276
   -6.533057584582638633
   -6.399782001353560901
    10.57923711153492619
   -9.371051896107040591
  -0.5641629756398625073
    8.958511361287197161
   -7.421243877897565788
   -5.270688233004480416
   -8.568968110816696182
    11.61274037514827917
    4.544255456858847353
   -9.763464894293276686
     6.32414589434154184
   -5.565615553342201594
    4.099105745630424735
   -5.790055477893190528
   -8.115219006605194352
     7.96319632622350948
    6.369651398369867046
   -1.591075158940044476
   -2.039383716439601368
    10.90688717716783884
    7.987866292017685055
   0.7722730477575806551
   -3.865770598439281613
    2.350087671023807001
   -7.151540286436444127
   -8.259716897278384096
   -6.960808256279486628
    7.769376203807407677
    2.706669065785827222
    9.979275966429440814
   0.7405245433376238529
   0.2622452636831567041
    1.254713940631672964
    8.040904894682498139
   -8.093213505372736094
   -3.853883160380623174
   -2.390077455308794008
    -7.58857824273917636
    1.577628560319888074
    7.559318191329833958
     10.4495709330325397
    8.798936444508250077
  -0.1773802971187579125
    -5.93963640363270784
    9.950632816928939306
   -1.385318361004074905
   -2.430050462595418903
    -6.42819084443352029
    5.863905404660067155
   -15.10984833085663226
    6.049819093713827201
   0.3853292450999591945
   -6.058277952643318365
    9.346764706477385332
    6.134254071010190046
  -0.2106281625334558427
    3.044731094633720492
     -8.0414204188582179
   -6.408569694432260988
    4.631721841025873587
   -8.856860908074860816
   -1.809878102208920758
    6.443278794872291826
   -10.06708017647790676
   -8.496343335829003252
    6.463860738235204018
     1.75151799905608474
   -1.546586591736492489
    8.947603084441661636
   -7.202947740183836878
   -10.15964020825847669
    7.507542189345724815
   -11.18357393550533985
   -2.577976788120516893
   -3.444656668534904043
    6.723096977262462914
    8.442708034130488315
    5.074740169963752656
    1.896184124451174124
   -2.975748123960866742
   -9.791251190912992897
    9.987824837869993644
   -4.114359364310401723
   -11.52126605469998211
   -4.391433632694288214
   -6.339754895663223699
   0.2816081568921947609
    6.195254744252387979
    2.044197084230066075
    8.115109530532270909
   -6.227900913102041969
   0.4818513420227015231
    -6.26737474868635136
   -6.942454330538766705
    4.652421728398459244
    1.728765093902722594
    9.169549940006586297
   -5.237584465784046017
    6.901870900641880802
    4.710992065484231439
   -1.844598149386564634
     6.38158643775430523
   -9.229042543297282464
    5.641006701882090191
   -3.722568684085695079
   0.3179936478862231963
    9.677677278582695664
    12.00489336584543842
   -2.211315810585778863
    8.543485913258829001
   -7.085644324200023547
    -9.64999169094657816
   -4.512988490205518843
   -7.541270904719963752
    -1.40683907032521871
    8.160558401022752761
     8.25822657229020507
    1.978510947476320503
   -6.576355864536548523
    3.219276175513879235
    5.533248165865800594
   -7.522629215692381521
   -4.527892829131442198
   -6.181291196482273875
    8.534497003991829089
   -5.452035068696019948
   -12.61153188579564066
    2.495685890144312413
 -0.07618280269247384995
   -11.30964600075042092
   -9.723541266598351385
    -6.52644991620748538
    3.319030200540008302
     11.0426730041176917
   -9.876709536519687305
    6.616637154192805959
     -3.5038869730038118
    9.467396958626729031
    7.986637057277938823
   -8.817701935887779285
    14.07961677248665744
    1.184161281679549926
   -7.781169985066362038
    0.829539353076174546
    7.161030985838220175
   -1.018983288427901313
   -3.587033269906967359
    7.318923454363049252
    7.019995346671643155
      -8.923823699898632
    -8.45399832847538768
   -7.464854973987670839
    8.366079389755473272
   -14.03426628023239964
  -0.6581158989747772914
    9.855723870723871016
    2.838173843509823158
    7.785045174518728572
   0.7085263846466085536
   -8.149773371274054767
    7.309920563955380146
    9.569814983220233273
    0.959227089252972398
   -8.748614212826067771
    1.258144977949572585
   -6.216822630151556339
-0.007956533095799800392
   -2.924696060601289282
    9.817307247888793498
   -8.409735581578043906
     5.29041191848747161
    6.048265995786705318
    2.022752237420037513
    -0.36324197306506667
   -8.428188113975835449
    6.026827519500874253
    9.318350226043552453
   -4.280807911028476909
   -9.279196192834129775
   -6.659967707921980562
   -4.485201341870855174
    3.837084740618532219
    3.388503396127291456
   -5.713758140855103917
    3.446972480521432569
   -6.830305757232232544
    7.093957875808919233
   -8.170679587499588337
    3.123322967866464239
   -7.581192664643243262
  -0.6975867402029711783
    7.880880070787930514
    6.489113792986926477
   -3.599155777699884151
   -9.439272627835224583
    -9.99535915249168383
    4.124790535395207236
    -6.33620221864763522
    11.17149946245336345
    1.713893121746958403
   -7.137906657850963121
    8.117398917271152925
   -6.080588915430597652
    1.522153347880924601
   -7.116632278318606453
    6.490085219295765206
    5.575532371469567039
    4.092867247838788636
   -4.769527569333145145
   -1.558846716543743405
   -5.871804958675071795
   -3.728917325518655179
     6.81085983811738771
 -0.04551327598700449784
   -10.54679567750345015
   -7.524552242795063073
     8.87651901850355074
   -9.924586618147152706
   -4.718954528712528962
    6.993133693648857729
   -2.498875168335303876
 0.007281906531271253868
   -5.986357701090081918
   0.4434443689700025004
    6.844137903597172112
   -10.31622311944605208
   -7.946641559310534397
    5.911567863718473426
    -6.38616092035999916
    6.558634884935305109
    6.406510088121714297
   -8.075505957777483701
  -0.9486866030718574816
    -1.58217154089371026
   -4.115063649276458513
    7.132352805889769165
   0.5692036487744609463
    5.948288621878384141
    2.102917556559761092
    0.278181689091653972
    10.56164006384502052
    5.586675602225519732
   -7.631501889885920598
    4.082719344406115169
   -4.144186047628836356
    4.287709876661617514
    2.219826273960520346
   -7.127439863729008174
    5.543332709566874072
   -3.068363134460340369
   -7.294166398691367625
     9.99162691208014131
   -7.101657608971890134
   -6.488793426794672747
    1.673150629485352647
   -2.195661300471058119
    6.815075585065377695
    -1.46517362185370259
   -8.569827018562152787
     4.69013708312788502
    10.13961686069710844
    5.726419932299267046
   -9.481925771528825209
   -5.012153742460347061
   -5.150468304079204529
   -6.591017080599904432
    7.620221918338242695
    1.666676379609756342
   -3.331809794670132163
   -6.140487051801018836
   -4.770881049727118572
    1.812695638299112844
    7.696570460478367792
    8.404645015582001832
   -4.499522801437119135
   -7.718765852628774127
    9.342931559635056615
    1.267973175168944033
   -9.159730404237793167
    2.293138156394508353
   -6.230655909932098169
   -6.403344556841406465
    8.664786795292084065
      6.5942110607372042
   -2.402728974656685779
    5.751996156009399286
    1.135944957322574833
    4.020152593385862616
   -2.454273827137520847
   0.8148969587892153088
   -6.746092074876207434
    6.238917450874049031
    7.188915850250113593
   0.8274907320682186596
   -6.017586261423204519
   -4.001319139508744627
    9.276847793710661705
   0.5004905824891324739
   -10.32634372665090083
   -6.376656109352069279
    6.536461640706592746
    3.622472739262480701
    8.569022670271511544
   -6.002091977212618445
    -1.32442525321154192
   -6.325149821465051225
   -1.252516099489918933
   -8.450585245410914936
   -8.365369362581235535
    1.223663573117212744
   -4.401531820647580417
    5.038758253959926492
    7.156603568576689334
    7.747073792754784805
   -10.36486954133600769
   -2.922664732792705333
    6.281572635655227721
    3.232345165047613822
    10.13564617787486988
    5.578089522017366519
   -3.872304949623844639
   -9.401932654950837076
   -9.959941604627520206
    6.835420978512226853
   -1.707399690969694017
      7.4989631831671133
   -8.184662877134510239
    3.796721400469531993
    6.598299740663445156
   0.2983217614853438393
   -3.764631906234988445
   -1.225667009258097906
     -6.0230699498405329
    10.01487766766936005
   -8.713863365256806048
    1.129973437262907332
    5.628134735625742735
   -5.289414314940771966
     5.81856663982454414
   -4.658991213957900612
     7.25268033508834975
    9.021640188595082321
   -6.664153510167388994
   -7.138899989136842095
   -1.952162988810173472
    -8.49619111653298198
    13.97134206717797689
    7.467016806210708957
    7.830538330368403521
    -11.7141712317396447
   -7.424011184708304789
   -2.912035935069416048
   -6.217537412180303313
    7.687846067666225913
    6.315366862405592308
   -2.263368579514049017
   -5.933730689583391005
   -5.470939124684396582
    1.433069595698445831
    5.589458767038694376
   -1.561762290951322685
   -6.103954584355460788
   -7.268130980247859085
    5.654008423980658726
    8.892902373334143462
   -2.725124821010702636
     5.09636338521703447
     6.39848046329194986
   -8.647946172851334268
    10.72701317180706049
  -0.8368954806601871521
    2.822389527421441002
    7.906254819197537032
   -7.410091590873796541
   -5.135690423630983936
    -1.10414257850816111
    6.522192154932587194
   -7.049280243014334424
   -4.307471593781417418
    6.218466904075496515
    8.861856845382156678
   -8.897232550750535651
    4.467952316728699635
    -5.79423756931957179
   -4.998878570809152322
    -9.93178489198255221
   0.3083422738435402377
     7.10063231630325209
   -7.045118689182318761
   -7.270959136210460194
   -0.793157230231715249
     12.5849897582029957
    7.750259838454144123
  -0.5849002123870203906
    8.238526338263229221
   -6.674420899225062875
    -3.33525983019965766
    2.504744174314900818
   -4.780564770620692627
     5.48947112480174404
   -6.622543351873950712
   -2.066882261284606948
     6.30062952988065117
   -4.535034775361914683
    4.700265279235151361
  -0.1027743110249238478
    7.606398762345739861
   -1.807255817319690427
   -9.922184123178194426
   -5.279150944542028157
    9.520957165390031562
   -2.912236370277927477
   -5.282825814683069332
    -5.40721697326608286
    4.299307807236056433
      5.6134756732568869
    -5.00986275296023198
    3.315437401709315779
    8.072949382999418333
    1.000287493032793407
    7.424379245624460388
   -5.966327133326563725
    1.766335131721299412
  -0.5071823304135327781
   -6.651172876809020806
   -8.011389223882321886
   -10.01383222093151382
    2.572801183867968522
    6.945793155303388033
   -4.525510096706758745
  -0.2520881021700362989
   -4.444175825746460973
    7.216964797772926765
   0.6987464084553689503
    5.360061665578817802
   -5.771669276477129351
   -11.88726344986863204
   -7.042333424160672983
   -5.263746709773339028
   -2.084640361355620364
   -6.690702654265523464
    2.814650473817131626
    5.004835086766575181
    2.251613513469989059
    7.442569704642576056
    3.010694493875963662
   -4.356907418087571315
    6.995057240327273718
     8.11006343338899427
   -7.203504824125177564
   -8.584766007317853109
    5.236993703585985926
  -0.1368721029713820814
    3.719513868423661052
   -6.171853262114829874
   -8.418731314003132127
    1.704303587077977467
   -6.312277249733838858
   -7.336820304658144387
    1.220322117478540358
     8.07086905409574662
   -5.324692389510432555
   0.0642269511983097896
    7.504351730231889839
    2.051362150936889783
    7.998362065561729572
   -4.288467632966403542
  0.09356241113991559111
    5.880824563781124503
    4.540636530021290973
   -2.719246698993030176
    6.961915482169160008
   -6.704663055245251968
    5.256661844507085846
   -1.018776149641437367
     1.03326080569480272
    8.401455699597089932
    5.284779072357220997
   -10.21160880171399121
     7.49607312300418549
    -7.70820809691791009
    3.007481041297454194
    9.516043836701411962
   -4.961845968199479984
   -1.405531788435625762
    2.175188179135348232
     2.47099949228854987
    6.749781122023200908
   -6.277024628212290125
     8.32304381671318616
   -10.57798581211902977
   -6.306791922300542197
    8.770800827435907721
    3.526134349651560473
    2.758989534162953561
   -4.570232062874023171
    6.301231263798692694
   0.3939508264900248857
    6.566222881400346267
    8.191870919677118223
   -10.82329823184766582
   -5.651665466202431709
   -8.025512121338708837
   -1.706477767522383893
    5.135944796375961019
   0.4619243001524678816
   -4.739867034639694054
   0.6178085961784502977
    7.025988297249088355
   -6.995498402326418841
   -3.648375832880838221
    -8.15101783464836771
    7.766107596971496996
   -8.609146233313422769
    -0.72522508707149691
     6.31679388188298585
    3.293961206477313386
    8.599840335753253129
      11.229773116194254
    3.960693805407196511
    6.134027623096265813
    -1.71179854186211089
    9.064966223708220028
    2.466572098646891309
   -8.147242317500392517
   -5.436180155473704367
    7.061045787703772447
   -4.400088625727907932
    3.737572892058131924
   -5.739958960620561434
   -1.933706022172613226
     8.46032240113949463
    6.652128852715186724
    9.042212390402555755
    6.118851723029378853
   0.4049346773859596738
   -9.526903689249040852
   -5.504122973881363734
    8.370298791796020765
   -9.045722339061592621
   -2.986325570797578877
    -12.6891171447996367
    10.71999549772693783
    5.130795943633881251
  -0.7289933442479485937
   -6.996475547104552994
    9.029580427171298496
    1.703676572143937751
    9.830932925964654956
    5.609661458542701595
    4.033322040979740564
   -8.342378114765908848
 0.006819502736647442553
    6.440092316557309182
   0.9461122167782565207
   -4.117185277914980013
    7.639642298671606824
    3.671639712331945749
   -10.83574679124455997
    1.678844571949321685
    11.26225727485327077
    3.280410146248434966
    -9.23745709815006677
   -6.269793333722628148
    5.780588164708552412
    7.275706982111148413
   -8.334465012296410791
   -1.953742113412789694
    7.144453060727439464
    8.562768960941559371
   -4.651274540085226228
    3.004155299295478976
   -10.13330243122399033
      8.8706350621752037
   -7.469064473399957826
   0.5772530898404143462
   -8.126857502257418986
    11.28475353410251891
      1.4908369768760108
    4.307688219721191203
    8.149311397315477379
   -6.341656946307742793
    -5.97077493584381358
   0.7327549083020098442
    9.895097632189994385
   -8.319423869615279798
   -5.589452176394297034
    9.168166605793798496
     7.58340742654536637
   -8.502015637253208524
   -7.535857960410989875
    7.527064738890979712
   -3.901278327506191523
   0.2638222921757805706
    5.604477172499859883
   -5.680188515336436872
   -4.919739622187572436
    7.299824948106888201
    6.039162505146750348
    1.464463913706676612
    -3.30134455066062138
   -7.638550247579900976
    3.639860987673835702
    8.300375940976760347
   -4.828102443988322889
    1.261533854233731766
    10.49563393632148411
    -6.40767459479832624
    4.159659190370462944
   -3.647554317512669009
    8.128696066346281057
   -8.110743849451079512
  -0.8642077665097120942
   -9.806193948673158189
   -3.135919062090948728
   -3.516361356404485328
   0.3466953514299624395
   -3.543575159505733208
    7.396604779987122846
    5.747483436098601572
    1.408930469344889858
   -2.839889308647777444
  -0.7240713263920766085
    6.948212772284797722
    8.924223544089588955
    3.184871660238470348
   -7.379334202111298424
    8.335302013860038883
   -10.25678970123226641
    0.534805751973869703
   -6.681648022025058253
     9.24901864950042274
    11.48830369469184376
    1.761665140697181942
    6.058431286788231951
   -4.699680492463103043
   -3.136881362787418581
    2.480855332356272758
    2.921733718068188157
   -1.592744706084616935
    2.426136227627108344
   -4.126837214185649749
     8.36873270047898643
    6.022232225799143635
     2.50469802116426532
  -0.9930786754096515567
    -9.32964762967461958
   -7.541159449202427645
  -0.7964875755847463656
    -8.08964874635984188
    9.242639258229122134
   0.3409943367011363247
    10.46692392141735972
   -2.090546781360316686
    12.36986711635946889
    3.700286345790714027
    11.53993454353981107
   -8.052043906341936008
   -5.507386048529983924
    3.730976655330469516
   -8.324077908310405505
    6.639294359576041415
    3.650770554874308349
   -9.183894391862537532
   -5.644979056654035432
   0.8263953048053109818
   -7.572695942938469926
    3.873749628599818084
   -3.350690416131023142
   -7.332634662040302231
    1.134243487798678451
    6.768197692054345183
    7.693128859301817002
    6.041663590750107282
    8.472843681749969491
    2.355208771313528793
   -2.157425553180936095
    3.660573741193582809
    3.316982981147889475
   -5.374856297915959757
    6.056392595700595294
   -5.150962905997991115
     4.40832734854890429
   -6.941823248892026399
   -6.793738355572741305
   0.8768048953624999475
    -1.61561893991170713
    5.028031363216697969
  -0.7373570393588484428
    4.425507642417386478
   -8.687560196968082238
   -5.488684815753567925
  -0.3712712203465989846
    10.14046255505047434
    7.135262418859385392
       1.064084011243146
   -10.37725427623346519
    5.011169494267830871
   -4.213004669973702043
    -2.65130396248115785
    -5.55740360461827354
    3.689445360471752089
    3.264595582893731418
   -1.758800646481561092
   -4.079325870177219038
    3.049273099140294985
     7.07858585257615136
    12.58256012968290527
   -7.537979328398416889
    2.069525623839575168
   -4.809670653129092699
    8.247744141676959018
   -8.924116495795397341
  -0.2333921574665389076
   -6.139153387577227505
    6.151039401604070811
   -2.720927933406117383
    8.861870222375229034
   -7.497169690509632112
   0.4384431423797198746
     6.39366731807128108
    2.442649430115470199
    -4.75030464699065913
    5.867842562787421556
   -7.853804530383177607
   -7.900233017403286873
    1.135274677261546739
    2.355951973355427498
    1.923836702969250023
     4.22247929739345107
   -4.045269822543660077
    5.318841261901989803
    6.284825206904474548
    10.20685441681418126
   0.0594724822379224527
   -3.507649815814269267
   -8.526195528667907197
   -1.385982506017250815
    11.17117873490568236
   0.6554464745833726846
     3.36385354475122611
   -5.574110507123772429
   -8.878836623352279744
    10.00862241053306612
    9.765697418931194917
    7.937982579694851992
   0.3153912231097896757
    -8.85672940719218893
   -8.034967434864228153
  -0.5680547532852930903
    8.790134153161957897
   -5.701056923090850326
   -7.566772436734995111
   -4.477407892095076392
    6.812193629151932939
   -5.982339802052447197
   -8.180767219738795504
   -4.111792748149297516
    1.422718222283871015
    5.314085164115788906
   -4.552324939631741785
   -2.638894494665328772
   -3.318290971165434478
   -5.065400538249520856
     3.41143555368145579
    4.578422768498350059
   -7.149822286227971446
    10.04340848030183331
    -1.41795630210853929
   -4.808870745871780983
   -8.898523155813270691
   -3.053094391478671898
    6.988764837402982266
   -2.677658275601898286
   -9.180236277459419725
    10.24068125664270923
   0.6326553265289840411
    7.474640516596208428
   -5.032810606517031715
    4.060797859154885003
   -13.61193452081277044
    5.997933303095084767
   -8.064542688415729188
    6.080212039580820793
   -1.494348732006042679
    -6.96173318078058756
    -1.14328146571852618
    8.246051336924979935
   -7.683148468021760991
     2.32164788729074667
   -10.87396993900405207
    6.799798476648555301
   -3.123437160729579887
   -3.149890387384638224
   -9.197862204757926818
    5.069718426705846603
    7.192168691028146377
    10.00380684426052014
   -7.449663165401898546
    7.779219141542195182
    3.163705651228922111
   -3.019087748560441486
    2.082762486799364599
    9.163535662917633218
   -8.216991081004030306
 -0.07008828012269052721
    10.03355481697887797
   -5.998630271510759115
    7.986328006153700088
   -3.253917875828149953
    6.339217090360093287
   -10.77645309140856078
    -0.91823874640091252
    2.099035266847566028
    7.200476339871348941
    1.293736781504030597
   -5.111356662092768843
    8.676584885368168187
   -6.372073747491211471
   -9.358691860895376635
    6.850557106822268594
   -6.583753566397048118
    2.072269787675470987
   -6.161851204460037756
    2.944375405647465804
    9.920644169134988033
   -4.669335311140186739
   -1.508480841142705309
    7.100115583029417365
    6.970001468659059896
  -0.6472108119831263551
    -7.33789435729047046
    1.040505240699090894
    9.235959564705595426
   -9.634528752512585115
    5.176754407546210857
    3.190729892855999505
   -1.634023341737151913
    9.091412818175225397
   -5.184709145864963453
   -11.73008935548506315
    4.027646407943555218
   -4.108500781201803953
    9.291461956173154846
    6.179201856462041675
   -5.728481437372421325
    6.093391542685342444
    4.148632876267191349
   -5.128828885160518603
    7.850757680138941375
    1.484624193691162164
   -1.389981121756401095
   -10.02233309662230276
   -1.225618015673351602
    5.519270678708778632
   -5.815740413554609134
   -4.179237494085361604
   -8.598229946336743978
   -5.878448183771189051
     4.09808864287209218
   0.4059708147283686563
    8.637080214250321575
   -10.35642004374044944
   -7.098619323083704025
    6.448305512063432943
   -4.162595677526575777
   -1.250720428545056384
   -6.303269422594653726
     8.55048446795709971
    12.10113587686361392
    4.499467202801307408
   -7.865926965633628143
   -6.657804204208222387
   -10.16298892680330468
  -0.8121278316039823864
   -6.588477832626940867
    7.086383351994054003
   -7.154564431513617428
    7.932911142474255328
   -1.816098499620781626
    5.145438360202134298
   -5.456296452847158029
   -1.849926790537871124
   -7.045555934531081199
   -4.857269082921058079
   -9.369034779535622803
      8.0995959624693743
    4.815856445324224744
   -10.20819878704604733
    6.245570496979415687
    4.860197188159135706
   -6.563239464552038882
  -0.1688478375096988671
     4.58296885212428684
    7.014495683946238458
    10.65036470536903401
   -0.399046190104049181
    -7.32105466923581627
   -7.885171668910282428
     4.05665172804728158
   0.4305138803463546826
   -7.505307402881647327
    8.718992172540431795
    9.764469875933892595
    7.433835168140497274
    1.655059382146139679
    7.821215552398559367
   -4.877060544743926584
   -10.35459812250384992
    8.232549408273586167
    9.869361299439265878
   -1.861898270583590032
   -4.753762877402431641
   -7.649163913908747503
   -9.159804995653260562
    4.816733985382632532
    6.851711375988871922
    6.510415871553554723
   -7.219411624983451681
    4.609352429444186328
   0.8077849976435051982
    5.270073337825234461
   -7.636833113047108768
   -7.276424847351752767
    4.743120271386074727
   -7.471738456097025249
    8.154874268623512279
    4.407776425215020666
   -3.741443579316371171
    3.509538525897323069
   -9.436970511575232479
   -3.665223567481144862
   -2.851252559008922827
   -8.056937355288503966
    5.845090707066827207
   -3.135545130974247918
    2.503272173003011858
    9.981865792113854496
   -9.136760815086869769
   -9.963343865114950404
    3.902128382206153656
   -1.631236560838530858
 -0.09760773466834166134
    5.260288566892533879
    2.290378472636024565
   -2.675270465142992382
   -4.984376577601463687
   -6.707970365739089225
  -0.6512767512596421282
   -7.506808212145627657
    5.352730049589185413
    1.013131917864628528
    5.964856657157204367
    4.062864296729218339
   -6.372940344912069399
    3.045831570471423611
   -5.561076542480405394
    7.523483666882646581
   0.7532343265151383305
   -1.477145463013129767
    -10.8258725217689058
   -7.057111879307166546
   -6.640379842416551881
   -8.206390272980671696
   0.6200255519468320653
   -1.849537692777281084
    2.239333745505657447
    5.576452632190609826
    1.481778638319520613
    -3.91666562315241773
    9.667531175236485197
   -2.668842997196406941
   -8.392111173137211111
   -2.201142094424688889
   -2.590070989258903111
      2.7724489672570094
    9.413480607892472207
    4.228321446533099603
   -10.60682248672559957
    2.788777404816015881
    6.424336115715637341
  -0.4990346345340899714
    -8.70076240351628627
   -4.692921002779615769
   -8.715219677472701321
   -3.950340469914695785
   -7.037880324288523504
   0.3590198196096486272
    9.372650895980653374
   -6.701943927806544465
     5.87625984056779771
   -8.942337573746826251
    10.45538403566565755
    4.878771329386498934
    7.057778683642078832
   -6.153308555254489498
    10.90710882240074397
    1.496855347725614571
     7.11174882737764591
   -7.653042498254641224
   -6.061631033772523658
   -9.060817925059657441
    -1.67046347310975718
   -7.902025802950007005
    3.773174802823808349
   -6.673294190693912498
    6.662804283359164081
  -0.9216006231110991376
    1.081464995970775611
   -8.624126456976600963
    1.837017436967975703
    8.674694904755911651
   -7.595488486869172995
   -1.816799814390922085
    7.059565182777080672
    2.035786911358566709
    3.726070101846612026
   -3.535423384995918461
    7.700373936655005025
    15.14958983652335256
    -6.10373915792104782
   -8.556224813067180079
    9.816407959095130309
    6.940906103300440222
   -8.442072059172170739
    4.422513388137911505
    5.598684070134500423
   -3.651299683197104962
    6.414396335409064065
   -3.411046085080908785
    4.170622409079934201
   -6.884229943758603198
   -5.013764662554518914
     10.6538724595085661
     4.41792744445209884
    1.127959246763054146
    8.533091760407202742
   -7.072453064549080182
   -2.729313190915660492
   -9.901009220193220273
   -14.16262199361990248
   -8.724135447564936641
    3.799620972021282572
    -8.79488934144533907
    -7.41617185871131035
   -7.525610198381453841
    12.35876942991366256
   -2.908458897348492389
    0.262897798412958128
    4.815398982149865503
    4.608726162228884426
    6.551443026428104055
   -6.001931711329397956
    3.205615295796177211
    -0.24645347516773769
   -9.445467441873173442
    5.222854533293416424
   -3.695372513899885192
   -6.699231561510326394
     6.52308924977446658
   -2.260608332855044367
    6.597176657795142063
   -7.674232273458390985
   0.7244464277700971566
   -6.991514906822311914
   0.2681487975039083538
   -5.973633889632838034
    8.000145259435637257
   0.9534153000153090529
   -2.536335970242407534
    5.018216567252586913
    3.293112193892139494
     6.16734314726644417
   -6.685205721305359283
    4.772890172777517037
    4.178329070028581782
    6.930856479245673718
   -7.730090604445026159
    5.746538983381806354
    2.320247044584106799
    3.839940687576459677
   -8.906073318937590244
   -3.081946881757307466
    8.642716331129072671
    6.620585793225392202
    4.043137442825409877
   -1.807746081210070743
     4.97725521231155188
   -1.551746957798139759
   -3.895458474063226095
   -2.962526682052081028
  -0.9452424478301599819
    8.857099643806421341
    7.237296716975285982
   -1.862011774477810411
    4.549128854816507861
   -1.012304092291913538
    6.063353808854682114
   -7.109922774100081888
   -1.125938885907067366
    4.495042674737702804
    6.988132420363891484
    1.929239298032707106
   -6.772839355318449606
   -4.747271793105227289
    1.877822569176235579
   -4.490823971829094319
   -7.107896540068248115
   -8.727231556259397394
   -4.495604627799527186
     3.16415263633203736
     10.0531238774716698
    8.157696721941919193
    4.616614386294993544
   -2.875861804672018796
    2.557683685433230103
  -0.1821836028698695098
    9.435694261709469899
   -9.594301530560057856
    3.112246927945800046
   -3.128395284170282675
    3.113993927762849889
    8.848060006095069596
    5.980597104526578001
   -2.422677475317086326
    7.694562367805026781
  -0.4550487745097731018
    3.610921716256833225
   -5.552347707161112034
    5.617705592052210761
   -1.493541411770934468
   -7.565004017547166448
   -5.390252927939378935
    8.777638448908250624
    4.720612349322053092
   -7.344778909705756753
     1.29385487276465172
   -2.077339714669965698
    7.875585052815911702
    3.373069564674088472
    4.753900984294294751
     5.01744999388979096
    2.216884790924288584
   -6.225062021312360194
   -12.68864614443918448
   -8.871345700198514095
    5.709139319014500558
    -7.84101870107931731
    6.956009138950009607
     -1.4084158406122671
   -9.830867617170621742
    3.341747332396137526
    9.677454893725261797
      4.0355278002677899
    -4.57345723131863835
    1.356679574655668352
    6.698017425940667735
    9.487760061303363912
   0.4622357984330963121
   -5.897827915355060568
    1.064636686477037353
    4.198128670288660658
    6.843889684347657543
   -7.616676597047495001
     3.27736577042609456
    2.121294734342475508
    -6.19418166931290326
   -7.621301540842585709
   0.8828201838639564425
    1.756496198329833947
   -2.468260776761573183
    3.620554199106287729
    -7.02360663603891755
    5.819150963519580166
   -4.176313391459499869
   -8.493482316294093337
    4.570281780410572203
   -10.96361840531483978
  -0.8753236447342221949
     1.02150673319722296
   -6.378214543909547452
    1.447456763280296155
    3.858675242615264622
   -3.119416754629895649
    7.235306009992657827
    9.585930255111303921
  -0.3336017006807877605
   -5.588411827008365584
    7.164197480322604505
   -1.547752274667100636
    9.490888495209610198
    7.328653387126676577
   -6.343379964361869128
   -3.765233652401585474
   -10.52700043032022315
    1.989997377286480074
    2.273560493734103183
     4.57269993167170874
    3.563791125850496844
   -8.381948888281572252
    6.558579686970709588
   -6.170096588793763992
    9.541817042647416258
   -9.205121063630922862
  -0.5956065777973931219
    2.342317100319319501
    4.624363665763370435
   -3.299761567629743819
     5.67874752474792821
   -6.705647723142419636
    9.011965624409487674
    2.314140348009055881
   -6.503003400641080844
   -11.79119626332135695
   -4.569279407230960821
    -7.79363687881691547
    1.766559320489198504
    6.866350473978394042
   0.8650074969442926864
   -6.732395906959762755
   -3.954567003528553393
    7.954495017836256565
   -7.502058345504563519
   -5.846952568151656315
    2.996259008526457102
   0.5136708932959587193
   -9.111826807319539867
    -9.78771588107228574
  -0.9745011178183486944
    6.719596564427557261
   -4.426445908070545165
    7.332781372843683698
   -8.366426502086612871
   -2.998209689975144698
    3.552380383985296763
    1.552997946699408827
    -3.10296278788674762
   -6.039111312754446459
   -3.402729683896302593
   -3.445751533291497637
    8.006247259166590524
    10.21346318856976154
   -1.638362050971309047
   -3.093562393575455705
   -7.930637546642715918
    5.732629438327395022
   -7.676968150298784543
    1.155106532001729525
    8.329728207970926945
     -6.4637822613104845
   -7.768143602348089871
    -8.72952045256983844
   0.9198546762865570381
    -10.8941240500762806
   -4.824042563138264406
    5.038212788420942445
    10.32744469581231606
   -8.194860605536849363
   -4.465001520194656237
    9.599010107003051573
    3.705506361673006399
   -11.06389294309664528
   -4.756235218098415096
    3.516167776050999727
    6.964261382074887763
    3.005773462708232202
     -4.8761644376683142
    6.609894121168712111
   -2.078304546119649654
    8.518111728015997031
   -2.270051367294146694
    6.476230205048332245
    6.615381988068373076
   -8.681055909770032386
    2.052683154516403707
   -8.831913453696884631
   -5.374243100743815837
    9.081138976298548826
   -6.108817582880178065
   -7.814089593763364761
   -1.852653455168780106
   -10.96362236972576731
    -1.86744033376977292
   -1.220182346179652155
    4.552731010126499278
    8.885962436633937145
   -4.589699924941355924
    1.611467237798828833
   0.3590512902768212555
   -7.372041854139248507
   -8.812468903430612954
    4.948328062570542585
    -7.35956393059084224
   -9.008443800625213882
    5.542673713624019172
   0.2058848505570664011
   -6.664488682723569646
  -0.1465268777781135179
   -9.489161559185093964
   -2.471693938848698924
   -1.353734186031428921
   -4.112012841189324419
    4.209189188868037057
    -6.13162875743052016
   -1.456428899090499884
     8.99936251523922337
     7.56633080744420905
    6.195430159707781215
    2.248787045829863551
    5.787823286400706202
    1.867031330092410846
    6.916696927631371672
   -9.409819491409322723
    8.057546639770619024
      1.0422718897343346
   -7.168393341206319214
    7.509958700215530136
    7.855481695356145266
    5.325847306833386696
    4.033020588713979393
   -6.147135261805956041
   -3.324772119503444312
   0.8574450452980567627
   -7.935556362912455697
    8.034296371228792921
   -6.259785156743009615
    6.596113009584525955
   -7.992971486677700632
   -8.080856024018608252
   -5.757269034091048177
    6.154630156200278535
   -2.365847306457751209
 0.004204672310109236477
   -2.866487625303486553
    3.267305573593851875
    3.210324374426906324
    -1.73016439142306333
    1.361167476382351138
   -4.705811403403824755
    5.449852688728982208
    4.103880265300241525
   -4.906622039121755208
   -9.172809079483663197
  -0.2653942616231892426
    6.754769124814310466
   -5.876834960011306563
   -5.874616751987215224
   -5.103843645987379496
   -2.036551877180202474
   -3.272111438215015156
   -6.639856302980463809
   -6.713973848590936377
    6.775138794983273982
    -2.79948928275893838
    4.885824172754592354
    -3.56113831304434747
   -5.431857016519467507
    2.983839033758107107
    7.734089368902420603
  -0.1998955211863719938
   -5.224426486998249075
   -2.167298649414654221
    -4.42140558626351865
   -8.932455125786320949
   0.6243357328308398735
   -5.473997110116703091
   -6.025561193663915738
    3.477589968544821719
    7.649563224297939001
   -3.428421345435890277
    2.592026124219577898
    -5.24125045968385983
   -7.791316595721305305
    8.825461138414871343
   -5.072761146157525047
    7.098427584858801431
   -2.485445865120043507
    7.127602538760396733
      -6.844544494220969
   -5.029825888315645699
    3.532097754806578394
   -8.761311844293055984
    7.290934124238114045
   -4.407819260871961298
    1.448714150420658431
    9.264567271066589171
    5.621205118132277967
   -4.950800041179387101
   -1.984055124849917195
   -14.51360515907132509
   -8.495075398089989349
    7.217874170686127577
   -1.795492332508141331
   -7.136691347247357875
    6.799282231918620134
   -1.591744418966576147
    4.347803740052460064
    6.335724651366293259
   -6.803218087628057908
    1.268074443364366477
   -4.267687120225077457
    6.907010217519433226
   -0.388701888014859831
   -4.369592672196336736
   -2.230724449559871037
   -6.874531078055024835
    6.998897881731354964
   -6.956070485006820903
    2.154930151593652088
   -2.528097608523742323
    7.775803163926153339
    1.231009043062315289
    -4.89390975934345196
    8.349390379472358958
   -6.266920285187357997
      7.2066775981914315
   -7.527234309122698086
  -0.9250891773467890822
   -2.427079897513796602
    6.179819605691651674
     6.52566144969049855
    4.297952434877914563
    8.846289910345365826
   -1.644130817424259039
   -9.000306671568534256
   -6.956793967839866255
    1.879334184678184805
   -3.106550962681148498
    6.294197313646430203
   -5.983233299620067669
   -3.947903997432851142
     2.36264853712809364
   -3.957657336001852766
    2.456992012007632287
    6.083946648794181122
    8.843606138810347517
    3.684811976321136662
   -3.851703645068883741
    5.315197681220451997
    6.203679070564600551
     4.01804524952090869
   -6.860212063040060926
     1.14708728078804878
   -6.100446573164819419
   -5.513745549494299958
   -5.662111717797595034
   -1.912034939048093518
    4.512758425546218533
    -6.81972732256002967
   -2.105969394173742071
   -8.670793879399150583
