   -5.802551378162600138
  -0.2841624703547327435
     -2.2553728893818481
     3.90771560972130505
    8.697115709186633126
   -10.28355691888805623
    9.394403431455135234
   -7.284993892250986924
    6.984879446011925452
    5.938744308566698216
   0.9644791102443202035
    7.369676490085418585
   -3.749690291376399198
   -6.971455492367252482
   -12.03689917992672598
   -8.852601631450131237
   -4.437522322487113868
  -0.8817355676453020319
    8.954071141403947109
   -1.747954485463139029
    3.232061482523238549
    2.839195200766897909
    1.840541410914820153
    5.788707210865511321
    -7.14475703352786784
    7.174771620781716486
   -3.387525519512791128
   -3.510983185614152902
    7.286036114784421258
    4.287045736322125933
    4.233391669535068402
    -3.34740082161574648
   -6.149667879981630669
   -7.032103646944621644
   -8.344836962509839751
    10.42909096750346443
    3.550591342598564459
  -0.4678190089510469996
   -6.899098747451591684
     4.40024625330140573
   -2.637674254408914898
    -1.01504914107443156
   -6.869530919335096186
    5.864737699103153012
   -1.162731220656902709
    3.131309208104677833
    1.342628315244018156
   -7.160681982324468287
   -6.399781995376243593
    10.38644331235100715
   -9.261394588213740064
  -0.5641629642373455766
    8.958511361287197161
   -7.421243873361199839
   -5.270688251231228527
   -8.568968121757908563
    11.61274037514827739
    4.544255456858847353
   -8.743211679775267697
    6.324145892258740353
   -5.543556200526690958
    4.099105779726424537
   -5.776946372055628665
   -8.115219008564569236
     7.96319633990299991
    6.369651391637217941
   -1.591075158940044476
   -2.039383716439601368
    10.90688717716783884
    7.987866292017685055
   0.7722730477575806551
   -3.865770598439281613
    2.350087671023806557
   -7.151540283829406874
   -8.259716889769055825
   -6.960808256279486628
    7.769376199002172356
    2.706669079892315644
    9.979275966429440814
   0.7405245433376238529
   0.2622452636831571482
      1.2547139211652929
    8.040904871444716662
   -8.093213505372736094
   -3.853883160380623174
   -2.390077455308794008
    -7.58857824273917636
    1.577628570479600256
    7.559318186744321544
    10.44957094246970541
    8.798936449181077535
  -0.1773802971187579125
   -5.939636403632706951
    9.950632816928939306
   -1.385318348550735434
   -2.430050452870482047
    -6.42819084443352029
    5.863905415464320647
   -15.10984833085663048
    6.049819086780064303
    0.385329245099959472
   -6.058277952643318365
    9.346764712528305097
    6.134254069202588866
   -0.210628174506751531
    3.044731094633720936
   -8.041420421111698857
   -6.408569691029610382
    4.631721876654957271
    -8.85686090807485904
   -1.809878102208920536
    6.443278810394108547
   -10.06708015656545818
   -8.496343333623412875
    6.463860742846021523
    1.751517990170978756
   -1.546586591736492489
    8.947603084441661636
   -7.202947740183836878
   -10.15964020567485449
    7.507542189345724815
   -11.18357393386161114
   -2.577976780953696867
   -3.444656673610063002
     6.72309697376637061
    8.442708041253311535
    5.074740185028455031
    1.896184124451174124
   -2.975748106690693007
   -9.791251202220896843
    9.987824837929670352
   -4.114359376463998963
   -11.52126605469998033
   -4.391433632694288214
   -6.339754890704748291
    0.281608162547355656
    6.195254746102133225
    2.044197084230066075
    8.115109530532270909
   -6.227900925266633969
   0.4818513420227014676
   -6.267374740383293563
   -6.942454330538765817
    4.652421714535146968
     1.72876510419419338
    9.169549956237901256
   -5.237584465784046017
     6.90187090231062772
    4.710992079758465678
   -1.844598177061910427
    6.381586429090629231
   -9.229042533135086046
    5.641006704837899122
   -3.722568684085695079
    0.317993630009413164
    9.677481045252422476
    11.87446900007408779
   -2.210367258621469322
    8.584500730499422971
   -7.085644330999395279
   -9.649991683774475248
   -1.588327730176257724
   -6.470525406555127645
   -2.548449348919866075
    4.498531734616592281
    9.754524646253742048
   -2.246136593949370042
   -6.175638523587104523
     3.21927616443723208
    5.533248171575627872
   -7.522629215692381521
   -4.527892844707759323
   -6.181291196482273875
    8.534497011494556418
   -5.452035060920005449
   -12.61153188155942928
    2.495685890144312413
 -0.07618279231863561707
   -11.30964600075041915
   -9.723541256018799928
   -6.526449895337692375
    3.319030200540008302
    11.04267300653079431
   -9.876709547261572908
    6.616637154192805959
   -3.503886987883632731
    9.467396959277781576
    7.986637057277937934
   -8.817701928761410457
    14.07961677248665744
    1.184161260606730437
   -7.781169982732025758
   0.8295393530761743239
    7.161030997158833955
   -1.018983279651561435
   -3.587033280318272954
    7.318923454363049252
    7.019995355372159906
      -8.923823699898632
   -8.453998319623863722
   -7.464854971126642091
    8.366079390415343653
   -14.03426628140608123
  -0.6581158928667741881
    9.855723869572162954
    2.838173862710336781
    7.785045174518728572
   0.7085263846466085536
   -8.149773366974715216
    7.309920591071184859
    9.569814987103438142
   0.9592271002745165198
   -8.748614207827014155
    1.258144967931182023
   -6.216822641811459604
-0.007956533095799800392
   -1.811736173281889073
     9.81730722943554035
   -7.965997748661640898
    4.655373068730471964
    6.048265991950633413
    1.715475694350732994
    -1.05388563843842209
   -8.428188133487468647
    5.452096673891944967
     6.66401436905751865
    -3.62254915779702058
   -9.183736340944205878
   -6.659967684749961592
   -4.485201356380529525
    3.837084730839472435
    3.388503416200259188
   -5.713758140855103917
    3.446972497092674281
   -6.830305758587178033
    7.093957879932785815
   -8.170679592347633857
    3.123322967866464239
   -7.581192661967993907
  -0.6975867402029714004
    7.880880058972182134
    6.489113796965306769
   -3.599155777699884151
   -9.439272627835222806
    -9.99535915249168383
    4.124722709675757493
   -6.336202222409902163
    11.17149945775983078
     1.71389311317196702
   -7.137906653645004873
     8.11739892089849846
   -6.080588893919321336
    1.522153337238032922
   -7.116632274678083903
    6.490085219295765206
    5.575532371469567039
    4.092867232381963483
   -4.769527573402705833
   -1.558846710436958327
   -5.871804958675071795
   -3.728917325518655179
    6.810859838117385934
 -0.04551327598700494192
   -10.54679567750345015
   -7.524552235639087705
    8.876519022875049458
   -9.924586615082418461
   -4.718954528712528962
    6.993133693648857729
   -2.498875154895862316
 0.007281906531271198357
   -5.986357701090081918
    0.443444384016590698
    6.844137903597172112
    -10.3162231194460503
   -7.946641569117040227
    5.911567859165963945
    -6.38616091419635179
    6.558634888590290757
    6.406510094988019155
   -8.075505964885467236
   -0.948686579844347122
   -1.582171547847832427
   -4.115063628803138585
    7.132352805901335913
   0.5692036351781204484
    5.948288621878382365
    2.102917584859424149
   0.2781816811650323906
    10.56164005643661952
    5.586675581939308799
   -7.631501892072466653
    4.082719354953924018
   -4.144186042097911304
     4.28770988009651699
    2.219826294713766579
   -7.127439867449141708
    5.543332689682626047
    -3.06836314656816711
     -7.2941663859352035
     9.99162691208014131
   -7.101657608971891023
   -6.488793426794673636
    1.673150637953437103
    -2.19566132421774407
    6.815075585065377695
    -1.46517362185370259
   -8.569827018291869436
     4.69013708312788502
    10.13961686271908036
     5.72641992445482817
   -9.481925771528825209
   -5.012153725397599402
   -5.150468304079204529
   -6.591017075928172098
    7.620221918338242695
    1.666676362751340568
   -3.331809785832361648
   -6.140487051801017948
   -4.770881060050344402
    1.812695652482929187
    7.696570464296257796
    8.404644996438065618
   -4.499522801437119135
   -7.718765855616278593
    9.342931564289679969
    1.267973169015917279
    -9.15973041046490799
    2.293138156394508353
   -6.230655896855720854
   -6.403344556841406465
    8.664786795292084065
    6.594211067673771964
   -2.402728968721495217
    5.751996156625384771
    1.135944942628243748
    4.020152573168063626
   -2.454273827137520847
   0.8148969688941130052
    -6.74609207728178184
    5.211367788619190478
    8.671577686311724875
    4.340029278991400119
   -5.090268557242023206
   -6.829240597683620351
    7.257017820576854739
    -4.29082974786526794
   -7.467721950420748378
   -7.080701505465552437
    7.020111132545022947
    3.622472721764340875
    8.569022670271511544
   -6.002091980548098782
   -1.324425262566350847
    -6.32514981339647786
   -1.252516099489918933
   -8.450585252533393543
   -8.365369328937429572
    1.223663573117212744
   -4.401531806610050168
    5.038758241712141484
    7.156603579590547604
    7.747073816698337723
   -10.36486954133600769
   -2.922664716205999547
    6.281572632720989979
    3.232345147585916845
    9.851145100406839106
     9.16257467700513395
     -6.7594691585091633
   -5.883843151875670863
   -10.70788626781716424
    4.206715081307200954
    3.341234746877544293
    7.498963187293385957
   -8.184662874929038878
     3.79672139000993436
    6.598299773648358624
   0.2983217720469805712
   -3.764631933184788171
   -1.225666995937181536
   -6.023069954983726326
    10.01487766766936005
   -8.713863363038903742
     1.12997343726290711
    5.628134735625742735
   -5.124985582285324526
    5.571752390748382133
   -4.658991200130971677
     7.25268033508834975
    9.021640188595082321
   -6.664153510167388994
    -7.13890001491969528
   -1.952163002513666923
   -8.496191116532983756
     13.9713420533533057
    7.467016761972139705
    7.830538330368403521
   -11.71417122941670996
   -7.424011184708302125
   -2.912035925071140063
   -6.217537421358527716
    7.687846067666225913
    6.315366871810309313
   -2.263368579514049017
   -5.933730680413781045
   -5.470939137332194946
    1.433069573851638578
    5.589458749286538186
   -1.561762305848618526
   -6.103954583978518755
    -7.26813098672385216
    5.654008431272837143
    8.892902373114820236
   -2.725124821010702192
    5.096363370655149438
     6.39848046329194986
   -8.647946172851334268
    10.72701317180706049
  -0.8368954992282868766
    2.822389537168584095
    7.906254818862533895
   -7.410091590873795653
   -5.135690423630984824
   -1.104142600141352792
    6.522192165611373049
   -7.049280243014334424
   -4.307471599946998353
    6.218466925511945576
    8.861856843860341115
   -8.896094024491395302
    4.467952310401832605
   -5.792517750163186818
   -4.998878545756504366
   -9.780903980131583353
   0.3083422597835512868
    2.838582484082639912
   -7.799283201751091354
    -5.94558830631722568
   -4.348565637879185708
    11.55917330841221968
    10.30405473148195838
    2.805214835676015372
    8.238526331369854461
    -6.67442089797304039
     -3.3352598386229384
    2.504744164852639177
   -4.780564794156480168
    5.489471136236406146
   -6.622543344228925655
   -2.066882281530618926
     6.30062952988065117
   -4.535034759278882888
    4.700265308586531354
  -0.1027743110249239589
    7.606398749334885245
    -1.80725580972302069
   -9.922184119570353289
   -5.279150947931033677
    9.520957174781210952
   -2.912236370277927477
   -5.282825806659784185
   -5.407216991513680959
    4.299307807236056433
    5.613475673256886012
   -5.009862762791187585
    3.315437410940369034
     8.07294936874977509
    1.000287476198573389
    7.424379245624460388
   -5.966327079689595969
    1.766335150459469538
  -0.5071823608957672924
   -6.651172877583064746
   -8.011389215728236479
   -10.01383224180085207
    2.572801183867968522
    6.945793158124280886
    -4.52551010231439399
  -0.2520880948444010894
   -4.444175825746460973
    7.216964797772926765
   0.6987464313136928507
    5.360061657423398351
   -5.771669276477129351
   -11.88726345265740392
   -7.042333400312863922
   -5.263746709773339916
   -2.084640351274803294
   -6.690702651756149422
    2.814650469913224651
    5.004835086766575181
    2.251613538351908694
    7.442569704347125281
    3.010694484657503001
   -4.356907400317652446
    6.995057240327273718
     8.11006343338899427
   -7.203504820556123178
   -8.584765986983510899
    4.025963218297392565
    2.479983348241698415
     4.11785043250690741
   -4.695043202066394805
   -10.89801824692538901
    1.704303587077977467
   -6.312277249733838858
   -7.336820300160717956
    1.220322155889254523
    8.070869053322624609
   -5.324692389510433443
  0.06422695119830956756
    7.504351737870639916
    2.051362146192204694
    7.998362069247122896
   -4.288467669106840852
  0.09356241962909372933
    5.880824563781124503
    1.216207015427347882
   -4.266556262635896601
    6.469920394158021892
   -6.641434044974526607
    8.666742329064341277
    -4.31599919522852904
    3.573962348119426036
    8.569193929065813009
    2.641116095030060951
   -12.00592197557041274
    7.496073112937698291
   -7.708208096956906452
    3.007481049450347221
    9.516043835293020337
    -4.96184596162935776
   -1.405531805067771423
    2.175188147468636313
    2.470999501812139787
    6.749781122023200908
   -6.277024628212289237
    8.323043810116951491
   -10.57798581171019059
   -6.306791936142258415
    8.770800827435907721
    3.526134349651560029
    2.758989527383199025
   -4.570232072919537814
    6.301231257866242608
   0.3939508173231075494
    6.566222885421909794
    8.191870919677118223
   -10.82329824681361252
   -5.651665450372471255
   -8.025512116332704338
   -1.706477757446968058
    5.135944803599852726
   0.4619243123011774754
    -4.73986704932626246
   0.6178085862222499891
    7.025988297249088355
   -6.995498407981554756
   -3.648375832880838221
   -8.151017828414850896
    7.766107597032134713
   -8.609146233313422769
  -0.7252250767855833447
    6.316793894501463669
    3.293961195265663555
    8.599840336592357914
    11.22977310909690196
    3.960693805407196511
    6.134027623096265813
   -1.711798541862111112
    9.064966231093992022
    2.466572098646891309
   -8.147242309617544365
   -5.436180174488751682
    7.061045784123271218
   -4.400088644746460886
    3.737572910332423781
   -5.739958960620561434
   -1.933706022172613226
    8.460322401082724042
    6.652128835048374711
    9.042212390402555755
    6.118851723029378853
   0.4049346773859596738
   -9.526903691504513105
   -5.504122981771858214
    8.370298791796020765
   -9.045722339061592621
   -2.986325557828203081
   -12.68911714678979052
    10.71999549772693783
    5.130795946590007262
  -0.7289933281872347237
   -6.996475547104552994
     9.02958042573250097
    1.703676583917741905
    9.830932931959504018
    5.609661458542699819
    4.033322031682541997
   -8.342378114765908848
   0.0068195141000833015
    6.440092315830311165
   0.9461122094584868414
   -4.117185290457075375
    7.639642298671606824
    3.671639702886308143
   -10.83574679124455997
    1.678844571949321685
    11.26225727485327077
    3.280410146248434966
   -9.237457096711771953
   -6.269793330176565149
    4.515102768649869702
    5.469617678049274012
   -7.592931797190823673
   -1.857871713769703614
     4.60057778540552853
    8.562768960941559371
   -4.651274540085226228
    3.004155299295478088
   -10.13330242676784643
    8.870635065993479174
   -7.469064473399957826
   0.5772530898404143462
   -8.126857532618004143
    11.28475353410251714
    1.490836967952451575
    4.307688226434800427
    8.149311396950620789
   -6.341656965759153053
   -5.970774935843812692
   0.7327548998001499614
     9.89509762932049064
   -8.319423869615279798
   -5.589452176394297034
    9.168166613142368249
    7.583407415810529351
   -8.502015641379037092
   -6.966677501605792244
    7.225990963816547819
   -2.824571119515007833
   -2.492194007004854495
    5.604477180489160659
   -5.680188515336436872
   -4.919739622187572436
    7.299824943815441003
    6.039162505146750348
     1.46446391370667639
   -3.301344556018332987
   -7.638550248820169308
    3.639860994548529849
    8.300375940289690391
   -4.828102443988322001
     5.64637619755624165
    11.94141568834898592
    -7.09618250658804417
   0.8801620305661425059
   -6.530532417801491185
    8.128696066346281057
   -8.110743856269383656
  -0.8642077790944986404
   -9.806193949978489144
   -3.135919051648123457
   -3.516361354300832964
   0.3466953677324330352
   -3.543575169914279233
    7.396604779987122846
    5.747483443796745028
    1.408930456920628682
   -2.839889301055946724
  -0.7240713263920766085
    6.948212772284797722
     8.92422354321516309
    3.184871705150748245
   -7.379334202111298424
     8.33530202251179908
   -10.25678970985786798
   0.5348057635148363298
   -6.681648015583876443
     9.24901864950042274
    11.48830369398508289
     1.76166514069718172
    6.058431282288758268
   -4.699680497237980425
   -3.136881362787418581
    2.480855332356272758
    2.921733718068188157
   -1.592744659508013472
    2.426136202223804883
   -4.126837224853416863
    8.368732694537609262
    6.022232229802059855
    2.504698015655946186
  -0.9930786754096513347
    -9.32964762967461958
    -7.54115945041360547
  -0.7964875528710216868
    -8.08964874635984188
    9.242639253282037615
   0.3409943183924530885
    10.46692392752727585
   -2.090546781360316686
    12.36986711859843879
    3.700286345790714027
    11.53993454353981107
   -8.052043914890379739
   -5.507386052716673142
    3.730976642411745647
   -8.324077908310403728
    6.639294367490284898
    3.650770554874308349
   -9.183894374875553268
   -1.681950504877512298
     1.56254000415914307
   -5.678025005361669209
    3.690468530449540818
   -3.188484517642693916
   -6.453004328943182877
     4.59316401401165475
    5.068395308398829791
    9.015355048583431952
    6.041663590750106394
    8.472843681749969491
    2.355208771313528793
   -2.157425553180936095
    6.706399771792055375
    1.730893328538012366
   -0.912161519086964967
    5.425149399273090367
   -4.983328005198575994
    4.208299790839469701
   -5.028884090265940188
   -6.793738346384206928
   0.8768049045920039974
   -1.615618962267096892
    5.028031363216697969
  -0.7373570371071362928
    4.425507637790722093
   -8.687560196968080461
   -5.488684820496635197
  -0.3712711961025283447
    10.14046252723182739
    7.135262418859385392
    1.064083997994909048
   -10.37725424799367957
    5.011169489904092167
   -4.213004685850428643
   -2.651303956089727354
   -5.557403613306218126
    3.689445360471752533
    3.264595582893731418
   -1.758800664773501499
   -4.079325879839054814
    3.049273074012559537
    7.078585855578852559
    12.58256012968290349
    -7.53797930991312537
    2.069525633422485633
   -4.809670667831504431
    8.247744147563176753
   -8.924116493040351372
  -0.2333921621328372553
   -6.139153383619420978
     6.15103939916960929
   -2.720927921759360935
    8.861870224469472035
    -7.49716972183197683
   0.4384431198717068656
    6.393667315515626726
     2.44264942497585924
    -4.75030464699065913
    5.867842562787421556
   -7.853804530383176719
   -7.900233015599726905
    1.135274686898974483
    2.355951973355427498
    1.923836704446084234
     4.22247929739345107
  -0.3191303188318661554
    2.259375521587605462
    8.547836394700441431
    9.106586358238933698
   -4.192077553127250056
   -5.927646082537687988
   -8.526195528667907197
   -1.385982526671638571
    11.17117874108323861
   0.6554464813720675131
    3.363853554084864861
   -5.574110507123772429
   -8.878836623352279744
    10.00862242163769089
    9.765697415694839734
    7.937982580083312811
   0.3153912382505447698
   -8.856729407192187153
   -8.034967446226838561
    1.557591047419481178
    7.733490181524560469
   -2.259240393654917689
   -7.854101347469387484
   -7.785985658348401728
    6.842402070676605774
   -5.982339807977623991
   -8.180767218317225087
   -4.111792745966561746
    1.422718225208486453
    5.314085164115788906
   -4.552324939631740897
   -2.638894456036153358
   -3.318290971165434478
   -5.065400538249520856
    3.411435571690706769
    4.578422765551020568
   -7.334732561889754976
    8.235585479507395945
  -0.4941994877341167047
   -3.597394208674524752
   -8.898523154030860027
   -3.053094371151954256
    6.988764829295845971
   -2.677658294663546545
   -9.180236277459419725
    10.24068125664270923
   0.6326553265289840411
    7.474640516596208428
   -5.032810600107109344
    4.060797830962290078
   -13.61193451765046802
    5.997933303095084767
    -8.06454269933824186
    6.080212038883536785
   -1.494348732006042679
   -6.961733173109271533
   -1.143281491246751935
    8.246051340900354631
   -7.683148468021760991
    2.321647887290746226
   -10.87396993900405207
    6.799798476648555301
   -3.123437181840150512
   -3.149890377683651543
   -9.197862204757925042
     5.06971840192742107
     7.19216869083877075
    10.00380684426051836
   -7.449663161425625901
    7.779219132411248516
    3.163705651228922555
   -3.019087748560441486
    2.082762473757078237
    9.163535669692956631
   -8.216991081004030306
 -0.07008827110432169771
    10.03355481847601638
   -5.998630269068030429
    7.986328010088080021
   -2.538893121288698929
    6.339217090360093287
   -11.07957960018134536
   -1.720168232774055284
    2.099035266847566028
    7.200476339871348941
    1.293736789599477577
   -5.111356656881715921
    8.676584885478815679
   -6.372073751126321461
   -9.358691865870943261
    6.850557106822268594
    -6.58375356639704723
    2.072269787675470987
   -6.161851199544059909
    2.944375405647465804
    9.920644169134986257
   -4.669335306176892075
   -1.508480851312893112
    7.100115596348667957
    6.970001452193097968
   -4.129177791001708897
   -5.999911606136047126
    2.363336796670825191
    5.751322522212822363
   -9.634528723464741873
    5.176754410598110034
    3.190729879772324473
   -1.634023325583253694
    9.091412818175225397
   -5.184709131709320573
   -11.73008934829436534
    4.027646444156200545
   -4.051290408347842487
    9.291461963184634243
    6.072718151776383522
   -5.728481437372420437
    6.093391532632307594
    4.148632879746951829
   -5.128828891506482357
    7.850757688270648238
    1.484624182021799577
   -1.389981111975808759
   -10.02233309352641477
   -1.225618045961933023
    5.519270690914173549
   -5.815740417005003771
   -4.179237498537252904
   -8.598229946336743978
   -5.878448190142277596
     4.09808864287209218
    0.405970827649751731
    8.637080214250321575
   -10.35642004193593735
   -7.098619311761846795
     6.44830550986644635
   -4.162595671751913251
   -1.250720436198516028
    -6.30326942259465195
    8.550484480650103691
    12.10113587829506088
     4.49946719274967144
   -6.415113820839650316
   -3.025696649144159256
   -12.64681878418157446
   -4.792560606318884808
   -6.588477832626940867
    7.086383355938663087
   -7.154564431513617428
    7.932911142474255328
   -1.816098507748242552
    5.145438353889184135
   -5.456296452847157141
   -1.849926775507503063
   -7.045555934531080311
   -4.857269082921058079
   -9.369034779535621027
    8.099595962469370747
    4.815856445324223856
   -10.10102718309911829
    4.234789385100437897
    4.590250935486669626
   -6.563239496335666168
  -0.1688478526518938927
    4.469178359167129244
    7.014495674142416703
    10.65036472760125008
  -0.3990462034620212428
    -7.32105466923581627
   -7.885171668910282428
    4.056651735396192393
   0.4305138863969161789
   -7.505307402881647327
    5.967326172783728566
     9.77692084381217974
    7.433835168140497274
    1.655059382146139457
    7.821215552398559367
   -4.877060539140371631
   -10.35459812887383357
    8.232549408273586167
    9.869361299439264101
   -1.861898299708463211
   -4.753762889974939121
   -7.649163913908745727
     -9.1598050077236568
    4.816733976639772763
    6.851711376662226627
    6.510415871553554723
   -7.219411625184242176
    4.609352401202933436
   0.8077849976435051982
    5.270073337825234461
   -7.636833113047108768
   -7.276424847351752767
    4.743120277988588818
   -7.471738460166550411
    8.154874268623512279
    4.407776429426164988
   -3.741443567088929001
   -1.622726467444782106
   -8.128985400748479861
   -8.284674603025004913
   -1.462423629949227699
    -9.87896384933874927
    5.845090712085099227
   -3.135545130974247918
    2.503272173003011414
    9.981865792113854496
   -9.136760822370760593
   -9.963343859257070889
    3.902128368720809704
   -1.631236596054057353
 -0.09760773466834171685
    5.260288562392759104
    2.290378472636024565
   -2.675270475423042971
   -4.984376568569258481
   -6.707970372374867374
  -0.6512767324503592192
   -7.506808206457118438
    5.352730049589185413
    1.013131922931293838
    5.964856657157204367
    4.062864288561558013
   -6.372940345737855061
    3.045831570471423611
   -5.561076534814179517
    7.523483666882646581
    3.079776433371562483
   -5.688823826413574203
   -11.09119841995294209
   -4.488732873318819649
   -9.496885015861881385
   -8.206390293244176348
   0.6200255519468317322
   -1.849537698127168062
     2.23933375220168962
    5.576452652090511997
    1.481778632360320369
   -3.916665635007691826
    9.667531185481761824
   -2.668842997196406053
   -8.392111173137211111
   -2.201142094424688445
   -2.590070989258903111
      2.7724489672570094
    9.413480601657189695
    4.228321431510094541
   -10.60682248672559957
    2.788777435880135602
    6.424336115715636453
  -0.4990346345340899714
    -8.70076240351628627
   -4.692921002779615769
   -8.715219688807453124
   -3.950340456966378699
   -7.074476499084513037
   0.3590198276887676676
    8.103960822783385254
   -5.309772084606153797
    6.883239200519704504
   -7.584477949272605102
    8.784603285993227928
    2.198839720663120723
    4.604137031751993625
   -4.096736906301361003
    11.24044896429682439
    1.496855332954985407
    7.111748832748778781
   -7.653042511413401527
   -6.061631017225863616
   -9.060817925059657441
   -1.670463466321570944
   -7.902025800169717229
   0.1910345493993983457
   -11.15492730752465889
    6.225983352427012285
   -6.551860520236913565
    3.958616016513848646
   -8.624126456976600963
    1.837017436967975925
    8.674694899910337043
   -7.595488491019519728
   -1.816799814390921863
    7.059565182777080672
    2.035786900880653949
    3.726070125679742162
   -3.535423384995918461
    7.700373936655004137
    15.14958983652335256
   -6.103739172227887089
   -8.556224812406092894
    9.816407959095130309
    6.940906102552984791
   -8.442072059172168963
    4.422513388137911505
    5.598684070134500423
   -3.651299674878223378
     6.41439633558372968
   -3.411046049371802447
    4.170622397895848543
   -6.884229939876512994
   -5.013764667071418657
    10.65387246620361239
     4.41792743571815727
    1.127959261630343324
    8.533091756779491277
   -7.072453072343042102
   -2.729313202881706868
   -9.901009208925902527
   -14.16262199664594235
   -8.724135470215232502
    3.799620953181534144
   -8.794889341608453037
   -7.416171849175466235
   -7.525610195416002846
    12.35876942870755535
   -2.908458897348491945
    0.262897798412958017
    4.815398969463188905
    6.744846617386775378
    4.952626316704497711
   -7.081334626602235005
    3.205615288402550167
  -0.2464534517712280715
   -9.445467441873173442
    5.222854544678812161
   -3.695372513899884304
   -6.699231554381693599
    7.023420593144320101
   -5.324842314684429923
    2.871640425233549454
   -5.564275360779778801
    4.464921839342246734
   -7.518111570424833801
    0.268148808816166484
   -5.973633886363885814
    8.000145259591851854
   0.9534153000153089419
   -2.536335970242407534
    5.018216567252586913
    3.293112174611303011
    6.167343143235012981
   -6.685205721305359283
    4.772890172777516149
    4.178329070028580894
    6.930856479245673718
   -7.730090607128110136
    5.746538982908321991
     2.32024705154908073
    3.839940723273057355
   -8.906073318937590244
   -6.010879029626432057
    9.455553580348576403
    3.559114052340721202
     6.89934553531089545
   -1.807746092075345201
    4.977255202761588393
   -1.551746937469239196
   -3.895458473247882303
   -2.962526682052081028
  -0.9452424406022138514
    9.428473896261225562
    5.429556584334200409
   -1.862011774477810411
    4.549128854816507861
   -1.012304085861911673
    6.063353810284091594
    -7.10992277459138311
   -1.125938869904170581
    4.495042683943368367
    6.988132420363891484
    1.929239271134810751
   -6.796276735080675202
   -3.025983611997490996
    1.877822563464465411
   -4.490823971829093431
    -7.10789654070850041
    -8.72723155185276589
   -4.495604639315488704
    3.164152623384266505
     10.0531238774716698
    8.157696716628866085
    4.616614386294993544
   -2.875861769811361768
    2.557683685433230103
  -0.1821835809747618384
    9.435694261709469899
   -9.594301537865970175
    3.112246927945800046
   -3.128395284170282675
    3.792430598943801634
    8.752846006095793996
    4.482436846030003252
   -1.440745034652877177
    6.826080677204290126
   -5.628878618897338981
    6.551038764451131868
   -7.537077456612599313
    2.089361725359820454
   -1.493541411770934468
   -7.565004017547166448
   -5.390252930647899454
    8.777638435476625034
     4.72061236131275308
   -7.344778906381264072
     1.29385487276465172
   -2.077339725768369671
    7.875585052815911702
    3.373069564674088472
    4.753900961074867482
    5.017450004900979366
    2.216884809553853586
   -6.225062013207848466
   -12.68864615084195613
   -8.871345700198514095
    5.709139327538278685
   -7.841018704073773549
    6.956009138448279394
   -1.408415870172616602
   -9.830867617170621742
    3.341747322684915922
    9.677454922254952407
      4.0355278002677899
   -4.573457233991110371
    1.356679585495043527
    6.698017425940667735
     9.48776006761257662
   0.4622358209566175824
   -5.897827915355060568
    1.064636675614985206
    4.198128683918756821
    6.843889682739098923
   -7.616676595637798641
   0.1973368668977981688
    2.121294709589072625
   -4.897276841208439535
   -7.621301540842585709
   0.8828201845087835231
    1.756496197643165669
   -2.468260776761573183
    3.620554189736653328
    -7.02360663603891755
    5.819150955975742612
   -4.176313383022872472
   -8.493482316294093337
    4.570281780410571315
   -10.96361840531483978
  -0.8753236447342220838
     1.02150675806731206
   -6.378214543909547452
    1.447456768032209684
    1.233622136651577383
   -5.915707014187999491
    7.235306009992656939
     9.58593026221575073
   -4.511002507872885481
   -2.316177562767239628
    8.597676928814768971
   -1.547752274667100636
    9.490888483815284715
    7.328653387126676577
   -6.343379964895357048
   -3.765233660467854904
   -10.52700043902415672
  -0.4183634698233935634
     2.27356050228286044
    4.572699924874478405
    3.563791115755128303
   -8.381948888281570476
    6.558579708983160117
   -6.170096588793763992
    9.541817047249065098
   -9.205121052008495397
  -0.5956065833907224771
    2.342317112361150144
    4.624363683192955321
   -3.299761561665095932
     5.67874752474792821
   -6.705647728878250113
    8.449570376743711364
  -0.8297460437356520835
   -8.990428079442679632
   -10.51137052794598326
   -1.969520288350200987
    -7.79363687881691547
    1.766559284543274044
     6.86635047554012079
   0.8650075180206857617
   -9.330123131150902083
   -3.954567036832230542
    7.954495026320779871
   -7.502058345504563519
   -5.846952568151657204
    2.996259004084142141
   0.5136708845473284546
    -9.11182678996559936
    -9.78771588107228574
  -0.9745011081252497043
    6.719596564427556373
   -4.426445901361560686
     7.11668488078847794
   -8.366426502086612871
   -2.828230568304518577
    3.552380382230381883
    1.552997931808799636
   -3.102962820462318749
   -6.039111321019296597
    -3.40272966604004079
   -3.445751541982310151
    8.006247255671034679
     10.2134631927034718
   -1.638362050971309047
    -3.09356241214780292
   -7.930637563549793434
    5.732629438327395022
     -7.6769681414539237
    4.312790574491931039
    10.05683705689652108
   -10.49764798540996402
   -3.641801197407289692
   -7.695027697427890168
   -1.866004278906305824
   -12.13600241728330253
   -4.824042566901825424
    5.038212791857023198
    10.32744469372920726
   -8.194860610335934936
   -4.465001513657347765
     9.59901011738233656
    3.705506349065158744
   -11.06389294564291426
   -4.778026837749701272
    1.663738484395147488
    6.460119629757626214
     3.86964295349836096
   -4.032779245776580979
    6.609894121168712111
   -2.078304546119649654
     8.76778725331735842
    1.837721252334419741
    4.508585371423349031
    5.411566473691000745
    -7.95184319208608148
   -1.674758497027997839
   -8.255344538485893224
   -5.374243104866235576
    8.525391241892199545
   -6.108817579640168915
   -7.814089601841901711
   -1.764291951335465569
   -6.842175701255907683
   -4.223883476876263643
   -1.220182317054799404
    4.552731019381733191
    8.885962436633937145
   -4.589699899519032122
    1.611467237798828167
    0.359051278884022107
   -7.372041856471441612
   -8.812468895408560599
    4.948328073613310174
    -7.35956393059084224
   -9.008443800625213882
    5.542673713624017395
   0.2058848710247175307
   -6.664488682723569646
   -0.146526870231452111
   -9.489161559185093964
   -2.471693959494219328
   -1.353734186031428477
   -4.112012833369811382
    4.209189194323618821
    -6.13162875743052016
   -1.456428913131480263
     8.99936251523922337
     7.56633080744420905
    6.195430144893572688
    3.540843423183401839
    5.787823304437449856
    1.867031321059004378
    6.916696930492771678
   -9.409819486923234777
    8.057546632426234368
    1.042271876105169692
   -7.168393345541590911
    7.509958700215529248
    7.855481695356145266
    5.325847314167729607
    4.033020568754848156
   -6.147135280687996861
   -3.324772119503443868
   0.8574450634330091914
    -7.93555636048692925
    8.034296376986043597
   -6.135204826499723652
    8.778816896168981643
   -7.992971486677700632
   -8.080856024018606476
   -5.757269034091048177
    6.154630157643966371
   -2.365847306457751209
 0.004204661659323205569
   -2.866487636444690068
    3.267305573593851875
    3.210324393547165034
   -1.730164391423062886
    1.361167469512605699
   -4.705811397269595631
     5.44985268639033027
     4.10388027251715215
   -4.906622055715356368
   -9.172809079483663197
  -0.2653942764475947791
    6.754769124814310466
   -5.755436546816991239
   -5.098108784603731181
   -5.103843648270266264
   -2.036551869900980805
   -3.272111447294744568
   -6.639856306060450741
   -6.713973836961041997
    6.775138810934395295
   -2.799489306930214916
    4.963438204973177115
   -3.561138306642957385
   -2.167399743403486401
    2.983839033758106662
    7.734089372385448691
  -0.1998955087166689459
   -5.224426486998249075
   -6.098002494210703617
   -2.385043564895286572
   -8.932455125786320949
   0.6243357133120661651
   -5.473997110116703091
    -6.02556120888611968
    3.477589937686187849
    7.649563224297938113
   -3.428421340699652653
    2.592026117327822288
   -1.421145682110741104
   -7.791316595721305305
    8.825461130362997508
   -5.072761194251997452
    7.098427584858801431
   -2.485445865120043507
    7.127602537911982061
      -6.844544494220969
   -5.029825878722935073
    3.532097740654366547
   -7.741667960197497145
    8.628998410183582379
   -1.551188157524114208
  -0.7667590490333623388
    7.598564830524895619
     4.95120016139522523
   -4.950800036640752744
   -1.984055124849917195
   -14.51360516369326525
   -8.495075410839271868
    7.217874167765397253
   -1.795492332508141331
   -7.136691350963490166
    6.799282228989487642
    1.102686270156669091
    6.087805564776560097
    6.335724651366293259
    -6.80321809616770512
    4.150143665616531585
   -4.034090873667628863
    5.355673681053885637
    1.333175344952710617
   -4.369592672196335847
   -2.230724421616922193
   -6.874531078055023947
    6.998897881731355852
   -6.956070485006821791
    2.154930144592371644
   -2.528097618753813336
    7.775803173857990025
    1.231009059540348449
   -4.893909748640062674
    8.349390373064968784
   -6.266920285761071518
    7.206677598191430612
   -7.473030558962277858
   -4.090358509997196634
   -2.427079903900692948
    6.179819600071336794
    3.473812754958686355
   -0.819216143921563944
    8.846289910345365826
   -1.644130817424258595
   -9.000306675210872243
   -6.956793973153942545
    1.879334184678184583
   -3.106550947984763944
    6.294197304014669925
    -5.98323329675932758
   -3.947903986243050056
    2.362648537128093196
   -3.957657364529806987
    2.456992012007631843
    6.083946648794180234
    8.843606138810347517
    3.684811984543379548
   -3.796604230516147371
    4.918120418062716936
    6.203679072730317046
    4.018045241411529744
   -6.860212073072435857
     1.14708728078804878
   -6.045594364318016112
   -5.513745549494299958
   -5.662111717797595034
   -1.912034958099045445
    4.512758444000041003
   -6.819727319592693071
   -4.335708530978251041
   -8.670793879399150583
