   -5.802551378162600138
  -0.2841624703547327435
   -2.255372867667513326
     3.90771560972130505
    8.697115709186633126
   -10.28355694245172458
    9.394403431455135234
   -7.284993866890192571
    6.984879446011925452
    5.938744308566699992
   0.9644790823179281158
     7.36967648992015878
   -3.749690291376399198
    -6.97145549236725337
   -12.03689917992673131
   -8.852601602655262525
   -4.437522289720504887
  -0.8817355676453020319
    8.954071158734924651
   -1.747954516731256014
     3.23206150805096426
    2.839195179766178523
    1.840541445841390233
    5.788707225429345016
   -7.144757034066095081
    7.174771606592314832
    -3.38752547687156591
    -3.51098318561415379
    7.286036114784421258
     4.28704575022814538
    4.233391652781161696
   -3.347400847448146255
   -6.149667879981632446
   -7.032103646944621644
   -8.344836962509839751
    10.42909097010179131
    3.550591315422359173
  -0.4678189795677565321
   -6.899098813146656184
    4.400246239215037214
   -2.637674217495997731
   -1.015049172112757692
   -6.869530932378346222
    5.864737715451330047
   -1.162731152603778462
    3.131309142493627462
    6.460793094785771906
   -3.308856713947405659
   -6.399782014162095578
    10.33887025184825781
   -9.238819288169173305
  -0.5641630000738262485
    8.958511361287197161
   -7.421243887618349966
    -5.27068819394716126
   -8.568968087371240827
    11.61274037514828095
    4.544255456858848241
   -11.84836182418420059
    6.324145898804687249
    -5.53827635440892152
    4.099105672567568526
   -5.773922968520448507
    -8.11521900240653693
    7.963196296910314942
    6.369651412796971002
   -1.591075158940044698
   -2.039383716439600924
    10.90688717716783884
    7.987866292017685055
   0.7722730477575810992
   -3.865770598439281613
    2.350087671023807001
   -7.151540292022951384
   -8.259716913369803848
    -6.96080825627949018
    7.769376214104337208
    2.706669035557637493
     9.97927596642944259
   0.7405245433376234088
   0.2622452636831567041
     1.25471398234534437
    8.040904944477741623
    -8.09321350537273787
   -3.853883160380624062
   -2.390077455308794008
   -7.588578242739178137
    1.577628538549075365
    7.559318201155929451
    10.44957091281003692
    8.798936434495045589
  -0.1773802971187580235
    -5.93963640363270784
    9.950632816928939306
   -1.385318387689801867
   -2.430050483434569308
    -6.42819084443352029
    5.863905381508092596
   -15.10984833085663226
     6.04981910857188776
     0.38532924509995925
   -6.058277952643318365
    9.346764693511124378
    6.134254074883618735
  -0.2106281368763931461
    3.044731094633720048
   -8.041420414029332164
   -6.408569701723653367
    4.631721764677836362
   -8.856860908074860816
   -1.809878102208920314
    6.443278761611251682
   -10.06708021914743689
   -8.496343340555270629
    6.463860728354879903
    1.751518018095598039
   -1.546586591736492489
    8.947603084441661636
   -7.202947740183836878
   -10.15964021379481075
    7.507542189345726591
    -11.1835739390276121
   -2.577976803477988632
   -3.444656657659562526
    6.723096984754087124
    8.442708018867296715
    5.074740137682246299
    1.896184124451174124
   -2.975748160968381573
   -9.791251166681771423
    9.987824837742117268
   -4.114359338266979194
   -11.52126605469998211
   -4.391433632694288214
   -6.339754906288525227
   0.2816081447739929855
    6.195254740288646644
    2.044197084230066519
    8.115109530532270909
    -6.22790088703505873
   0.4818513420227014676
   -6.267374766478622128
   -6.942454330538766705
    4.652421758105558247
    1.728765071849571067
    9.169549905225201414
   -5.237584465784047794
    6.901870897065994548
     4.71099203489658791
   -1.844598090082251618
    6.381586456319324085
   -9.229042565073418913
    5.641006695548210992
   -3.722568684085695079
   0.3179936861936739634
    9.677436863781338161
    11.32492560547526317
   -2.210164097323787047
    7.152764266107613622
   -7.085644309629939741
   -9.649991706315367068
   -9.443345342706287227
   -9.522384366737394856
    3.108679072648878439
     10.8751112390204927
     2.07141463505734702
    9.411709268458238853
   -6.208910362795134752
    3.219276199249551329
    5.533248153630453636
   -7.522629215692381521
   -4.527892795753619914
   -6.181291196482273875
    8.534496987914556243
   -5.452035085358909683
   -12.61153189487323978
    2.495685890144312413
 -0.07618282492212724577
   -11.30964600075042092
   -9.723541289268819554
   -6.526449960928470517
    3.319030200540008302
    11.04267299894675602
   -9.876709513501360505
    6.616637154192805959
   -3.503886941118481424
    9.467396957231613897
    7.986637057277939711
   -8.817701951158568363
    14.07961677248665744
    1.184161326835591943
   -7.781169990068509179
    0.829539353076174546
    7.161030961579760046
   -1.018983307234344604
   -3.587033247597025021
    7.318923454363050141
    7.019995328027677672
      -8.923823699898632
   -8.453998347442935213
   -7.464854980118446726
    8.366079388341466583
   -14.03426627771736257
  -0.6581159120633559567
    9.855723873191815088
    2.838173802365864251
    7.785045174518728572
   0.7085263846466085536
    -8.14977338048692701
    7.309920505850083572
    9.569814974899076176
   0.9592270656353791836
   -8.748614223538323742
    1.258144999417551979
   -6.216822605166052895
-0.007956533095800022437
   -5.521097361335062459
    9.817307287431479068
   -8.793035629757067539
    4.480912487261458743
    6.048266004006856988
   -1.959285158856765463
   0.7131142523833494673
   -8.428188072165186284
    4.411548949472338776
    11.36938192099379918
   -5.944546383103942233
   -9.160306498617861948
    -6.65996775757630477
   -4.485201310778696104
    3.837084761573660519
    3.388503353113789363
   -5.713758140855103917
    3.446972445011629471
   -6.830305754328774626
    7.093957866972061765
   -8.170679577110920633
    3.123322967866464683
   -7.581192670375918929
  -0.6975867402029714004
     7.88088009610739082
    6.489113784461826739
   -3.599155777699884151
   -9.439272627835224583
   -9.995359152491685606
    4.124707400608278896
   -6.336202210585634376
    11.17149947251093245
    1.713893140121940384
   -7.137906666863728766
    8.117398909498271919
   -6.080588961526188996
    1.522153370687120866
    -7.11663228611972265
    6.490085219295765206
    5.575532371469567039
    4.092867280960555298
   -4.769527560612655925
   -1.558846729629710826
   -5.871804958675071795
   -3.728917325518655623
     6.81085983811738771
 -0.04551327598700405375
   -10.54679567750345193
   -7.524552258129296511
    8.876519009136053739
    -9.92458662471444697
   -4.718954528712528962
    6.993133693648857729
   -2.498875197134108994
 0.007281906531271198357
   -5.986357701090081918
   0.4434443367273135372
       6.844137903597173
   -10.31622311944605208
   -7.946641538296591811
    5.911567873473854817
   -6.386160933567815334
    6.558634877103196814
    6.406510073408204775
   -8.075505942546090665
  -0.9486866528450939029
     -1.5821715259920206
   -4.115063693147856583
    7.132352805864983658
   0.5692036779094766796
    5.948288621878384141
    2.102917495917623114
   0.2781817060772726613
    10.56164007972016705
    5.586675645695971859
   -7.631501885200463242
     4.08271932180366548
   -4.144186059480817086
    4.287709869301118637
    2.219826229489277658
   -7.127439855757295106
    5.543332752175977873
   -3.068363108514997162
   -7.294166426026003514
     9.99162691208014131
   -7.101657608971890134
   -6.488793426794672747
    1.673150611339457638
    -2.19566124958530251
    6.815075585065377695
    -1.46517362185370259
   -8.569827019141333935
     4.69013708312788502
     10.1396168563643112
    5.726419949108778162
   -9.481925771528825209
   -5.012153779023376998
   -5.150468304079205417
     -6.5910170906107588
    7.620221918338242695
    1.666676415734931638
     -3.3318098136082126
   -6.140487051801018836
   -4.770881027605922142
    1.812695607905220996
     7.69657045229717518
    8.404645056604717723
   -4.499522801437120023
   -7.718765846226976812
      9.3429315496608627
    1.267973188354001302
   -9.159730390893978225
    2.293138156394507909
   -6.230655937952908729
   -6.403344556841406465
    8.664786795292084065
     6.59421104587313156
   -2.402728987374950442
    5.751996154689430263
    1.135944988810427159
     4.02015263670971823
   -2.454273827137520847
   0.8148969371358636415
   -6.746092069721404627
    4.468187224810860947
  0.02225295793959367052
   -6.332379497281645619
   -4.114896799566974295
     4.10238617240941128
    10.86470718570436311
    8.930523675362552538
   -10.93568293644860034
  -0.8071729362400419383
    3.840639485461267544
     3.62247277675849233
     8.56902267027151332
   -6.002091970065160709
   -1.324425233165522631
   -6.325149838754851039
   -1.252516099489919599
   -8.450585230148455196
    -8.36536943467510774
    1.223663573117212966
   -4.401531850728002127
    5.038758280205178686
      7.1566035449755665
    7.747073741447167095
   -10.36486954133600769
   -2.922664768335644592
    6.281572641942880786
    3.232345202465536804
    5.085371351386561933
   -3.962907595356442325
    3.706951290545736466
   -10.50465624726252933
   -2.862495834161652652
    8.058533952728952343
   -9.773685041020485187
    7.498963174325097292
   -8.184662881860520045
    3.796721422882954222
    6.598299669981484428
   0.2983217388532667935
   -3.764631848485418875
   -1.225667037802919079
   -6.023069938819406666
    10.01487766766936183
   -8.713863370009455878
    1.129973437262907332
    5.628134735625743623
   -5.050426812396773713
    5.506803037966014003
   -4.658991243587031761
     7.25268033508834975
    9.021640188595085874
   -6.664153510167388994
   -7.138899933887872251
   -1.952162959445544521
   -8.496191116532983756
    13.97134209680226924
    7.467016901007641039
    7.830538330368403521
   -11.71417123671736071
   -7.424011184708304789
   -2.912035956494292144
    -6.21753739251267934
    7.687846067666226801
    6.315366842252627677
   -2.263368579514049461
   -5.933730709232552414
   -5.470939097581972277
    1.433069642513031594
     5.58945880507903059
   -1.561762259028546485
   -6.103954585163193336
   -7.268130966370727641
    5.654008408354559201
     8.89290237380411952
    -2.72512482101070308
    5.096363416421075598
     6.39848046329194986
   -8.647946172851334268
    10.72701317180706049
  -0.8368954408714026627
    2.822389506534705106
    7.906254819915405463
   -7.410091590873796541
   -5.135690423630984824
    -1.10414253215132141
      6.5221921320494749
   -7.049280243014334424
   -4.307471580569457004
    6.218466858140246245
    8.861856848643187234
   -8.895839890782628601
    4.467952330286271589
   -5.792117500242848216
   -4.998878624493397815
   -10.17746166172787525
   0.3083423039720890046
    11.17707718314871279
   -1.215193458483944111
     -6.0627638609039467
    6.647251689041312694
    7.031835224014166386
   -1.911715257984922811
   -6.930178762500592171
     8.23852635303474834
   -6.674420901907966552
   -3.335259812149769854
    2.504744194591175255
   -4.780564720186860406
    5.489471100298894513
   -6.622543368256146756
   -2.066882217900295249
     6.30062952988065117
    -4.53503480982555196
    4.700265216339336583
  -0.1027743110249238478
    7.606398790226143625
   -1.807255833598268469
   -9.922184130909281308
   -5.279150937279874611
    9.520957145266077504
   -2.912236370277927922
   -5.282825831875818778
   -5.407216934164087441
    4.299307807236057322
      5.6134756732568869
    -5.00986273189390019
    3.315437381928488136
    8.072949413534368901
    1.000287529106121287
    7.424379245624460388
    -5.96632724826292371
    1.766335091568077331
  -0.5071822650944586286
   -6.651172875150352937
   -8.011389241355363566
   -10.01383217621150479
    2.572801183867968522
    6.945793149258617127
   -4.525510084690395729
  -0.2520881178678264778
   -4.444175825746460973
    7.216964797772927653
   0.6987463594732474803
    5.360061683054719417
   -5.771669276477132904
   -11.88726344389269407
   -7.042333475263119702
   -5.263746709773339916
    -2.08464038295737053
   -6.690702659642752792
    2.814650482182646574
    5.004835086766576069
    2.251613460151588697
    7.442569705275687397
    3.010694513629808444
   -4.356907456165966863
    6.995057240327273718
     8.11006343338899427
   -7.203504831773152262
   -8.584766050891436961
    6.700456944654979097
   -4.980046733754630139
    2.060968324102841809
   -5.832412703726800984
   0.6934868540160318284
    1.704303587077977689
   -6.312277249733838858
    -7.33682031429548509
    1.220322035169866259
    8.070869055752432075
   -5.324692389510434332
  0.06422695119830956756
    7.504351713863136375
    2.051362161104072879
    7.998362057664460956
   -4.288467555522607277
  0.09356239294881829593
    5.880824563781124503
    9.988681623092398709
    4.618411031075983608
    3.908697630545145074
   -4.008344996697696949
   -4.728832380117392375
    6.304629605245216872
   -4.539621985786701508
    3.041507963184401753
    7.253649820800222692
   -0.253402950440527519
    7.496073144575227332
   -7.708208096834346712
    3.007481023826970024
    9.516043839719390718
   -4.961845982278314082
   -1.405531752795313727
    2.175188246992588947
    2.470999471880855669
    6.749781122023200908
   -6.277024628212290125
    8.323043830847975499
   -10.57798581299511476
   -6.306791892639720842
    8.770800827435907721
    3.526134349651560473
    2.758989548690998106
   -4.570232041347916052
    6.301231276511082058
   0.3939508461334204625
    6.566222872782709885
    8.191870919677118223
   -10.82329819977778307
   -5.651665500123774777
   -8.025512132065859561
    -1.70647778911256176
    5.135944780896193329
   0.4619242741195186408
   -4.739867003168473758
    0.617808617513163183
    7.025988297249088355
   -6.995498390208270578
   -3.648375832880838221
   -8.151017848005903232
    7.766107596841558269
   -8.609146233313422769
  -0.7252251091127397409
    6.316793854843389511
    3.293961230502276294
    8.599840333955166116
    11.22977313140286171
    3.960693805407196955
    6.134027623096265813
   -1.711798541862111112
    9.064966207881569815
    2.466572098646891309
   -8.147242334392206686
   -5.436180114727169332
    7.061045795376276857
   -4.400088584973865125
    3.737572852898935594
   -5.739958960620561434
   -1.933706022172613448
    8.460322401261144876
    6.652128890572640785
    9.042212390402557531
    6.118851723029380629
   0.4049346773859594517
   -9.526903684415888307
    -5.50412295697315912
    8.370298791796020765
   -9.045722339061592621
   -2.986325598589096852
   -12.68911714053501605
    10.71999549772693783
     5.13079593729932526
  -0.7289933786637636803
   -6.996475547104552994
     9.02958043025443402
     1.70367654691435666
    9.830932913118553884
    5.609661458542701595
    4.033322060902307271
   -8.342378114765908848
 0.006819478386427935135
    6.440092318115163472
   0.9461122324634771985
   -4.117185251039059857
    7.639642298671606824
    3.671639732572598014
   -10.83574679124456175
    1.678844571949321907
    11.26225727485327077
    3.280410146248434966
   -9.237457101232127599
   -6.269793341321328484
    8.240854207884162008
    7.310205021401228187
   -9.585301714348341662
   -1.811800448017610199
    10.38696582248780054
    8.562768960941561147
   -4.651274540085226228
    3.004155299295478976
   -10.13330244077287468
    8.870635053993190411
   -7.469064473399959603
   0.5772530898404142352
   -8.126857437199024758
    11.28475353410252069
    1.490836995997922854
    4.307688205334886611
    8.149311398097314196
   -6.341656904626148616
   -5.970774935843812692
   0.7327549265202811801
    9.895097638338935297
   -8.319423869615279798
   -5.589452176394297922
     9.16816659004686052
     7.58340744954858792
   -8.502015628412150861
   -4.545468626665646994
    5.548196021231893482
   -5.696418253108833873
    5.279635358994687167
    5.604477155379928632
   -5.680188515336438648
   -4.919739622187573325
    7.299824957302844197
    6.039162505146750348
    1.464463913706676612
   -3.301344539179810855
   -7.638550244922182486
    3.639860972942347672
    8.300375942449054634
   -4.828102443988322889
   -7.855805571006600374
    1.910130542989383118
   -1.902109671621777576
    8.170045637826948592
    3.829959400339570053
    8.128696066346281057
   -8.110743834840430821
  -0.8642077395423131136
   -9.806193945876017892
   -3.135919084468431262
   -3.516361360912309664
   0.3466953164960963063
   -3.543575137201706138
    7.396604779987123734
    5.747483419602581023
    1.408930495968306218
   -2.839889324915986446
  -0.7240713263920766085
    6.948212772284798611
    8.924223545963355875
    3.184871563997873078
   -7.379334202111298424
    8.335301995320552493
   -10.25678968274882941
    0.534805727243226281
   -6.681648035827586263
     9.24901864950042274
    11.48830369620632297
    1.761665140697182164
    6.058431296429961144
   -4.699680482231221035
   -3.136881362787418581
    2.480855332356272758
    2.921733718068188157
   -1.592744805891625148
    2.426136282062756777
   -4.126837191326150567
    8.368732713210501828
    6.022232217221463735
    2.504698032967808352
  -0.9930786754096515567
    -9.32964762967461958
   -7.541159446607044181
  -0.7964876242570125831
    -8.08964874635984188
    9.242639268830012966
   0.3409943759340297031
    10.46692390832468256
   -2.090546781360316686
    12.36986711156167296
    3.700286345790714915
    11.53993454353981285
   -8.052043888023835194
   -5.507386039558505253
    3.730976683013449868
   -8.324077908310403728
    6.639294342616947731
    3.650770554874308349
   -9.183894428263220888
   -12.87745797772985412
   -2.496988514381464519
   -9.277954174679651445
    3.649707272011642356
   -1.304140910450874769
   -4.439007104392830527
   -6.688789928215157055
    4.173980689353987472
  -0.3831446300237490998
    6.041663590750107282
    8.472843681749969491
    2.355208771313528793
   -2.157425553180935651
   -6.114613166749654383
    5.723056296312387659
   -11.72608213906955577
    7.105049243167815831
   -2.202978292923567061
     1.24667269856643359
   -7.543436992873729707
   -6.793738375262457829
   0.8768048755849916498
   -1.615618892007300023
    5.028031363216697969
  -0.7373570441839456535
    4.425507652331669206
   -8.687560196968082238
   -5.488684805589849169
  -0.3712712722981791336
    10.14046261466185683
    7.135262418859385392
    1.064084039632224865
   -10.37725433674728848
    5.011169503618700283
   -4.213004635952144028
   -2.651303976177080024
   -5.557403586001247398
    3.689445360471752533
    3.264595582893731418
   -1.758800607284546125
   -4.079325849473284471
     3.04927315298543844
    7.078585846141788096
    12.58256012968290527
   -7.537979368009756875
    2.069525603304766204
   -4.809670621623920894
    8.247744129063638852
    -8.92411650169906423
   -0.233392147467328448
   -6.139153396058242507
     6.15103940682077166
   -2.720927958363453136
    8.861870217887561907
   -7.497169623390320226
   0.4384431906111758703
    6.393667323547681747
    2.442649441128922128
    -4.75030464699065913
    5.867842562787422445
   -7.853804530383177607
   -7.900233021268053157
    1.135274656609915667
    2.355951973355427498
    1.923836699804605033
     4.22247929739345107
   -8.854901769032972325
    8.794389707176799575
   -1.818202576237712753
    6.757500631255138224
    8.369555066069629845
    2.796798296547620133
   -8.526195528667907197
   -1.385982461757848005
    11.17117872166805803
   0.6554464600361692428
    3.363853524750570756
   -5.574110507123772429
   -8.878836623352279744
    10.00862238673743754
    9.765697425866239456
     7.93798257886243519
   0.3153911906653145691
    -8.85672940719218893
   -8.034967410515779562
   -6.522695146278182143
    9.696442582919470254
    -9.96673644932793934
   -3.377838140450735605
    4.156071908281511185
    4.966544166922628456
   -5.982339789355643589
   -8.180767222785014781
   -4.111792752826588071
    1.422718216016837234
    5.314085164115788906
   -4.552324939631741785
   -2.638894577442131073
   -3.318290971165434478
   -5.065400538249521745
    3.411435515090202042
    4.578422774814057128
   -2.813217226532380266
    10.79265689170701137
  -0.1652419114706153991
   -6.517873880870582504
   -8.898523159632722113
    -3.05309443503592437
    6.988764854775417312
   -2.677658234755507571
   -9.180236277459419725
    10.24068125664271101
   0.6326553265289842631
    7.474640516596210205
   -5.032810620252579525
    4.060797919567588288
    -13.6119345275891348
    5.997933303095085655
   -8.064542665010344891
    6.080212041074998908
   -1.494348732006042901
   -6.961733197219121649
   -1.143281411015186322
     8.24605132840632038
   -7.683148468021760991
    2.321647887290747114
   -10.87396993900405384
    6.799798476648556189
   -3.123437115492643468
   -3.149890408172468348
   -9.197862204757926818
     5.06971847980247059
     7.19216869143395332
    10.00380684426052014
   -7.449663173922482784
     7.77921916110850642
    3.163705651228922555
   -3.019087748560441486
    2.082762514747120708
    9.163535648399079747
   -8.216991081004030306
 -0.07008829944776651111
    10.03355481377072778
     -5.9986302767451809
     7.98632799772288493
   -4.633067575678121663
    6.339217090360095064
   -5.820860990889580755
   0.7278378411495600719
    2.099035266847568248
    7.200476339871350717
    1.293736764156645291
   -5.111356673259310313
      8.6765848851310583
   -6.372073739701691331
   -9.358691850233444853
    6.850557106822268594
   -6.583753566397048118
    2.072269787675470987
   -6.161851214994277903
    2.944375405647465804
    9.920644169134988033
   -4.669335321775816006
   -1.508480819349445667
    7.100115554488167113
    6.970001503943260346
    6.530936250058362091
    -9.64785109666403784
   -1.819865525588773902
    10.36961608658346279
   -9.634528814757961968
    5.176754401006425255
    3.190729920892446003
   -1.634023376352647272
    9.091412818175227173
   -5.184709176198484926
    -11.7300893708936993
    4.027646330345026726
   -4.037149691500687254
    9.291461941148552839
    6.053931000950216301
   -5.728481437372421325
     6.09339156422755579
    4.148632868810558705
   -5.128828871562024716
    7.850757662713856888
    1.484624218696938502
   -1.389981142714813434
   -10.02233310325635074
   -1.225617950769249287
    5.519270652554360446
   -5.815740406160906595
   -4.179237484545591741
   -8.598229946336743978
   -5.878448170118858229
     4.09808864287209218
   0.4059707870396909724
    8.637080214250323351
   -10.35642004760726564
   -7.098619347344825137
    6.448305516771258183
   -4.162595689900849827
   -1.250720412144785909
   -6.303269422594653726
    8.550484440757800897
    12.10113587379623112
    4.499467224340527594
   -5.914625754668429103
   -10.36255362088521892
    1.863773040134793835
    7.657732329741247845
   -6.588477832626940867
    7.086383343541314161
   -7.154564431513618317
    7.932911142474255328
   -1.816098482204793862
    5.145438373729883885
   -5.456296452847158029
   -1.849926822745800781
   -7.045555934531081199
   -4.857269082921058967
   -9.369034779535622803
      8.0995959624693743
    4.815856445324225632
    -10.0751958718459953
    8.349319035081736118
    2.537081549746168285
   -6.563239396444267015
  -0.1688478050621381177
    4.447862015570462901
      7.0144957049544292
    10.65036465772856999
  -0.3990461614798235246
    -7.32105466923581627
   -7.885171668910282428
    4.056651712299616186
   0.4305138673808655558
   -7.505307402881649104
    9.452822285523929224
    3.971369052637545138
    7.433835168140498162
    1.655059382146139679
    7.821215552398559367
   -4.877060556751544595
   -10.35459810885388166
    8.232549408273586167
    9.869361299439265878
    -1.86189820817314633
   -4.753762850461346723
   -7.649163913908745727
   -9.159804969788124751
    4.816734004117332546
    6.851711374545967459
    6.510415871553554723
   -7.219411624553184303
    4.609352489961155541
   0.8077849976435051982
    5.270073337825235349
   -7.636833113047108768
   -7.276424847351754543
    4.743120257237829485
   -7.471738447376612413
    8.154874268623512279
    4.407776416191137692
   -3.741443605518033344
    10.78117103033505231
    -10.5473289375697874
    7.831604432973509056
     -5.9065164874604692
  -0.6091899166121472753
    5.845090696313385514
   -3.135545130974247918
    2.503272173003011858
    9.981865792113854496
   -9.136760799478532036
   -9.963343877667547588
    3.902128411103318317
   -1.631236485376687861
 -0.09760773466834171685
    5.260288576534904337
    2.290378472636025009
   -2.675270443114313057
   -4.984376596956189509
   -6.707970351519565888
  -0.6512767915652497575
   -7.506808224335291158
    5.352730049589185413
    1.013131907007488453
    5.964856657157204367
    4.062864314231346086
   -6.372940343142528441
    3.045831570471423611
   -5.561076558908031764
    7.523483666882646581
   -4.910799774464143397
    8.781744029422293707
   -5.043194009706885694
   -8.729037205935819443
    3.704289216266016815
   -8.206390229558877536
   0.6200255519468320653
   -1.849537681313237814
    2.239333731157017837
    5.576452589547959526
    1.481778651089235455
    -3.91666559774826073
    9.667531153282315159
   -2.668842997196406941
   -8.392111173137211111
   -2.201142094424688889
   -2.590070989258903111
    2.772448967257008512
    9.413480621253793146
     4.22832147872525077
   -10.60682248672559957
     2.78877733825004448
    6.424336115715637341
  -0.4990346345340899714
    -8.70076240351628627
   -4.692921002779616657
   -8.715219653183950754
   -3.950340497661089412
   -3.330844564762383442
    0.359019802297250723
    6.469079689238738773
   -5.554894785931971057
    0.671907472773463299
   -6.237685722105518416
    9.723154110135030948
    7.988164169004902782
    7.683382825504453173
   -6.452153029015653907
    4.257102799009801153
    1.496855379376962336
    7.111748815868074836
   -7.653042470057297209
   -6.061631069229651558
   -9.060817925059657441
   -1.670463487655870383
   -7.902025808907769289
     8.88217387462168162
    5.787565970058942355
    4.279661922554897302
    10.33602539926809705
   -5.176111494587322781
   -8.624126456976600963
    1.837017436967975925
    8.674694915139284035
    -7.59548847797557336
   -1.816799814390922085
    7.059565182777080672
    2.035786933811236654
     3.72607005077561837
   -3.535423384995918461
    7.700373936655005025
    15.14958983652335256
   -6.103739127263533959
   -8.556224814483792684
    9.816407959095132085
    6.940906104902132334
   -8.442072059172170739
    4.422513388137911505
    5.598684070134500423
   -3.651299701023280164
    6.414396335034782126
   -3.411046161600421733
      4.1706224330458328
   -6.884229952077365766
   -5.013764652875446259
    10.65387244516202969
    4.417927463167689695
    1.127959214904578067
     8.53309176818086712
   -7.072453047847732321
   -2.729313165274132036
   -9.901009244337471316
   -14.16262198713553033
    -8.72413539902858659
     3.79962101239216965
   -8.794889341095808888
   -7.416171879145261769
   -7.525610204735990294
    12.35876943249817828
   -2.908458897348492833
    0.262897798412958128
    4.815399009335601832
   -1.601538968115230333
    7.066033740919221096
  -0.7683229701144678181
     3.20561531163966551
  -0.2464535253031157613
   -9.445467441873173442
    5.222854508896134895
   -3.695372513899885192
   -6.699231576785965814
    1.780416326974951335
    4.880691491555614547
    9.515766319321688371
   -7.095140088558761882
   -6.650314878827699339
   -1.795239210495930493
   0.2681487732633545118
   -5.973633896637735141
    8.000145259100891693
   0.9534153000153091639
   -2.536335970242407534
    5.018216567252586913
    3.293112235208216276
    6.167343155905220975
    -6.68520572130536106
    4.772890172777517037
    4.178329070028581782
    6.930856479245673718
   -7.730090598695552373
     5.74653898439641253
     2.32024702965916152
    3.839940611083750621
    -8.90607331893759202
    4.475107887639147464
    2.287010438007854862
    8.689448329100240898
   -3.530386272203590359
   -1.807746057927339889
    4.977255232775756433
   -1.551747001360069156
   -3.895458475810390286
   -2.962526682052081917
  -0.9452424633186153891
    3.993253846478482139
    9.650802705184247543
   -1.862011774477810855
    4.549128854816507861
   -1.012304106070489373
    6.063353805791662055
   -7.109922773047292033
   -1.125938920198988225
    4.495042655011274313
    6.988132420363892372
    1.929239355671056755
   -6.232526205307534539
   -8.180154262514319541
    1.877822581415741432
   -4.490823971829094319
   -7.107896538696279798
   -8.727231565702176397
   -4.495604603122466791
    3.164152664077260368
     10.0531238774716698
    8.157696733327028937
    4.616614386294993544
   -2.875861879373425189
    2.557683685433230103
  -0.1821836497879565364
    9.435694261709471675
   -9.594301514904529427
    3.112246927945800046
   -3.128395284170282675
    1.261394321585210809
    8.729907515284599739
    8.109362992981985485
   -4.720655746303990874
    7.315113427647984778
    9.266057002754157779
   -4.194306921445221548
    1.058387898875234434
     9.49676576499039804
   -1.493541411770934468
   -7.565004017547166448
   -5.390252922135403857
    8.777638477690301144
    4.720612323627696227
    -7.34477891682966888
    1.293854872764651942
   -2.077339690887671342
     7.87558505281591259
    3.373069564674088472
    4.753901034050205254
    5.017449970294386219
    2.216884751003791898
   -6.225062038679166854
   -12.68864613071895953
   -8.871345700198514095
    5.709139300749261459
   -7.841018694662626132
    6.956009140025146031
   -1.408415777268660962
   -9.830867617170621742
    3.341747353205898996
    9.677454832590209222
      4.0355278002677899
   -4.573457225591910813
    1.356679551428437103
    6.698017425940667735
    9.487760047783618589
   0.4622357501684085102
   -5.897827915355061457
    1.064636709752863508
    4.198128641081310342
    6.843889687794566079
   -7.616676600068274183
    8.114388411831065184
    2.121294787385480163
   -7.292478594563937655
   -7.621301540842588373
   0.8828201824821844124
    1.756496199801266034
   -2.468260776761573183
    3.620554219184075606
    -7.02360663603891755
    5.819150979684938996
   -4.176313409537987908
   -8.493482316294093337
    4.570281780410573091
   -10.96361840531483978
  -0.8753236447342225279
    1.021506679904174986
   -6.378214543909547452
    1.447456753097625004
     6.36570541406306134
    3.210967185558189385
    7.235306009992657827
    9.585930239887494153
    7.635615007121585585
    -8.38154789666036848
    0.653695377199186578
    -1.54775227466710108
    9.490888519626020425
    7.328653387126678354
   -6.343379963218680473
   -3.765233635116721267
   -10.52700041166894174
    8.292191610371890675
    2.273560475415337123
    4.572699946237201551
     3.56379114748342829
   -8.381948888281572252
    6.558579639801171979
   -6.170096588793763992
    9.541817032786735098
   -9.205121088536122542
  -0.5956065658116864725
    2.342317074515396502
     4.62436362841426174
   -3.299761580411132211
    5.678747524747929987
   -6.705647710851354582
    4.636046162356064038
    6.816270931977768122
    2.233291620279205247
   -7.147840585006673741
   -6.698769519546590168
   -7.793636878816916358
    1.766559397516179075
     6.86635047063183368
   0.8650074517805930174
    2.172641985834224965
   -3.954566932163531057
     7.95449499965513418
   -7.502058345504564407
   -5.846952568151657204
    2.996259018045705158
   0.5136709120430230646
   -9.111826844506554224
   -9.787715881072287516
  -0.9745011385892750067
     6.71959656442755815
   -4.426445922446940351
    7.064932709716677195
   -8.366426502086612871
   -2.757377417669326647
    3.552380387745827317
    1.552997978607856489
   -3.102962718081952787
   -6.039111295044053307
    -3.40272972215972036
    -3.44575151466832752
    8.006247266657069872
    10.21346317971180895
   -1.638362050971309269
   -3.093562353777569829
   -7.930637510413264479
    5.732629438327396798
   -7.676968169252056384
   -5.367375488720219856
   0.1381300769391220762
    4.916670010228011201
   -10.84586631709147575
    -5.63671675858923571
    5.549460790759508377
   -2.234419477973526469
    -4.82404255507348978
    5.038212781057910483
    10.32744470027611428
   -8.194860595253096847
   -4.465001534203174138
    9.599010084761722794
    3.705506388689821407
   -11.06389293764035209
   -4.098859293373759982
    5.797557006065399143
    5.176533298296503993
   -1.696454482769155669
   -5.806157835924112831
    6.609894121168712111
   -2.078304546119649654
    2.923037264048203632
   -9.036774472738297703
    6.736825635652034627
    5.075767041022927195
   -5.118097352302673819
    8.104044341113594285
   -4.492499541558704124
   -5.374243091910059889
       9.622148586801476
   -6.108817589823051009
   -7.814089576452207808
   -1.733729443123357861
     -12.294102942148319
    4.099590171910396208
    -1.22018240859005167
    4.552730990293855307
    8.885962436633937145
   -4.589699979417765086
    1.611467237798828611
   0.3590513146899614316
   -7.372041849141688807
   -8.812468920620723623
    4.948328038907469306
   -7.359563930590843128
   -9.008443800625213882
    5.542673713624019172
   0.2058848066978140601
   -6.664488682723571422
  -0.1465268939495309453
   -9.489161559185093964
   -2.471693894608297803
   -1.353734186031428921
   -4.112012857945426703
    4.209189177177504959
    -6.13162875743052016
   -1.456428869002683646
     8.99936251523922337
     7.56633080744420905
    6.195430191452512503
   -1.276931796741666458
    5.787823247750541356
    1.867031349449710609
    6.916696921499799089
   -9.409819501022369082
    8.057546655508582845
    1.042271918939688291
   -7.168393331916450784
    7.509958700215530136
    7.855481695356145266
    5.325847291116939886
    4.033020631483548613
   -6.147135221344439238
   -3.324772119503444756
    0.857445006437444146
   -7.935556368110010084
     8.03429635889182947
   -6.108219339628289113
  -0.6157939169250048472
   -7.992971486677702408
   -8.080856024018608252
   -5.757269034091048177
    6.154630153106662505
   -2.365847306457750765
 0.004204695133222302594
   -2.866487601429478005
    3.267305573593851875
    3.210324333454922296
   -1.730164391423063552
    1.361167491103233873
   -4.705811416548598913
    5.449852693740378839
     4.10388024983543076
   -4.906622003564040213
   -9.172809079483663197
  -0.2653942298566057123
    6.754769124814310466
   -5.731228265938975497
   -6.705717823684558709
   -5.103843641095480166
    -2.03655189277853399
   -3.272111418758452572
   -6.639856296380491685
   -6.713973873512139257
    6.775138760802298599
   -2.799489230963345676
    4.075587004954439152
   -3.561138326761610351
   -9.220927535957818222
    2.983839033758107551
    7.734089361438790888
  -0.1998955479071637953
   -5.224426486998249963
     6.53941056405776866
   -5.864965707743954759
   -8.932455125786320949
    0.624335774656783471
   -5.473997110116703979
   -6.025561161044907799
    3.477590034670466235
    7.649563224297939001
   -3.428421355584971408
    2.592026138987625128
   -9.311990715407413077
   -7.791316595721305305
    8.825461155668888225
   -5.072761043097940181
    7.098427584858802319
   -2.485445865120043063
    7.127602540578426904
      -6.844544494220969
   -5.029825908871453422
    3.532097785132746193
   -5.335843109987760791
   0.4873668549309642661
   -7.173257969756323682
    6.225446471589404673
    11.86922478978512174
    6.245348736333546924
   -4.950800050905031391
   -1.984055124849917195
   -14.51360514916716404
   -8.495075370770100776
    7.217874176944836684
   -1.795492332508141553
   -7.136691339284215729
    6.799282238195334394
   -7.044495379885820086
   -1.656372760272543099
    6.335724651366293259
   -6.803218069328814011
   -6.021953158371273318
   -3.977474871158340086
    5.624324699858313181
   -4.944772298180392767
   -4.369592672196336736
   -2.230724509437617797
   -6.874531078055024835
    6.998897881731354964
   -6.956070485006820903
    2.154930166596396024
   -2.528097586602162217
    7.775803142643648691
    1.231009007752244422
   -4.893909782279285636
    8.349390393202478222
   -6.266920283957972515
      7.2066775981914315
   -3.157186318052057405
    5.464802657233032157
   -2.427079883827591544
    6.179819617735184956
    8.359907302261401441
    11.40149792563927278
    8.846289910345365826
   -1.644130817424259039
   -9.000306663763524284
   -6.956793956452555605
    1.879334184678184805
   -3.106550994173400415
    6.294197334285918544
   -5.983233305750223607
   -3.947904021410996389
    2.362648537128094084
   -3.957657274870520769
    2.456992012007632287
    6.083946648794181122
    8.843606138810349293
    3.684811958702044699
    -1.55675275228195642
    5.375498844023537615
    6.203679065923781266
    4.018045266898147894
   -6.860212041542116168
     1.14708728078804878
   -6.033333601993466466
   -5.513745549494299958
   -5.662111717797595034
   -1.912034898224625801
    4.512758386002311717
   -6.819727328918602005
    3.353429988752452573
   -8.670793879399150583
