   -5.802551378162600138
  -0.2841624703547327435
   -2.255372880992218665
     3.90771560972130505
    8.697115709186633126
     -10.283556927992203
    9.394403431455135234
    -7.28499388245249957
    6.984879446011925452
    5.938744308566699104
   0.9644790994545777707
    7.369676490021568327
   -3.749690291376399198
    -6.97145549236725337
   -12.03689917992672953
   -8.852601620324842102
   -4.437522309827287792
  -0.8817355676453020319
    8.954071148100005928
    -1.74795449754400245
    3.232061492386223645
    2.839195192652983923
    1.840541424409176896
    5.788707216492447571
   -7.144757033735819718
    7.174771615299448513
   -3.387525503037772001
   -3.510983185614152902
    7.286036114784421258
    4.287045741694905487
    4.233391663061968124
   -3.347400831596446302
   -6.149667879981631557
   -7.032103646944621644
   -8.344836962509839751
    10.42909096850736184
    3.550591332098667507
  -0.4678189975984117233
   -6.899098772833776039
    4.400246247858945026
   -2.637674240147106275
   -1.015049153066512222
   -6.869530924374534386
    5.864737705419493352
   -1.162731194363650244
    3.131309182754954179
    3.222640773545330184
    -6.32342534610673912
   -6.399782002634414546
    10.59434529225516641
   -9.380837682700583713
  -0.5641629780832587704
    8.958511361287197161
   -7.421243878869643318
    -5.27068822909874779
   -8.568968108472150291
    11.61274037514828095
    4.544255456858847353
   -9.978166744058359683
    6.324145894787855937
   -5.567385611733982387
    4.099105738324140269
   -5.791137611861623569
   -8.115219006185331097
    7.963196323292189405
    6.369651399812576997
   -1.591075158940044698
   -2.039383716439601368
    10.90688717716783884
    7.987866292017685055
   0.7722730477575806551
   -3.865770598439281613
    2.350087671023807001
    -7.15154028699509503
   -8.259716898887527137
   -6.960808256279486628
    7.769376204837099564
    2.706669062763008338
    9.979275966429440814
   0.7405245433376238529
   0.2622452636831567041
    1.254713944803040437
    8.040904899662020711
   -8.093213505372736094
   -3.853883160380623174
   -2.390077455308794008
    -7.58857824273917636
    1.577628558142806892
    7.559318192312443507
    10.44957093101029066
    8.798936443506930161
  -0.1773802971187579125
   -5.939636403632706951
    9.950632816928939306
   -1.385318363672647379
   -2.430050464679333722
    -6.42819084443352029
    5.863905402344869344
   -15.10984833085663226
    6.049819095199633345
     0.38532924509995925
   -6.058277952643318365
    9.346764705180760302
    6.134254071397533536
  -0.2106281599677497507
    3.044731094633720492
   -8.041420418375329504
   -6.408569695161400404
    4.631721833391069687
   -8.856860908074860816
   -1.809878102208920758
    6.443278791546187989
     -10.067080180744858
   -8.496343336301629634
    6.463860737247172139
    1.751518000960036181
   -1.546586591736492489
    8.947603084441661636
   -7.202947740183836878
   -10.15964020881211027
    7.507542189345724815
   -11.18357393585756476
   -2.577976789656264422
    -3.44465666744736998
    6.723096978011625424
    8.442708032604169688
    5.074740166735602465
    1.896184124451174124
   -2.975748127661618003
   -9.791251188489871637
    9.987824837857205651
   -4.114359361706059204
   -11.52126605469998211
   -4.391433632694288214
   -6.339754896725754207
   0.2816081556803746722
    6.195254743856014379
    2.044197084230066075
    8.115109530532270909
      -6.227900910495344
   0.4818513420227014676
   -6.267374750465578792
   -6.942454330538766705
    4.652421731369169144
    1.728765091697407552
    9.169549936528449408
   -5.237584465784046017
    6.901870900284293064
    4.710992062425466642
   -1.844598143456132933
    6.381586439610806849
   -9.229042545474896997
    5.641006701248701738
   -3.722568684085695079
   0.3179936517169682508
    9.677693763800194304
    11.99709675751965321
    -2.21139826480945656
     8.48762793854668729
   -7.085644322743014811
   -9.649991692483457228
   -5.079417949235630836
    -7.75836710851874134
   -1.060579472756230768
    8.773502768439438881
    7.799584197919213757
    2.883330450623374119
    -6.61212559872541128
    3.219276177887446799
    5.533248164642265543
   -7.522629215692381521
   -4.527892825793660592
   -6.181291196482273875
    8.534497002384101805
   -5.452035070362308389
   -12.61153188670340164
    2.495685890144312413
 -0.07618280491543916177
   -11.30964600075042092
   -9.723541268865398379
   -6.526449920679584515
    3.319030200540008302
    11.04267300360059778
    -9.87670953421785569
    6.616637154192805959
   -3.503886969815278363
    9.467396958487217518
    7.986637057277938823
   -8.817701937414858193
    14.07961677248665744
    1.184161286195154261
   -7.781169985566576131
    0.829539353076174546
    7.161030983412373985
   -1.018983290308545619
   -3.587033267675972414
    7.318923454363049252
    7.019995344807246518
      -8.923823699898632
   -8.453998330372142433
   -7.464854974600748427
    8.366079389614071715
   -14.03426627998089593
  -0.6581159002836353134
    9.855723870970665601
    2.838173839395426779
    7.785045174518728572
   0.7085263846466085536
   -8.149773372195342702
    7.309920558144850311
    9.569814982388116675
   0.9592270868912136095
   -8.748614213897292657
     1.25814498009637088
   -6.216822627653003863
-0.007956533095799800392
   -3.191316315742867005
    9.817307251843063298
   -8.483078723259339426
    5.337846321306233932
    6.048265996608719774
    1.820318563195473027
   -0.236619165596740455
   -8.428188109794771066
    6.043103307400216728
    9.753501850629403336
   -4.439601469820449786
   -9.286707353166553602
   -6.659967712887412183
   -4.485201338761640066
    3.837084742714045316
    3.388503391825941513
   -5.713758140855103917
    3.446972476970452615
   -6.830305756941886131
    7.093957874925232332
   -8.170679586460721566
    3.123322967866464239
   -7.581192665216510918
  -0.6975867402029714004
    7.880880073319876722
    6.489113792134417302
   -3.599155777699884151
   -9.439272627835224583
    -9.99535915249168383
     4.12479622308987981
   -6.336202217841435669
     11.1714994634591207
    1.713893123584456557
   -7.137906658752239508
    8.117398916493865357
   -6.080588920040156609
    1.522153350161544516
   -7.116632279098718428
    6.490085219295765206
    5.575532371469567039
    4.092867251150964947
   -4.769527568461096045
   -1.558846717852340191
   -5.871804958675071795
   -3.728917325518655179
     6.81085983811738771
 -0.04551327598700449784
   -10.54679567750345015
   -7.524552244328487127
    8.876519017566801395
   -9.924586618803882487
   -4.718954528712528962
    6.993133693648857729
   -2.498875171215185098
 0.007281906531271253868
   -5.986357701090081918
   0.4434443657457334265
    6.844137903597172112
    -10.3162231194460503
   -7.946641557209139783
    5.911567864694012187
   -6.386160921680781755
    6.558634884152095168
    6.406510086650363256
   -8.075505956254344753
  -0.9486866080491807018
   -1.582171539403541383
   -4.115063653663598942
    7.132352805887290259
   0.5692036516879626085
    5.948288621878384141
    2.102917550495547072
   0.2781816907902157077
    10.56164006543253464
    5.586675606572564234
   -7.631501889417374507
    4.082719342145869845
   -4.144186048814034073
     4.28770987592556807
      2.2198262695133959
   -7.127439862931836068
    5.543332713827784808
   -3.068363131865806004
   -7.294166401424830859
     9.99162691208014131
   -7.101657608971890134
   -6.488793426794672747
     1.67315062767076328
   -2.195661295382482781
    6.815075585065377695
    -1.46517362185370259
   -8.569827018620070902
     4.69013708312788502
    10.13961686026382836
    5.726419933980218424
   -9.481925771528826985
   -5.012153746116649877
   -5.150468304079204529
   -6.591017081600989869
    7.620221918338242695
    1.666676383222273516
    -3.33180979656393994
   -6.140487051801018836
   -4.770881047515000084
    1.812695635259723659
    7.696570459660248886
    8.404645019684274132
   -4.499522801437119135
   -7.718765851988594662
    9.342931558637635803
    1.267973176487449782
   -9.159730402903411672
    2.293138156394508353
   -6.230655912734180291
   -6.403344556841407353
    8.664786795292084065
    6.594211059250796758
   -2.402728975928511979
     5.75199615587740265
    1.135944960471360066
    4.020152597718247733
   -2.454273827137520847
   0.8148969566238801754
   -6.746092074360726443
    6.311188353360916103
    6.676205959144698276
  0.02795059840517739175
   -6.066751265506788116
   -3.258341472899912272
    9.614432988922109402
    1.538388516601467026
   -10.74862087761210461
   -6.000959575967416804
    6.366679941561105949
    3.622472743012081331
    8.569022670271511544
   -6.002091976497873738
    -1.32442525120693988
   -6.325149823194030851
   -1.252516099489919377
    -8.45058524388466914
   -8.365369369790624177
    1.223663573117212744
   -4.401531823655622233
     5.03875825658445109
    7.156603566216577228
    7.747073787624022323
   -10.36486954133600769
   -2.922664736346999081
    6.281572636283993205
    3.232345168789406031
    9.954959788141552579
    4.673830180333686357
   -3.147821362393449007
   -9.933339761384027966
   -9.549921017413558033
    7.246556952114163508
   -2.741499192585001854
    7.498963182282911255
   -8.184662877607111753
    3.796721402710874216
     6.59829973359524935
   0.2983217592221366066
   -3.764631900460031932
   -1.225667012112580112
   -6.023069948738421608
    10.01487766766936005
   -8.713863365732070321
    1.129973437262907332
    5.628134735625743623
    -5.29541719298185587
      5.8375381525869523
   -4.658991216920813194
     7.25268033508834975
    9.021640188595082321
   -6.664153510167388994
   -7.138899983611945999
   -1.952162985873710399
    -8.49619111653298198
    13.97134207014040541
    7.467016815690401543
    7.830538330368403521
   -11.71417123223741719
   -7.424011184708304789
   -2.912035937211903125
   -6.217537410213540561
    7.687846067666225913
    6.315366860390295933
   -2.263368579514049017
   -5.933730691548306346
   -5.470939121974154773
    1.433069600379904385
    5.589458770842727908
   -1.561762287759045131
    -6.10395458443623351
   -7.268130978860144253
    5.654008422418048241
    8.892902373381140535
   -2.725124821010702636
    5.096363388337438849
     6.39848046329194986
   -8.647946172851334268
    10.72701317180706049
  -0.8368954766813090362
    2.822389525332767324
    7.906254819269326717
   -7.410091590873796541
   -5.135690423630984824
   -1.104142573872477273
    6.522192152644275431
   -7.049280243014334424
   -4.307471592460220933
    6.218466899481970955
     8.86185684570825849
   -8.897328782013815385
     4.46795231808445692
   -5.794378565472485754
    -4.99887857617757625
   -9.959656040810699551
   0.3083422768563950922
    7.874580111312434738
    -6.69691207843747538
   -7.414038470176418372
  0.02224172212431127504
    12.49553844422379889
      6.9788686251307821
   -1.333859469938051046
    8.238526339740380067
   -6.674420899493353154
   -3.335259828394668613
    2.504744176342528217
   -4.780564765577309139
    5.489471122351458732
   -6.622543353512170938
      -2.066882256946176
     6.30062952988065117
   -4.535034778808277878
    4.700265272945570061
  -0.1027743110249237368
     7.60639876513378077
   -1.807255818947548276
   -9.922184123951302226
   -5.279150943815812624
    9.520957163377635979
   -2.912236370277927477
   -5.282825816402342944
   -5.407216969355883585
    4.299307807236056433
      5.6134756732568869
   -5.009862750853598889
    3.315437399731233192
    8.072949386052913567
    1.000287496640126061
    7.424379245624460388
    -5.96632714482019999
    1.766335127705978003
  -0.5071823238816253188
   -6.651172876643153486
   -8.011389225629624633
   -10.01383221645951238
    2.572801183867968522
    6.945793154698910676
   -4.525510095505122621
  -0.2520881037398154945
   -4.444175825746460973
    7.216964797772926765
   0.6987464035571566701
    5.360061667326408319
   -5.771669276477129351
   -11.88726344927103895
   -7.042333429270916767
   -5.263746709773339028
    -2.08464036351579507
   -6.690702654803246219
    2.814650474653682899
    5.004835086766575181
    2.251613508138148312
     7.44256970470588719
    3.010694495851347963
   -4.356907421895410693
    6.995057240327273718
     8.11006343338899427
   -7.203504824889977343
   -8.584766011675210251
    5.453614398687194331
  -0.6936517209750087121
    3.599879271806113223
   -6.362814865143941567
   -7.689420881170517141
    1.704303587077977467
   -6.312277249733838858
   -7.336820305621878369
    1.220322109247672815
    8.070869054261414988
   -5.324692389510432555
   0.0642269511983097896
    7.504351728595014315
    2.051362151953608048
    7.998362064772003954
   -4.288467625222023294
  0.09356240932080550632
    5.880824563781124503
    5.257083985008655702
   -2.184936417009413212
    6.908470945979575006
   -6.605528409430771575
      4.3579591267992841
  -0.2387622177131451529
   0.4389110229167093591
    8.153422156737287096
    5.746466598501096534
   -9.542888819554534052
    7.496073125161289319
   -7.708208096909554108
     3.00748103955040591
     9.51604383700320966
   -4.961845969607363571
    -1.40553178487159447
    2.175188185921073103
    2.470999490247779651
    6.749781122023200908
   -6.277024628212290125
    8.323043818126665272
   -10.57798581220663969
   -6.306791919334460594
    8.770800827435907721
    3.526134349651560473
     2.75898953561575766
   -4.570232060721411749
    6.301231265069931808
   0.3939508284543644656
    6.566222880538582274
    8.191870919677118223
   -10.82329822864067737
   -5.651665469594566282
   -8.025512122411424087
   -1.706477769681401746
    5.135944794827984161
   0.4619242975491729686
   -4.739867031492571492
   0.6178085983119214752
    7.025988297249088355
   -6.995498401114604192
   -3.648375832880838221
   -8.151017835984122328
    7.766107596958504722
   -8.609146233313422769
  -0.7252250892756212375
    6.316793879179026128
     3.29396120887980981
    8.599840335573443184
    11.22977311771511388
    3.960693805407196511
    6.134027623096265813
    -1.71179854186211089
    9.064966222125557138
    2.466572098646891309
   -8.147242319189572868
   -5.436180151399050864
    7.061045788471023599
   -4.400088621652503029
    3.737572888142212335
   -5.739958960620561434
   -1.933706022172613226
    8.460322401151659122
    6.652128856500931775
    9.042212390402555755
    6.118851723029378853
   0.4049346773859595627
    -9.52690368876572613
   -5.504122972190542917
    8.370298791796020765
   -9.045722339061592621
   -2.986325573576730896
   -12.68911714437317428
    10.71999549772693783
    5.130795943000425297
  -0.7289933476895300579
   -6.996475547104552994
    9.029580427479610094
    1.703676569620979464
    9.830932924680045204
    5.609661458542701595
    4.033322042971996702
   -8.342378114765908848
 0.006819500301625480709
    6.440092316713095677
   0.9461122183467787217
   -4.117185275227387642
    7.639642298671606824
    3.671639714356011552
   -10.83574679124455997
    1.678844571949321907
    11.26225727485327077
     3.28041014624843541
    -9.23745709845827534
   -6.269793334482496761
    6.045345419409728471
    7.508666218375430468
    -8.48027059632960345
   -1.956719263891719018
    7.610257446584712149
    8.562768960941559371
   -4.651274540085226228
    3.004155299295478976
   -10.13330243217887983
    8.870635061357003082
   -7.469064473399957826
   0.5772530898404143462
   -8.126857495751579563
    11.28475353410251891
    1.490836978788201872
    4.307688218282560655
    8.149311397393661949
   -6.341656942139583641
    -5.97077493584381358
   0.7327549101238370888
    9.895097632804887411
   -8.319423869615279798
   -5.589452176394297034
    9.168166604219104343
    7.583407428845688081
   -8.502015636369103291
   -7.490086051053263638
     7.48243294359463107
   -4.112336016071689748
   0.8468604469225327058
    5.604477170787866669
   -5.680188515336436872
   -4.919739622187572436
    7.299824949026483267
    6.039162505146750348
    1.464463913706676612
    -3.30134454951253975
   -7.638550247314129571
    3.639860986200686988
    8.300375941123988355
   -4.828102443988322889
   0.2692609708273037139
    9.934596443114932285
   -6.120615278704023332
    4.783742091087272996
   -2.932963539800046426
    8.128696066346281057
   -8.110743847990015354
  -0.8642077638129723738
   -9.806193948393445936
   -3.135919064328696937
   -3.516361356855266962
   0.3466953479365756374
   -3.543575157275330678
    7.396604779987122846
     5.74748343444899934
    1.408930472007231316
   -2.839889310274598788
  -0.7240713263920766085
    6.948212772284797722
    8.924223544276964404
    3.184871650614410132
   -7.379334202111298424
    8.335302012006090777
   -10.25678969938392271
    0.534805749500805172
   -6.681648023405309722
     9.24901864950042274
    11.48830369484329061
    1.761665140697181942
    6.058431287752404693
   -4.699680491439915286
   -3.136881362787418581
    2.480855332356272758
    2.921733718068188157
   -1.592744716065317867
    2.426136233070673054
    -4.12683721189970143
    8.368732701752136904
    6.022232224941375556
    2.504698022344619801
  -0.9930786754096515567
    -9.32964762967461958
   -7.541159448942888588
  -0.7964875804519729874
    -8.08964874635984188
     9.24263925928921104
   0.3409943406244257957
    10.46692392010809236
   -2.090546781360316686
    12.36986711587968912
    3.700286345790714915
    11.53993454353981107
   -8.052043904510124861
   -5.507386047632834902
    3.730976658098767551
   -8.324077908310405505
    6.639294357880132225
    3.650770554874308793
   -9.183894395502605335
   -6.490200053977654981
   0.5839786525222141478
   -7.892093771743891928
    3.889466485616187352
   -3.279191306048335086
   -7.330520052916090989
   0.3247922927088786049
    6.862754543895436043
    7.177608785140408898
    6.041663590750106394
    8.472843681749969491
    2.355208771313528793
   -2.157425553180936095
    2.809521135054472651
    3.611392727309571171
    -6.27729494187960313
    6.179023592298253043
   -5.034416845096282955
    4.295552371869455044
   -7.244853561486490179
   -6.793738357541712958
   0.8768048933847490956
   -1.615618935121266642
    5.028031363216697969
  -0.7373570398413584748
    4.425507643408814751
   -8.687560196968082238
   -5.488684814737195161
  -0.3712712255417570661
    10.14046256101161347
    7.135262418859385392
    1.064084014082053997
   -10.37725428228484681
    5.011169495202917545
   -4.213004666571546153
   -2.651303963850749845
   -5.557403602756570749
    3.689445360471752977
    3.264595582893731418
   -1.758800642561860084
   -4.079325868106825403
    3.049273104524809153
    7.078585851932714057
    12.58256012968290527
   -7.537979332359551421
    2.069525621786094671
    -4.80967064997857463
    8.247744140415628422
   -8.924116496385764208
  -0.2333921564666179838
   -6.139153388425329538
    6.151039402125740629
    -2.72092793590185078
    8.861870221926462676
   -7.497169683797700657
   0.4384431472028654242
    6.393667318618921236
    2.442649431216815437
   -4.750304646990660018
    5.867842562787421556
   -7.853804530383177607
   -7.900233017789761725
    1.135274675196383809
    2.355951973355427498
    1.923836702652785391
     4.22247929739345107
   -4.763414369589528796
    5.889506187472573373
    5.634399280614823091
    10.22638019003922238
   0.9965513362290779886
   -2.906950380934411271
   -8.526195528667907197
   -1.385982501591310534
    11.17117873358191993
   0.6554464731286523405
    3.363853542751160219
   -5.574110507123772429
   -8.878836623352279744
    10.00862240815350113
    9.765697419624698838
    7.937982579611610134
   0.3153912198653422982
    -8.85672940719218893
   -8.034967432429382939
   -1.108459373225436639
    8.965995576456215588
   -6.354636979862745783
   -7.371083444054611356
   -3.681333514895082093
    6.735995153542431169
   -5.982339800782766837
   -8.180767220043415833
   -4.111792748617026483
    1.422718221657167659
    5.314085164115788906
   -4.552324939631741785
   -2.638894502943009091
   -3.318290971165434478
   -5.065400538249520856
    3.411435549822330326
    4.578422769129921299
   -6.960621515295033035
    10.31135047542563221
   -1.493035668764834956
   -5.076475881049194783
   -8.898523156195215833
   -3.053094395834397456
    6.988764839140226393
   -2.677658271517258992
   -9.180236277459419725
    10.24068125664270923
   0.6326553265289840411
    7.474640516596208428
   -5.032810607890586319
    4.060797865196155598
   -13.61193452149040795
    5.997933303095084767
   -8.064542686075190758
    6.080212039730239049
   -1.494348732006042679
   -6.961733182424440614
   -1.143281460248192216
    8.246051336073113802
   -7.683148468021760991
     2.32164788729074667
   -10.87396993900405207
    6.799798476648555301
   -3.123437156205886911
   -3.149890389463421592
   -9.197862204757926818
    5.069718432015508647
    7.192168691068727249
    10.00380684426052014
   -7.449663166253956526
    7.779219143498825595
    3.163705651228922555
   -3.019087748560441486
    2.082762489594140565
    9.163535661465777693
   -8.216991081004030306
  -0.0700882820551981256
    10.03355481665806437
    -5.99863027203420085
    7.986328005310618927
   -3.400772753984906416
    6.339217090360093287
    -10.5431510181963457
  -0.7492461281681526142
    2.099035266847566028
    7.200476339871348941
    1.293736779769292022
   -5.111356663209423168
      8.6765848853444556
   -6.372073746712259457
   -9.358691859829182391
    6.850557106822268594
   -6.583753566397048118
    2.072269787675470987
   -6.161851205513461771
    2.944375405647465804
    9.920644169134988033
   -4.669335312203749311
   -1.508480838963379478
    7.100115580175291541
     6.97000147218747923
    0.154956708476653604
   -7.607663915836363699
   0.7509589320914672461
    9.819423107243672177
   -9.634528758737124221
    5.176754406892231763
    3.190729895659644377
   -1.634023345198701627
    9.091412818175225397
   -5.184709148898315689
   -11.73008935702592481
    4.027646400183702013
   -4.112977657476960758
    9.291461954670696244
    6.189418422210866133
   -5.728481437372421325
    6.093391544839562357
    4.148632875521528263
    -5.12882888380066948
    7.850757678396433015
    1.484624196191739909
   -1.389981123852242373
   -10.02233309728570809
    -1.22561800918294117
    5.519270676093337435
   -5.815740412815239679
   -4.179237493131383374
   -8.598229946336743978
   -5.878448182405957567
     4.09808864287209218
   0.4059708119595007991
    8.637080214250321575
   -10.35642004412713035
   -7.098619325509816669
     6.44830551253421369
   -4.162595678764003715
   -1.250720426905029381
   -6.303269422594653726
    8.550484465237170539
    12.10113587655687617
    4.499467204955228894
   -8.012804132054677453
   -7.355567592335720661
    -9.30259012638449434
   0.1144507737686382143
   -6.588477832626940867
    7.086383351148778154
   -7.154564431513617428
    7.932911142474255328
    -1.81609849787918276
    5.145438361554909079
   -5.456296452847158029
   -1.849926793758663868
   -7.045555934531081199
   -4.857269082921058967
   -9.369034779535622803
      8.0995959624693743
    4.815856445324223856
   -10.21675741397475257
    6.605507538886469021
    4.809388800465346669
   -6.563239457741261162
  -0.1688478342649427366
    4.593717132176347029
    7.014495686047059309
     10.6503647006049853
  -0.3990461872416264377
    -7.32105466923581627
   -7.885171668910282428
    4.056651726472515485
   0.4305138790498058143
   -7.505307402881647327
    9.130105520908184502
    9.528811144865040106
    7.433835168140497274
    1.655059382146139679
    7.821215552398559367
   -4.877060545944688741
   -10.35459812113885292
    8.232549408273586167
    9.869361299439265878
   -1.861898264342545684
   -4.753762874708323594
   -7.649163913908747503
   -9.159804993066746448
      4.8167339872561028
    6.851711375844582008
    6.510415871553554723
   -7.219411624940424765
    4.609352435495882361
   0.8077849976435049761
    5.270073337825234461
   -7.636833113047108768
   -7.276424847351752767
    4.743120269971250025
   -7.471738455224985032
    8.154874268623512279
    4.407776424312631391
   -3.741443581936536589
    4.536470591361807969
   -9.653132750073426749
   -2.552548572441213359
    -3.15411794204380147
   -7.497011805466998524
    5.845090705991482949
   -3.135545130974247918
    2.503272173003011858
    9.981865792113854496
   -9.136760813526034752
   -9.963343866370209412
    3.902128385095869678
   -1.631236553292346736
 -0.09760773466834166134
     5.26028856785677057
    2.290378472636024565
   -2.675270462940124272
   -4.984376579536935914
   -6.707970364317136891
  -0.6512767552902032353
   -7.506808213364593918
    5.352730049589185413
    1.013131916778914787
    5.964856657157204367
    4.062864298479430758
   -6.372940344735115836
    3.045831570471423611
   -5.561076544123168652
    7.523483666882646581
   0.1936315988325243431
  -0.3991721620413170024
   -10.55910562728018931
   -7.486072237999493062
   -5.812868616039340353
   -8.206390268638491747
   0.6200255519468320653
   -1.849537691630876779
    2.239333744070793664
    5.576452627926344441
    1.481778639596492253
   -3.916665620612002741
    9.667531173041068016
   -2.668842997196406941
   -8.392111173137211111
   -2.201142094424688445
   -2.590070989258903111
      2.7724489672570094
    9.413480609228605189
     4.22832144975231472
   -10.60682248672559957
    2.788777398159418386
    6.424336115715637341
  -0.4990346345340899714
    -8.70076240351628627
   -4.692921002779615769
   -8.715219675043826442
    -3.95034047268933497
   -6.885798798519178199
    0.359019817878408809
    9.428015549323855993
   -6.832861874795347568
    5.520195031938419206
   -9.030708715183756397
    10.67077867957119963
    5.363261379541114593
    7.426688481906881911
    -6.45136954794274331
    10.57606560717861122
    1.496855350890749392
    7.111748826226688358
   -7.653042495434905668
   -6.061631037318235826
   -9.060817925059657441
     -1.6704634745643685
   -7.902025803545782878
    4.475406090780857049
   -5.521832317875340124
    6.628533102277087252
    0.331600927958617786
   0.4264674472284512574
   -8.624126456976600963
    1.837017436967975703
    8.674694905794249067
   -7.595488485979813298
   -1.816799814390922085
    7.059565182777080672
    2.035786913603833792
    3.726070096739512394
   -3.535423384995918461
    7.700373936655005025
    15.14958983652335256
   -6.103739154855295723
   -8.556224813208840985
    9.816407959095130309
    6.940906103460609877
   -8.442072059172170739
    4.422513388137911505
    5.598684070134500423
   -3.651299684979723459
    6.414396335371636226
   -3.411046092732860302
    4.170622411476524682
   -6.884229944590479988
   -5.013764661586611382
    10.65387245807391281
    4.417927446323657747
    1.127959243577206783
    8.533091761184568469
    -7.07245306287894504
   -2.729313188351507602
   -9.901009222607644489
   -14.16262199297146651
   -8.724135442711300925
    3.799620976058371014
   -8.794889341410385697
   -7.416171860754706913
   -7.525610199016908197
    12.35876943017211715
   -2.908458897348492389
    0.262897798412958128
    4.815398984868439314
    4.062607300649244912
    6.789031143067366436
    -5.63994415195680876
    3.205615297380525863
  -0.2464534801812754972
   -9.445467441873173442
    5.222854530853688004
   -3.695372513899885192
   -6.699231563037890247
    6.245801446960102865
   -1.519311494678235785
    7.240503331372181606
   -7.940876055027308311
  -0.1156595964708279634
   -6.691052525031173204
   0.2681487950798527309
   -5.973633890333328367
    8.000145259402161813
   0.9534153000153090529
   -2.536335970242407534
    5.018216567252586913
    3.293112198023746551
    6.167343148130322028
   -6.685205721305359283
    4.772890172777516149
    4.178329070028581782
    6.930856479245673718
   -7.730090603870076293
    5.746538983483266527
    2.320247043091612227
    3.839940679927190015
   -8.906073318937590244
   -2.351021797346921183
    8.260118038396655038
    7.136953515457138408
    3.326547237360637066
   -1.807746078881797613
    4.977255214357971802
   -1.551746962154332721
   -3.895458474237942337
   -2.962526682052081028
  -0.9452424493790054782
    8.581731372514441958
     7.57144975925012087
   -1.862011774477810411
    4.549128854816507861
   -1.012304093669771143
    6.063353808548380464
   -7.109922773994802547
   -1.125938889336259408
     4.49504267276506031
    6.988132420363891484
    1.929239303796542737
   -6.749655708724230152
   -5.113115284134159388
    1.877822570400185853
   -4.490823971829094319
   -7.107896539931051194
   -8.727231557203674939
   -4.495604625331821147
    3.164152639106559306
     10.0531238774716698
    8.157696723080430701
    4.616614386294993544
   -2.875861812142159302
    2.557683685433230103
  -0.1821836075616780071
    9.435694261709469899
   -9.594301528994504835
    3.112246927945800046
   -3.128395284170282675
    2.942600969623528684
    8.855665604410759784
     6.24886853979907464
   -2.667702162080490158
    7.787841128808318913
   0.6713613984557943448
    2.889345143335535937
   -4.997337330100485531
    6.261374789273069119
   -1.493541411770934468
   -7.565004017547166448
   -5.390252927358980983
    8.777638451786454965
    4.720612346752616872
   -7.344778910418147788
     1.29385487276465172
   -2.077339712291736529
    7.875585052815911702
    3.373069564674088472
    4.753900989269885358
    5.017449991530250841
    2.216884786932239226
   -6.225062023049040327
   -12.68864614306716199
   -8.871345700198514095
    5.709139317187977625
   -7.841018700437649258
    6.956009139057523605
   -1.408415834277906065
   -9.830867617170621742
    3.341747334477113807
    9.677454887611755652
      4.0355278002677899
   -4.573457230745964885
    1.356679572332945449
    6.698017425940667735
     9.48776005995138938
   0.4622357936066277539
   -5.897827915355060568
    1.064636688804619924
    4.198128667367925893
    6.843889684692348929
   -7.616676597349573363
    3.913316814917696007
    2.121294739646775618
   -6.419415410261010813
   -7.621301540842585709
   0.8828201837257791951
    1.756496198476977133
   -2.468260776761573183
    3.620554201114066117
    -7.02360663603891755
    5.819150965136114628
    -4.17631339326734885
   -8.493482316294093337
    4.570281780410572203
   -10.96361840531483978
  -0.8753236447342224169
    1.021506727867917963
   -6.378214543909547452
    1.447456762262028906
    4.325811251883160402
   -2.452368838116185668
    7.235306009992657827
    9.585930253588923478
   0.5908797206816667202
   -6.157785585422344887
    6.684535003402314324
   -1.547752274667100636
    9.490888497651249978
    7.328653387126676577
   -6.343379964247550795
    -3.76523365067309923
   -10.52700042845509643
    2.656635777514678498
     2.27356049190222631
    4.572699933128258287
    3.563791128013790388
   -8.381948888281572252
    6.558579682253755649
   -6.170096588793763992
    9.541817041661346366
   -9.205121066121442652
  -0.5956065765988221017
    2.342317097738927156
    4.624363662028461164
   -3.299761568907882303
     5.67874752474792821
    -6.70564772191331393
    8.899753145812381305
    2.947536506945840351
    -5.77406590971984901
   -11.76898292665691592
   -5.023479934082045517
    -7.79363687881691547
    1.766559328191896761
    6.866350473643739072
   0.8650074924279227417
   -5.985275483418738496
   -3.954566996392051337
    7.954495016018144682
   -7.502058345504564407
   -5.846952568151656315
    2.996259009478381863
   0.5136708951706648874
   -9.111826811038239882
    -9.78771588107228574
  -0.9745011198954413034
    6.719596564427557261
   -4.426445909508184506
    7.350169381041995464
   -8.366426502086612871
   -3.005625724773268281
    3.552380384361350174
    1.552997949890253526
   -3.102962780906268314
   -6.039111310983408032
   -3.402729687722644503
   -3.445751531429181114
    8.006247259915639347
    10.21346318768396344
   -1.638362050971309047
   -3.093562389595666762
   -7.930637543019770419
    5.732629438327395022
   -7.676968152194111106
   0.4364379353531655514
    7.736037689067542189
   -5.407071929004010791
   -8.468257088399598231
   -8.736816814084727767
     1.50716396187602486
   -10.34714885324308398
   -4.824042562331786854
    5.038212787684638982
    10.32744469625869499
   -8.194860604508473756
   -4.465001521595508116
    9.599010104778917807
    3.705506364374687944
   -11.06389294255101596
     -4.7139717710754514
    3.829701174458724822
    6.948481514631199119
    2.711501660194510777
   -5.006741220952616089
    6.609894121168712111
   -2.078304546119649654
    8.250659447206844632
   -3.135820270353387063
    6.765743226102935104
    6.717764305743767927
   -8.627580912174458661
    2.837415799173096165
   -8.726190942240185322
   -5.374243099860440687
    9.174136873137644699
    -6.10881758357446536
   -7.814089592032248177
   -1.857464849928124551
   -11.60541742759980899
   -1.290602906204298739
   -1.220182352420692506
    4.552731008143235947
    8.885962436633937145
   -4.589699930388996485
    1.611467237798828611
   0.3590512927181352953
   -7.372041853639493603
   -8.812468905149623666
    4.948328060204235435
    -7.35956393059084224
   -9.008443800625213882
    5.542673713624019172
   0.2058848461711412225
   -6.664488682723569646
  -0.1465268793952551607
   -9.489161559185093964
   -2.471693934424659123
   -1.353734186031428921
    -4.11201284286493518
    4.209189187698983758
    -6.13162875743052016
   -1.456428896081718216
     8.99936251523922337
     7.56633080744420905
    6.195430162882253455
    1.938267955958042243
    5.787823282535689451
    1.867031332028140644
    6.916696927018215035
   -9.409819492370628424
    8.057546641344416116
    1.042271892654869969
   -7.168393340277332548
    7.509958700215530136
    7.855481695356145266
    5.325847305261742548
    4.033020592990936848
   -6.147135257759804183
   -3.324772119503444312
   0.8574450414119954011
   -7.935556363432210603
    8.034296369995097109
   -6.270588466948776585
    5.994474505094702366
   -7.992971486677700632
   -8.080856024018608252
   -5.757269034091048177
    6.154630155890917109
   -2.365847306457751209
 0.004204674592420687418
   -2.866487622916085609
    3.267305573593852319
    3.210324370329708188
    -1.73016439142306333
    1.361167477854439367
   -4.705811404718302171
    5.449852689230122671
     4.10388026375376036
   -4.906622035565984419
   -9.172809079483663197
  -0.2653942584465308063
    6.754769124814310466
   -5.887796417166294205
   -5.995294901529081955
   -5.103843645498189474
   -2.036551878740035626
   -3.272111436269359075
   -6.639856302320466419
   -6.713973851083057554
    6.775138791565177065
   -2.799489277579378488
    4.840926604192006266
   -3.561138314416073314
   -6.041582246211358864
    2.983839033758107107
    7.734089368156057631
  -0.1998955238584512184
   -5.224426486998249075
   -1.253626435364612046
   -4.763246687065760376
   -8.932455125786320949
   0.6243357370134345885
   -5.473997110116703091
   -6.025561190402014766
    3.477589975157386437
    7.649563224297939001
   -3.428421346450798879
    2.592026125696382355
   -5.951297902530875206
   -7.791316595721305305
    8.825461140140275162
   -5.072761135851566294
    7.098427584858801431
   -2.485445865120043507
     7.12760253894219975
      -6.844544494220969
   -5.029825890371226293
    3.532097757839195662
   -8.757885565590365573
    6.808722332410130917
   -4.924047605976019426
    1.941363019471188611
    9.584652766728501305
    5.738822243776395382
   -4.950800042151951352
   -1.984055124849917195
   -14.51360515808090845
   -8.495075395358002268
    7.217874171311998488
   -1.795492332508141553
   -7.136691346451042861
    6.799282232546292271
   -2.248792274869644725
    3.843875537559656497
    6.335724651366293259
    -6.80321808579813414
   0.5348480295731981027
   -4.287350918320042226
    7.070105804015669904
  -0.8326904019358261078
   -4.369592672196336736
   -2.230724455547645313
   -6.874531078055024835
    6.998897881731354964
   -6.956070485006820903
    2.154930153093926215
   -2.528097606331584757
    7.775803161797901986
    1.231009039531308247
   -4.893909761637035061
    8.349390380845370885
   -6.266920285064419005
      7.2066775981914315
   -7.336748244368956229
  -0.2115653756920165551
   -2.427079896145176274
    6.179819606896005624
    7.026488694333128393
    5.319074555097988544
    8.846289910345365826
   -1.644130817424259039
   -9.000306670788033259
    -6.95679396670113448
    1.879334184678185027
   -3.106550965830374267
    6.294197315710379215
   -5.983233300233083973
   -3.947903999830665978
     2.36264853712809364
   -3.957657329888718767
    2.456992012007632287
    6.083946648794181122
    8.843606138810347517
    3.684811974559227821
   -3.740489537988203494
    5.370605496331891437
    6.203679070100518445
    4.018045251258632433
   -6.860212060890267693
     1.14708728078804878
   -6.105081298987252048
   -5.513745549494299958
   -5.662111717797595034
   -1.912034934965746613
     4.51275842159182794
   -6.819727323195885482
   -1.560052492067612651
   -8.670793879399150583
