0.06905011382098061 0.07233277576716768
0.0474836314237914 -0.08800638544361218
0.07607850045007879 0.06489586636965845
-0.03432009628071232 0.09392578236403197
-0.05908674837372828 0.08067669058357115
-0.09922496315349658 -0.0124211292692276
0.01864157498525555 0.09824528630292523
0.03622926677877562 -0.09320438701227461
-0.09969360941183976 0.007806833573171546
-0.03695505740579126 -0.09292024242524778
-0.09858824399754744 -0.0167432263100479
0.006350055419378317 -0.09979672745925415
0.09297439054329545 0.03680099249062159
-0.02493704396319432 -0.09683860022288575
-0.06171479209271538 -0.07868387577348235
0.0503752781638882 -0.08637183050001745
0.07555159480035614 -0.06547333423447585
0.09352967773431779 -0.03417147746408303
0.07241360241411118 -0.06851312226115233
-0.07648761215435579 -0.06440947274143013
-0.09088284606105212 0.03937094820790962
-0.04741247653504391 -0.08804175471096852
0.01123121286462469 0.09936268703143517
0.01752915183462252 -0.09785188557374648
0.09930394528139121 -0.004942329797245836
-0.03370278505256805 -0.09332118832277042
-0.09027916863488226 -0.04273987883148572
0.08712602640384935 0.04711400092332024
0.02269428610434917 0.08652699282111391
0.05439338646352566 -0.0787635916860515
-0.04212785723295527 0.0664488555227566
0.05550988401563638 0.08309675799484709
0.09710349894842021 0.02375459933263824
-0.0252820897364531 0.09642930195002948
0.03588846558545155 0.08958148443141031
0.08050396113438413 -0.01072361726882249
0.078421680895002 -0.04090679402757202
-0.06987515898784068 0.06153986750805655
-0.07540271440683749 -0.06344013977347102
-0.09161518913836852 0.03681858405259163
0.06815014951506457 -0.07306209659222675
0.09848809167551673 0.01638543077313982
-0.09240846389957735 0.03816997229376237
-0.02643150944924917 0.09642572536443364
-0.01290129332292664 -0.0991338686622673
0.05342270797280976 0.08451388788775693
-0.09974649768179246 0.006841074216064395
-0.07971587318637817 -0.06034772736007033
0.09696992330429592 0.0243685035496536
0.08972920612678091 -0.04411352114757461
-0.0505884738733411 0.08372950115972154
-0.09917970792529843 0.006379055776183877
0.0812140562519226 -0.05269766103925394
0.003772463557184093 -0.07709513034497238
0.04636691734652149 0.08438591523562285
0.06479212947545522 -0.05716506768233563
0.07106101206470414 0.06965199357305565
-0.03511248164272376 0.0928350856016282
0.09441833929054916 -0.03088835433724251
0.06332797940409599 -0.06570027817262571
0.09482559525073257 0.009170801916725918
0.007988215152307628 -0.09241040719724648
-0.07224188823324217 -0.05589360963462326
-0.04958199888455818 -0.08182088382811288
0.03054329442113122 -0.0932373827279952
0.09106198554668125 -0.03723908791022245
0.02639389077185008 -0.0926141463182433
-0.06432623771486619 0.06615392323179611
-0.08811788425995619 0.03193055469804248
0.07197673610843532 0.06565875313617429
-0.02909595623891872 -0.0661931221294404
-0.09162279869826857 -0.03719564685565589
-0.0617241293008607 0.074899648225445
0.091840662058359 0.003933745311065848
0.03431239356071668 0.09298560609740773
-0.07973648269235453 0.06021924233610426
0.0994267995130072 -0.009226052914726796
0.07161101947607969 0.06972561036575767
-0.09911968209120091 -0.01309186207490374
0.05197174022105786 -0.08540491787533511
0.0954758199618211 -0.02970284335937817
0.01071235945827677 0.09913920814628999
0.03631808157557027 -0.09277504065061871
-0.04233848572978644 -0.09044079151781916
0.025978601851213 -0.09641029110049486
-0.03306316755510722 0.09433463404816432
-0.08481282002452091 0.05290125491721135
0.07799296813608778 -0.06242151307408023
-0.05813945687091913 -0.08119302623336752
0.05671951158292129 0.08230364275475531
0.09609899449481332 -0.02674992498364551
-0.09709735305054333 0.0235589643384039
0.02177806911950932 0.09732166868985408
-0.0278788584818745 -0.09449255856110075
-0.09862089150779527 0.01126995852793909
0.002675991804971218 0.09609951006727852
-0.07760034129797116 -0.06177439262374711
0.09636412768570603 0.02264769718509245
0.04394745961097729 -0.08588617736150804
-0.0733852576157203 0.06559566122011976
-0.09275432109921082 -0.03731441337513219
-0.07216412670716431 0.06917161068955918
0.09065841971746279 -0.04216429399014939
0.07778174227889746 0.06282940400771632
-0.008995932199730742 -0.09957624697709014
-0.01607229221145675 0.09868395124167094
0.09913313971762608 0.01283903378957247
0.05077537502603626 -0.08606711494851181
0.02996460873774245 0.09537775620737179
0.09439176013209913 0.03294391447018777
0.08111124101498976 -0.05845300454880548
-0.09093919293457334 0.04154228172594681
-0.08920346231433891 -0.04513853910266931
-0.09688529086705187 -0.02466501462538031
-0.07089008092711785 0.07049750128385959
0.06214724683335533 -0.07830972344300531
0.09778555618455127 0.02081595823994654
-0.09762705213184759 -0.02155870507568998
-0.05611345251293787 0.08273790305475101
-0.04563084458427876 -0.08894120911464241
0.05593239181552294 0.08283959259591051
-0.03265608491691688 0.09440703497078952
-0.09970468476838021 0.006864199813679508
0.09793538613473286 -0.01983115135834415
0.02207104883324595 -0.09740350404324301
0.09954854731776737 -0.004717445680127694
0.05186201791613836 0.08540939182513493
-0.08842832640477948 -0.04653879280252528
-0.08404635813532854 0.05383791916949827
0.06432878323189829 -0.0746052891500127
-0.02958839887766482 0.09490717066042825
-0.07671447081052683 -0.06344163505896622
0.02117007782620084 -0.09749787324615644
-0.09429199985164544 0.02822961779974958
0.03082444585098267 -0.09219528148320502
0.03146226157970364 -0.0910681735594549
0.002606552012578381 0.09917378259054073
0.008523352398099367 0.09878256986991625
-0.0592400421525707 0.05307830672164721
-0.04940923317706253 0.07722521988441992
0.07083862135742322 -0.06548289926988686
-0.02872133510107123 -0.07036580703085758
0.007736818709796063 0.09608090931235252
-0.09370164107290629 0.02849304853885827
0.09294570851215973 0.03356539387640989
-0.06668336362626147 -0.0686124147342691
-0.08360903276419866 0.05386527381894385
0.0132364113467981 0.09810304088495975
0.03095511448438008 -0.09241756972285119
0.09872687991289984 0.009136776705918715
-0.08936863575842874 -0.02488331019950535
0.0622103900604632 0.07344041275809735
0.07964850183922619 0.008894352011518445
0.03334735693352311 0.08934933069520921
0.0779512966736924 -0.05868754596164489
-0.05588051804385247 -0.06746350842533635
-0.08487483794265295 -0.03080041507497263
-0.03870182935110068 -0.0624795780151314
0.05767527268492336 -0.04981295063130059
0.02301867860159218 0.0817276644832397
-0.05015877818437246 -0.08239972437152794
-0.03863020653413214 0.08635458403202491
0.03541136619176795 -0.08773697818265226
0.03733991086804579 0.08416373366425346
0.05031647039837365 0.08302226610098216
-0.0003031183039368072 -0.0924221715266586
-0.04279633430651901 -0.0710695090149316
0.03991054538675425 -0.08792100104299616
-0.08740796898612048 0.02923616637129223
0.02723589602940969 0.05640155303210097
-0.09784726975645457 -0.0005892352184540981
0.06278778287763442 -0.07413786016516941
0.01619032866863356 0.08950188646187157
0.05893104788723506 -0.05563871977934883
0.08944465062086572 -0.03561475800659634
-0.04280546479063146 0.06511185696801219
-0.03027383931825806 -0.09364355551413817
0.09669359228313895 0.01843857485442394
0.02297212307710636 0.09524742666747939
0.006023021882443066 0.08499145843427032
-0.08799667434199167 0.02609958167076547
0.08446327818021265 0.03727495738769042
0.08323708684087325 -0.03822316414532802
-0.08767338239197402 -0.02761205003092279
0.009931545196647483 -0.09496198946918318
0.09356020961716499 -0.02678443604596081
0.04636227628735805 -0.08471605469025056
0.06598779655118013 0.0734023564189573
0.05186980517474962 0.08419622217378545
-0.01172143939371626 0.09739762538306579
-0.05527888106036977 0.08235428009994228
0.0902704053379333 -0.04133630890708187
-0.0631695628913449 -0.07575162364667229
-0.07760447907149055 -0.06219465923196296
0.06910199155580642 -0.07185935331766601
-0.09961626617162003 0.00496053608432385
0.07560601822125929 -0.06458940450997261
0.0998803646551807 0.002010009751721084
-0.07536860709942292 -0.06566108746804014
0.05672568823394086 0.08224467694665138
-0.01659627433885976 0.0986005809535998
-0.04123962242699405 0.08953869055733139
-0.008822918642693326 -0.09642436362748254
0.09824309954427979 -0.01619833689108809
-0.05530822812444311 -0.08330619653023624
0.070318814152662 -0.07106700308209553
0.09996856279100651 -0.002377399961472214
0.0327523936943145 -0.09448290317090138
-0.09534342953081387 0.03007428750444866
-0.03849863771828027 -0.09216809969976027
-0.09611669145318368 0.02629110689157645
0.02176404034377946 0.09750884604931996
0.09554982515778468 -0.02860460780853489
0.03521749184879312 0.092865351362714
-0.005877110431428287 -0.09819034704022254
-0.08839831390648697 0.03630409509211557
-0.07181751352478195 -0.03893029304429176
0.07933852072295541 0.04627465670926088
-0.02911754853241264 -0.0653703267998552
-0.06269044257190677 -0.04543312630917223
-0.0990453389289952 0.00454055486039868
-0.04765179282731393 -0.08692726155142942
-0.02489467243924054 -0.09614103181959462
-0.07221117312800951 -0.06831631555820185
-0.008283015534101863 0.09886942957971806
-0.096549275595659 0.02414673410694079
-0.06277008251953023 0.07648477776158873
-0.06704767860859488 -0.07287225124831892
0.09025934677452309 0.03996116830638458
-0.03803231299371793 0.09239317664763186
0.06336136879755082 -0.0768902220959866
0.09399426443091818 0.03342715820251604
-0.05879771289907816 0.08075356825620281
0.03699661436804311 0.09258759715408257
-0.0388010945584088 -0.09109398987373349
-0.09723588620345694 -0.01301282434735079
0.0966537257990067 0.02096295868497108
0.09475326870435685 0.02470522228035729
-0.09819848955935517 -0.00636241709936198
0.08747812600199494 -0.04534007418376596
0.09117500235237307 -0.03861805349193261
-0.0657276696454864 -0.07413358458081358
-0.02077674854344057 0.09677504494803296
-0.04987969126101589 0.08586413273433757
-0.01668492670428477 -0.09791722044124904
0.08098796950122286 0.05857955275538122
0.09848098309483322 -0.01708325770597285
-0.09036403301213801 -0.04268492715642041
-0.03769162957100066 -0.09257705319903596
0.01621531163211609 0.09864029556167259
0.03653094447330323 -0.09305467670999765
-0.09972106266751478 -0.006937335457373835
-0.07139204713601037 0.06997157194367505
-0.06361731559285018 -0.07710868978002715
-0.09751663478816931 0.02203951143399132
-0.05671761341320485 0.08232504692932996
0.09088268808008389 -0.04165795115319801
0.09438234823413856 0.03298354826401478
0.07313373667452763 -0.06816116369610924
0.008527690847026852 -0.09960448589728188
0.03846273547351876 0.09227257577995052
-0.03341926403252427 0.09421780828670302
-0.007644783434554106 -0.0996748039398446
-0.0733217838692022 -0.06795335976368135
0.09270379011881454 0.03741103801717028
-0.09973238965999826 0.006917820300263521
0.02157162697863716 -0.09761922074604681
0.08952889783120982 -0.04448088921187338
-0.05808340068028187 0.08137413920104179
0.03149187322362471 0.0948946202699367
-0.08366727629331847 0.05476264509428198
-0.001783312529657065 -0.09997187784649122
0.05955071650437348 0.08033305685100048
0.09729119705135914 -0.02307791573851559
-0.01680794403892855 0.09856046240685401
-0.01758862114305115 -0.09843645226412839
0.02158557718553248 -0.09764206010849459
0.09436090729936898 -0.03310495977176642
-0.0782059868025772 0.06231929756111463
-0.09734740785652743 -0.02287087185823905
0.08349466560793696 -0.05501730524139989
0.01264087143355293 -0.09919210404656739
0.09491683091908447 0.03140696578791295
0.03558451447940048 0.09342765709740826
0.08687512806173833 0.04949952495926444
-0.06635455843134343 0.07477687510116232
-0.08449250176166777 -0.05344849742158522
-0.0346417556120063 0.09378959365005793
-0.08832071978286736 -0.04683873393972437
0.05067563601996893 -0.08618090285255794
0.0991215616996175 0.01131838621974896
0.07983943534524775 -0.05897564485835522
-0.07732653156833898 0.06136297640819887
-0.08767904003557438 -0.04734139343584132
0.05123846122721268 0.08579889196191798
0.02488084105792521 -0.09673196484080733
-0.0998621721252165 0.002953365431290169
-0.09040897112214642 0.04226304164292716
-0.08594770207919451 -0.05102660037693021
-0.08506714430920825 0.05249864282980057
-0.03719394018916517 0.09278787074989779
0.0999465938743124 0.0004051124367942223
0.05088426404419707 0.08605640109393764
0.001639770446504882 -0.09993828411994646
-0.04297494440221663 -0.09025415297258786
0.08789796544985391 0.04737073312532098
0.06934771467416405 0.07194272550707066
-0.09937009958819064 -0.008966038719480839
-0.09837766919617633 0.01367530683632604
0.0987698908646793 0.01422497615334602
-0.09299186809649956 0.0340174533622675
0.09662532458945285 -0.02534402655092208
0.09877213927247064 -0.01439438570408706
-0.09007712374360302 0.04177999582649589
-0.09668700869388974 0.02444503134862533
0.05461732330517129 -0.08365570610371233
0.01824963100482626 0.09799736445213146
0.0709628571727093 -0.07040078348709303
-0.09446082106015542 -0.0327991355364137
-0.0961855575053653 0.02730259151494845
0.03987961455716803 0.09170271502844525
0.09500304545539451 0.02466860838752588
-0.09717824181165317 0.01405225301857193
-0.06257373828856731 -0.07711945365149013
-0.09723018089157827 0.023334045766988
0.09791033493623333 -0.02030893472391253
-0.06676483616852429 -0.0744473424227937
0.0556586705821998 -0.08307867867328053
0.01617127488631429 -0.09852350490409444
0.0201618747813868 0.09780090368452063
-0.08121772927024182 0.05296344395131265
0.08789919248025115 -0.04610899172444349
0.03758521557259495 0.09121970743341777
0.04573173490936528 -0.07622000563522066
0.0286561075405812 -0.08036357399674375
-0.04180149574893758 -0.06812024555724688
-0.03677271037777934 -0.08961502049923045
0.04297442202094052 0.07761414267749821
-0.03882761476524392 0.08545546328051731
0.0941470661698068 -0.02922354518136868
0.02471943637022496 0.09180213162161895
0.09136831360142364 0.007562627530195668
-0.07415051086894255 -0.03149346758032827
0.08872344168407766 0.01397740584186526
0.07632101109931133 -0.02359735644088241
-0.09125252089446237 0.02333600156861363
-0.06855792510967339 0.03808156208877674
0.0258779046194684 -0.03094875043740782
0.08600883793344682 0.008591388264999306
0.04124736322330716 0.07286450443369549
0.09508747584686122 -0.01126676350403793
0.03754337765199373 -0.0862992368440593
0.01576733601099117 0.09266591697469655
0.02007630474734295 0.07604608484893105
-0.03205913963269875 -0.06956362534139778
0.06096643126504347 -0.07787581274864955
0.08053736081872573 0.05740967294397649
-0.05223381198296311 -0.08467831022591228
-0.02290904641424577 0.09163108902900097
-0.0965620148811762 -0.01103140082569273
0.06909178692154962 0.06869256230346761
-0.08755694877351623 -0.04768529191238496
-0.09286580950200664 -0.03631309778246875
0.07484483922936207 0.06612084084582444
0.09043812365874573 0.04141728245803362
-0.0802274954636638 -0.05513142295509527
-0.03914141445313946 -0.09163913689974219
-0.05917407514725027 -0.05465159716582088
0.09494716860982594 0.01166683502978428
0.06060063823895363 -0.05868983909483878
-0.0265600144776893 0.09603224432314293
-0.07622390229608567 0.06447312064298155
0.0336846978639523 -0.09349492888801575
0.0808476506012492 -0.0585203978845501
0.05152247201398946 0.08509650795175225
-0.03860516420739363 -0.09068744897357198
-0.04857219083167891 0.08653851116707185
-0.09165717597490596 0.03956264768669994
0.02590467098856677 0.09349398996324502
0.07896634940308457 0.04958310548138867
0.08859479605582045 -0.03701114798045047
-0.09589706874456941 -0.02167609786086847
-0.04748274271739949 0.08698383115375211
0.09935655269315687 -0.006794129585217999
0.004629338243381638 -0.09972436699471693
-0.08692688788220183 -0.0420945296875282
0.09152060652624379 0.005902620694744854
0.04799747385388651 -0.07940662625584319
-0.09365847434211572 0.002281937621135649
0.0198202177339159 0.0956160886111371
0.04603634476267874 0.08579762554387944
-0.03921300266486938 -0.0857296801010097
0.06666020348188717 0.03170670819380243
-0.02697443523836983 0.09397714164248909
0.08486443877262832 -0.05032314476896555
0.07978635498170744 -0.05839585915150955
0.09257132673180067 -0.03413142743313867
0.09867578058763223 0.003918642635355475
0.07022865915289879 0.06991681469673217
-0.07770201954669183 0.05921974895013317
-0.09629088713198333 -0.02121827939461653
0.04922777672256774 0.07736752361556555
0.0239375129637482 -0.09169111141677487
0.09307305412484108 -0.03135954237593934
0.0180927223922718 -0.09833331382739166
-0.07213731490780141 -0.06924257262085062
0.08926323341017023 -0.04502638667934424
0.02097602783699998 0.09776398141541102
0.09472350941282395 0.03204199975923444
-0.06831531610066735 0.07300069679822606
0.04094070966452237 0.09119981978587849
0.09280676163966577 0.03716292612615493
-0.06461921419491141 -0.07627686571383217
-0.09974394654946857 -0.006769300525687309
0.09798807749966394 -0.01983844812816366
0.07996780745854358 0.05999453205299187
0.04263102419325249 -0.09043910641908053
-0.09973325661717196 0.007226564173203939
-0.05369325674655349 -0.0843513140475185
0.09192802611797225 -0.03927504904881264
0.04729276821463767 0.08808568094210413
-0.01190581668549336 -0.09924501050414465
-0.06522535537140853 0.07575483474181567
-0.08715083284459883 -0.04900138893441158
0.05157206393102474 0.08561263639122442
-0.08183506752218417 0.0573805833117674
-0.0941891989706215 -0.03344328011565859
0.04169461816450119 -0.09078876730826954
0.09930309748795144 -0.01113872097284845
-0.0967124212929559 0.02509601286379881
-0.02165153980038685 0.09749960863303492
-0.06120894497336254 -0.07901074501167037
0.09632137937622909 0.02680989826915902
0.0534599673832588 -0.08447352562485538
0.03527844615051019 -0.09264171296656219
0.002673219160767215 0.09700285538220203
0.03746048984190326 -0.09153745003758623
0.004825103811638479 0.09246382986695623
-0.08648980585601659 0.03643454017760268
-0.08542159291380561 0.05032667850050736
0.04911900430544764 -0.08547301314045232
-0.01213372361716125 0.09501124637454046
-0.08300891023441052 0.05526369547450607
0.09911733999410763 -0.01013824543713134
-0.0951594067067788 -0.02809641296891268
0.09165982964657224 0.03098431053479697
-0.03112236907436056 -0.09020289003241777
0.03087895653232012 0.06950336241960964
0.08686947325122575 -0.02282800836637348
0.02623983378596513 -0.09510904346161392
-0.0716244532626972 0.06123794757538049
0.02405833814956826 -0.0933780031434534
-0.01729455829014303 0.0974763845752926
0.01761394053103978 0.09785768727333262
0.009496246355563523 -0.09919618376819272
-0.0252514365999034 0.09520928623414807
0.09219183191656218 -6.085785256056813e-05
-0.06743690723822253 -0.07321187792513074
-0.03710436447219668 -0.09234097317749518
-0.02423571988711631 0.09687148632628965
0.09844006651362032 0.0115244499193891
-0.04479356148140753 0.08869508342346
-0.05383732690320421 -0.08400316430662569
0.09836533380778603 0.01632589289977435
-0.08769590364723882 0.04757411879462843
-0.08976911099834169 -0.03653409648130314
0.01407802406007335 -0.09767489059243098
0.02051647119295883 0.09724654698399313
-0.07392275290437385 0.06731829011449014
-0.0811214292061587 -0.0584297758966829
0.07871668789725288 -0.06164408418581069
0.09855465950847934 0.0168905876472566
0.01631729452265795 0.09863167962156068
0.09628567952840034 0.0269778535925792
-0.0372448753335277 -0.09248959982702969
0.01573183150886445 0.09871485377411088
-0.04688206034039361 0.0882170707460098
-0.09077182647976131 0.04178912543334933
0.07100962174355084 -0.07016684262385434
0.07493924550526758 -0.06620267045473657
-0.08412998067922996 -0.05404873705687553
0.09693184461438147 0.02054762613719946
0.04796929331935404 0.08705408722999215
0.02227235006617469 -0.09695746180970294
-0.09650223378572734 0.02004076669602525
-0.09820797812113649 0.0141098549539495
0.08678087578775996 0.04762432776527516
0.05218921259098908 -0.08472752007890552
-0.08126553363879346 -0.05696378140551131
0.0007049526001786862 0.099153898890967
0.03876327971934781 0.09184418590838438
-0.06850209597383053 -0.07160766937814325
0.08225422280361291 -0.05684919049173627
-0.09915565159029306 0.01273726317147381
-0.05910500804182754 0.0806359952701924
0.09993604500392951 -0.002376425022494316
-0.04280607686168859 -0.09034464021287239
-0.09395378488513095 -0.03396171830553116
0.05314697334194264 -0.08467876216150466
-0.09673547331113168 0.02523382567666483
0.02267850164553094 -0.09729742176053705
-0.04181460877422115 -0.09035078042594621
0.03092759717225076 0.09490831120260995
-0.006239006203688193 0.0996188109155757
0.09203268292037159 -0.03866476599973254
-0.03321504960084831 -0.09423334450931664
-0.08481808625760548 -0.05244128283007672
0.06339030600609007 -0.07221963682716274
0.08649757849696442 -0.02414943073190907
0.04988328282020085 0.08051429439834151
-0.08097393690046012 -0.002958420092925594
-0.0528711831149512 -0.0771297287681484
0.09235456259963705 0.02532114244759531
-0.04719457322692611 -0.08627315811208768
0.09242627404708798 -0.01920586292823686
-0.07204143496471857 0.06814291552310671
-0.006425962223418423 -0.09740252789495948
-0.05489893989630604 -0.08040209061661054
-0.04148418070605067 0.08853296609920364
-0.09868296958961421 -0.001526163570541727
0.05009787490469968 0.08489667544283795
0.02864206711586812 0.09433837400835587
0.0547437273490291 -0.08293422064085405
-0.04526680370475561 -0.08830963248389201
-0.09918613426060208 0.007111762851480644
0.09014741840218657 0.04265294852350458
-0.005072239616992519 -0.09944727779882026
0.0001120910398407121 -0.09977887842907653
-0.07254236834034487 0.06853112416111641
0.0988613401677424 0.01336394355393425
-0.07660205668914107 0.06267587381892296
0.08123959328756331 0.01347199521930958
0.0791004089791514 0.02420899736139658
-0.0203748074908897 0.09337536297032979
0.07920127098840375 -0.001034016958860071
0.01371486091737056 0.09523215948344751
0.08955712462463739 -0.02216055390219247
-0.04770477891113401 0.07682279748460027
-0.08776059567839266 -0.01830668236487579
0.07341335490968803 -0.03205516656106799
0.05798168527308357 0.07479031355033383
0.01038488474605743 0.08990672181224846
0.04946376676764174 0.08519461550578736
0.04261910630774912 0.08832332091940472
-0.09222719507247749 -0.03348314096654031
0.03831749439495074 0.09184866105385668
-0.0405210325247153 -0.08746223057482069
0.02955706981500296 0.09439995829302768
0.0827109348768697 0.05571623863835241
-0.09491229177130625 0.02715297067382704
-0.001611991330755167 0.09758190257764304
0.09332175445538336 -0.02059727366929641
0.04784607850684845 0.08417749288691261
-0.04687139936981845 -0.08470556964027064
-0.06677703877679872 0.06452140762575305
-0.006226770105688319 -0.09945720989066661
-0.09854966012329713 -0.01130130199654645
0.09494457277571806 -0.02887039016926289
-0.01186563718451574 0.07510632677936706
0.07536644618757381 -0.04547383924951798
-0.0754080559645595 -0.01476194148182474
-0.07438519591399387 0.01688019180784461
-0.09034875664034327 0.02932199199345574
0.03945755225656732 0.08924927471097378
-0.09528216958861992 0.02856928744223131
-0.03604233843520371 -0.09218217564077856
-0.01498209031335531 -0.09874996249420286
0.008453779280513657 0.09948778360837632
-0.09898444341962558 -0.01396214836264883
0.042682833575355 -0.09019252767666303
0.09821986649768714 0.01823747915230741
-0.04814947599317549 0.08760226639174863
0.06310196460210771 0.07750612372806091
-0.0934902043087384 0.000260676388156674
0.06755125948621724 -0.04385888982744774
-0.009271453852811876 -0.0780582313570428
-0.02615650196671633 -0.04539638913497088
0.04431110963937152 -0.08806420802507803
0.09257577420913927 0.03266544317900356
0.09127194885075508 -0.01059794480494448
-0.0799819618070647 0.006031537785882476
-0.02075036475013132 0.09598770813565947
-0.0769545689350703 -0.06340611282814046
0.09569189597735711 -0.02884032947583658
-0.08159606634291079 0.05732688133961389
0.01287281668590322 -0.09912407011728015
0.02784675179108174 0.0958112827489553
-0.08182323380948707 -0.05744270199158026
-0.05013373584468147 -0.08650055822322003
0.0002154953744941039 -0.09996911011559105
0.07888470954357216 0.06141024415692435
0.09996043521393477 0.000759809222658996
-0.08215286715877367 -0.0569563964417136
0.08277375702945022 -0.05599721562706286
-0.04221662811558917 0.09062591363298216
-0.07544403745216728 0.06556996461758918
-0.01156260601229648 0.09931302711706103
-0.09547116815052274 -0.02898286410324215
-0.09576256676112833 -0.02848095037645076
0.04168165651782101 -0.09078334707741748
0.002440909244231833 -0.09984683577701092
0.0008381481112351495 0.0996826028562604
0.006758733645497262 0.09969549292207851
0.08008962514763039 -0.05979506578548376
0.07973438775914711 -0.05982021953049615
-0.097592574923697 -0.02158640533967874
0.08775472860939705 -0.0479034178703916
-0.09438139141626525 -0.03286778160359862
0.09975720127968622 0.005935290914914746
0.09647360373870537 -0.0261431384100522
-0.08799713586876644 -0.04732596251900416
-0.07466700054697854 -0.0663838129227675
0.09437069957788835 0.03289659278280189
0.04881051100821713 0.08722078709545643
-0.09498121192146282 0.03110811560077258
0.09402593082109989 -0.0338849334951354
-0.04861134123152683 0.08733853203732793
-0.05697434086835856 -0.08211912040326702
0.007814371039217905 -0.09965673089420454
-0.09426595599784546 -0.03319390793223453
0.05545183787912274 -0.08316373085751273
0.02143664352488318 0.09763909542586861
-0.09747489245657126 0.02207092209746345
0.08902242206986405 0.04539756898143529
-0.04830076410335527 -0.08747171269940723
0.05660277011301604 0.08236513132905918
-0.006213938689659347 -0.09975108828493114
-0.05890297980149895 0.08078250632903426
0.002398354826025616 0.09992948267478655
0.0460082696486024 -0.0887549625431176
0.07519758965078235 -0.06554010093412317
-0.08992327415404722 -0.04262583733707186
-0.07081743587171078 -0.06990023704413387
0.09906693137796613 -0.01205433578902134
-0.02047763723519158 0.097806606405171
-0.05778736811783449 0.08111052634066863
0.08169246090939694 -0.05704119198857044
-0.08683008068945614 -0.04861493764125093
-0.03427174108260168 0.09379432816764971
-0.0121918522944201 -0.09903414992351872
0.005567688878116111 -0.09905217179531602
0.01216669190998778 -0.09918755575617333
0.07289406718816178 -0.06831903781206078
0.09442954357761323 0.03221773414724802
-0.08270605197900228 0.05571062303770302
-0.08937304337297404 -0.04399404499698033
-0.07276069216769468 -0.06805787117501114
0.09847396544803196 -0.01490103283422456
0.07320088450355269 0.06756963695586139
-0.06537355291749893 -0.07526009007073554
-0.06694132478269187 0.07274770395305509
-0.08544916352157106 0.05138914903122282
-0.04329234621202128 -0.08945337831693807
-0.03069329440348931 -0.09397705344449249
-0.08934943108771509 0.04257939755810602
-0.008820007003226158 -0.09854969680867258
0.08319115369696935 0.05355626189815561
0.06911238176518968 0.07152353494515774
0.02462091759542152 0.09618462093348058
0.02663176656290711 -0.09616285275559221
-0.09394698725891641 -0.03223009522214971
0.03703017427896849 -0.09239501805662659
0.08848528175795206 -0.04634836708218105
-0.03271284106521961 -0.09402403652063605
-0.08099903233612758 0.05746498475892259
-0.08525171722968017 0.05102126072448
-0.02427584557034715 -0.09638334649816249
0.03011504263920707 -0.09493964487631441
-0.0664430193414971 -0.07424667599653675
0.01662530945735175 0.09769203454884137
-0.09939398941071827 -0.008318520344261763
0.05773198939170699 0.08127859252216299
0.07961459116944375 0.06003626460466389
-0.0918430561328558 0.03871914995386361
-0.08553535147772287 0.05138478679157724
-0.06407514558552324 -0.07638287811947989
-0.09772880905485738 0.01622782647351591
0.09301764250965498 -0.03553927232551492
0.07234390685885696 0.06810580536577257
0.03017411473233065 -0.09450565787988217
-0.01816453248387348 0.09281638048270023
0.03751661005341778 0.09177230872109693
0.09792592021339608 0.004133148765305097
-0.06056873370049608 0.07653822208184119
-0.007155133752682261 0.09705141090896262
0.09759594642642491 -0.0006426313426305722
-0.07888945273493886 -0.02064115472326592
0.0100041287048759 -0.09857329594291274
-0.09646113178707386 -0.01698580080474681
0.05237084761743722 0.0614504287854197
-0.0349915535969375 0.08785597753465527
0.02599876982651531 -0.07616138714454813
0.05139464831760206 0.05252945985896593
0.0917586381644486 0.0108920080745385
0.000594892289067459 -0.09641028529637624
-0.09588351191843385 -0.007146089903264441
0.0105879280418863 -0.09821854108811529
-0.07791508267243868 0.0612971472666636
0.09506231039346849 -0.01901930163154496
0.09876331354396467 -0.0126737249273378
0.06126729494597615 -0.07862772064834334
0.09798882043461897 0.003567957342197843
0.04307450161904946 0.08622538169383605
0.08172267526014433 0.05696773396815582
-0.03908993251153618 0.09031258091266822
0.03184693384237794 -0.09450519532362495
-0.03435573463025794 -0.09336646459790536
0.08187682556546487 -0.05705048743439633
-0.01086879820978054 0.09936370372098888
0.04332095589306507 0.08999349405772417
-0.06958168735866506 0.07141328182649338
-0.07849381673338784 0.06183245075810485
0.07960721242332826 0.0604080882453926
0.09986406569025613 -0.0002195961962898597
0.06217364563706717 -0.07784902529215552
0.09599524149618376 -0.02736454102705609
0.06564694469552435 -0.0749496990633781
0.01588119459601291 -0.0979496940960027
0.0121437246614294 -0.09872240807034226
-0.02890831958757452 -0.09456412369624448
-0.07960189225155721 -0.05876266043720241
-0.03408159765210235 -0.09323298872124001
-0.06204194716690325 -0.07696956929923683
-0.08776488235666743 -0.04600486005405343
-0.09979165890900961 -0.006215006570526004
-0.09876180278145479 0.01555890606735489
0.09627114748830581 -0.02695766318573774
0.09965103019987032 -0.008070572370298377
-0.09974611057087941 -0.006963906212526202
0.09966372440399474 -0.007913948175929705
0.09381218895555464 0.0345966511290583
0.09956497509940816 0.009122505383699443
0.09296914150531517 0.03681485759862094
-0.09906159572625498 0.01357076505226008
0.09622755244121113 -0.02707361780086721
0.0987358030813424 0.01581504743533032
-0.08013445669121283 -0.05980259889507661
0.02400832117355495 0.09705960349851157
-0.06480899498976456 -0.07614653607115197
0.001952801984806985 0.09997037431312386
-0.08839853577483632 -0.04671149173331064
-0.06882220333171145 -0.07253330134162222
0.01170482225895986 0.09929639141724894
0.0503645790331014 0.08636542959990127
0.0357115889042031 0.09337743404719627
-0.02971469287464794 -0.09545245860387133
-0.03760816292595588 0.09262948449424711
0.03710847692320635 -0.09282745284550316
-0.03572610768573384 -0.09337305948607438
0.04585261510889978 -0.08883952062727093
-0.08352376728650987 0.05494388733977923
0.07958689481601412 -0.06049947824973855
0.09188494460398824 -0.03940226428774512
-0.09940097991858039 0.0107127661015841
0.09484357326167518 0.03162070283270681
-0.0612671828169703 0.0790021132846665
0.08074953565801757 -0.05894927019462221
0.02953595903468667 0.09551335640350998
-0.01661809847955748 -0.09858911680235032
0.01012123527873915 0.09831921946519812
-0.09913298179241471 0.004603445172781062
0.09892657711816456 0.008649847496436623
0.004622357997922951 -0.09884102402685985
0.09254318430803217 -0.03300259637783073
-0.09627540815335529 0.02043372489397139
-0.005483560276993716 -0.09887525536513488
0.09935191828630011 0.0008364846716932422
-0.09474531385320011 0.02726453005710965
-0.0153618062750343 0.09389862050266271
-0.06789111590788817 -0.06968598721370886
0.06107413911619584 0.07612158950777846
0.02656819877542697 -0.0930776377710681
0.06150846876942957 0.07623393005640511
-0.03365651217587742 -0.09279786554801192
-0.0621325509053024 0.07614663393264996
0.09657320420715396 -0.0216280393386924
-0.02051901961233224 0.09695948385061778
0.09903780013343652 -0.0004768738459377363
-0.08866734472211842 -0.0447413165205204
-0.09677993063409818 -0.02329078229034888
-0.01833213179440804 0.09760631530703656
0.05610453780918587 -0.0822081900691833
0.08161030603269463 0.0572771453702669
0.07329201567820476 0.06776280623377302
-0.07705388871115515 -0.06342128538836733
0.08958616100817673 -0.04374308893848451
-0.09007247660301206 0.04272130705851477
-0.06045508776756299 -0.07948678912521574
-0.09466261118159315 0.03147385695445367
-0.01770002853033191 -0.09792590894972218
0.009694655842278667 0.09906441991251511
0.008931865421579635 0.09919237484901255
0.01456564573286124 -0.09865023479798346
-0.04834044534295613 0.08734875767356676
0.09962138612522509 -0.006649302055696062
-0.09588493661402624 -0.02809624494639502
0.03702751301533946 0.09280661816410161
-0.003509060742874375 -0.09990207042593185
-0.09922407706037045 -0.00993311334932025
-0.09023659483388743 0.04268026991650225
0.08180099567082401 -0.05718320804474724
0.09411377770604185 -0.03316244611609933
-0.06464777025726272 -0.07593105266196427
0.09955210537977538 0.007470915498573524
0.08671603113692675 0.04887414409137718
0.093504405890647 -0.03492535832624915
-0.01356949676297411 0.0985169201892655
0.02418975467497674 -0.09686766148582245
0.08381559451940644 0.05439719966117876
-0.09961166888932489 -0.002749209577834573
0.01480216482761876 0.09780990746380942
0.09424101534208781 -0.01377498286190689
0.08385741778735396 -0.05108386136458901
-0.08558552647574399 -0.03139445328797198
-0.09547286530260034 0.02845683574476795
-0.05993011590642259 -0.07850684388910467
0.02638684669730254 0.09315089313773665
0.09859588612339268 -0.01127365330665149
-0.09415679746419625 0.03058944375071283
0.09924192573019638 -0.01103024170424195
-0.0788021091530285 0.06135022735007922
0.08758711791094585 -0.04806175835599844
0.07369309085858317 -0.05460178530976997
0.05810847868353519 -0.08030346107496117
-0.07624283664825139 0.06457263415740193
0.07840378555746778 -0.06184965086532997
0.06598581659610592 -0.07498381409751871
-0.05414021140960065 0.08337136975482795
0.05310699467718018 -0.08273899686214081
-0.03142518732374151 0.08723191069621843
-0.0003551388537805044 -0.07925865691798038
0.05092492739924238 0.06275404062832932
-0.06386223522699103 -0.0626587976456885
-0.0680677453787647 -0.07135121242045404
-0.03348078617209293 0.08493939673615868
0.0238629517039032 0.09412767214729624
-0.07676406520809013 -0.06211803198946374
0.09013936355808583 -0.03998291499858978
0.09771113045466032 -0.01729290580235277
-0.0106214540520273 -0.09693136306736577
-0.08582982494211654 0.03478973688026268
0.09623919914510462 -0.009750777117089266
-0.09795183516182168 0.0103509359041879
0.02227018433290737 0.09562581971398146
-0.02982762599894531 0.0946846608123345
-0.07559717806020444 -0.06453380050707246
-0.07721302521319946 0.05705484450863837
0.02986376750564721 0.09072044252019432
-0.01738154746939197 0.08847598109387581
-0.0604722418265537 0.06438482848850216
0.06357622794060445 0.06906114545809766
-0.05135836131226355 -0.07976581893022136
0.08282188319046728 -0.049748136944538
-0.02141849541129444 -0.08117400329459137
0.06598253224698269 -0.05257725844024926
-0.03018891280725411 -0.08313728774704925
0.0869756409071659 -0.03014273275429063
-0.02664640576223757 -0.09206099996619872
-0.08535828159301233 -0.03309470580303978
-0.06971257982995339 -0.02836996008917197
0.01642884842830001 -0.07117785167191326
-0.05367367274477477 -0.04293979073175735
0.06363522144414069 0.05480712438850562
-0.07541257580094222 -0.006257445595439943
0.03211877457052394 -0.08677836511797084
-0.01802733035453432 0.09307675278000405
0.07111021812759186 -0.00871943512112622
0.0212073642653851 -0.08860378991968341
-0.02861470877895881 -0.09231120288783093
-0.06228779222703799 0.07650558929286952
-0.02989483603946372 -0.09296545471535238
-0.09344194876025205 0.02327310929859729
0.061707344744727 0.06970767034047087
-0.0794445903554645 -0.05926244711847861
-0.006621652769633045 0.09900005505044983
-0.08124256396174963 -0.05714583425801388
-0.08584056351267524 -0.05030385791092943
-0.05715427330309386 -0.0814333552711058
-0.04423930594653101 -0.08883101612856631
-0.07839627062469244 -0.06080076909221769
-0.07747656059667027 -0.06180394433887552
0.04054967934757688 0.08939048800618121
-0.09453924308161668 0.02793796220811521
-0.09838472488363749 0.01210750750677483
-0.01393142267862233 0.09831215225734652
-0.05067375677302646 0.07542700651355981
0.02899475761888523 -0.08289304898408201
0.0009151674732768972 -0.06664068874993433
-0.06499401653565509 -0.02847185052369016
-0.02008387498074112 -0.09098316879749457
0.07413999376214153 0.05823633228599181
-0.06814480217621023 0.0392411565106902
0.08102349666245551 0.006084209967271561
-0.06255764766513544 -0.06722020445926122
0.02129981154567488 -0.09579641967268145
0.09711735107351657 -0.02066364006080791
-0.06316970746045993 0.07463812203016192
-0.06996688196047206 -0.07008969360791972
0.09668128542250067 0.00460060885503004
-0.04144138441926934 0.08964399308993705
-0.006958872690976653 -0.09942714001165361
-0.0378761629688375 0.09197653477371855
0.03766506389755776 -0.0924277572410469
-0.0008277574297637651 0.09991184339788506
-0.01187689016772957 0.09909762059422247
-0.003583696210697666 -0.09988413766854064
-0.05328536407133547 0.08407796587907228
0.0839420775616708 -0.0527857929888088
0.08542058769831599 -0.05122498114192128
-0.04217641608206437 0.09054049144866345
0.04148273849302234 -0.09085117433393974
-0.005421725955554011 0.09974309693003182
0.01090689104107578 -0.09917813058943639
0.07762123057214665 -0.0626072641463378
-0.09627759183645899 0.02527559247215365
0.09917325734451608 -0.000600300942643851
-0.03285004537093936 0.09322537106408448
-0.09142115274179116 -0.03939111013165274
-0.09356420638996987 -0.02910017374820652
0.09823303450314849 -0.006060043089552936
0.09916527715745872 0.0106033721876722
0.09291017835603042 0.03660301296737445
0.09731167260003119 0.02145670973564959
0.003239425770973153 0.09972344354799294
0.09810142215659652 0.01560338448146265
0.0795521906339775 -0.0597788144480953
0.07950821015163255 0.05974088689775208
-0.09921587053223968 0.009907113434326969
0.0369973054309574 -0.09196980481618278
-0.09807107563715417 -0.004637230848648584
-0.05692885920501451 -0.0809664595775773
0.04561665475526785 -0.08702014176815293
0.09449337831348206 -0.03270114506642806
0.06978576013060568 -0.07160753999684467
-0.09984274976713864 -0.005449991093169911
-0.07952058527234934 -0.06062315218015383
0.09999444033326199 0.0004140044272741052
-0.03877399375147964 -0.09217214204233673
-0.03608701249823203 0.09324787038502584
-0.001255505469326522 0.09997474591360955
-0.05321160714644484 0.08465798537361931
0.09848519054052998 0.0173260570527438
0.00362856832204197 -0.09993192207347756
-0.05037772689200093 0.08637662553426058
-0.03920531778185039 -0.09197595329179843
0.08763194757263826 0.04809680625578554
-0.02572986040563684 -0.09661740692498318
0.07721754754101806 0.06350044059301936
-0.05902125295367799 -0.0806936066568808
-0.03495898801405662 -0.09366835947470251
0.07982955140779421 0.0601797740656398
0.09095970880383099 0.04147362767870372
-0.08793938723062715 -0.04756643161770679
0.04579811243983908 0.08887732301036844
-0.03879606926757238 -0.09214852078413291
-0.02597267102668504 0.09655400985062262
0.09979108887233649 -0.006059415377248295
0.08428623147355163 0.05377007001757255
0.02203533669614119 -0.09752694440144169
-0.08234508280675762 0.05671928579906513
0.04349236815676184 0.09002369441940218
-0.08559455169584601 -0.05165257424414524
0.09968229435965463 0.007535839282124152
-0.09989141071093317 -0.003981587597361935
0.09218150833231621 -0.03867557143101871
-0.08490245038796754 0.052778436009916
0.05596879036027257 -0.0828299363304814
0.09828407543347835 -0.01776652609080954
0.0596729667175673 0.0801683717896999
-0.09980322824142554 -0.004895764014896219
-0.03611165060550178 0.09305555169271894
0.01785332082334541 -0.09811318822834839
0.08298669460372253 0.05492099332418573
-0.06071381610755935 -0.07934995580123755
0.02972647550698655 -0.09542731708947746
-0.0992772521685055 0.01065101388168796
-0.02580940630339698 0.09286015989703002
-0.09265730399443653 -0.03532517702517721
0.06050905470057949 -0.07752437068679029
-0.07433000296049781 -0.0547496555347881
0.09124993498912722 0.0380346620223083
-0.02886331436762772 0.09538661456534618
0.09262895556892049 0.03727674984864315
0.07295738157847012 -0.06786051771051764
0.03299816015594876 0.09429183345620687
-0.09550201446670509 0.02952413776629166
-0.04538198549282376 0.08904100364555939
-0.06572999647589572 -0.07533509137513042
0.09672721985771736 0.02532976466705737
-0.09920197870768693 0.0124439588863887
0.0698827300243581 -0.07151023645734955
0.007856506976522844 0.09965996663305439
0.08294004791835724 0.05581576760360516
-0.04118162998408134 0.09109246785430036
-0.03345523696543903 -0.09420484343535054
0.09459961291692381 -0.03231915609089603
-0.08706464966003259 -0.04912564492653063
-0.02340340695032636 -0.09718674258811308
0.05519316636465915 -0.08333885633926479
0.09992495005738909 -0.003833192968009871
0.02473735876969841 0.09689015243699191
-0.05510641244911714 0.08343888733532498
0.06939293558252897 0.07199943030650448
-0.03948392792241858 -0.09187355596975212
0.04540431524947258 -0.0890951534175615
-0.08550279687275299 -0.05185641062399303
0.05793817430028948 -0.08150467348387719
0.007116511709568688 0.09974483030299368
0.01743658798414037 0.09846717171444799
-0.05830709357337407 0.08124086374423059
0.01626002966571295 -0.09866710232379215
0.07072572048331524 0.07068597583128576
-0.08394933499019276 0.05428799697608765
-0.08697934816067994 -0.04933229897684519
0.05694018294969647 -0.08218149845870651
0.01727333569059394 0.09849513545092273
0.09383797436451571 -0.0345531333172435
0.03016924766490069 0.09532393517785885
-0.09911960783773503 0.01313739144020739
-0.05689128195173274 -0.08223791443397939
0.09747309372199753 -0.02232148630179335
-0.09870349750227847 -0.01603749435389959
0.02537042607964928 -0.09672425019810432
-0.01906877075902158 0.09816497061103782
0.04930829703870308 0.08699797503408772
-0.0727878227622477 0.06856765715730528
-0.0906880903640367 -0.04212232067273727
0.09804052595445135 0.01969632310616646
-0.08638575180544468 0.05037040128227523
-0.04435557501050016 -0.0896095510911849
-0.09424026978305752 -0.03344154613098916
0.04318924865991917 -0.09017556004422859
-0.05174557202933399 -0.08556693090962954
0.09225413357497339 -0.03854242593207297
0.07164627903287261 0.06975781697924717
0.095303877004734 -0.03027690048800374
0.09984064181337741 0.005571293394590138
0.0550511867607309 0.08347271622083716
0.04306103758229295 0.09024852964487325
0.02590871665831786 0.09657424174134156
0.0976831178432051 0.02138751445322414
0.05516760575756705 -0.08339982771482551
0.0856014013350517 0.0516896662532337
0.07971542264286863 -0.06037002286770817
0.07749227871908332 0.06319902550745357
0.05591827259738476 0.08289417266143721
0.09978436793119659 -0.00645470853250697
-0.01947082140784884 -0.09808190490125626
0.09926122209455565 -0.01211682992924565
-0.08340507589247831 -0.05516540821397957
-0.02741059105879785 0.09616466386863173
-0.002982715196066246 -0.09995176823830446
-0.09998554834254107 0.001003888024717413
-0.03185540891565502 -0.09478466187699622
0.09358420547406589 -0.03518468146907511
0.06207703592855604 0.07837949050997559
-0.04162569369813695 0.09091014566914692
-0.09779181533577912 0.02086727148013479
-0.04340072022577345 -0.09006706783217577
0.07607033535866761 0.06488063905490823
-0.04855545462637052 -0.08741416619222443
0.01061030772572509 -0.09943301198187859
-0.09920810371894924 -0.01247048706164271
0.06416755569750937 0.07667101714274024
-0.04440823541477688 -0.08957307856055571
0.03685708301404873 0.09293454856147641
0.02293448591136759 -0.09361884809536838
-0.09145406702117728 -0.03827814598303168
0.05923702574628839 0.04851047885877156
-0.09134705109276914 0.03592548693905736
0.02780173869270717 0.09527554502692268
-0.02111392086858769 -0.08877964600471645
0.02855649533006102 -0.07016774331509065
0.07146550122931776 -0.03397429529114378
0.05013025582290891 -0.08214005082778519
-0.09791478758417907 0.005585450432665125
0.08170215744488382 -0.05652697803964908
0.04582703619140052 0.08811043077352848
0.0001650739779431924 0.08121899268685481
-0.04196524141947607 0.06658078821673211
0.06779366832236426 -0.04987153815980156
0.07084666264013183 -0.02487415218396138
-0.08097637670764424 0.05430451033401758
0.09450680277114469 0.02254117772203703
-0.01385241124866066 -0.09572512686260463
-0.09665429378601144 0.01164472119992923
-0.02118814505745877 -0.07747206945990155
-0.07259415542125254 0.02734561279784961
-0.009562726774229742 -0.08696212842651606
-0.02501445516991513 -0.08839708762495029
0.07659845661036609 0.06258558381136831
-0.02327610324499425 -0.09045690133629337
-0.09906552973503351 0.007191749920242009
0.07150161245985746 -0.0643923270157173
-0.0675606775731276 0.02546967711940387
-0.009243217311845082 0.09914983382438852
-0.0376359648745733 0.08411259338626052
0.06673461573137679 -0.06918184714224868
0.09864924268873934 0.007405236831973051
-0.06745622246913827 -0.07324766508103671
-0.09254715889868559 0.03717722905998228
0.02189689084572532 -0.09726396936776009
0.08444825546090169 0.05202012924813634
0.02450908748069216 0.08703125036482201
-0.03145367530673093 -0.09054431746376901
-0.09160004484069541 -0.02405862451323644
-0.08940682181726162 0.04275682659687638
0.09536898453421658 -0.00254953365179071
0.08350232624244086 -0.05152061496160615
-0.05938547673516039 -0.0439795965862728
0.06588664844531432 0.06747297568171352
-0.05635582506869552 0.06076701398613916
-0.07362630815376156 0.06367508327542942
-0.0645669390534232 -0.04642369086304449
-0.02474148054114464 -0.09068153718019203
-0.02508541203294198 0.06168020783847657
0.0643659710784291 0.04468609879541405
-0.02798922145101704 -0.09444493395015932
-0.09496422653179534 -0.02957447338797186
0.02184579733217557 -0.09535530429322293
0.07939411277454318 0.05562665918260679
0.09670526378507698 -0.0235622397633267
0.06414202512096652 0.06359690278666505
0.05245661153306826 -0.08311272109149855
0.07137397288469131 0.06070080440473728
-0.06240703991785722 0.03185439492516769
-0.02713058400089244 -0.0750925369008895
-0.09615833008583899 0.02652642430722307
-0.07897651648119534 -0.0573519057292498
0.001113102111140222 -0.09963296243118037
0.09927139795776616 0.008404300778159235
-0.01711270261275123 0.09840574669677837
-0.09971041335078301 -0.004619474590789888
-0.03017429847239488 0.09500304058608043
-0.0005761664653665788 -0.09983557430152049
-0.02106636356913758 0.09750401275247883
0.08573836319326418 -0.05062913951607056
0.08412960001143976 0.05358618827145179
0.01381385816214837 -0.0986251896424291
0.06755456127372284 -0.07343160697253669
-0.09324875185905089 -0.03496032660753403
-0.05195216124779865 0.08517211791709606
0.07625684605676239 -0.06432758729644078
0.02593817596934646 -0.09621612216805236
-0.08315518918970738 -0.05534032283675216
0.06392473298974474 0.07651617865851813
0.0947486409254787 0.03134855558558673
0.02162893362780627 -0.0974631022343621
-0.01098020124150209 0.09908935694166783
0.09697737338981359 0.02344030468076764
-0.09826109061779731 -0.01711030269321012
0.05740313276334032 -0.08166904610237451
-0.06129861234315887 0.07869714647127179
-0.06264954419195151 0.07783567241158988
-0.09160210904562634 0.03964611395623382
0.07574759798165931 -0.06520631749259367
-0.03780057087849553 0.06776588306330424
-0.07016976928923498 -0.03106452859256139
0.08335824894958264 -0.01759269507147551
0.03947847919414853 -0.08644974246938475
0.03343613686664471 -0.09096123770592737
0.02107823626612611 0.09234211772267081
-0.08880465593039939 0.04192452115260479
0.01949205179651787 0.09715129668464623
-0.04209499594500684 -0.08872138642615936
0.09854350370647973 0.01261072399058617
-0.05652767443786359 -0.08142522794773689
-0.05902738829377901 0.07987492239783625
-0.09692992713181552 -0.02445233038396715
-0.09978559614954657 -0.005985760577675413
-0.09656429313341287 -0.02585193811621589
0.09996470384255068 0.0001413281294309287
0.09846095213197699 -0.01727356914697559
0.09995906313096668 0.0004342479141949081
-0.09974338825378111 -0.006304625703608083
0.09811353507802369 -0.01898423827846599
-0.095583551635175 0.02918571212920813
-0.09941887049662307 0.01042750939336301
-0.09602330526333577 0.02780418226298271
-0.09942448976521469 0.01041419699099334
-0.02564788683716777 0.09661921794637582
-0.07432553836937991 0.0668469744986402
0.0003264234877520263 -0.09996524183192046
0.05633826672405674 -0.08257603551043477
-0.09632117286570124 0.02673904653618038
0.08759770870679721 -0.04815964766444786
-0.08097383593891505 0.05862183603476781
-0.04335311259929406 0.09007647025114818
0.01802484069390024 0.09832926116646563
-0.09096565122692572 0.04064309711927915
-0.04482490134194361 -0.08917011235127763
0.04528913174412479 0.08844514818782412
0.09654612954034483 0.02480525908464071
-0.01316167325936757 0.09898670151517908
0.02756202819377037 -0.09539986228022639
-0.07729777248974695 -0.06167848530331654
0.08058669110546642 -0.05755751167700816
-0.01559378607075372 0.09644844626507219
-0.09556315597542371 -0.0240213530502162
0.03706061803560749 0.09073759888629768
0.08958222278392068 -0.0308522458317093
-0.09063608642002106 0.04062625730769345
0.07362106423277796 -0.06752165378073986
-0.05073316695189931 -0.08587532260102324
-0.03495916848439294 0.09367781359240104
0.07614715403441674 0.06476098269627296
0.07153461737303099 -0.06987280579017033
-0.03722638363160465 -0.09279472872643484
0.08165244326105474 -0.05756621846619618
-0.09964106318020984 0.007770383808489158
0.08585115687015807 0.05120612781972203
-0.01642008326205282 0.09863204268473351
-0.09596122398393847 0.02811815338950038
-0.09907926673514354 -0.01303597393592968
0.02497387184899827 -0.09677166829291675
0.04012408419377998 0.09151292338348878
0.07837468809180863 -0.06170952060487195
0.05632884264323135 0.08239449315984324
-0.08796606900049472 -0.04691432690501957
0.016596729009461 -0.09851859237183798
0.02828845593415071 0.09556233219596606
-0.04930148542835248 -0.08570486579869507
0.0989242092889687 0.005969603598483333
-0.09134240209274247 -0.03958593593077044
-0.03592033085687498 0.092638618766529
-0.01489856266953367 0.09883097995169474
0.06177395044116352 0.07857213720334001
-0.04673373997413505 -0.088280482654885
-0.09859486308427244 -0.01590877644589669
0.09975890763157834 -0.006126165858159714
-0.06311421110655777 0.07736894693912041
0.01662438171514661 -0.0982836095883303
0.09625019588094726 -0.02623826046399352
0.07178344128531072 0.06936820617337634
0.06619919111240118 -0.07492129521391097
0.02038602026927509 -0.09787488910723283
0.07679890177358757 -0.06402183865944273
-0.09498831124309311 -0.0311845053664837
-0.09466634945519682 0.03215641448798892
-0.08633966266461812 -0.05041425564822591
0.005063339541855042 -0.09983946003077172
0.06085416764754264 -0.07933651696863579
-0.09213796428813775 0.0388145957678187
-0.09566139632393605 -0.02909328114578952
-0.03561028091576661 0.09343229228299998
0.04534284995453573 0.08911629441450958
-0.05895088909785254 0.08075401100731949
0.04116224414358599 0.09112214668892804
-0.03527010881976426 0.0935544544904317
-0.003572497130930252 0.09992315017145818
-0.09697322356552193 0.02435016346380445
0.04334778556013291 -0.09010675523391462
0.09284719278705439 0.03711766411334447
-0.06268098826283373 -0.07788918290241523
-0.01679458488720718 0.0985647831076822
0.09898324788815198 -0.0141826280287252
-0.0179011941084036 -0.09838060069350828
-0.09367012271914328 0.03498465318464004
0.03743920207596547 0.09076009352685677
0.08822822889753436 0.0366151770476122
0.008550626537870375 0.09549099768679446
0.09914218066780318 -0.004426465343228706
0.07473337857111798 -0.06372681072567933
0.09545875690767242 0.02803143715154624
-0.04198336594364509 0.09023099475975593
-0.01436228549564652 0.09712674468080659
0.07422282246639342 0.06614050385322807
0.0858443488099857 0.05008253752175351
0.06533057901489041 -0.0752690596056151
0.07580849055561752 -0.06454333193421141
-0.09078524287917723 -0.04137374595923084
-0.0948186528961059 -0.03125681100132694
0.04706533085327846 -0.08798107748964236
-0.09928256734248572 -0.010766010566636
-0.05061727686205639 -0.08557020738029016
0.01495472628589192 -0.09859956517408992
-0.09655412081424287 0.02527597862329239
-0.05670878530856158 0.08206752586813408
-0.04387840978466588 0.08922568591833334
-0.04760600887019197 0.08722793474954978
0.07197658518806789 0.06855799077713474
0.07334846185056035 0.06704878263408036
-0.01338002405298975 0.09867095086294878
-0.05283217096403935 0.0843472736678091
0.09837527645626128 0.01546900471339838
0.08176550849938256 0.05662026513198831
0.05091786747079902 -0.08555527942378488
0.01182971646710094 -0.09895762957366207
-0.09210097358067 0.03840906283338861
-0.09972268462284957 0.001229224696745544
0.06986384199611084 -0.07095077825161163
-0.09629622550234362 -0.02594672634593197
0.07670169920173449 -0.06352049031165945
-0.09143213883111226 -0.03986440365858963
0.09717044626266179 0.01203277074682395
-0.0593648407219591 -0.07463176225040753
0.06106514130663879 -0.07517751368904378
-0.06849182180671615 -0.03365369540644755
0.09750956007210725 0.001532591417333515
-0.03008780959900329 0.09226655349090786
0.01419652202880529 -0.09748387053493189
0.07875900141743046 0.03578941427420415
-0.05959854011524183 -0.05356524783370894
-0.09701504652210374 -0.001718585389370073
0.06354973678493249 0.075416110384961
0.008211790713525142 0.09679757268943863
-0.08126325303708656 -0.0380245339298861
-0.02708234149431161 0.09528198089896255
-0.04788611975290909 -0.08662935472753545
-0.06637361668293044 0.07458369463304654
-0.04417727256379276 -0.08546139181718618
-0.07782024311143568 -0.05616904806256212
-0.09622825853858205 -0.008734943504390606
-0.09618972746070127 0.007284978388172264
0.04293092333126235 -0.08542168660006251
-0.04443136074185323 -0.0867564006695936
-0.09649904041864014 0.02067706173927334
0.05661520199653867 0.08180225127760808
-0.02825136256563435 0.09309909635135881
0.09815672809234142 -0.005928829411246344
-0.03505003640442444 0.09043449646580917
0.09786900055999671 -0.003948705376731423
-0.07400601626489155 0.05571747075792174
0.07770860457518712 -0.02947845688800305
0.07994925832659715 -0.05633021850212137
0.01136006848709777 0.07091979953723515
0.02754801731884606 0.0718580409779372
0.06645410844058072 -0.06694205111877866
0.09920675128185703 -2.434810237578844e-05
-0.09004038803283752 0.0410424844243186
0.07799922357711211 0.06102317274559052
-0.09705250319257142 0.01328003726262225
-0.09786463200101236 0.002558845145646875
0.03393356209559804 0.09287666634737203
-0.01649184855036539 0.09761195322600297
-0.09874512024404121 -0.007733680364344449
0.02224003724323169 -0.09285036281075773
-0.01015951133887251 -0.09849613536257371
0.01966849786419446 0.09433982485937535
0.092213311846566 -0.0004175510955834536
0.09098188045653066 -0.03916969580560192
0.05182444625918072 0.08454067761030717
-0.05281333683708405 -0.08405653239594352
-0.09773296168313747 -0.01046681970035902
0.04410548154291508 -0.08920726941786357
-0.009145692295301842 -0.09776543941287545
0.0878220482522245 0.04226045734157664
-0.02751708491379758 -0.09074880199210317
0.0823731316865705 0.00638271787778076
0.06921409289051307 -0.04322761505098888
0.04497648520815977 0.08047443166153115
-0.02299199202267613 -0.0702921600638811
-0.05983011255935976 -0.07532332516002999
-0.03189811427363468 0.09361210990090467
0.08798124817834127 -0.04527990099462471
0.08736592165846854 0.04610459506192231
0.09700416536612867 -0.02102497703571207
0.08230559233263021 0.05464041596862945
-0.06668316566753152 0.07330512145363681
-0.0935169378740896 -0.03384231861908051
0.005366458806929225 0.0973922650090422
-0.0784633184416102 0.06096461153771226
-0.07841028200238077 -0.06103718680551491
-0.05710745118406125 -0.08143702285319952
-0.08497581910691593 0.05159276256671852
-0.09661820865792685 0.02383751757773015
-0.0292095024584702 0.09531164544317285
-0.006252719165957889 0.09937787569493273
0.0817626183702012 0.05708895244967188
0.07213587958009769 0.06899667583622027
0.006583987454868862 0.09908866269940542
0.09078355675291935 0.04052576560877611
0.08167886601126401 0.04697872760584826
0.08424362788003607 -0.04850091096234004
-0.05031128232582121 0.08505384836568364
0.08808641316326775 -0.04139864377687467
0.02905501270186839 0.09461205921151047
0.0731491050330081 -0.06521914487357594
-0.09112117412189359 0.01003648116873071
-0.09409958116476429 -0.01454810926491944
-0.09779250476884718 -0.007776581869020437
-0.09190786622015483 0.03721954613709211
0.04416343604129717 -0.08831586762193765
-0.01750606676460542 -0.09774147616593047
0.08345497808453026 0.05370302973887815
0.09607758396569437 -0.02596012279787351
0.0993494098338522 0.006769064615322414
0.07674352016204948 -0.06321187825145529
0.08919536660504214 0.04489450954021088
-0.09905240887131138 -0.006430930906662366
-0.07468201731618448 0.06520144215971019
-0.08885143813454648 -0.04523624352740816
0.07093271253267477 0.0702999763519377
0.0775190961198458 0.06305651887540192
-0.062826527059395 -0.07770036084046422
-0.07314793005674915 -0.06809060481994804
0.0475824279940206 0.08775616414845774
0.0235899822947272 0.09710955908948897
0.07632815929302454 0.06361428716095925
0.09405403666754436 -0.03175202500115621
0.0914679375874374 0.03785518911653567
0.07280799115141701 0.06825246389647442
0.08255662865001788 0.05603353598458875
-0.0696353813380492 -0.07149524770341112
-0.08271833218168868 -0.05572538965547017
0.09981300329505541 -0.003024115627875987
0.09458372999019883 0.03187120618965328
-0.09921666798645123 -0.01107913412424942
-0.09221833661760245 -0.03812279116782896
0.07830490159320613 0.06166920006379199
0.08417620878412772 0.05349594579534861
0.07669156390644141 0.06359665317213554
0.04883439132760336 0.08704915000755703
0.09073609631324418 -0.04172856087571781
0.06422314513694929 -0.07637990548342063
-0.09436832251317299 0.03240533602305461
-0.0663002840397884 0.07432246749679236
-0.05483715838504226 -0.08311955394436543
0.01710499930552808 -0.09816122198747863
0.0620240438620721 0.07779886362001397
-0.01536650772152026 0.09828205376524748
0.04437846898502328 -0.08908433906919416
-0.03021791314632514 -0.09478323064915935
0.08022007161065033 -0.05903245943580904
0.09973575145789293 -0.0002195977953008878
-0.09788685317441342 -0.01415372168045269
-0.09743807905800998 -0.0176471046126407
0.09938930833561081 -0.004400564220186799
0.09941241385670013 -0.00370075834418704
-0.03346832405765331 -0.09367030148525383
0.04472790065652568 0.08870899949443035
-0.02389986834828177 -0.09671990732779014
-0.09961852083692489 0.005161416431185181
-0.09939372605046391 -0.002252629534442963
0.06839349098724223 -0.07231362163754616
0.09091815785737348 0.04068271342437402
-0.02406191461597566 -0.0964554104432316
0.03459390407371878 -0.09299069629035506
0.09736552950524292 -0.0207960847561286
-0.03423250284050922 -0.09278478393575354
-0.0685166375714306 0.07132914449133231
-0.09462661551382021 -0.02992762871851511
-0.09557435337553732 0.02415028716301204
-0.08481184816925902 -0.05052455505683313
-0.07439616793070029 -0.06462724521608774
-0.09695139446035134 -0.01835621513329181
-0.03853832886930271 -0.0907442116783589
0.0787580323437084 -0.06076817545146258
0.009808942804310935 -0.09849166911904936
0.01236757644474671 0.0978028916397109
0.00831391552786221 0.09835403124744022
-0.06641674682310755 0.07283905493755856
-0.08210247753975657 0.05536498462459379
-0.04933386022422351 -0.08109428376404362
-0.0899624877770952 0.03809620408933183
0.00943696020944804 -0.07520108531457119
-0.07826881923200653 -0.05619322558277288
-0.007420025229226106 -0.09839398352669534
0.08577003725557451 -0.01203248316048052
-0.09153318986554876 -0.03875774742420596
-0.09863880762815778 0.00576804756663866
0.03225262989233933 -0.09274555185371913
0.07601266739613469 -0.06434702555559207
-0.0337375136739702 -0.08012209591033113
-0.01955463669959872 -0.09656654687951458
0.08161433195452 -0.05744848046154392
0.08837637572422818 -0.04643064849988499
-0.02944006534767318 -0.09541411259621141
-0.013262803217519 -0.0988395457764525
-0.09418369509480302 -0.03251034764112642
-0.09871821154812906 -0.01530883377418011
-0.09537472752866395 -0.01595739068470768
-0.05427024639885516 0.05529609323230258
0.0219487085851563 -0.09730314068566011
-0.08861618976012285 -0.04561329156847616
-0.08331912486450407 -0.05507617366407359
-0.08272490192718754 0.05590794369972119
-0.04136672559333671 0.09061275717143295
0.04160795827347379 0.09066221524498981
0.09213941142575319 0.03834575000204483
0.005712300655493662 0.09974278295979783
-0.08451991708042379 0.05333282568963756
0.09139220506686178 -0.0336565069939284
-0.06549797480117543 0.07217634342358563
0.03354470487473925 -0.08991513249790019
-0.01301171728543963 -0.09580680488045742
0.009325462922930875 -0.09214483568249408
-0.08134093807549737 -0.04244110115537901
0.02114383724546962 -0.08826365897699477
0.01521315519693797 -0.09321248344635001
-0.07155639451766002 -0.007537080794160759
0.06622637603987382 -0.01958188987914315
0.08245606041425874 0.02128583714476004
-0.0577314911710128 -0.07031467354637884
-0.02844906999590858 -0.09584899882051347
0.05432300277256678 -0.08394285934469282
0.07596711148391889 0.06499605170516171
0.004195792707470722 0.09989451296114685
-0.08852211468502001 -0.04646708800778152
0.09972558198432259 -0.006992176616103027
-0.09907626192820564 -0.0133755779013392
-0.06035965017163648 -0.07970379173520448
-0.08060294252566613 0.05913204088702414
-0.01969180046747855 0.09799811948060948
0.06944604913330749 -0.07190406850644347
-0.09672241688266023 0.02529524911497858
-0.06146862159746892 0.07725730074165821
0.07999062985850959 -0.05971178038538972
0.09927310173082698 -0.006843823094334887
-0.09473287429555273 -0.03081296900986156
0.05804152112063198 -0.07168524561635393
-0.09173766925851984 0.03126948314338363
-0.0682436993513819 -0.07196877147010439
0.03838208596922026 0.08945932178241257
0.08521519213473439 0.05077973366859665
-0.08980614777487404 -0.03662713827245543
0.06422332800493305 -0.0462935313408429
-0.07746683386724136 -0.0001253140213396253
0.09558353597493821 0.01343965076095435
-0.009320271752189972 -0.09726136014115529
-0.09370841464748234 -0.02358326884865419
0.03168723096807306 0.09319435942708366
0.0005266644005406949 0.08241827585952612
0.07137144697340628 -0.04371299076437539
0.0968046113230335 -0.01237493714480348
-0.07726355136184609 -0.06161257690290103
-0.07508875892287793 0.05626288581784593
0.06866807665556283 -0.05601507540424607
-0.06186297584181293 -0.01831208654747468
-0.03950949017744456 0.07470791936354086
0.0880619811178006 -0.04662947769302869
-0.04298458785614428 -0.08853196705681503
0.06299526650653113 0.07622860403725891
0.06762922360754706 -0.07275067142747974
-0.09327689014723083 0.01064832834500197
-0.07168799242476966 -0.06693072926577896
0.008769543079900785 -0.09873389594805926
0.09025604273696949 -0.04135733626219076
0.09341048900199699 0.03231509358352319
0.004896265562807236 0.09759103470836648
-0.05337256937897412 0.07826807840371268
-0.0889394549173355 -0.005116062742425271
0.08158206567580911 -0.05604118684657999
-0.09221463591689029 0.03778677310849892
-0.02462501148379082 0.09624698894466865
0.02474965456203085 -0.09666208793368374
0.08380815258373711 -0.05445443066237671
-0.02798626114384874 0.09596228535506475
-0.09897935604371931 -0.0140310977418294
-0.03179899636238873 -0.09476888660644697
0.08901794275047767 0.04518745981388599
-0.05666140779047159 0.08220561363560233
-0.06045936853342423 -0.07907923957722099
0.09961638846589528 -0.001385255115089188
0.07756060227959549 -0.0610599794167371
-0.02040536190272806 0.09647016659518753
0.07205364026047217 -0.06425457441510032
-0.04854303037646391 0.07953717118600862
-0.07314849106517358 -0.06692500886287868
8.408428310191015e-05 -0.09630116619026276
0.07612447841970392 -0.02754833466064393
-0.06041915360543545 0.03831533670744593
-0.0369773754601245 0.06716938713608406
-0.01752530225602528 0.08606624347270506
0.06599511820286535 -0.06919872840295754
0.08272924986036793 -0.05274740162977322
-0.07326597480954179 0.06635663560305159
0.09661502952854363 -0.02307284541587563
0.09502090339277175 0.01796323710214347
-0.08055740075352591 -0.05858661174652578
-0.08348876038696833 -0.05315679955024679
0.01310438470426476 0.0989647009758728
-0.008396565994583891 -0.09936111150209966
0.0007655825624596943 0.09963466609044205
0.05058460038682271 0.08539054767178968
0.00277571860888234 -0.0992284185890072
-0.04635042147933989 -0.08509148646217357
-0.04133524606500844 0.08942083504354711
-0.01003813259301622 -0.09503614096127737
-0.09616425968225717 0.01979050511093007
0.08924720277259819 0.04249184471377879
0.009578200520692387 -0.0987213639490838
0.06438024711983764 0.07571815334709672
-0.08208511956787158 0.05550577549730767
0.0060293542431993 -0.09706966072672296
0.06564009187957387 0.07458469101769714
-0.09749572784620643 0.02085289893569258
-0.06953877332929223 0.07132437999386583
-0.05212187537401831 -0.08514730620524119
0.01137903518298442 -0.09887162395981602
0.09925706616514851 0.01050884502814788
0.09403643224536296 -0.03386494511427818
0.0002546785561428203 0.09993188676010117
-0.0806811922787642 -0.0589191967699948
-0.08128432480441683 0.05783134593963935
0.04241119312138304 0.08989696285360389
0.0982363129907718 0.01553400219782312
-0.08594726683852968 0.04585963915029357
0.02852537363730792 0.09490150453457701
-0.06770899574209464 -0.07251205803104242
-0.01898751048750644 -0.09115357579862723
0.0976453740845412 -0.01022537305833302
-0.01602195954579964 0.09779964776616382
0.07668880054523315 -0.06273495141270227
-0.09219143333470088 0.03224192533912455
0.09722782444596265 0.02165368273426279
-0.09231621891200638 0.03744818926044206
0.03256007835914681 -0.09446468646976934
0.03849625654157846 0.09218036859091486
0.07249752221039196 -0.06844998417566327
-0.08323965669233331 -0.05512714424844493
-0.06432380889933326 0.07649962903906836
0.09881227910968771 -0.01508387916171439
-0.07982197341720117 -0.05993782257853546
-0.09900466225615977 0.009224992693065768
-0.08504273831650476 -0.05210868691365027
0.05051830040078642 -0.08590701991654744
0.06788223336973324 -0.07281487855799779
-0.05973533394369968 -0.07957967191403244
0.04024257705647869 -0.08949779157307693
0.09195941841937398 -0.0281012644035654
0.003824249941937596 0.09420933993947359
0.06572734766032555 0.07405022703574046
-0.09430463050298038 -0.02466674363792504
0.04905314238122434 0.08666890617784997
-0.06954884181941397 -0.0709396935626225
-0.0281282615822658 0.09480802175332902
0.05043904996575466 0.07801137408142243
0.09011122841183412 0.04138558478462398
0.01088901880993889 -0.09077158497307462
-0.01565271629151136 -0.0889676501377961
0.02074672399091901 0.08883234516450123
-0.08565221155726388 -0.03973488789239862
-0.05831121367031053 0.07510250279933266
0.05037420476597575 -0.08509474248166175
-0.01969678653746206 0.09724688578009087
-0.006690542041893087 0.09896583530141773
-0.0936919563794314 -0.03271544901440165
-0.009361371449660663 0.09917300768799409
0.09949086394329357 0.009499483141252889
-0.08295475441413076 -0.05567424002553154
0.09841138789964972 0.01770696145009126
-0.08108472255333884 0.05850636598625922
0.006912463855392512 -0.09930105290843304
-0.0904137349640711 0.04241225399096966
-0.03798957362161447 -0.09169256493504609
0.09916788043664733 0.002992432072714713
-0.005061101127167279 0.09961561599676209
0.06856288465167845 0.07264865368140598
0.08014674143768516 0.05971839657994545
-0.003932748946633953 -0.09989176286049707
0.05347321981870416 -0.08448313196617592
-2.87992047776693e-05 0.09997917747572659
-0.09710648529932413 -0.02385829636862008
-0.0214565141714375 0.09765968850076311
0.08730482164347762 -0.04875221570659924
0.0999410460790941 0.0005301622365913407
-0.006950180167622462 0.09973773894424412
0.03761952429462619 -0.0926306658675569
0.08108732412442521 0.05850088835640043
-0.09992217044145546 -0.003765379543089634
-0.07635648862454694 0.06456163582168035
-0.01389257931659922 0.09902232042014297
0.05673982069010288 0.08233322380482258
0.09541268092892023 -0.02991053480281873
0.03653971558557677 -0.09307426804348244
-0.06445168561612391 -0.07644248281772668
-0.09854205554906237 0.01691899884263063
-0.03552082111880933 0.09345993544593888
-0.05053451837425219 -0.0862775329300165
0.06098815865723723 0.07923015973268528
-0.09904303511892834 -0.01370195804033773
0.09817301703663629 0.01896741666087428
0.08210107582709687 -0.0570670198916485
0.01552764827017348 -0.09877016866737579
-0.07305118671039809 0.06826824731800303
0.09975976894155467 -0.006750123670243593
0.05742645947889102 0.08176981528391705
0.01626941845581248 -0.09857483184709026
0.04870116649201778 0.08723898381716931
0.01767122583814436 -0.09829822188608177
-0.08834904392697257 0.04665037479282797
-0.077751862145522 0.06264043475378707
-0.065527056831332 0.07530331310826867
-0.05874700200871574 0.08072088619038412
0.01693769597928308 -0.09840962918378574
0.02166597072851669 -0.09748074752513169
0.04028882060013484 0.09140549555423765
0.02625438513306793 0.0963732940811899
-0.0005061576718281456 0.09989835700618997
0.03995429305626704 -0.09154060773442535
-0.03838288921155226 0.09226029811355312
0.06779832843496243 -0.07338321544766713
-0.0657052692605065 0.07520969451557291
-0.08313519897813552 0.05539520714149548
-0.09873577368746209 0.01512903072345794
0.09367622968040253 -0.03482079856309855
-0.07803410602242201 0.06246636545986222
