0.06905017574384975 0.07233278170583261
0.04748368888603008 -0.08800654282903467
0.07607881389509433 0.06489632979681993
-0.03431990351496061 0.09392592930508255
-0.05908669932639811 0.080676758050334
-0.09922515375337596 -0.01242050854369924
0.01864208149197622 0.09824552176497624
0.03622909781911839 -0.09320482882670242
-0.09969378615353912 0.007807366253490614
-0.03695515257492423 -0.09292035481419934
-0.09858828305810718 -0.01674311959991665
0.006349191152989381 -0.09979704874514175
0.09297570059362771 0.03680129267139919
-0.02493752511536049 -0.09683888292617927
-0.06171532907192651 -0.07868360859849799
0.0503723173084766 -0.08637593924426963
0.07555315487374875 -0.06547881702948451
0.09360069194708825 -0.03420239666525844
0.07243097915468327 -0.06857851964936541
-0.07649105086116725 -0.06440692487227181
-0.09107392793767707 0.03936628509500293
-0.04741278383749239 -0.08804233301401752
0.01123428278597205 0.09936319609552
0.01752817501236611 -0.09796092832198695
0.09940823722420643 -0.004950127783679057
-0.0405407267583975 -0.09056145700887772
-0.0924965744308295 -0.03776452424117679
0.09166713054391927 0.0378118012905832
0.03431042904638099 0.0802706220708832
0.04365196430901524 -0.08750248517811338
0.04041572620058493 0.07843606257440375
0.05799510744517664 0.0813961412053925
0.09780287626078034 0.02074721870816711
-0.02373575568881314 0.09691001351874821
-0.02399876647796103 0.09188667925285222
0.09345949173054008 0.02956107954594313
-0.08835383870746863 0.02688361453968924
0.004199649099002833 -0.0765863092983142
-0.05829671733109772 -0.08021020120117052
-0.09554626280569828 0.02760244270167586
0.07091416797063493 -0.07040766379582039
0.09643180267322289 0.02589526699061971
-0.09390728186561292 0.03428809604172469
-0.02785277726173583 0.0960284000690783
-0.01306378496561615 -0.09912149021550067
0.05376476654240828 0.08430415789984491
-0.09958444868616753 0.008953868129944101
-0.08068604168193884 -0.05905669139420216
0.09730515802826262 0.02301087394533861
0.088912555300525 -0.04574165056754765
-0.03179616320051413 0.0934443042553573
-0.09636219333642129 0.0242697118226252
0.07503292004105398 -0.06251398618065448
-0.03484251841444957 -0.07738856428073769
0.06112937402507053 0.07615750497239904
-0.02562927719436323 -0.08121691210405202
0.08349384697992078 0.05414067562746416
-0.01731938601917878 0.09774772714609879
0.08727504355516649 -0.0476883112126176
0.08096997182626944 -0.05380467682158146
0.09680814436623501 0.0125996893865272
-0.04718088570393963 -0.08358752275894728
-0.09034769841621736 -0.03585366615622292
-0.05434200546927393 -0.08078627024761338
0.01925194640827879 -0.09673462299378305
0.0839673610879228 -0.05108959682920133
0.01468754518032704 -0.09522083133084121
-0.05400720044139334 0.072736899794854
-0.0840969598974185 0.04426228760659386
0.08447942496011644 0.04877367351123472
-0.05411830258717661 -0.04823136216623091
-0.09562156655692995 -0.02477178967328579
-0.04473148534400147 0.08514441975988445
0.088834242510024 -0.004765794140410996
0.04047902650995899 0.09027073659567061
-0.07894829922911488 0.06122141566623825
0.09933375150925081 -0.01013455661008923
0.07191044238747091 0.06941055002083797
-0.09924141533664296 -0.01204664077124837
0.04990804091426831 -0.086600068264095
0.0948101500987038 -0.03172655058488607
0.0121992227844076 0.09896251061343934
0.03472292572339751 -0.09339625956090228
-0.04439098527507225 -0.08941729491728771
0.02029869204813332 -0.09776845346868773
-0.02918610328444809 0.09558702592898467
-0.08291108108631319 0.05582239901176002
0.07500689609753886 -0.0659858755707263
-0.06338544573691465 -0.07714822467189174
0.06008102179710948 0.07983631926357709
0.09513702830572081 -0.02984851966793756
-0.09538034264924668 0.0295978142353997
0.02601145999717659 0.09621206771297464
-0.02864985764085256 -0.09433535598756303
-0.09845174986970373 0.01283268916017555
0.002940534726209591 0.09657476569507221
-0.07959965088963165 -0.05929480153158733
0.09686195053333081 0.02087742935250562
0.04127443593794978 -0.08781132571826736
-0.07009906942341465 0.06937377160141646
-0.09274476344744359 -0.03733883386595258
-0.07211405353357329 0.06922398141025862
0.09057438466307073 -0.04234096170668825
0.07781716538440922 0.06278524115433146
-0.008895740325343944 -0.09958565460368619
-0.01611209888818333 0.09867794637536127
0.09912846532126723 0.01289388236039221
0.05077267849998637 -0.08607428563553819
0.02986396989331469 0.09541079111135149
0.09432890611761839 0.03312525893879772
0.08120250077323658 -0.05832705426618895
-0.09098299313679714 0.04144828676326122
-0.08914311658179287 -0.04526001818358568
-0.09684126729258979 -0.02484073604378592
-0.07099512391498482 0.07039317080091703
0.06223320171015598 -0.0782442905542603
0.09775925342152829 0.02094712105539776
-0.09761221953901739 -0.0216367363134772
-0.05616656206630837 0.08270615259023205
-0.04556201231803853 -0.08898046037686916
0.05589957949940008 0.08286907315531228
-0.03267178336544824 0.09441408272383418
-0.09971421511391378 0.006817492942577212
0.09795094324700303 -0.01980814413358437
0.02208277853504765 -0.09741962742658299
0.099243975017625 0.005869826443207786
0.04641533963407266 0.08838312768377778
-0.08514029182098726 -0.05223158939335123
-0.08971137642395899 0.04337010181031168
0.07501077545833001 -0.06275137238297422
-0.0449573468951224 0.08837409854585623
-0.0708752384362545 -0.06952268410458644
0.02573436756948517 -0.09623863256242544
-0.09606810208740509 0.01681377755009524
0.05131101849352546 -0.08277969769264386
0.05137042393233802 -0.08029378434481081
-0.01703997014827225 0.09760340156403487
-0.0111947479509308 0.09834245832767803
-0.0750148559204389 0.02269717695570855
-0.0590649163007266 0.06351430252473116
0.07085744803420295 -0.06206242541865379
-0.04764331250136164 -0.04827453959033104
0.0157909911646273 0.09392244258164639
-0.0945707157398864 0.02330526477742113
0.08952487552183476 0.04073040778125588
-0.06132325518679188 -0.07158962986034262
-0.08445971713623766 0.05213503300473191
0.007678496100083762 0.09828990068397821
0.03058870568610394 -0.09168185712154529
0.09860387951072301 0.00821003189411007
-0.09476180309870741 0.01093879197852234
0.06677775238443291 -0.05532167009901264
0.07162958294479571 0.06352567729431016
-0.09547530208777018 0.0149197925560434
0.09455562812126223 -0.01059993223255721
0.09380164156708327 0.02395352728876693
-0.09394692986144833 -0.009019326781370464
0.01579109404443586 -0.08307960655132747
-0.07180329950817059 -0.02964634376648433
-0.02128743586299204 -0.09065054099722152
-0.09010440069453828 -0.02561239338353858
-0.03408158264210175 0.08600476254476398
0.06676052734899263 0.06896823761992239
-0.05973864954827333 0.07144890430278429
0.07764362564308561 -0.03947592154907288
-0.02993519838155913 -0.07279120986630636
0.05974886846593672 0.06434137816877464
-0.07625649496999462 0.01162757327301413
0.05337514183225227 -0.0002856951488962461
-0.0730718053204384 0.04783636022107338
-0.09815788535541906 -0.0009067384507165691
0.06389603165653902 -0.07373632785926852
0.0132250290942671 0.09110156621216627
0.06031209346054955 -0.05774714140689814
0.08856713158627583 -0.0384851921865399
-0.04052049366705926 0.0686118178752399
-0.03118094054329212 -0.09354572140653926
0.09691112424794379 0.01818880038538262
0.02549245784879897 0.09476469018974727
0.009837354104101572 0.08368923718005908
-0.08620190617956837 0.03096981065980525
0.08334264389506486 0.03962998202122759
0.08477581801003457 -0.03460762173093919
-0.08891102174764577 -0.02310007605000943
0.005720753628964726 -0.09543070277424988
0.09263548513392784 -0.03015463409575347
0.04252550045162565 -0.08673733343095384
0.0690980290982756 0.07053052164922688
0.05448936000627096 0.08260573195251546
-0.009532316676433063 0.09774838856542643
-0.05400067657141652 0.08324972543442898
0.09025747389522501 -0.0413879854017603
-0.06395118106403569 -0.0751905553295364
-0.0775692203508402 -0.06220924930256711
0.07005006207500519 -0.07086958405823381
-0.09972179737448993 0.004068129529004956
0.07526853015042943 -0.06522091345170133
0.09991972302234231 0.000559569435303212
-0.07576621357275976 -0.06521328179314496
0.0558682249446813 0.08285068536621856
-0.0163205505885517 0.09864755704406097
-0.04544530280812537 0.08794324648956504
-0.008606650113030452 -0.09752887520700713
0.09887623588002073 -0.01238810989618685
-0.05508199992208408 -0.08345379632663079
0.07081717227280827 -0.07057343229401862
0.09996254921500984 -0.002576239569439414
0.0325731086793264 -0.09454355618016955
-0.09572045131585567 0.02884229574024207
-0.03621825510774745 -0.09309713538253411
-0.09734999589683395 0.02128372084302605
0.01906936993136119 0.09806284587108975
0.09658888211177132 -0.02476866981294864
0.02730050689930762 0.09542664126600235
0.003436993711489524 -0.09855959047845603
-0.09338170156983548 0.0186341337688185
-0.0796795595928743 -0.03924948316330477
0.07357186816371179 0.05926992181917581
0.01756823462400237 -0.06675189864430456
-0.07758441487037465 -0.01030187844465917
-0.09909922005927753 0.004156742901643517
-0.04824305399422478 -0.08652976324941757
-0.02480032484253393 -0.0961270324721864
-0.07172247947638982 -0.0688726237951281
-0.008753472912115798 0.09891411893623091
-0.09673999407300034 0.02359119575549136
-0.06274365320285533 0.07656099261240544
-0.0680635813656941 -0.07182184719860714
0.09028596630224126 0.04024024548158409
-0.03809013780709174 0.09238652111687899
0.06353741136598234 -0.07681413757702389
0.09394100243735207 0.03367993906586195
-0.05888078247038202 0.08071569995363084
0.03706913972562374 0.09261092046288845
-0.03881128896061185 -0.09123934414298446
-0.09750810939581422 -0.012968795315904
0.09685392862069395 0.02085373053385735
0.09511014442049992 0.02467359162552849
-0.09844092870448871 -0.006392799243288662
0.08765323176342787 -0.04535784421897473
0.09128596107409445 -0.03868704113164413
-0.06699078704233227 -0.07292760808613068
-0.02041118164865401 0.09690353713770251
-0.04956083875061841 0.08611445059927068
-0.01804925056667303 -0.09767866586235516
0.08171808114000967 0.05755906671006727
0.09820298667527801 -0.01863050960079986
-0.09098523778963967 -0.04135355958215849
-0.03856998459259323 -0.09221470363553913
0.0171912805822078 0.0984738253623242
0.03598419894403247 -0.09326410173878918
-0.09980309951067838 -0.005672217345689425
-0.07034722433069462 0.07102574717183185
-0.06445638544705477 -0.07640966593418194
-0.09734209600150115 0.02277862281932324
-0.0560367794755516 0.08278633495140626
0.09073184709869604 -0.04197206084081118
0.09445706617372764 0.03274702471658721
0.07247214753846477 -0.06886146564630967
0.007546259877804802 -0.09968294625326327
0.03931459525666219 0.09191414577130086
-0.03253833111581043 0.09452604586335325
-0.008391777996277983 -0.09961667368554908
-0.07381670529921927 -0.0674189133123422
0.09307193468193786 0.03649102280072442
-0.09967811088608987 0.007694429375308497
0.02030367448603219 -0.09789340446468532
0.08902777976371497 -0.04548118811775101
-0.05735775515697943 0.08189040299057855
0.03250085936251069 0.09455600577281327
-0.08366738852546288 0.05476387838945866
-0.00178396559482665 -0.09997410536715325
0.05955158040281291 0.08033277250850862
0.09729265861937333 -0.02307902605600845
-0.01680780674796546 0.09856357692134843
-0.01758929414806031 -0.09843717441426478
0.0215854557158709 -0.09764217234021261
0.09436081706905457 -0.03310544068862285
-0.07820600934828661 0.06231945869296741
-0.09734783408238822 -0.02287068189441005
0.08349603453714631 -0.05501811617824451
0.0126413627260501 -0.09919308892804295
0.09492030473740279 0.03140922844337264
0.03558589859148058 0.09343201086104676
0.08687728005417518 0.04950038148530133
-0.06635738171747341 0.07478102777200089
-0.08449610702773272 -0.05345009625495349
-0.03464226467345919 0.0937927751178282
-0.08832571018067273 -0.04684009817667396
0.05067692525416182 -0.08618520167267966
0.09967799722972491 0.001339504909997669
0.07349170565054559 -0.06617881112188863
-0.06778736456701304 0.07149806041731918
-0.09258576764196412 -0.03680183760615768
0.0589967050904612 0.08064116582502547
0.01495837006187637 -0.09875375764925624
-0.09941423187138224 0.009268169541051502
-0.08845266525266528 0.04586365513618092
-0.08926783137492492 -0.0449336049466807
-0.08034969115038162 0.05946058879674449
-0.02898704113769312 0.09566490926472691
0.0995516051747861 -0.008827951808820796
0.05829860376447912 0.08120487762007657
-0.005699148353034787 -0.09979234686311633
-0.04928882975606263 -0.08696666383649809
0.08988629363766196 0.04351904828117307
0.07323779036519679 0.06799564819504079
-0.09961103387675538 -0.006206691831495762
-0.09849393505380451 0.01338532123459905
0.09917600455596674 0.01121022002754745
-0.09393388647991284 0.03143225633653738
0.09648632835147629 -0.0257790793526401
0.09849205394270223 -0.01621308629617289
-0.09109453380250196 0.03933670636655373
-0.09677804664196611 0.02387890264116845
0.05464663629405014 -0.08365763825569761
0.01812969295795936 0.09807669073805562
0.07100132985922028 -0.07037221492514753
-0.09445843790535909 -0.03280982581523881
-0.09618844985417703 0.02730253537376317
0.03987813346421969 0.09170358753256036
0.09528873375441201 0.02487177990687444
-0.09754153718652711 0.01343677107640498
-0.06273250536171227 -0.07715596801131729
-0.09723196636918444 0.02333374100516761
0.09791123350200538 -0.02030968714838854
-0.06676454067415749 -0.07444766907469974
0.05565891076735345 -0.08307856824050601
0.0161771021428259 -0.098551729760089
0.02020657950306973 0.09781868388002773
-0.08131867801076838 0.05373811233097032
0.08796182051523017 -0.04627069504913889
0.03791504620804888 0.09132459500411896
0.0462889409788315 -0.07774032535971009
0.02868155171626403 -0.0827216831506484
-0.04204789231565307 -0.07080791241052013
-0.03581684419046591 -0.09031162138033938
0.04225133584195476 0.07962389418919708
-0.03956097366938654 0.08566450453331506
0.09425217589604984 -0.02908632107263964
0.07267498542767238 0.05771713059403178
-0.03734352276715436 -0.08837296095304678
-0.04181895582519247 -0.08495321099718103
-0.02219085575749012 0.08231231587806689
0.08567929119375135 -0.0263590860505064
0.0177485163733523 -0.08945190278714596
0.06518025399836139 0.07261259040551198
-0.06053396606377472 0.07630258715309268
-0.008957068724041459 0.09611423199374135
-0.09486532626015418 0.0195877593017363
-0.07802511120627999 -0.05421573359203265
-0.09185746322023625 0.02683553996748191
0.01066177963955798 -0.06731463686691608
0.01126747028569564 0.07463068907367056
-0.04772783959461825 -0.0289775875776683
0.06230704766207483 -0.07666187074476255
0.07867548835190195 0.05983668282098443
-0.052481986757878 -0.08443275663673613
-0.0271229205753602 0.09070197345678425
-0.09615677915715111 -0.01441524548095889
0.06712838040374706 0.07011400041608506
-0.08947313409213464 -0.04401338727608881
-0.09376211891637146 -0.03393481679549807
0.07740604992848554 0.06305097346995368
0.09103391273355088 0.03971886546096339
-0.08033260938174867 -0.0534309982815839
-0.0430254307136987 -0.0897737995686478
-0.04926281267938912 -0.06135077571730909
0.09414939627639228 0.01143041644694117
0.06342240414285397 -0.06009665664199794
-0.01984331449941896 0.09769514595108607
-0.07287321183340792 0.06826501795764443
0.02768412537303079 -0.09558441531733058
0.07822866443845052 -0.06203050232350062
0.05895772387727228 0.08020076109557116
-0.04766213518575927 -0.08664107554734207
-0.0453547639843538 0.0884983810490402
-0.09050017064047351 0.04222307567995832
0.03272407750891576 0.0923115473261281
0.08797340894686975 0.03624855961350452
0.07887928590811416 -0.05505372069526513
-0.09819101952555642 -0.008549954171752493
-0.03520567965257062 0.09262771122062134
0.09821799766398781 -0.01648872720312327
-0.004108033209438118 -0.09968661895249684
-0.08907669506163374 -0.03589868937466976
0.08876882006450777 0.002251975815397425
0.04785239440522162 -0.07987744388032816
-0.09366353196377174 0.007342380467704338
0.02515673844221871 0.09408938908366886
0.04981461430428652 0.08351530849707185
-0.04902120027356287 -0.07891361077502176
0.0708003464833752 0.00904787098518975
-0.01964851669007616 0.09533746919464889
0.083162474018578 -0.05276834046902379
0.07858480240241783 -0.05978060343578806
0.09091223271042935 -0.03780090816732819
0.09860477722541286 -0.0002556961332768556
0.07231868242222311 0.0676977063604728
-0.07272105223925712 0.06486739477057434
-0.09721783150653614 -0.01635368847729229
0.0569069272774269 0.07352547141026976
0.0129821735306089 -0.09385336837480657
0.09123184747602546 -0.03669501768443311
0.01746441190933117 -0.0984490282243502
-0.07270328261565732 -0.06864982537113738
0.0890273828785399 -0.04549662501574622
0.02136774149616539 0.09768044794242241
0.09490876970216104 0.03148896296475528
-0.06810868643132503 0.07319625893885143
0.04138849822298626 0.09100046221852562
0.09298486942415467 0.036722439213104
-0.06479208757716272 -0.07613354021583729
-0.09976136333346211 -0.006544286171118048
0.09798482337122591 -0.01986267261161945
0.07997257224156948 0.0599914468688687
0.04255094589040127 -0.0904781006678881
-0.09970467370270995 0.007595968663352249
-0.05386288564237712 -0.08424355887487327
0.09193290999078006 -0.03927868578033836
0.04729448161580469 0.0880890544731205
-0.01190826442243762 -0.0992524833239412
-0.06523316938948907 0.07575569494925051
-0.08714846778212211 -0.04901168912262734
0.05157458169820974 0.08562182984760386
-0.08184287924552482 0.05738589223039271
-0.09419782483796034 -0.03344557178642549
0.04170080974568605 -0.0908041304391197
0.09931585584311611 -0.01113958024289325
-0.0967275449572738 0.02509150340358991
-0.02165691941286038 0.0975193815495437
-0.06120099956128811 -0.07902751156143809
0.09631418806597886 0.02684510503691269
0.05348404621916091 -0.08446389934504007
0.04909702669974356 -0.08603109466964269
-0.01474108317454525 0.0942495733083807
0.04288502926436439 -0.0881616185822011
0.003732255241833022 0.08701214499310556
-0.09301870872357602 0.02193483538054523
-0.08904252141766975 0.04395189016367183
0.04499649427240013 -0.08659646495201903
0.003531710450655138 0.09381203261109022
-0.08324702760216238 0.05452615999398071
0.09934895909051865 -0.008616755083811845
-0.09580417607191483 -0.02664812190642034
0.09133336783731101 0.03490351968949797
-0.03611931589748871 -0.08963403859700811
0.03070337221107111 0.07738351302704467
0.08343696841453092 -0.03665699149720058
0.02579532728039322 -0.09535182404622732
-0.07051256434127989 0.06336381181121564
0.02406538063247562 -0.09372028706924455
-0.01748620694613232 0.09755998869940567
0.01744853551769312 0.09795178503888832
0.009683055795629936 -0.09922961238183332
-0.02338562577273522 0.09576745836666442
0.09213030742511533 -0.006459278503892107
-0.06757754701848454 -0.07312115181845193
-0.03688389128869612 -0.09250752355087215
-0.02435460836509553 0.09686645211427479
0.09847168869720915 0.01208928079994965
-0.04513977829051601 0.08856450302978199
-0.05384075910382646 -0.08400862937569424
0.09847549789108209 0.01567372853487578
-0.08755727025913634 0.04777350846138528
-0.09103378828646215 -0.0321215582483098
0.01154557731832757 -0.09796391545117135
0.02123889905523206 0.09698811420134189
-0.07392881219695979 0.0673166382416073
-0.08112466443615733 -0.05843355681229855
0.07871876516310751 -0.06164691737753999
0.09855593100257971 0.01689232308809304
0.0163197590357331 0.09863641541119993
0.09628617854861087 0.02698036476086419
-0.03727679526508486 -0.09253448553708103
0.01573559797156744 0.09872157900584139
-0.04688337405105158 0.08823694492743071
-0.09078543672107947 0.04179057185627416
0.07103044129436753 -0.07019041709134667
0.07494175445695324 -0.06620165287298449
-0.08412996445397665 -0.05405025563207069
0.09708168589801809 0.02064235530801112
0.04798665772972317 0.08717048066654551
0.02227231448438709 -0.09705330986148573
-0.09678675919095873 0.01992034428246576
-0.09829598015977055 0.0144339767309134
0.08693760230613531 0.04771878446630531
0.05204715181500937 -0.08491528991304183
-0.08139480705815023 -0.0570201272698438
0.0006223045089865604 0.09930765852118152
0.03898187378095019 0.09181152406084331
-0.0685536245412478 -0.07178391494125676
0.08225648737417986 -0.05684980329474867
-0.09916110553629537 0.01273738387088112
-0.0591077381507684 0.08063903387959279
0.09994259426097826 -0.00237629363318202
-0.04280773230759113 -0.09034941975018673
-0.09396689616247024 -0.03397744478853233
0.05314832960835762 -0.08468322079712745
-0.0967408947065968 0.0252330245236782
0.02267481062474544 -0.09731606227919
-0.04186273673654213 -0.09041754993064642
0.03094415677051919 0.09493744222935972
-0.006231369236903862 0.09965339472008124
0.09205302162985293 -0.03869893871351199
-0.03322344243524902 -0.09424673451549483
-0.08488142292648999 -0.05243583461139362
0.06355014283305975 -0.07283366994308352
0.08715703567460079 -0.02618656435329257
0.05304922670684165 0.07889951017533064
-0.08339194549992465 -0.005021423444184763
-0.05357540613483734 -0.07787855840397659
0.09286132356973137 0.02606252837238637
-0.0468922875670081 -0.08674767341180965
0.09336824889969492 -0.01897007558629
-0.07230312521835973 0.06808071815112469
-0.00586967100050927 -0.09779698767148555
-0.05448152274702898 -0.08118156292330536
-0.04233980554106223 0.08851861676132236
-0.09888470928514985 -0.001921749162063602
0.04999666266135466 0.08520116375118657
0.02847228008919982 0.09462623290089667
0.05453019903068757 -0.0831942501109677
-0.04537095884134299 -0.08839028212376313
-0.09925641428844059 0.007432722021850702
0.09022197425008384 0.04260683934149694
-0.005222916842150575 -0.09951312490590819
0.0001370420107248109 -0.0998228619418684
-0.07262853584201907 0.0684977183204839
0.0989252510416551 0.01320874085099669
-0.07665208447922182 0.06290524807872175
0.08340116254007282 0.01571127456993479
0.08065611747685619 0.02706596797728548
-0.02189906696552471 0.09363378579597235
0.08202173144336901 -0.002727138845084339
0.01619205841246673 0.09524669802225535
0.09078150955328937 -0.02265201737822836
-0.04796172906268186 0.07850267247989737
-0.0895003378753728 -0.01840131646544126
0.07412278135931587 -0.03638344568054069
0.06178252529438852 0.07208251181590418
0.01083776371292446 0.0913920549787183
0.04961104632089583 0.08542080051230097
0.04269736436312642 0.08867521382261137
-0.09261775499758441 -0.03340318395998243
0.03837104808398116 0.09192115289596217
-0.04101837787761801 -0.08794093599713744
0.02951597968837674 0.09461958634126885
0.08273262375777431 0.05577344233896649
-0.09693538422678223 0.01958555355849907
-0.01361222099102491 0.09716532966014006
0.096298555690689 -0.01288504669705588
0.03972951541190492 0.08874936624091853
-0.04131396961801489 -0.08808215003428578
-0.07461493924002492 0.05683891818539581
0.001511236145716019 -0.09968995547098967
-0.0965904561092035 -0.02368609693360399
0.09649480006627159 -0.02366939736162919
0.0009102747979865443 0.07626184856727215
0.07853201090332723 -0.04444297367908318
-0.07273260209247247 -0.03200994093303693
-0.07173821917426633 -0.005079516849298086
-0.09025676771228197 0.03092796910218937
0.03689231507521347 0.09069078488630263
-0.09632287107711636 0.0250530108320792
-0.03398395236750053 -0.09303977159185825
-0.01155846148381134 -0.09921836657010594
0.003485961418830131 0.09982053634002366
-0.09833604451856036 -0.01800293801538729
0.05023186008728981 -0.08625352428227202
0.09675805741732492 0.024916841923131
-0.0525173743329278 0.08504729988696061
0.0584473929361768 0.08105569882567383
-0.09211550336265309 -0.00223532065475135
0.05601465965700652 -0.03075982121397314
0.0008106376551056839 -0.09579573766892951
-0.0007100215375247109 0.08351565477995929
0.06055212075485648 -0.07827365065830326
0.08916766002945174 0.04300253890216854
0.0945308102950764 0.02168695943863868
-0.04445977252665625 -0.08124093208786327
-0.034027331494859 0.0930818078608717
-0.07094940103255555 -0.07013391952880801
0.09734148536701355 -0.02258502120950649
-0.08716306044990649 0.04855981377617747
0.01973933302262774 -0.0979671481423625
0.01591693691505359 0.09852156506562276
-0.07797093733888416 -0.06253560478757521
-0.05274931189704661 -0.08492795091246488
-0.002732106211426008 -0.09993211416513197
0.08056594145260874 0.05918615768471338
0.09993686861841444 -0.00221767242196986
-0.08384124625240472 -0.05443588283229123
0.08095587372134465 -0.05859440055053392
-0.03921651287098841 0.09196292046933839
-0.0733245218516877 0.06793506486952056
-0.008429654284027204 0.09962456071639741
-0.09637905502731825 -0.0259001584157153
-0.09657362106682728 -0.02561424960447276
0.03854550350012226 -0.09216366344188043
-0.001322483979785556 -0.09987571240019114
0.003136578141083847 0.09967905308516403
0.009447265031127734 0.09947960008379499
0.07825604109902801 -0.06217678550645978
0.07878895834670115 -0.06112575212785144
-0.09837741212476177 -0.0177125831931946
0.08598413662924388 -0.05101305688443145
-0.09567944283673989 -0.02889049793202107
0.09990762791266716 0.002494227128705841
0.09545926025822708 -0.0296426614312475
-0.08985005639750122 -0.04372231705623013
-0.07710553357047664 -0.06354884145374835
0.09501647120242535 0.03099868422492116
0.05009758944141922 0.08649311226171563
-0.0943575862309155 0.03296399760646349
0.0931821290047448 -0.03615245943804589
-0.04659358700295096 0.08843486626897518
-0.05866139468219718 -0.08092910890588895
0.006294149391398813 -0.09976902382065625
-0.09508188717985928 -0.03079618579107676
0.05315973028825188 -0.08465027229082726
0.02393576369409498 0.09705804794941582
-0.09679504963388605 0.02490097201671025
0.0903921249506837 0.04262014015793746
-0.05117556006107062 -0.08583225180584016
0.05876903125006715 0.08084162121790807
-0.008986027423047386 -0.09954760082805261
-0.05755373532799166 0.08175354050022317
0.004538592621489946 0.09986030674657734
0.04403522953983383 -0.0897553460686602
0.07853039778341797 -0.06138602193155698
-0.08855666701592792 -0.0452322982957975
-0.07076646336253038 -0.06981930587140278
0.09967780659938148 -0.005966990363392303
-0.03005458482890001 0.09528579552066017
-0.06740645518073923 0.07348190922995014
0.08415155294745659 -0.0532906450812076
-0.08543587325014944 -0.05099590583886563
-0.04118923070509682 0.09092507265114087
0.002852247568720801 -0.09970284937953341
0.02319203522466294 -0.0965147249937174
0.02369350398188794 -0.09699990562206073
0.07799921586768832 -0.06235845998554907
0.09306162491758674 0.03601074552141995
-0.08529821439760325 0.05163879292127263
-0.08835193888400329 -0.04605798544753504
-0.07160882370865546 -0.06926779665619681
0.09886283833608249 -0.01205632924105359
0.07232706934644462 0.06852123772475845
-0.06479903906334397 -0.07573918151758609
-0.07054658259257304 0.06919260602720909
-0.08801131830267328 0.04681216029052469
-0.0390642644011476 -0.09133851149025914
-0.02678490517967725 -0.09510380994105831
-0.09114163281526361 0.03850174378314669
-0.00538041249893872 -0.09874272526508847
0.08003180591245337 0.05813122059533504
0.06496513636701109 0.07528865776084859
0.01964669784804459 0.09730895882976354
0.02955497123762794 -0.09530119216814051
-0.09266357464753262 -0.03570957904257331
0.03971411382050281 -0.09124118609138276
0.08963909462935678 -0.0440530525966695
-0.02939817304526762 -0.09512395267207205
-0.08342305573410613 0.05389588772501375
-0.08758987696452342 0.04692879861891688
-0.02051528941491582 -0.0972763380078122
0.03405383354721078 -0.09361745709051303
-0.06284419199188902 -0.07733142523561673
0.01133865608453841 0.09844893976048126
-0.09881463160653206 -0.01352268375740554
0.05295190621152875 0.08444622113338668
0.0760140302317359 0.06450626498062512
-0.09384907986524806 0.03353390788723919
-0.08828561435365274 0.0464674980391712
-0.06717471292777624 -0.07364352050889603
-0.09715472512130639 0.01939989361031999
0.09112475606885187 -0.04018103500064367
0.07613949729098193 0.06350505810818996
0.02669911594632042 -0.09537066664600664
-0.01360053365707901 0.09214418975607216
0.04064837947295852 0.09041106265884062
0.09787161882852358 0.00107967437845726
-0.05781181444236605 0.07854825055465964
-0.008669662859805893 0.09680921840302809
0.09718545607657512 -0.001260030205349491
-0.0758914486268268 -0.02594614618297067
0.007689224948209854 -0.09858343647589143
-0.09679253711414879 -0.01370801263680215
0.0536974589202204 0.05899063291521051
-0.02908528192541987 0.08927899358726649
0.01474308252007594 -0.07857387591016674
0.0541027855878859 0.05182120267141074
0.09207526569482405 0.008036940709579776
-0.003687611810964329 -0.0964806945524785
-0.09577980788603557 -0.002196883444251793
0.006619113047135011 -0.09853286452007554
-0.07444126187592609 0.06538991943954585
0.09333239146957871 -0.02570603448924394
0.09893228236046545 -0.01062566084487952
0.06056580729944829 -0.07910762306730648
0.09761583802317096 0.003437010796042687
0.0386069315206413 0.0876793398457215
0.07928438506930133 0.06025776827976459
-0.04493548115915929 0.08747377705791422
0.0329587803301628 -0.09415222122938689
-0.0350415124012695 -0.09319272652948041
0.08349752771760331 -0.05467595055163985
-0.01585268672623137 0.09868551835286429
0.03885447285784741 0.09200451803505819
-0.07352394012215524 0.0673391826607366
-0.08170339412263543 0.05751164257341935
0.07673055992068824 0.06402284983314892
0.09979989795340334 0.003814074735817839
0.0648362464508899 -0.07568188869217918
0.09707382950088735 -0.02328663095775124
0.06850848566376133 -0.07236790962339727
0.01893369561889024 -0.09745042213928737
0.01445522817901996 -0.09845739644511839
-0.02690725848510697 -0.09522564237805491
-0.07985257393065899 -0.05858983632615948
-0.03318450880307713 -0.09363244879306094
-0.06129010408661369 -0.07766881635959072
-0.08774306086818093 -0.04619437529431251
-0.09981129677591634 -0.005923159424917067
-0.09876295953694959 0.01556250349440447
0.09619068802582549 -0.02725475203624405
0.09958898363961327 -0.008843228057133005
-0.09980269851102512 -0.006116324454544323
0.09952968762702995 -0.00948499300451674
0.09380946915436006 0.03460636098936407
0.0995519906166616 0.009271763410125693
0.09307951874819667 0.0365347223660791
-0.09879128418998502 0.01540275463622259
0.09541891394095899 -0.02980449352535219
0.09887655767305911 0.0148854696992119
-0.08033256319363305 -0.05953195204862948
0.02404475952181378 0.09705030779655906
-0.06481061089735891 -0.07614511004927571
0.001852915321292769 0.09997283564060543
-0.08831558608645271 -0.04686988776811347
-0.0687261835015348 -0.072625008325194
0.01156607882991335 0.09931383443731316
0.05024203014450963 0.08643891231399629
0.03551747557519403 0.09345219180578311
-0.02958912553300945 -0.09549292492114965
-0.03778981556286343 0.0925565123302335
0.03718219527190666 -0.09279993240962325
-0.03553491177529895 -0.09344679895929803
0.04604451182655339 -0.08874099995977562
-0.08360003802278865 0.05483008298664585
0.07955770633600387 -0.06054188709258237
0.09196590915474526 -0.03921472522461823
-0.09942185413327999 0.01052799290158614
0.09480377139891245 0.0317467665620688
-0.06140685584333355 0.07889531161736979
0.08081974404126036 -0.05885669017689687
0.02938622967332904 0.09556107906053862
-0.0165218402077919 -0.09860741223213737
0.01051443636802945 0.09839152017909791
-0.09920723452224432 0.004839089253103238
0.09903395895821319 0.008598714198336117
0.004553600390127502 -0.09898972278090945
0.09247549362496868 -0.03357875134794265
-0.09645528651727064 0.02052971110223612
-0.006493983267415374 -0.09884002585407858
0.09938886945495319 0.0002452875127588136
-0.0942739741089839 0.02880817051740213
-0.01523306545198336 0.09417005778970899
-0.06841821116246508 -0.06937043924528435
0.0612021998298411 0.0763465174846063
0.02450886396836605 -0.09347776324892026
0.06313956789644824 0.07477467896077461
-0.03790639567680273 -0.0908432561977528
-0.05751266678096199 0.07919841889320428
0.09358051140059856 -0.03053597798929154
-0.01288254222834338 0.09787512137780716
0.09882067631275246 -0.003730686633822562
-0.09070605382909977 -0.0399106843615735
-0.09703133937334189 -0.02213264487680919
-0.01633841268363778 0.09789776976137336
0.05336854728806148 -0.08388501020675697
0.08265005970400768 0.05568159022645099
0.07332554662668291 0.06775816288875997
-0.07708273767458404 -0.0634334590802622
0.08958717156185127 -0.04382449441067723
-0.09010399808866618 0.04276393019567029
-0.06052683899170099 -0.07944409809204003
-0.09461980557177267 0.0316562505480221
-0.01784350203221316 -0.09795895058740332
0.009742564615190628 0.09912992727004309
0.009273133682477399 0.09918793277170927
0.01387859771916838 -0.09874463114925378
-0.04732775684403429 0.08787782994852378
0.09959345425163509 -0.00704641015890817
-0.09606668113842963 -0.02743426654419184
0.03721947920927073 0.09272981976240606
-0.003903004312093525 -0.0998833483465363
-0.09975477743573342 -0.001503911872034151
-0.08704747769298869 0.04890409267863108
0.0775920979246128 -0.06280843811307459
0.09122954737570396 -0.04049200949095606
-0.07157267686402255 -0.06949850212403318
0.09984488750675187 -0.001010675388584784
0.09075613595665959 0.04117846358100386
0.09129910713661646 -0.04046199929600633
-0.00280602994396214 0.09951500186596722
0.01471775659440832 -0.09876433149069684
0.08826608562107861 0.04683429264876727
-0.09933741253756459 0.008367848278178982
0.02824459643771381 0.09492834427272649
0.08963318732091555 -0.0331464526430765
0.0769269260188641 -0.06173118206913956
-0.0919654302691857 -0.01882323824406234
-0.09472467560424493 0.03130337872654674
-0.06606289286599511 -0.07399439760888238
0.0288770926787194 0.09357306155152977
0.09899936912777361 -0.009674677842137259
-0.09028895275817421 0.04059038179969837
0.09813262075716191 -0.01851443067102375
-0.07456665154935829 0.06641205083360757
0.08440279899732395 -0.05345573695279851
0.06414787691486711 -0.05887009731339558
0.0539536345575445 -0.08302872595617877
-0.07223319191451948 0.06902217533462916
0.07435736154493475 -0.06667062376204287
0.06266722351197296 -0.07777851151472055
-0.05401002877265598 0.08362124938495503
0.05722016206119214 -0.08034237082927395
-0.03480855948622615 0.08849887942403954
0.02081179827965028 -0.0802836105679408
0.01091034670809369 0.074598463287619
0.09095249722721085 -0.001101152201059881
-0.05967151254431297 -0.07800589446817702
-0.05307576520609311 0.07329322823853358
0.01614593808597621 0.09595733503350702
-0.07347028963185577 -0.06609882849094334
0.09202461065110989 -0.03454013366420608
0.09794587488188905 -0.0157369560492681
0.00303086169020518 -0.0969882931473561
-0.08456019541421199 0.0234313575091105
0.09620460947663109 0.0007563975247028456
-0.09778213806524237 0.01090224650712831
0.02046369043318749 0.09574176108087756
-0.02877905476197457 0.09492232352934808
-0.07722921128677283 -0.06243677193576596
-0.07728210382174036 0.05611667687890923
0.02422128809010186 0.09153432132638943
-0.02968335127428625 0.0838565835265573
-0.06098142614381979 0.06023657734134755
0.052783789976777 0.07753161968796307
-0.04427970144564821 -0.08542418721208681
0.08830968434458783 -0.03909495519404477
0.01849664168615643 -0.09515828859897528
0.07810652565678203 0.05719965545794475
-0.0885701821538902 0.02029578117011225
0.06186339271288135 -0.05674079565691057
-0.09274273506593153 -0.008392949405381316
0.07966888814038928 0.05046656187277499
0.04192286019614223 0.03240709526467964
0.02042980866692595 -0.07834953746481794
0.03431808940328472 -0.07691473094075629
0.008690351554427135 0.095982233376095
-0.04473841844374708 -0.06979190284847117
-0.01479151173769429 0.07090490762949075
-0.01925311032719686 0.09362921875390176
0.0746776164157792 -0.003557291833971713
0.02138325886656873 -0.08990160616677002
-0.02752582437474668 -0.09316129536687735
-0.06319927040902901 0.07599919928414084
-0.02940601521584836 -0.09350053314313218
-0.09414977482909537 0.02184746252925067
0.06016602140808691 0.07148821090018803
-0.0789293298374371 -0.06011220735863414
-0.007197521056654091 0.09906750162032611
-0.08120749624366683 -0.05737508684540783
-0.08544534472593861 -0.05107318654401753
-0.05657564651990053 -0.0818429007006775
-0.04475484118796699 -0.08847460476875695
-0.07815072577383672 -0.06110292542398206
-0.07855483913057106 -0.0601984601377835
0.04119891256878341 0.08893473103353577
-0.09446105697071522 0.02801649291657864
-0.09767936908153822 0.01562959595903871
-0.009137264944190385 0.09862427044716338
-0.05113108934157339 0.07455313111235799
0.03156967900391166 -0.08226605827496733
0.007324620531160015 -0.06753691405393523
-0.06727147856756678 -0.03018693201131576
-0.02287737937271902 -0.08995758646227366
0.07356461584451097 0.05844529194341095
-0.07188222217683135 0.03578301488880573
0.08311434893621912 0.006258024788021149
-0.06090985975797469 -0.06891617388353111
0.01951060584611084 -0.09593913825209634
0.09567826763385245 -0.02571260118292248
-0.06057393296330866 0.07645947050248404
-0.07348198415906929 -0.066194383162819
0.09667489442681193 0.0003406494496291711
-0.03688124650508316 0.09157245483472672
-0.006761879181180505 -0.09944796054256742
-0.03817850870436953 0.0918828154447697
0.03939803835679397 -0.09171485071902068
-0.001626357253005137 0.09989853645121816
-0.01199908509264255 0.09909167236349938
-0.003664143566127346 -0.09988595979523987
-0.05278679976537713 0.08444539484202884
0.08321555128252667 -0.05403472265963417
0.08547851744697264 -0.05121980277506128
-0.0415922310655679 0.09082401493980667
0.04137147113181742 -0.09091905172080951
-0.00456366102014037 0.09979535874701691
0.009391407422707481 -0.09933356382011312
0.07769111456882567 -0.06258332863909687
-0.09638911594809632 0.02509548014209577
0.09930612880092433 -0.0003081827279610422
-0.03319117987123255 0.09329218275094854
-0.09140615151055038 -0.03962441052321694
-0.09440085575426882 -0.02680101408466765
0.09841525150480955 -0.006629096588371993
0.09911481670298444 0.01095557163615801
0.09202694821415205 0.03870921746389619
0.09723696124438927 0.02189985167034331
0.0003922120873717644 0.09979371561038695
0.09824241272756236 0.01487310521533337
0.07860274619420793 -0.06103403975887101
0.07928621972831149 0.06011335426310688
-0.09948683763058799 0.007166035773796274
0.03522608915320771 -0.09271361536436543
-0.09825884453064758 -0.001298787056486327
-0.05877313592687333 -0.07969510383794706
0.04564513951162615 -0.08722330922600796
0.09407353038682714 -0.03387642012414155
0.06890396875092961 -0.07244945498425076
-0.09986943223519444 -0.004815855004218332
-0.07989492030611529 -0.06012044709774678
0.09998920248181487 -0.0006801621831045445
-0.03922828933732966 -0.09197536823307442
-0.03445521896061051 0.09385875678589049
0.0003662784916374664 0.09997813067213136
-0.05182396032390331 0.08550993302820106
0.09860562024840644 0.01661310212437335
0.003324418896915083 -0.09994014728672
-0.04938936309083937 0.08694293190127297
-0.04077551407756867 -0.09128943578880815
0.08880742137463435 0.04589397694257445
-0.02780197272780858 -0.09603817365720045
0.07885068205549539 0.06145836903898439
-0.060480858451074 -0.07960313389691331
-0.0369178423562446 -0.09291081937400911
0.08117622227250716 0.0583496119735326
0.09169401920434314 0.03982490349485913
-0.08831206607333619 -0.04685970081404458
0.04603854851959389 0.08874431327844702
-0.03964108961760195 -0.09178216647554312
-0.02559328279173079 0.09664755498149634
0.09972034559423577 -0.007091438985296123
0.08491793033556481 0.052760638906816
0.02097657150783334 -0.09775462078290763
-0.08203488959622021 0.05715521498762492
0.0447520421190315 0.08940016744890757
-0.08635798331863175 -0.05036327979319455
0.09977791513747952 0.006157217039608905
-0.09993180408709051 -0.002760355342459882
0.09176645036072634 -0.03965366743435646
-0.08435357350148177 0.05365076791083012
0.05525899616187634 -0.08330710196513254
0.09757811577607982 -0.02130460223816114
0.06188128227924235 0.07847462013904914
-0.0998971898460911 -0.002006625175598015
-0.03227881007104649 0.09444605515871519
0.01304988156311505 -0.09887784975248418
0.0862271842747441 0.04970052987106382
-0.06326918204176502 -0.07732906651884464
0.02712683240451088 -0.09619835070584198
-0.09877596860798572 0.01462577570398621
-0.01691302046068933 0.09574924229808683
-0.09494979539774413 -0.02894344839810262
0.05227508481140233 -0.0835220374334338
-0.08547940183612686 -0.03846600775466134
0.09340637353285593 0.03300748544933041
-0.02412970522593549 0.0967254897135251
0.09405693948428377 0.03353721804148238
0.07006076291298693 -0.07090953349430816
0.03626604857614336 0.09308676480591235
-0.09466631973007859 0.0321012464162601
-0.04264446481377138 0.09038377962000903
-0.06687450875916462 -0.07432352030292037
0.09705196995045268 0.02405944703778602
-0.09895898279856725 0.01425290390997978
0.06868763529849059 -0.07265777842844005
0.009573890021825866 0.09951212523381209
0.08403630513741714 0.05415391251945961
-0.03914487857700197 0.09198545509423575
-0.03547335345761728 -0.0934602160908055
0.09382862858755969 -0.03449442890970529
-0.08822949926064866 -0.04700288550468926
-0.02549047422382453 -0.09666250016156917
0.05362091696531111 -0.08436264232788526
0.09992523974365598 -0.003833077611220369
0.02473736187102928 0.09689049357645535
-0.05510763030428328 0.08343943995123429
0.06939294895043786 0.07200031193861839
-0.03948375305249698 -0.09187389962021333
0.04540531974262431 -0.08909515820913794
-0.08550278382936 -0.05185675802723023
0.05793840423609956 -0.08150468562338718
0.007115860195433566 0.09974517447187743
0.01743614370688218 0.09846741927835938
-0.05830788433865353 0.08124052783578987
0.01626129810094177 -0.09866727776341337
0.07072215020586521 0.07069131233589172
-0.08396726061718111 0.05426915395778876
-0.08697836768848463 -0.04933572918526927
0.05695385208762464 -0.08217647705020453
0.01727205594995949 0.09849567641394369
0.09383911064098584 -0.03455141431452729
0.0301620792875795 0.09532923400805579
-0.09912277573296036 0.01313235956453286
-0.05689140678802874 -0.08223817074552811
0.09747378913827173 -0.02232151808106967
-0.09870386931604913 -0.01603759693532505
0.02537084842280819 -0.09672486049656556
-0.0190687710634297 0.09816498974910345
0.0493082741177221 0.0869980345913821
-0.07278813981171617 0.06856786765990164
-0.09068894212764082 -0.04212349037023723
0.09804060489245116 0.0196964426328458
-0.08638653600440335 0.05036964694673829
-0.04435329486300766 -0.08961344543803583
-0.09424037650940391 -0.03344243608083826
0.04319289714341169 -0.09017691033135193
-0.05174539932030336 -0.08556778055747152
0.09225794174024873 -0.03854197051314959
0.07164524083553574 0.0697597449229687
0.09530471431315828 -0.03027571577684079
0.09984109203094489 0.005576339115181585
0.05504595019881262 0.08347797885100136
0.04305890219688308 0.09025050944196175
0.02589987708637355 0.09657861744698316
0.09768342696489841 0.02138859842009757
0.05516865540007942 -0.08340023623902933
0.08560123512855861 0.05169096644139327
0.07971962864805475 -0.06036585174818333
0.07749048928833296 0.06320241645736721
0.05590891728935811 0.08290231282812431
0.09978651699373249 -0.006441118628944247
-0.01946819466584645 -0.09808320007326136
0.09926173962226746 -0.01211555452630241
-0.08340478478718959 -0.05516646468700297
-0.02741284023750056 0.09616499252097499
-0.002981443840986954 -0.09995249140786795
-0.09998727676685087 0.00100357381177962
-0.03185478549943543 -0.0947859356608798
0.09358761535786152 -0.03518607538960174
0.0620789499652919 0.07838154039204362
-0.04162704298489701 0.09091218684504582
-0.09779323986998539 0.02086631072396338
-0.04340255361294198 -0.09007055536685508
0.07607286174628829 0.06488304927177069
-0.04855523534773874 -0.08741547108997014
0.01061338002615384 -0.09943313832817398
-0.09921008577059262 -0.01247116519908017
0.06416966350293701 0.07667412920323793
-0.04440985551792946 -0.08957695208799873
0.03685873877011883 0.09293854957867448
0.02869940277036975 -0.09321225271255583
-0.09021123137071488 -0.04168695320441312
0.06304670869251171 0.0559678185134808
-0.0947829902011449 0.02764884886896781
0.02533127272343731 0.09619620249342377
-0.004600036311942561 -0.0933599250754181
-0.00908222343378445 -0.07149191489707002
0.075296518976032 0.001133535900618889
0.06752568552311353 -0.06857068680602879
-0.09807198186240505 -0.009334788867044872
0.08236553043683395 -0.05587676082783399
0.03877873315736421 0.09171945512821618
0.08701055092885515 0.002358473451255748
0.004040638868182621 0.08265345749249055
0.05979016493310795 0.07151845537792227
0.08409557624657164 0.001590196118882245
-0.07925209563429146 0.05719647618309653
0.09520414184698099 0.01854337251595616
-0.02274493782774686 -0.09496785005180371
-0.09343462047172936 0.02287186191426224
-0.07927417998076502 -0.03213969882562086
-0.07725315914165995 0.00964596018311756
-0.05971481086072609 0.06226321256971004
-0.05754686239506387 -0.07520891408316729
0.0801689169139002 0.05803620741875391
-0.02998496162312146 -0.08870626502972166
-0.09857096837928801 0.01249550678725346
0.06896659834688638 -0.06764021923480178
-0.06818734830384537 0.02981038527233687
-0.004735298937002056 0.0995086578446541
-0.02871739528769738 0.08820209410473057
0.0624704013338182 -0.07348317439487215
0.09899758308538295 -0.0007156005107842894
-0.07148643423336486 -0.06933919007235698
-0.09108679302418543 0.04053238821855279
0.016503518193109 -0.0982290874282324
0.0855578013346526 0.05034853890195051
0.02029905291595137 0.08889902966713482
-0.03131563924444204 -0.09116950951526451
-0.09143368581281144 -0.02853196540652284
-0.08664683616085833 0.04803430001290765
0.09463746363535874 -0.002892659352857705
0.07943785451767474 -0.05711508005524323
-0.02551299391137602 -0.06766756144529548
0.06103018994566122 0.07348847089737133
-0.05023754420939277 0.06437890273273793
-0.06804357641104047 0.06948777797036738
-0.06012637494508161 -0.05095852867808702
-0.02160526767743327 -0.09267246323387315
-0.01798473470777305 0.07718126878617373
-0.08380977893025235 0.02378562240522357
-0.03626061656629027 -0.09132130166579192
-0.09698133695122664 -0.02086735330807723
0.01554880201954704 -0.09644383528227031
0.0859088436711868 0.04400475714305487
0.09352180687163805 -0.03336100794364005
0.07238898386017224 0.05462041730897284
0.04935366839512281 -0.08481528099530317
0.07581241664345571 0.05552060453265885
-0.06283552142837935 0.03786797500899692
-0.04049913766367387 -0.06545058720537129
-0.09359804168887764 0.03414413791249318
-0.08423939795258634 -0.04785399819748904
-0.00418228739987505 -0.09953390311399869
0.0995312444490077 0.002049779997932932
-0.01192326698514149 0.09914379936897255
-0.09976157751883001 0.001744503621465893
-0.02277034034486342 0.09687614753001834
-0.008475825415144446 -0.09938594999704113
-0.01463165347349752 0.09865488121585995
0.08314163752107448 -0.05481154945980789
0.08702443101419356 0.0487021188162166
0.009037431298537919 -0.09917982429307735
0.06374735815157861 -0.07672469194221228
-0.09491306701459497 -0.03014608340052605
-0.05231103787434389 0.08497332484127408
0.07674883871918241 -0.06378025179197108
0.02632666072989184 -0.09614437873431021
-0.08297247070883627 -0.05564930135969454
0.06255040865301312 0.07772022605720552
0.09493042535465329 0.03086655435212366
0.02364198425579582 -0.09701980849174274
-0.01194013331289096 0.09901430035161227
0.09712940362440095 0.02288980908657536
-0.0984238591226461 -0.01629425180034632
0.05631643422725512 -0.08243381290437166
-0.05995631591143943 0.07972642446384383
-0.06227067068645555 0.07815567442202208
-0.09260829231298205 0.03732309266154701
0.07625125148254079 -0.06463559774339889
-0.04783750263715089 0.0574473421653299
-0.07669698059418255 -0.01435459784844607
0.08656214897709306 -0.01422319871027736
0.03608778325155977 -0.08896314687904174
0.03935961513403503 -0.08814565205623072
0.01352511225668871 0.09413343646121528
-0.08968295876749333 0.04081460797216337
0.01991151057237018 0.09708158157488297
-0.03834978505631855 -0.09070337583891545
0.09794606894918556 0.01709626773198819
-0.05211939912658629 -0.08432091619547641
-0.0623309965900869 0.07723237402546675
-0.09744611437915424 -0.02231516037675654
-0.09987021790829097 -0.004410176275489428
-0.09726704649782596 -0.02307215374009151
0.0999538480420851 -0.001726064813548169
0.09825223527796295 -0.01844512409874061
0.0999363739232349 -0.002330699712062678
-0.09990163325591657 -0.003011896465341424
0.09733906452662507 -0.02264709143866104
-0.0944823354445552 0.03258965796956067
-0.0991585539817792 0.01270167201996057
-0.09582132515505268 0.02850701161139753
-0.09927961961984062 0.011754305954589
-0.0250833763720611 0.09677011146469056
-0.07380404778234646 0.06742638053872009
3.493054277454394e-05 -0.09996869235034544
0.05596853964431818 -0.08283103231077338
-0.09602297094822274 0.02780088969164057
0.08724548986936378 -0.04880233768989622
-0.0807669316214471 0.05891249692803314
-0.04322395476044047 0.09014167922893043
0.0180636541384869 0.09832452040955049
-0.08908753799753757 0.04439010681443946
-0.04703849031197931 -0.08796988524925743
0.05128696124725713 0.08486800075838503
0.09753603171368432 0.02027094556733604
-0.01030703604976666 0.09929325931297038
0.01992280798231038 -0.09715515211170533
-0.08428816572379556 -0.05042304212243749
0.073612526092334 -0.06562535592915093
0.001684914810521363 0.09669080037902282
-0.09756108672300468 -0.01119107076313607
0.04884215364692751 0.08494480593429075
0.07858993235315438 -0.050967792317814
-0.08731897548329356 0.04727312697023955
0.0715769464352619 -0.06966225285527307
-0.05455839608320418 -0.08346586491971521
-0.0343767921424603 0.09388871742379039
0.07677590058969398 0.06399872605218952
0.07093311816746108 -0.07047985138128127
-0.03838555588903957 -0.09231372559807141
0.0807249564969288 -0.0588227427773214
-0.09946323774769246 0.009629770631606353
0.08687630278709438 0.04943038729461974
-0.01496408017458386 0.09885990943710719
-0.0956495591353947 0.02915881285879025
-0.099088521286575 -0.01305828807649704
0.02498832755262171 -0.09677875860216859
0.04009687877499873 0.09153999408802296
0.07843123486322663 -0.06170769115610865
0.05633419979963417 0.08243185911146955
-0.08797875513834598 -0.04700193761172728
0.01666145991062359 -0.09852433941583351
0.02818933291952868 0.09564932715912752
-0.04922384576791715 -0.08593110029324771
0.09905652041196636 0.006066331462159439
-0.09140966050434431 -0.03961914988658444
-0.03598544958423176 0.09272498204355002
-0.01490178470753846 0.09884007055912017
0.0617765975983102 0.0785820503546701
-0.0467430063499544 -0.08829804056098463
-0.09861723483171449 -0.01591478455417527
0.09976898369783027 -0.006119506234166973
-0.06313697631189291 0.07738554124341804
0.01662904619862936 -0.09833766046592285
0.09628723672759615 -0.02625448926813878
0.0718071623592666 0.06938583949037466
0.06627530630665844 -0.07485755625210758
0.02047354406503345 -0.09785983580913697
0.07686258495042514 -0.06394801687774872
-0.09497521130917311 -0.0312361572154403
-0.09468363089880327 0.03211599036491778
-0.08631165275936815 -0.05046786843387172
0.004970559918120588 -0.09984567919057905
0.06089877670523554 -0.07930368700926814
-0.09214448850947135 0.03880558291418824
-0.09564675729497128 -0.02914730608375848
-0.03563991216696131 0.09342305087231732
0.04532313857912575 0.08912845856720392
-0.0589751745473329 0.08074005723504551
0.04114751123689154 0.09113112242033594
-0.03529225998316596 0.09354941802180229
-0.003621070589602953 0.09992323237551774
-0.09699055395186393 0.02429015533267842
0.0433640757875355 -0.09010051047574882
0.09283881153501913 0.03714227983743657
-0.06262356044736736 -0.0779390762969223
-0.01682955547677617 0.09856119576273747
0.09898599649506953 -0.01417066693249899
-0.01789407522998145 -0.09838261820130506
-0.09367283685931914 0.03498236849261192
0.01636114572726911 0.09776472111554957
0.08328706283627324 0.05269186558256743
-0.007122789367918973 0.09642243618668428
0.09955704727429521 0.004204902171599365
0.07598407072253124 -0.06345246805724082
0.09181946004211629 0.03815212785835787
-0.0413481708327802 0.09038954583122591
-0.01973589766555087 0.09567208822527087
0.07190362951349191 0.06866892106959029
0.08176674478457027 0.05630006917007944
0.06876452558817982 -0.07201146448549085
0.07817290098841702 -0.06160768125748282
-0.08951409792782855 -0.04399622466001969
-0.09396718710456856 -0.03362053516839904
0.05065162954643847 -0.08588022336662812
-0.09910790752917448 -0.01203973403621579
-0.05267898511143426 -0.08444958397546855
0.01611482367141285 -0.09848368904092733
-0.09642928504169519 0.02573621833257772
-0.05542123761900515 0.08294589872889746
-0.04515527049807177 0.08852706409187946
-0.0495835599495092 0.08609285755247968
0.07059725809303193 0.07000893995001393
0.07187584719193529 0.06863017858832368
-0.01454008529703944 0.0984842481605081
-0.05447691839609759 0.08329468717379436
0.09805854905230361 0.01733598431280507
0.08051286105888479 0.05840094031821705
0.0530775130073204 -0.0842454942327039
0.01435537808077545 -0.09863009032857435
-0.09322468991034562 0.03561647095776144
-0.09972458402244934 -0.001625099302494509
0.07165379303010644 -0.06916019933644128
-0.09553333212674468 -0.02864358932126255
0.07849452730380897 -0.06130715392748692
-0.09024006578453024 -0.04247802570748974
0.09702674707764394 0.01194883675327319
-0.06181101287033773 -0.07231540711408568
0.06194896608222843 -0.07420901746301185
-0.06803537549793771 -0.03226469475553934
0.09676960444864958 -0.01036226994417354
-0.02168568819590051 0.09485212875227031
0.008183658857094952 -0.09810315225940154
0.0809835170955239 0.03161655193493521
-0.05839323884634973 -0.05590945496179574
-0.09717933798969813 -0.0008269448650114054
0.06161353569905476 0.0770361501691119
0.004576312054657776 0.09706332943542904
-0.07976272787009039 -0.04043974381378643
-0.03051005634390775 0.09420637066146482
-0.0455705605588551 -0.08781245634805267
-0.06877531837319339 0.0723708862562514
-0.05330763233008136 -0.07983411367832202
-0.08269934143417697 -0.04945524222848744
-0.09620171734123982 -0.001701105855477101
-0.09525124942662784 0.01416008137545165
0.0430684932716835 -0.08735924916607518
-0.04891177890298013 -0.0846805761135499
-0.09556405766877533 0.02439155738035357
0.05761987748765481 0.0809935554342142
-0.0247556898386588 0.09376059119327423
0.09791668006989382 -0.006123599417708173
-0.03266270030257318 0.09092285164869952
0.09769154009007357 -0.002846102183814196
-0.06841766667781095 0.06222122765570498
0.07378592768044329 -0.03537309258000968
0.07459470850344634 -0.06315745782125037
0.02047162972212391 0.07095354817267935
0.02091354439386997 0.07364443062937667
0.060150866926473 -0.07292920319668023
0.09842736132477672 -0.01142481676073869
-0.0858394017028857 0.04898418636194719
0.08432515874467918 0.05168581144264852
-0.09526738385236599 0.02253324336461189
-0.09744346345218352 0.01026140097281353
0.04294067983207766 0.08906371611424958
-0.009243249443126709 0.09865553608681492
-0.09911624790061523 -0.002835771575038607
0.01734938784534673 -0.094436558218273
-0.01187677144462201 -0.09847432571141039
0.01665876200147338 0.09509487707660584
0.09321061830929926 2.608291649741708e-05
0.09161699111747387 -0.0379595242114483
0.04949771693647666 0.08593655413773187
-0.06544822811812469 -0.07443909266989157
-0.09770673023855324 0.009900792335373606
0.03073462625877146 -0.09450217955275188
-0.0279658700967992 -0.09353322998497593
0.0914118725950103 0.03564614134302157
-0.04353498982517077 -0.08573789700960123
0.08793005613503417 0.004953803730038955
0.04867447490298345 -0.06559630958523714
0.05431129793368206 0.06916837421107605
0.009568170666738349 -0.06951303136682545
-0.0556879965468357 -0.0761231520042059
-0.02318301341824577 0.09566801535265772
0.08054802936348454 -0.05714056196571221
0.09187050340019398 0.03651750696231554
0.09381013073652709 -0.03248639202976065
0.08716135951900876 0.04675476502571588
-0.06340833285879027 0.07628669573688752
-0.09467837130955552 -0.03053541487656837
0.005277644966757878 0.09800868529265253
-0.0781420381981531 0.06145849548735283
-0.08027070023013712 -0.05859515390141697
-0.05973189767309856 -0.07956292891003273
-0.08457429378727666 0.05223154347640321
-0.09642672708838934 0.02466132343120495
-0.03137731757843466 0.09460378020534392
-0.00791805381660559 0.09922609046988017
0.07958362124718085 0.0600211746403053
0.06859544417712561 0.07247408834595262
0.002035343664561474 0.09940441601336152
0.08716540761759038 0.04793261427090861
0.0766044763393368 0.05730473268404192
0.08983326866620855 -0.03664425471683439
-0.04827108544561486 0.08623216513844849
0.08740121870619166 -0.04254218412549236
0.02944108607994011 0.09444888052720145
0.07334290306639589 -0.06489400110409524
-0.0901246434746325 0.0111649917823345
-0.09356689262460068 -0.01650814741414915
-0.09753895096745793 -0.01012239401555474
-0.09293332803552214 0.03448008037739867
0.04575359021835431 -0.08742844900943406
-0.01455097808615922 -0.09817617815972353
0.08253373701881243 0.05500429979953558
0.09680931799046032 -0.02287910588418453
0.09933809373136257 0.006839855546438077
0.07685635194693007 -0.0630904038465281
0.08883438637563662 0.0455753860289462
-0.09894535200946405 -0.007735626995383616
-0.07593220974628594 0.06375173459064053
-0.08824935181979779 -0.04635712691371451
0.06928204258567762 0.07191839917758211
0.07646190000733842 0.06432143532599971
-0.06114721906459885 -0.07902944444796448
-0.07202788794041566 -0.06926330361940602
0.0457339475380137 0.08871420748990121
0.02134901967630418 0.09762250477409451
0.07482914946941965 0.0653116013943655
0.09506750128533975 -0.02851043062032028
0.09035200165914513 0.04035031459507588
0.07094864060717093 0.07017937991812058
0.08090690024906345 0.05839436395483784
-0.06774702418240384 -0.07329362510526342
-0.0810436742595598 -0.05814572727814923
0.09986589399073036 0.0002944512736338697
0.09356516730574022 0.03476459586387953
-0.09876642315192354 -0.01462520112008093
-0.09094301494386843 -0.04109246125000514
0.07614151424377065 0.06434268222049182
0.08207256337612134 0.05669719368888159
0.07465824176767864 0.06599297355956607
0.04640892375395469 0.08837356975211191
0.0922137098775781 -0.03837161906616255
0.06728924241143427 -0.07369460073207851
-0.09560063834981082 0.02860152925382704
-0.06956465253206487 0.07128698648047359
-0.05140464750921202 -0.0852494449792868
0.02135879713913155 -0.09731659403594005
0.05810790784971909 0.08073678452928665
-0.02013056965547374 0.0974148729924223
0.04898084435873699 -0.08663374973277271
-0.02502514729899378 -0.09626588110766118
0.08299708261376103 -0.05506565383901837
0.09966162381379377 0.004134113449386907
-0.09726810212207759 -0.01732666395176085
-0.09692122126755327 -0.01976268906391202
0.09943788369714557 0.0001364258673580413
0.09943640696942529 0.0001329157494621565
-0.03248095828297985 -0.09398660816857864
0.04213868978972439 0.08996235215739151
-0.01972985020459142 -0.09764137008477727
-0.09972938183640889 0.0001993034218620535
-0.09910931627619962 -0.007580392737763594
0.0699014326794291 -0.07092265499159127
0.0896154860720446 0.04347746036581113
-0.02407160772418384 -0.09655655482772418
0.03706652557114553 -0.09208974694470491
0.0980456706295709 -0.01737568788398861
-0.03318670402037175 -0.09327336768663927
-0.06503195072802614 0.07471020406266084
-0.09547877359747188 -0.02753380747982779
-0.09503219835842709 0.02677857287978032
-0.08532450060705239 -0.04992358266676557
-0.07416960695567711 -0.06505093787772459
-0.09724420150208325 -0.01741796155524042
-0.03687588176250704 -0.09152853503523241
0.08100665809444639 -0.05777103535261002
0.012774213292951 -0.09820582505229429
0.01906566676811989 0.09688412689094067
0.01672848355318143 0.09736596679125648
-0.06327283029933552 0.07579809381366456
-0.07871947660643916 0.06018027208421973
-0.05312656756286013 -0.07970776718548829
-0.08586261085430297 0.0467902190632387
-0.004276779910332359 -0.07654874122280303
-0.08216981578942271 -0.049353745046452
-0.01130962419458932 -0.09776316507477281
0.08297710195136189 -0.01415038573764312
-0.09276461869111256 -0.0359111116345604
-0.09862742540650668 0.007835451837292432
0.03686631516882869 -0.09122587191050353
0.08062805509776375 -0.05849136076318456
-0.0310086675240859 -0.08350518660939142
-0.01384218664061603 -0.09771032686481794
0.08425473618108816 -0.05344130409157116
0.09099011438123634 -0.041008119719215
-0.02440168517376396 -0.09680690679119053
-0.00743821603487775 -0.0994402953732359
-0.09215492151569434 -0.03788961162175617
-0.09775751532181322 -0.02052077365417966
-0.09420169061492735 -0.02293221967254524
-0.06244935564582155 0.0450972216356109
0.02598565404456271 -0.09627277659469217
-0.08678729127731534 -0.04894676071770095
-0.08062379484315732 -0.05892520188095347
-0.08505024302624425 0.05227800233159886
-0.04452510972549566 0.0890796648110658
0.03797708959149777 0.0922347345976313
0.09043633368981098 0.04220903658666005
0.001162122064713856 0.09989547760306139
-0.08702923488396565 0.0491166781610143
0.09185274370464477 -0.0337281124924581
-0.06542044422864964 0.07283276172440484
0.03375963963152444 -0.09051285843247001
-0.01285720118718891 -0.09632509560699552
0.008616527836271542 -0.09348725057674913
-0.08227371289798882 -0.04337553550883555
0.02201991393653388 -0.08902194654136016
0.01782260926876886 -0.09325400384231121
-0.07457305482424986 -0.009311284842983334
0.07007929029338369 -0.02092004606309524
0.08470258168083301 0.0220093871370445
-0.05815785956021674 -0.07200200595749355
-0.02698107423335156 -0.09627154569968568
0.05674366530542672 -0.08231277185562076
0.07536215353217569 0.06569018769229831
0.002595386504039257 0.09993865704050692
-0.0884681303551534 -0.04657982467260244
0.09973070802418292 -0.006937345387027855
-0.0990401566742229 -0.01359813949837188
-0.0599267891047648 -0.08001846874959964
-0.08044651007990462 0.05934187776950454
-0.01884959123941568 0.09816573509208197
0.06887309040685306 -0.07245893426226195
-0.09648418759704766 0.02620838816064514
-0.06085191810278833 0.07770660154253561
0.07605404522620329 -0.06448626179860241
0.09890903993944457 -0.009575568420629576
-0.09678647939253446 -0.02272416271606491
0.061895127286921 -0.06941202435923174
-0.09280536448635142 0.02732503872293756
-0.07169765713802131 -0.06815394487041727
0.04729156913205889 0.08461719187385179
0.0850810682707271 0.05065187460636827
-0.0877851286998703 -0.03948393316534587
0.06969690040261559 -0.0319531448446656
-0.08147332458227619 -0.0001015517075771337
0.09488901455261754 0.01472834822523817
-0.01709771289000537 -0.09564947764090398
-0.09379949149017421 -0.02090104995597714
0.0392605308720541 0.08978447596202567
-0.01280575006219345 0.07863643932033862
0.07509024900231494 -0.03892515756067403
0.09557845704568516 -0.01724941505309751
-0.08233065735669447 -0.05373068907794405
-0.07498814444890964 0.0563592910176945
0.06963190027461354 -0.05665314965276554
-0.06731886340963589 -0.01167013680333222
-0.02942441819660567 0.07539343238743686
0.08994581818433764 -0.0428750238934584
-0.04235033734655753 -0.08891689324180492
0.05674281379620259 0.08058541647063479
0.06925489076641662 -0.07123258819148451
-0.09244627926253031 0.01295272686943417
-0.07177342683379999 -0.06680728465817468
0.008112312554272652 -0.0987494450475271
0.08845960104936069 -0.04451257346709307
0.09243551523247259 0.03372646797767093
0.009928218421655087 0.09584009166981107
-0.05913392845445691 0.06960188245573794
-0.08171771802300482 0.008186283102913335
0.08175523171719504 -0.0561015659093985
-0.09228184350966702 0.03778731028839241
-0.02467028018304597 0.09634566934836596
0.02477795722561706 -0.0966954134819345
0.08382075809561512 -0.05445340699584353
-0.02799705471846556 0.09596676388246335
-0.0989837021760975 -0.01404056295426379
-0.03179482322579728 -0.09477722092597202
0.08904167652666788 0.04520462001518624
-0.0566362516629073 0.08225118015897442
-0.06053868832286226 -0.07909971376422992
0.09964649176536007 -0.001707664193010465
0.07870066098483118 -0.05994916521003927
-0.02000396468116461 0.09685926593255904
0.07772220282273949 -0.05787975898796777
-0.05399971630217157 0.07829291978054702
-0.07535925387196596 -0.06466201159960905
-0.003486077107738777 -0.09723474393644425
0.0790890963743278 -0.03756085590689479
-0.02117224893343612 0.06287317714949948
-0.05967874390100696 0.05221537511214615
-0.02907235388230743 0.07519128193946692
0.07320809375588067 -0.06058932518414221
0.08449067923978695 -0.04842959040425297
-0.07350314222872613 0.0663641947257998
0.09668656638154292 -0.0231636293498497
0.09550696920046153 0.01741770059301428
-0.08101910340824826 -0.05802143125525789
-0.08348678747143552 -0.0534247101660377
0.01346762505751136 0.09893544004792569
-0.009648902976393162 -0.09925458494918284
0.002639115656104357 0.09959518739915661
0.05195134304474992 0.08461087474211376
0.0009951030477333472 -0.09925854878920114
-0.04759772950417185 -0.08463014029553864
-0.04043855163323648 0.08983775960564395
-0.02991774034426478 -0.0893902105499412
-0.09174306559737921 0.03244678908737098
0.09475263216417075 0.02746576744065333
-0.005515062264765442 -0.09875536822840172
0.070278537181112 0.0698809404062424
-0.07486365612120238 0.0648375658625583
-0.006727973711308444 -0.09694732343716192
0.07449831762762472 0.06543855257684274
-0.09442297895848038 0.03164153499624986
-0.06887562723498451 0.07197994038548912
-0.05231619333592942 -0.08504697841668153
0.009508016769940663 -0.09906734386062166
0.09932583702766509 0.009905465125098881
0.0940349612943501 -0.03389068150710158
0.0003991202437670549 0.09993723391472883
-0.08093922511591212 -0.05856710038746357
-0.08060325142766255 0.05877998562871248
0.04490374288939477 0.08869345849984246
0.09837463232952856 0.0127519595517687
-0.08206031727183542 0.04876318819681123
0.03515472970521037 0.09272617365307052
-0.07416972237348149 -0.06510887762543187
-0.03587929058927867 -0.08035533103253034
0.0936413379035009 -0.024771232045749
-0.003308031276698949 0.09842319190642627
0.06942205066564505 -0.07028454069153764
-0.08860092385200946 0.04129671093822215
0.09728415609559234 0.02136462939364612
-0.09192374566923833 0.03837145189349405
0.03319709249508206 -0.09422470765543363
0.03790848527941774 0.0924160644550366
0.07142479423561056 -0.06956133252206703
-0.08321246582692363 -0.05518365782380252
-0.06651031371638706 0.07459697584980911
0.09915057852603984 -0.01229564663628425
-0.07876428277902287 -0.0611950688098373
-0.09907654571729409 0.00947962900983145
-0.08516442747234344 -0.05199646042537708
0.05027287426523557 -0.08611741098820427
0.06783647844620934 -0.07296302104960396
-0.05974736329647663 -0.07967113403356435
0.04066212014464186 -0.08964165788966523
0.09280352825098684 -0.02746912499036706
0.0021516072850553 0.09512863543686235
0.06579121307573446 0.07422211396028784
-0.09461080549927146 -0.02518548096148241
0.04930603169607068 0.08660744640233432
-0.069670414828521 -0.07098458581316164
-0.02822526917444993 0.09498458183744224
0.05008885389207497 0.07953546467466084
0.09030074787282012 0.04133289505263593
0.01110246233710931 -0.09198476381658235
-0.01386180374197762 -0.09057673348419037
0.01850402406337833 0.09025486096755037
-0.08561112073454495 -0.04115713659222103
-0.05862553452328107 0.0757645017958266
0.0505092612066858 -0.08524134166597576
-0.01974970693428262 0.09737859820994647
-0.006747899815093342 0.09910959184628167
-0.09380233825083208 -0.03281578721650512
-0.009334661443017736 0.09924638377682812
0.09950053682241533 0.009507418836506867
-0.08296940199515696 -0.05568347333728654
0.09841312710222529 0.01770592064047746
-0.08108699965099178 0.05850677363713411
0.006934221627530272 -0.09938360934209492
-0.09043437991623207 0.0424255547761829
-0.03805841011608042 -0.09181126525038463
0.09930895991704852 0.003066267903737968
-0.005021774286457625 0.09966441142176181
0.06857338389061139 0.07266558098160662
0.0801535711205514 0.05972491814492384
-0.00393221594261075 -0.09989744300273848
0.05347717503257384 -0.08448411629399964
-2.988523598096244e-05 0.09998299333512278
-0.09710745239600414 -0.02385863310634809
-0.02145636697776762 0.09766178849918489
0.0873050348010609 -0.04875388777778783
0.09989268759419132 0.002972454831931564
-0.008256193246002312 0.09963180082385358
0.03985374974707059 -0.09168970991950566
0.08037663712044958 0.05946332027746693
-0.09990604427090426 -0.004062718061896455
-0.07647547276292359 0.06441151159946318
-0.01404261299115804 0.09899441252138166
0.05653534101329839 0.08246427426347916
0.09577649452171953 -0.02869857431071445
0.0379337499910475 -0.09250368860152225
-0.06227873124253155 -0.07821370149458405
-0.09903403968885287 0.01364838039255542
-0.03898161699522715 0.09205085801414607
-0.04897884297013798 -0.08715510588193023
0.05778066351697531 0.08157460982181487
-0.09873877075219302 -0.01565237135907205
0.09808436817414179 0.01937246750952207
0.08242051017073306 -0.05658632696690222
0.01615908674398399 -0.09865813445727868
-0.07435763768148335 0.06682188757188701
0.0999255234066752 -0.002968089137228126
0.0614226515217199 0.07883276574722767
0.009865905460238035 -0.0994337293440378
0.05294827275710198 0.08474182049331667
0.01176567149049809 -0.09919554486897995
-0.08445863899307107 0.05338592129829923
-0.073041653458322 0.06810115237442765
-0.06039565053407174 0.07950270045467719
-0.05374025262954488 0.08415469381957232
0.01139308738714517 -0.09921975375456366
0.01651716433185105 -0.09849741822077028
0.04459797730355607 0.08939404667549573
0.03053880023094653 0.09511444003114607
0.003594769928232316 0.09984754942276552
0.03535601159608327 -0.09342728866755057
-0.03502568938811507 0.09360015842684929
0.0642598463625829 -0.07652226388348757
-0.06128679961838251 0.0788645607921586
-0.0797733686052654 0.06015490631711953
-0.09763155014183626 0.02122426232108156
0.09214577392868648 -0.03873514210201302
-0.07617719900813667 0.06473339975806502
