0.05726869383971101152
0.05312563526840758527
0.05091432230361318811
0.0480721339406867329
0.04327742995990462027
0.03624378324569104554
0.02871281962877528585
0.022625505720863439
0.01946614486797053345
0.01911455931433604302
0.01767502873697517421
0.01002154390922728282
0
0
0
0.009816900021789332423
0.01743084911681204094
0.0155719995275696195
0
0.01586898399505193638
0.02429320335932907277
0.02548640037556925211
0.02145138094300638384
0.020834829917635838
0.02000326125073401129
0.01739274697715418108
0.01255175611399765752
0.009592957800752753214
0.01004104546345395421
0.0118318202641970998
0.0141926632312900803
0.01701097075365811534
0.0158485547399080072
0
0
0
0.01154609749967713817
0.01015696710547505342
0
0.009231026018634404598
0.01580473105947232879
0.01274943303010888165
0
0.01035586908069346772
0.02082767588475180343
0.03062805806655040028
0.03779627012940829645
0.04397060645383896182
0.04865894082151785843
0.0525750197356073326
0.05615533777870086035
0.05974577264935745924
0.06418238493421871138
0.0666144047442787518
0.06907424928608611736
0.07213329136461917035
0.07424807683925553625
0.074867994808658897
0.072777645662065793
0.06900939702821000388
0.06560044408394696824
0.05899502644963400266
0.04603581959137632157
0.02823734517617772916
0.01640086837571805636
0.01276105027297957592
0.01455704159027949689
0.01739578602057044454
0.01964515757558116943
0.01985850666440726331
0.01961042488053636734
0.02030718184287893385
0.02275959307328895634
0.0312399496152083421
0.02294217120209955663
0.02505448504213888053
0.03366809574812263534
0.04561415770322677782
0.002516409158249819766
0.00629471424756595458
0
0
0
0.007176307563089776888
0
0.01227061563920507463
0
0
0.01797365729705463488
0.009382011859213374924
0.01050882935065013991
0
0
0.01486497796877312566
0.01331688491094529594
0.0325170885354849476
0.02733027361273800138
0.05270875347360100965
0.06643664863160106404
0.07032030128092520149
0.07464726936225671294
0
0.009632554769616752041
0.006941635364584444919
0.007619968425007133186
0.01625396980052127086
0.01210844714123165272
0.009053150155028048818
0.01095061170500907441
0
0
0.007604794019502167032
0.01111575553300389249
0.02155993477702256023
0.02375882958597846928
0.01205656306395958347
0.01095552221567615281
0.01669294708295421953
0.01490010313632962949
0.01065088272761131882
0.03026043927202755335
0.02011563141238266808
0.0219495387990174505
0.03881093928009543559
0.04155245144855639061
0.03102259967494988904
0.0262649158541525124
0.04364475091033304111
0.02377016214668379798
0.06428406194078337133
0.05455249956643731801
0.07258966490374625657
0.07007849523082854137
0.06771531077166127732
0.06954144073382398372
0.007206466889677813105
0.00794871528672044976
0.01764079557420016042
0.02320706098086815911
0.01222738029586697972
0.01227113329327031953
0.015739628896708064
0.01438302233783953811
0.01319864469698070648
0.009657733889157440327
0.01581127621970427818
0.01351763358795949818
0.01039583426948779629
0.02200093173751332259
0
0
0.01020463594547315472
0.0192924494605294268
0.007307626579807719423
0.0139302657859502136
0.0188167922354064987
0.02139358444614699803
0.01398524887705720511
0.01882853464811417438
0.02243401164799053993
0.03542905304050042448
0.04151880946718309456
0.01990041161666898303
0.0191223389511498941
0.05563910094064914574
0.01682515516545066495
0.06612140389469402246
0.05903080475847379688
0.05367496757508703753
0.07304769450203750514
0.06748301070206705332
0.06396156935262276022
0.06796052582426172217
0.009094612988240893814
0.01283172450395693442
0
0
0
0
0.02463762120924662194
0.04053693064578087202
0.0110892864081386603
0.01709664574579975588
0.01168784863552055353
0.01033626684818820564
0.0117799373878746047
0.01169665177472268766
0.01380460605732707936
0.009516119635459358711
0.012516159932207227
0.008182306379899846258
0.01134736072558270754
0.01014183544242774904
0
0.003614701527310578994
0.006987857427727764761
0.009608398842923238786
0.01916417474315479721
0.005076791653090704549
0
0.01785326532797936253
0.01870985252250079861
0.01936397116331875848
0.02347721093564498693
0.02111226316240014458
0.01919814567952627185
0.02047337261208974704
0.02150957836429504
0.01600786887583537099
0.0176904747971463952
0.02832981146902732034
0.02240841859001694789
0.02534863304986524277
0.05533608491937734575
0.05921742432790563088
0.0512318083083270065
0.01426104872470926668
0.01576681655540837154
0.01905946750007025611
0.06794849130929631054
0.0637612572402076333
0.06079116882564358781
0.06174991587445960439
0.06571457587501332298
0
0.005183344138524325143
0.004490474544145054911
0.002503687292764839381
0
0.01043594484813203244
0.02614703135950123894
0.0334072715639890383
0.0183617569955349634
0.009671441418566210577
0.01607141988532706164
0.01829283061490035583
0.0115023090308873123
0
0.00826531958827011852
0
0
0
0.01010743884343177391
0.01073908581159370261
0.01320642284486485234
0.01090928849963678816
0.006178092787524893867
0.01876514573027985092
0.01979205031653698613
0.01893244261454661223
0.01674876512478481669
0.01640148583887884176
0.01005383869518306807
0.01733515843877634147
0.01273208671779431193
0.01880407792687654317
0.0162876066513258852
0.0178152303532480745
0.02183864494095970679
0.01113475770354884278
0.01384287127013711372
0.01263374473244336174
0.02016755154994100477
0.01933209129210632093
0.02423117823695001075
0.05846551890321173561
0.06135095987409693724
0.05071551494959818801
0.0443006428415365916
0.01373911485242489648
0.01671356388306621463
0.01877274740318423188
0.04077952757258689054
0.06716253126332065448
0.06593161120390721164
0.06282196643526148649
0.0646820051536575874
0.06417513556027266974
0.06289380917729754661
0.0187595339619858574
0
0.02952910178208702913
0.03641453134675840669
0.03143885841609155712
0.02926542229185723903
0.01039497584761146266
0
0.007802481352063557127
0.01208329232930896273
0
0.01692350445059165667
0.01663517099795732909
0.0122386539068037193
0.01863958273713501104
0.01664693845211483517
0.02045267625805514272
0.03676127766055790891
0.06262926481785982546
0.04631941023387294021
0.04532885013504962118
0.0176715837700298431
0.01582984019777334411
0.03960919364040466767
0.02868979542772553265
0.06528198079736118042
0.05717692653291033683
0.04465366111661014936
0.05975174674431805999
0
0
0.005012235139237266983
0.004290616389526447257
0.008535676524601583381
0.004163087595153898597
0.004921780786135675385
0.005406813934304337786
0
0.004859919810345868403
0.003062659414816337657
0
0.00178967292794804736
0
0.003063762937634908774
0
0
0.01206554258993965296
0.01144078938054662875
0.01021131292556886651
0.0167270260695435366
0.01541455290623019482
0.01575429735357225525
0.01124966966961411102
0.0148983282099494109
0.009778723798636295567
0.01262612398089661518
0.01784185042256357032
0.01938748972839213908
0.02939107481955571116
0.03499448532908111531
0.01806141596603042659
0.02775644052006051923
0.02816469739941435818
0.02100834950546653229
0.0407398863134574088
0.0199521421706505761
0.02099373931195502169
0.02315884631045817682
0.03408048939746361611
0.02965436443750948253
0.05928389372466220941
0.003850627871619052237
0.005546838263578614779
0.004317226499212818182
0
0.007523033818261962678
0.005943459692077590444
0
0.003173055572089421988
0.00490659094234709766
0.02455151879904429735
0.01670180100799806625
0.02414725945167954177
0.03060359731999754904
0.03438278310907090518
0.02927651344867647498
0.02445320622702368968
0.01765361164442010022
0.0177513979263634776
0.02091575011893027219
0.01850637423347161609
0.01954768746526028278
0.04872975822528990975
0.02570648540227676512
0.04086300880261047042
0.0379293674023532465
0
0.004294692514694854572
0.003158470424956674912
0
0
0
0.005422638469629401797
0
0.001696448025512096915
0
0.004768039947541628451
0.003242472545990000322
0.004941698643825141214
0.008833055387340154122
0.00876675064562518723
0.02221006398679874552
0.01942425784987332829
0.03591363157171360843
0.03295554045843010482
0.03702602511038001476
0.0259406134118324791
0.03264842414390347475
0.02245518008630527015
0.05335041006680842079
0.04481053328369511563
0.05740914379335231021
0.04895374366069348698
0.06163354698122482794
0.05256621207409040847
0.02757335299560671055
0.04785911107371771528
0.007203411982806583354
0
0.004519026093615935956
0
0
0.001385019687837337138
0
0
0.006032460180706268431
0.03210017795701363558
0.03382078442073097047
0.02221667708169032876
0.03772887450247282976
0.02876302190949685256
0.0320701051250007127
0.03439255879244560582
0.01574253740211389863
0.02590019176381527094
0.02900826497798920586
0.02442511574367211419
0.02498514928013825798
0.02907625969507244071
0.0287006441332029287
0.01970034014927865215
0.0245638244628379708
0.02478285759123703344
0.02425886036182902175
0.06251641205289314163
0
0
0
0
0
0
0
0
0.009761135091215570464
0
0.007800833920589434617
0.01683485118220654983
0.01234688086815958173
0.01722205059566790999
0
0.02855331474922073731
0
0
0
0
0
0
0.007921529478485032916
0.007108282150098731676
0.005949368728769062475
0
0
0.0152180500114688904
0.02191204297187780703
0.02090734622083643274
0.01790138081170816742
0.01289596838567785148
0.0138582791455850729
0.01741458795886800803
0.03705166166407512784
0.04331830347868207559
0.04216305392191607715
0.03947005823770580873
0.02615289635953612496
0
0
0
0
0
0.02301902171377367273
0.02297490663982234074
0.01870865774888637659
0
0.01336336004775252537
0.01046846163422602421
0.01130475466420824589
0.009000256534401640876
0
0.009035259439305503779
0.01061498056557170534
0.004506860880931148026
0.03193290331114524011
0.03618527176688135505
0.01352807177595295035
0.01205401185088543839
0.01850592111415516952
0
0.007615333928199472316
0
0.004605157264578897333
0
0
0.03321084470206530498
0.008145819093691341467
0.005416977587745675816
0
0
0
0
0
0.009189323375773156624
0.006257745657550298386
0.005584955012342174979
0
0.005909162210082929273
0.0522302228167836266
0.04995499608044728229
0.0496278221792387994
0.05503453246533811238
0.05516311671452971827
0.03282115456678434684
0.03475094841170555532
0.03838667760723848271
0.03777919692396801421
0.02994196543906602059
0.03813819499226848986
0.04304652842196799584
0.02230685784108015629
0.03285444661612107325
0.01746487057908652565
0.01379474340133849883
0.02086215789639274745
0.02276197547273953528
0.03569252181184665723
0.02814991825126269762
0.01332507590389720754
0.003947137016888071538
0.00650124562302528599
0
0.01033880877089612092
0.02853297228292268201
0.02704408905625232604
0.02573299855651178455
0.01439212542025467695
0.00172894814931476618
0.0003313448464936732973
0
0
0
0
0
0.0009682018090375885729
0
0.00789857360411930394
0.003927884809946440188
0.02786144884893906534
0.03303968094782906012
0.03041543810999538036
0.01614556777601301035
0.02210709733288086093
0
0.003730605611218414542
0
0.002847283838503646657
0
0.02366229122470992277
0.01583678350480755004
0.02966154722040939204
0
0.05197788859532834899
0
0.0136686861421101459
0.01053863573893696823
0.01431545886415032907
0.0126069673211081975
0.0007187520139531490939
0.004341542713932678918
0.02159228628685798401
0.01242971225782970104
0.01338281329579462005
0.01113195947596161417
0.003591754889103155636
0.01647088347146141371
0.003779995567229229702
0.009664769278563672267
0.01997689358391945003
0.02098166618117408566
0.00875676639514836111
0.01299887485814125304
0.006433689844610290809
0.03473232916657760516
0.02662971140436841758
0.0230446664900827887
0.003211739597088330948
0
0
0.02872184047187147787
0.02990931198696002505
0.03297525030042053329
0.03683146688778519973
0.03827281971365931179
0.03729087273705371242
0.0413366714243934355
0.04981989681295252714
0.05786738910783629369
0.06104127237106930781
0.05943122327494928386
0.05793201171246380177
0.05729763293916702999
0.05702986096201027172
0.05536178404822338778
0.05288126799619648905
0.05024491965865567761
0.04671241334713984589
0.03447640868914034901
0.01440127247091560828
0
0
0
0.007156667612546670741
0.002822994840014993873
0.001875058430828521489
0
0
0
0.008629351291267765497
0.01401304451864067782
0.01122015123314735498
0
0
0.0168355211113408107
0.02443737560622485233
0.02747911541864368409
0
0
0
0.04664469137295468304
0.0301287910576195743
0
0
0
0
0.04080658571597478579
0.05626979277133022789
0.01425433827494436249
0.02900745320831799381
0.02748329437084777796
0.03565915040380533696
0
0.00984874517281403121
0
0.03991853357304305655
0.04774069230356792898
0.03716550449631005754
0.05610162721453088724
0.05945546677312421591
0.01371971412605008621
0.03052213723192892178
0.0287628429317843444
0.03655323982876054062
0.006254813019559360768
0.01125240339364841358
0.05821264362342140619
0.02397862895012988285
0
0
0
0.03293970462667564214
0.006934421005095737708
0.03444364743614201918
0.01532712322694971575
0.05507436400782293046
0.05639866093936710123
0.02996779387866031416
0
0.01264084850751734032
0
0
0
0.01085051521969103427
0.05177290016560032876
0.005556090101462082299
0.007855521320721059811
0.0277282181457519615
0.03325839587902452293
0.01578548914500340836
0.009152776778931181328
0.0568227466204591844
0.05369800855370147896
0.05720176372526852154
0.05264096471805714689
0.03686475325367881417
0.04755223011568200653
0.04455444226036666538
0.05099037019409734944
0.03449790047205922305
0.04279505974553078629
0.0478195616622684172
0.04151734120061650185
0.00802231723653515881
0.009808570956647326422
0.03227183843072105318
0
0
0
0.01735341650494267099
0.01347839127638150898
0.00611248961758043604
0
0.0118740736083251773
0.01885929989771967588
0.002400785644026098842
0
0
0.02014113865494042421
0.02231668539257307751
0.02380236827728251375
0.02248353437264244414
0.03111508986176370062
0.03003400154828830479
0.02819012399707047922
0.03177155989176642242
0.03461143487512746697
0.0363115720273389786
0.03265002078267727204
0.03466175300071394627
0.03723995980229723862
0.04013509056524312141
0.0398749656081007417
0.03384390577648866555
0.03986693733584788235
0.04614238362322767295
0.04384243862363603611
0.04298792017971080764
0.01331353909260318304
0
0.01991427028265008517
0.02552647185985324613
0.03574673123255358437
0.008119780931038992483
0.01018939386999565162
0.01704089642130362375
0
0
0
0
0.008409880748431054764
0
0
0
0.03137005184877179886
0.01874966374801308178
0.02831971951486187897
0
0.03720926659117964469
0.02758931697205966802
0
0.02816899877282344825
0.03200702022056309964
0.04155498758509033885
0.03370471623253633309
0
0
0.01258061815785904702
0.02313578907451254926
0.02298100863890709111
0.0288275480465847167
0.007553628730726800848
0.00424233332628684047
0.004417233891452346413
0.04448756122678491909
0.04258086329246585366
0.04364681355836168286
0.03467048456014242691
0.01543281307247242225
0.0450550734257975094
0
0.04039966904464523112
0
0
0
0.02186506422979649089
0.0337985999675630075
0.03948419049770179184
0.03914301055661951328
0.03372499494738701725
0.02628735666342319269
0.02133202602422187844
0.02127288752670465979
0.02408119812662237388
0.02528148099317583178
0.06622451309272585351
0.07232640340015503155
0.07247508466956124884
0.06897146530795873753
0.06519977178003863449
0.06166139467110645644
0.05566847896930503942
0.04380917262843776055
0.03008560984335386865
0.02052970505827908174
0.02046413333989383077
0.03047368049484277391
0.04619382604321016494
0.06168423886621092478
0.070599120396778417
0.07301741253241073037
0.07200016824654349723
0.07188233605652841196
0.07306483720546914917
0.07432909392114395164
0.03877537198385422323
0.03779042148656066441
0.02336177442387637679
0.01807410757929823683
0.01980422985841654576
0.06529486138703866072
0.06712744844373735864
0.07420745941584722116
0.06241530164032936534
0.06101546435215218084
0.06888933379745316998
0.007695796990684877423
0.01747871382473078702
0.02455763652171804451
0.02279986846432851752
0
0.03238078938025686082
0.01077541258229515291
0.01674986159209875328
0.06607885775882690882
0.06990111371911039706
0.05987400703120335926
0.05163810365868802543
0.07098236670096323697
0.07198751691385768536
0.07009818504067630296
0.05485348867887027136
0.06449229195539968318
0.06496633829225535728
0.04809659113049197243
0.06084220571922210885
0.07055652468295509072
0.07265709803490935648
0.06523305643227453321
0.009838144374821691102
0
0.01373274720440843116
0.01312224778585722139
0.01735397851086590074
0.01845532272242778743
0.02546571907272026855
0.0269501518654914167
0.0223429089968345089
0.02073212518139750174
0.02323811094911865799
0
0.02166915391947676559
0.01190290357895045469
0.007922832525720258437
0.01170925912261954784
0.01403127352717042919
0.03211458088928886845
0.01919816308747179096
0.05454855835808401776
0.07184063454421109329
0.06334647127399126165
0.05075719625603130475
0.0430514804254954267
0.07194700970983322619
0.06820195236388142124
0.07309979552726773855
0.07272390762973866829
0.06931635656692254621
0.0706323030041439287
0.06470328961719420957
0.04434401029355757029
0.04147048497512061116
0.0585271249084418424
0.06641054160568347908
0.06153417421349111766
0.06881684296663777289
0.06302471879072726879
0.07025809454804737841
0.04905289142315692047
0.06450274808535660931
0.05740066034397222489
0.07051854469522826629
0.06734427540181694982
0.07005580183751426715
0
0.01854189764474249713
0.02140969127949823858
0.01558189575599279453
0.02085336422035134057
0.02265811770269147291
0.01458328675391143067
0.01694105774993391253
0.01430569552526301559
0.01945663729398613984
0.01740542304780043695
0.01702290388638077676
0.03870299504543624897
0.02756286759618411034
0.01990144718463021309
0.0184612353156355137
0
0.004375965586118778401
0.02193844037331645416
0.0334034750502616648
0
0.03625733822182622412
0.03988527541414144811
0.02612437742273317556
0.01543199940858841664
0.05453966126931920205
0.06584856966050227356
0.04002827299655406512
0.05166032403281636126
0.04600721980771093483
0.05581295617570613404
0.04515794032156651011
0.03980254637152442349
0.04160125980279053004
0.06862348547638637275
0.06467170895966836697
0.06949394245997059238
0.07054419820007055975
0.06714879152593473954
0.06797121719802944051
0.06219109603386678564
0.05834502712428418086
0.03356160423239033103
0.06324744601974266467
0.05946332301407974974
0.052494472981688238
0.05872887517058109075
0.07198874290856108193
0.03162788482003185686
0.02522117534661249758
0
0
0
0
0.01258567342638820981
0.009103382673204304942
0.01942771281033009792
0.02426398215105586564
0.01567759168056170882
0.03055340747496897505
0.009015057426083779302
0
0.01926017497905494966
0
0.0378703734264017669
0.02192301792175244818
0.01807577701949682203
0.02522231668615540837
0.02137860689114048224
0.06718687319365755639
0.07203550191232650779
0.0641002355069143076
0.07039069563607333602
0.07199354439933214334
0.06945779060644144409
0.07057268378302260226
0.03835525966079524757
0.03743482008698160307
0.05414225837126931951
0.04624635427988518788
0.05010673207436665277
0.04775682911707827827
0.06008863058347127528
0.05671748832059109874
0.05511013490880210114
0.05297996180179766895
0.04958411071676834675
0.05965204703654673757
0.06068156172081700522
0.04203616507140082309
0.03734548879402155297
0.03271752837629788441
0.04055286466229776621
0.03900455761366893731
0.06647406097315151918
0.06500304419498599551
0.0657145265849737592
0.0549466237444484612
0.05067573882402823249
0.06065684888776179395
0.02623419852492806653
0.03725934011018546682
0.05586763932270530364
0.05300129745820655186
0.03465876634772405152
0.04398307566000187602
0.06144122990627676195
0.04274650010526308275
0.03448821473047081199
0.02181357765294362344
0.01849691027551424519
0.01710929874997122596
0.01800048751391434068
0.008806103464042097304
0
0.03290308784592922003
0
0.0100359575074494365
0.02954465959818312545
0.02581341854682739703
0.01385310335409017414
0.02720592369325224025
0.03756090759598632728
0.02576740647038091095
0.01621918198288337803
0.02454625355282271867
0.02930923227513985638
0.02313740614491338263
0.01511931921382710792
0.01832813849419572677
0.01845273489637875089
0.01718501823711894583
0.01428236508348302604
0.04271726744964906425
0.05490373496469306419
0.05246906444566124678
0.04968857881126312326
0.04896832007022896421
0.04070068240331221887
0.03894161119013395816
0.02830350696600291566
0.01915897014376290869
0.06062212074245194177
0.01253098396610947962
0
0.01915168835141977874
0
0
0
0
0
0.02043470522087987781
0.02702168949839278689
0.03265367163236757714
0.03602361617780953928
0.02540243314599561
0.01305693387655467233
0.01337720560474628048
0.01945981588500876255
0.01706464230584518391
0
0.03027260148472342427
0
0.02354374701543673204
0.01354028329301930865
0.02007222065586034346
0.04369848267743346032
0.04784993162396536381
0.02234262551319441195
0.01519682346774242632
0.02352822023420659062
0.02261894362511405673
0.009405806605748369062
0.02573408526040196417
0.03042835682571983294
0.02458041494354075082
0.04775839174611840737
0.03217134242668821809
0.05703802940278153433
0.0665606072698036455
0.0143031943130428451
0.03182209576491714514
0.02111054667966923495
0.02724863756640259413
0.05984594079036606451
0.06754879852792632089
0.06448374428956747673
0.06080324781427202951
0.0618430079240493355
0.06136450899090858252
0.05935239030292348977
0.0583110893666843183
0.06229877898173298567
0.05933940604212972758
0.06190846591705007756
0.06615186131484716847
0.0246031271859001345
0.03129297208125680213
0.02606686418057540047
0.06636983399944469675
0.06700727528163999414
0.06243559071150522194
0.06656120314588244435
0.0579873335097249587
0.0584881302205973036
0.05410123559272787819
0.05415949124420521565
0.05481719262814101906
0.05806035005525663623
0.05988428381312933813
0.05560802692817095466
0.05685189484104101465
0.05224905146258794486
0.05660293292138367238
0.03484546275903038781
0.03511467062251948101
0.04423088009878629878
0.04333430451535456168
0.02565483148586438986
0.02243826410212249045
0.05013614484329780019
0.02466784371766049533
0.03380072110411470182
0.03527545787004398442
0.01849964716248729893
0
0.01104874297857653259
0
0.002559130954649724461
0.009879563814004796787
0
0
0
0
0.03089512616875557047
0.0674752309172368947
0.06745022476060469341
0.03577853836624890482
0.04279847477922418125
0.04805036884906445371
0.04353566839086791401
0.04545323825430522963
0.05424752486686330172
0.04557916512651534469
0.05658001966202082234
0.05078426217501130074
0.04409318086061513042
0.04030666638905176097
0.03089244297525695418
0.03354733630139848655
0.01869407747431643674
0.04863784779896517668
0.05649009836506391213
0.05221106936260421633
0.02285030305769555209
0
0
0.01364380546933183398
0
0.04736727015521757095
0
0
0.02574716468913257686
0
0.027368284584820185
0.03884629821932411575
0.009456759128725577418
0.01939085143664851657
0.03416869674736219137
0.03558741230074987522
0.03457008802027249084
0
0.03730358801619586273
0.034328857235071987
0.03734702756145450581
0.03796603284183006077
0.03742461819916003546
0
0
0.00443475397873373603
0
0.03739131225393905328
0.04188848212852633313
0.01515544364152161642
0
0
0.03653858629414255543
0.03388423263429925225
0.04058256922705660852
0.04044933019686550169
0.01191568427280654228
0
0.02425642919260123306
0
0.03297064821853017136
0.03795248263064789768
0.03956713694531623082
0.039698189033277681
0.03959785622389590948
0.03733241728956682159
0.03718080632860087942
0.03021305479910744995
0.03988561777633898436
0.02989881438031657956
0.02724973041596704532
0.04200493450661296757
0.03871352715271701023
0
0.03270524557020873524
0.02688747095846336088
0.03948713204571658447
0.0394416593007867744
0.008443803447017476579
0
0.04899579410888508374
0.02343229368030722362
0.01011809235831406112
0.03963004934807223822
0.04163282704290915959
0.01005760734817428073
0
0
0.01660648179760197685
0.01952475230231937378
0.02730547167056770683
0.05235200392197918162
0.05661020125775814704
0.05934489426762781794
0.02460977531325366993
0.04915469915681821428
0.03817232869393297201
0.02704763323060589697
0.02643758581161376187
0.04335647500626990669
0.02858604880862903805
0.05629365509833850895
0.04212151802204223972
0.01401069235054292796
0.01571449954546991906
0.01288075719732636841
0.01582069661843107586
0.01418327630832924742
0
0
0.01247875795650889991
0
0.0534083769724760446
0.02186574099810845856
0.06361123345709024379
0.04672885115223657931
0.03357293936456434702
0.02326293337716258888
0
0
0
0.009355603626081654065
0
0.01372374119547175621
0.02153254847408430511
0.03594413598940460891
0.03766009792215082447
0.02978058447731309413
0.02401055431047074279
0
0.01252252700351792758
0.003430865125532396934
0
0
0
0.008606840480524277637
0.01649325723663672486
0.01139900169918308531
0.02242175317978990778
0.009247393754235297067
0.01514146797316358317
0.036586316472349667
0.02784165252437711957
0.01882321309640269669
0.008535294306570915049
0.005091728859527345358
0.007395107497944918527
0.009452127035456319576
0.01610917227794901596
0.01569024971159492174
0.01079135749386903737
0.02164017045867909494
0.01297860994453571733
0.01246773578237576029
0.01876665375505074881
0.01154104027712062053
0.01757747111100370352
0.0113175147338433011
0.03223719709137178729
0.02793436713938956054
0.03023793057005851048
0.03364059422234304264
0.04354608693582551204
0.02673123128148709171
0.03709044902795044507
0.04088255867857621545
0.03863710704965599152
0.0377815296608679449
0.03421816426416340873
0.02872236005261319391
0.02699755045884710478
0.02359324389908782835
0.03786699604568533051
0.05133533454613896374
0.04850908998950727996
0.04337116705163004959
0.05091064391331989042
0.04737246066558154639
0.0317247417812677665
0.03035285760654887754
0.03689788229198284059
0.05246262355514162701
0.01531944408739135954
0
0.02123442689607113465
0.03992493430293227175
0.03341296052728225802
0.03708575296870480348
0.03847480465472021688
0.03807108089162236642
0.03494727582723281684
0.02869890287796197925
0.02374815317955008762
0.02225707263525295021
0.01812986774011783944
0.01822542704031323429
0.03277723276736406455
0.04324362902988642537
0.04240991794635105144
0.01668904800397847873
0.02327399888619330337
0.0185603790410398678
0.01324926570499667874
0.03352312539747509534
0.02531340835264836442
0
0
0
0
0
0
0
0
0
0
0
0
0
0
0
0
0
0
0
0
0
0
0
0
0
0
0
0
0.01709800465482742837
0.02084853556018338716
0.02195248141396896613
0.02797537809740921477
0.03679329738241803038
0.04643378351574082435
0.05461037152741646944
0.05977734757374198599
0.06209623658841144367
0.02711597853446715695
0.01857409437822322984
0.008820512063248828888
0.008036013271593037827
0.01407453903281293515
0.01403340091686556927
0.008236127786139357809
0.006049825713113628906
0.009722815684296826771
0.01128168445117586766
0
0
0.01009341588230171401
0.009368867685450936802
0.04963341095467584813
0
0.02016530624280298695
0.02859860094039921516
0
0.01826580282896814525
0.01151160158939640646
0.01696228262282201832
0.0111739442898234273
0.009514440975342897469
0.02231308761299899759
0.02199174775582101241
0.01733091659672069546
0
0
0.05237395161230009449
0.05888333567600647495
0.05862475046755959152
0.04080039971615773142
0.03946119864356661955
0
0.04909400712454246168
0
0.03390979997969122139
0.03294859931494611288
0.02534250699065921167
0.02354404486380872602
0.02303562560082065419
0
0.02268157194868497539
0.02407954181373023889
0
0
0.03278986560299968628
0.05105966910284250038
0.04296854339759133279
0.03767183217373658993
0.03858597920579225765
0.02886084051318413626
0.02889322937528817151
0.040240886034073442
0.009634086902129130117
0.01267802599923603321
0
0
0.03678600216972609249
0.0072409625661268677
0.005067141948714899875
0
0
0.03874102463400592999
0.03652044346330927949
0.03261639394119379698
0.0321652197705459969
0.02966260474217516721
0.03085655115971664211
0.03067888594886854225
0.0132336642852308034
0.009099696494006260378
0.03744889769537089463
0.03547784037820166797
0.02864570814661096532
0.03476407095486488963
0.04438201295164029281
0.03828527568984085167
0
0
0.03027430145662877992
0.03166746010054961175
0.02332737319946801349
0
0.02525688292956114467
0.02775228218693878354
0.03074211687414893715
0.02379919804443337075
0.01137044185335151468
0
0
0
0.0314997942501555328
0.03809050708421169579
0.0194893544120828717
0.03640691314805707957
0.02331463478676486234
0.01963578726732106636
0.0193444785543590049
0.0451569754363553566
0.03502187663165855919
0.02048720744644391689
0.04797604381223101455
0.03003624144787691436
0.02448375670908089011
0.02188866423816745663
0.04266441661980444749
0.0378400631609899854
0.03582423848686182299
0.04222943494934489755
0.01696223674218148153
0.003827159444368096689
0
0
0
0.01445571517729711715
0
0.01302960142859681605
0.03837664646160467846
0.03582841579484172256
0.03849618604732615856
0.03784000367690004002
0.04464060342208445858
0.02264267740657863529
0.02654815407067934521
0.03375527615118837504
0.0515905457424443506
0.03405952521562896629
0.02965046330403313044
0.04904916503855957094
0.04731485578952761978
0.02750530153301233155
0.04436473499027196454
0.03077219443755534883
0.04074777373797087987
0.04973729030856139516
0.04763656399653676959
0.02311673325603880516
0.04373490999221325143
0.02746700737430916861
0.04572013194798047603
0.04830897517878902925
0.04927334573924756211
0.03903228450041827668
0.0387425029524940262
0.01427334252232760441
0.01319497488007082692
0
0
0
0
0.02736807783456381496
0.01461336895277155767
0.03318212800623043801
0.0388710649487692822
0.0333631410681554802
0.04471859617170095141
0.03924657675280603802
0.02976577671288988328
