   0.02332733538273674
   0.02244975360086027
   0.02090725068695668
   0.01903286282684657
   0.01754247666429863
    0.0150800441810112
    0.0115716933917659
  0.007930044958660887
  0.005540603030322555
  0.004576897137177225
  0.005155328201858668
   0.00366051973012865
                     0
                     0
                     0
-6.002615496561688e-13
 2.323059739103038e-18
  3.52112247763911e-05
                     0
  0.002838061612892091
  0.004112099486286162
  0.004301399588168293
  0.004906562448039155
  0.001654293441475183
  0.003243377843483466
  0.003196437094491234
 0.0006332193106076171
 0.0008791112148695235
  0.002219036516885585
  0.002111543120094715
   0.00169306448777296
  0.002398337266226307
  0.001877707583450979
                     0
                     0
                     0
-5.895230815201804e-12
-7.917886778476581e-20
                     0
 0.0008443279059761229
 0.0005745705086088569
 0.0002960976864219681
                     0
  0.002327237756333698
  0.005830580671665095
   0.00940101800189817
   0.01214697203082512
   0.01396069918892636
   0.01593710775050002
   0.01697742648569954
   0.01923347926106638
   0.02089538800865764
   0.02314188092716961
   0.02496814141489528
   0.02691362117062845
   0.02908264053741008
   0.03159900004722899
   0.03359862301338132
   0.03018046990493416
   0.02698369027487495
   0.02575348666453434
   0.02541596183976173
   0.02501506058120487
    0.0217106837777158
   0.01676949228887459
   0.01355090113847748
   0.01082850635132341
   0.00839646582305356
  0.006906614714749434
   0.00587776821155802
  0.005006726848451717
  0.001301220033330156
 0.0007816313844700543
  0.008748489091859862
  0.008368196653488116
    0.0121131375007048
   0.01940436127259634
   0.02217506549185731
 5.293955920339377e-23
 7.299584855201278e-05
                     0
                     0
                     0
 0.0004451545087726423
                     0
 0.0003533996463968991
                     0
                     0
  0.002975202170599424
 9.127424067993255e-06
 0.0001424796054856169
                     0
                     0
  0.002088433688225289
  0.005887440194310613
   0.01825496433320929
   0.01345630004844247
   0.02328202349122222
    0.0257924475810251
   0.02818347289879707
   0.03161103587805318
                     0
  0.001512548256761114
  0.001260314806417021
  0.002420471328414626
  0.002869611890976956
  0.002562745052976986
 0.0004046868068137875
  0.001180862149944101
                     0
                     0
 0.0001885222212021012
 0.0006598660447328231
  0.003650843939607172
  0.003474184948974541
  0.002383357504059803
 0.0004597877823826021
  0.005434195183855265
 0.0003747244401936025
  0.005555614480935835
  0.008007259997300058
  0.008524890571639573
   0.01256955600359936
   0.02065156444607051
    0.0207560357502078
   0.01719458468496829
   0.01593518284655147
    0.0180486113646069
   0.01560118901283873
   0.02393010373242898
   0.02445404242823312
   0.02943506470340413
   0.02809830541440541
   0.02633055780906783
   0.02728405149491219
 0.0004251723221365073
 3.864877712705793e-14
  0.005094701288723726
  0.006787014173837673
  0.001887362253957117
  0.003025857807162023
  0.001639980890117811
  0.001235090929894146
  0.001445147044129938
 0.0005716779274743645
  0.003312148164481822
  0.001757556205455145
  0.001058818376485385
  0.003078359611351983
                     0
                     0
  0.002543745106076973
  0.003331051609895897
 0.0009037288613646159
   0.00561650874594206
  0.005086584341476654
  0.004599173625785391
  0.009243838375137883
  0.004886900056780301
  0.009589762726566184
    0.0168702585051608
   0.01928560760122699
   0.01108620126856782
   0.01031433315218208
   0.01843166831274266
    0.0154322991173546
   0.02416918120697019
   0.02151868441173608
   0.02517607798897394
   0.02985617266914222
   0.02622335641942183
   0.02546039027491716
   0.02672189476283226
 0.0005066693814542428
  0.001187550687257168
                     0
                     0
                     0
                     0
  0.007203505271643653
   0.01438912978984408
  0.002554169454420733
   0.00419776491776477
  0.002613176785403349
  0.001480113481899045
  0.002711112234965228
  0.001395086015918391
  0.002482053495513113
  0.001875327520483943
  0.002711586743392949
  0.002511473805265016
  0.001085321404286096
 0.0003949324846851311
                     0
-8.470329472543003e-22
 0.0002023019502714383
  0.002715057459715025
  0.003332097494949919
 0.0005596052331473176
                     0
  0.007375753913015514
  0.006249728231921842
  0.004670409602864151
  0.006254969253678793
  0.006704759978043586
  0.003513007238195374
  0.002354084784274815
   0.01151397336636632
  0.007057857072892726
  0.009063750602609966
   0.01354354304618103
  0.005643059352559749
   0.01503989732927167
   0.01723649118047082
    0.0196918091896282
   0.01629694433728202
    0.0154381234949615
   0.01179721793897658
   0.02013056528256885
   0.02568222214953767
   0.02260332365500072
   0.02498614756947992
    0.0246274040953494
   0.02556213667478149
                     0
-4.323062422970765e-13
 4.670881163269505e-22
 0.0002047203049440111
                     0
  0.004435603521542728
   0.00780016252352861
   0.01107420258363023
  0.004958807593779441
  0.002342649169335365
  0.004424642398838401
  0.005971629947856133
    0.0023657660746395
                     0
   0.00117921453152073
                     0
                     0
                     0
  0.002030582789036566
  0.001963433421115062
  0.003189709540200275
  0.003087031896066233
   0.00307070881146751
  0.007321572404872272
  0.006268779496060872
  0.005685523884601621
  0.006419625720217917
  0.003173491797566829
  0.001241520018688054
  0.003491328564265624
 0.0003133580030005031
   0.00161410017708791
 0.0008758680281575012
  0.001741408887264625
 8.332164901197321e-21
  0.006532674446119668
  0.004852313270642458
  0.007939038348409068
   0.01197913808147829
  0.005161618547571297
  0.006213157011148452
   0.01852122866321092
   0.02065156506151801
   0.01536008208141563
     0.013627791905903
   0.01211735712700798
  0.009066150814795775
   0.01929635536266064
    0.0243553414044011
   0.02590504093766843
   0.02490650508474697
   0.02431499508068993
   0.02342483940566564
    0.0222655204736729
   0.02499353833816652
  0.005159247823340537
                     0
  0.009292174988576242
   0.01244995035061129
   0.01033706312302873
  0.009203840791021246
  0.002010544659501234
                     0
  0.001522036401521578
  0.003129909019652174
                     0
  0.005364152649278984
  0.005847824143090327
 0.0001287288685660229
   0.00553681831385647
  0.005037561897232885
  0.005666007985052117
  0.007764059157802206
   0.02184611967161963
   0.01526598587762659
   0.01674402264842687
  0.009364222468946869
  0.006968706165278431
   0.02486143204226753
   0.02168114301183349
   0.02504159705039499
   0.02392863178769065
   0.02340172687917345
   0.02333075278791458
                     0
                     0
 3.822874949187171e-13
 0.0004296156724675042
 0.0002429444851097502
-1.220676587622518e-15
  0.001266420823777537
   0.00015876785602713
                     0
 7.132206290142314e-16
  0.002335352496531062
                     0
 2.562791189508228e-23
                     0
 4.440415003349621e-05
                     0
                     0
  0.003784089891304324
 0.0007048041788129034
  0.003703762637556693
  0.004421115678741837
  0.001999922190130035
   0.00508680706165605
  0.002453555458154877
  0.004912392867947667
  0.003151934680983386
  0.004193214556996815
   0.00591711319998194
  0.004995895988887817
  0.007106392714483809
  0.007232866761680137
  0.009906767574381886
   0.02331075072049175
    0.0225766118662935
   0.01847873444998248
   0.02364455293188546
   0.01535628745489762
   0.01226797962901584
   0.01818037142465446
    0.0199979096231148
   0.02063145791254149
   0.02378114502716131
 0.0001833909185268402
 5.443483991480955e-20
 4.622956784382199e-16
                     0
-5.517254432828902e-14
 2.144434799205549e-13
                     0
 2.570275324992375e-05
 9.552707025207759e-15
  0.004864538311275908
  0.005613467191779051
  0.007623039070280118
   0.00701878652476789
  0.007687159415714209
  0.006353322639174878
  0.006195651901669863
  0.008600626541833514
  0.008921726650780178
   0.01092899502874648
   0.01273996353277205
   0.01055043367058964
   0.02166908015927314
   0.01618180248124106
   0.02240232985561145
    0.0223172490773511
                     0
 0.0001730078208429921
  0.001151794409178205
                     0
                     0
                     0
 0.0004362755894986717
                     0
 5.816756611786319e-06
                     0
  0.001663009529780118
 1.829101912361216e-14
-6.584209695633983e-13
  0.002379607187117478
  0.001943053571697624
  0.006781070013028783
  0.003989881089291399
  0.007583065815422407
  0.007662956457258014
  0.007948618101496515
  0.006213416713723256
  0.007474504388809481
   0.01262771678659278
   0.02264090353999874
   0.02216924752482268
   0.02217072768795778
   0.02034808309727468
   0.02235891796970952
   0.02139910551533005
   0.01876400704517033
   0.02318280416854182
  0.002825123559451277
                     0
  0.001752087607764282
                     0
                     0
 2.910355803031765e-15
                     0
                     0
 0.0009903667248895198
  0.007321513671822814
  0.007081864957927581
  0.005687791541111166
  0.007582550272348791
  0.006639718822687728
  0.007827377327580895
  0.007933469255085647
  0.006416162638800766
  0.007760769418229591
  0.007600750101684889
   0.00709743062497031
  0.006209902256135667
   0.00846938414953915
  0.006604367392114282
   0.01111341437709939
    0.0134489023876142
   0.01275263199805062
   0.01492489720985536
   0.02309681843952922
                     0
                     0
                     0
                     0
                     0
                     0
                     0
                     0
  0.004481818055121112
                     0
  0.002004046338889173
  0.003958958922659053
  0.004721575842466065
  0.004080553928883058
                     0
   0.01610735588457211
                     0
                     0
                     0
                     0
                     0
                     0
  0.002284219401168097
  0.001864299172662835
 0.0009015067605509685
                     0
                     0
  0.005547776754736517
  0.004778782656391733
  0.004168085862007174
  0.003767457402568144
   0.00265729885461988
   0.00364631737608886
  0.007072654911929075
   0.01774704508997662
   0.02019241975966476
   0.01876498116893444
   0.02030177122375011
    0.0146197329049221
                     0
                     0
                     0
                     0
                     0
  0.007421726777680187
   0.01152536349644625
  0.008006287883440056
                     0
  0.005502512840516069
  0.003425196621026067
   0.00302401293743451
  0.001822823308675106
                     0
  0.002489926138256894
  0.003510348813536083
  0.001755630717566349
   0.01615579233535231
   0.01868695248516939
  0.004718662104005113
  0.004371234768459294
  0.009783134511137968
                     0
  0.002119459751323141
                     0
  0.001432628273119473
                     0
                     0
   0.01870348661195062
  0.001990828333921277
  0.001395625984830229
                     0
                     0
                     0
                     0
                     0
  0.003203057971937035
  0.002922025535266012
  0.002310415971389766
                     0
  0.000232594257345889
   0.01762785684006824
   0.01837316148533208
   0.01963636427667883
   0.02051205398034325
   0.01960961697565572
   0.01319703554561876
   0.01544221620251693
   0.01737620858269427
   0.01585435655570101
    0.0136217660365318
   0.01453285350122985
   0.01705431747464103
  0.009873732433570733
   0.01182531909279127
   0.00678006200708704
  0.005380824929477473
  0.009573469463505822
   0.01067406587048525
   0.01258672642120925
  0.008606063368067325
  0.005683461128227373
  0.001252486041851664
  0.002698877361562117
                     0
  0.004016413685864751
   0.01186808962352248
   0.01178920393743204
  0.007878931762437537
  0.004987941644706635
 0.0006000561192060634
 1.124141801555243e-22
                     0
                     0
                     0
                     0
                     0
 5.494868418163853e-05
                     0
  0.002250951556206171
  0.001263591983433161
   0.01043711610088266
   0.01376993324655209
    0.0132448666492307
   0.00411919889841968
  0.007045231120173334
                     0
  0.001116292836898418
                     0
 0.0006242018314103528
                     0
  0.008475107844012782
  0.005165845341929013
   0.01022800384712417
                     0
   0.02393064717197779
                     0
  0.005157971394205107
  0.004704995292962546
  0.008571720748449399
  0.006217448196721873
 2.116382367693908e-06
  0.001110144940360432
  0.006380278883674885
  0.003271181654512163
  0.003128104608748902
  0.004028753889962561
  0.001935026650269443
  0.005973937418258533
  0.001762795744989722
   0.00347728518799246
  0.006430595542369652
  0.006906328472773278
   0.00331945023993975
  0.005007523826861185
  0.002009902413532247
   0.01593366118054865
   0.01228291227033864
   0.01080591430445303
 0.0006233416477951517
                     0
                     0
 0.0001143880452851449
 0.0006419886134163093
-6.750353644198832e-14
  0.003639552989389558
  0.003269860991315552
 2.030925868760228e-12
  0.002783758837716969
   0.00321855507341979
  0.003706378029754444
  0.001932332724046162
-5.887282474575958e-12
  0.005003324622144795
  0.006502015746059355
  0.006429432703144267
  0.006409268293101516
  0.006568020013427847
   0.00686062129628102
  0.007466521730223379
  0.008867504689977313
  0.004544297668245083
                     0
                     0
                     0
 3.501100665552636e-09
 6.324922122159468e-10
 2.608332186252511e-10
                     0
                     0
                     0
  0.002106972718612678
  0.002550662101134214
  0.002095956325117457
                     0
                     0
-1.511422845489977e-12
-2.624108070593822e-18
-5.568364475614332e-13
                     0
                     0
                     0
   0.00629974371898554
  0.002906205376745777
                     0
                     0
                     0
                     0
  0.001613067674649096
   0.00583833723614461
  0.001659573272530145
  0.002155049492903741
  0.001901210931374604
  0.003701378034679646
                     0
 0.0002417498055946598
                     0
  0.001774595294588766
  0.005443534980742782
  0.001788924807932137
  0.004101722268767483
  0.004723788444663994
 0.0003527843264237608
 0.0007562448425915679
  0.001077641446633079
  0.003498930057255032
 0.0006221889205922284
 0.0002517431389456038
  0.006311229086091767
  0.001924532803967929
                     0
                     0
                     0
  0.003339665302137649
  7.53362957756171e-05
  0.003626456001441149
  0.003327583888090697
  0.006371453732502808
  0.006262344481963737
-1.193072457816461e-13
                     0
  0.002338292974094759
                     0
                     0
                     0
  0.001253085269073408
  0.006221172150314354
-4.360359988987068e-14
 3.131107755481928e-05
  0.002235363221716256
  0.003173519264955246
  0.003212573366528704
-3.863129325602357e-17
  0.006430587828978313
  0.006278966679150989
  0.006348503677627463
  0.006153354872633658
  0.006139796206660891
  0.005966540705170323
  0.005942997656236695
  0.006313879126341088
  0.003724616458587202
  0.006211859051219674
  0.006662949290483426
  0.007274580274556203
  0.001696841376138703
  0.001252620523846286
  0.003112277388801173
                     0
                     0
                     0
  0.001966476072663047
  0.001394628728895659
 0.0009882334106888883
                     0
  0.002668093819248488
  0.003502379842470901
-1.432902890249693e-13
                     0
                     0
  0.001535381152703299
  0.004135513405792874
  0.003337430281042329
  0.002080417361034228
  0.002323816619147141
-2.691342165556644e-12
  0.001563183681371524
  0.003518372023687574
  0.003585700157672787
-7.288216642572927e-12
 -4.25361082434554e-11
  0.003277452861163057
  0.003609188648629416
  0.007231428703752639
-1.747725725803314e-12
  0.002643429525924912
  0.005565777543189748
  0.006733811042940747
  0.008156623903827672
  0.008863426684962398
  0.001742129192638498
                     0
  0.002944139081147922
  0.002973222071595149
  0.003426284138670522
  0.002998589137841786
 0.0008374748098578911
  0.003163949477941091
                     0
                     0
                     0
                     0
 0.0007001031035290867
                     0
                     0
                     0
  0.006972712324822831
  0.006811666334096839
  0.002527051543018606
                     0
  0.003068351570789794
  0.003023250495932561
                     0
  0.003802172112462367
  0.002835807247151421
  0.007005695266572598
  0.009393185831191244
                     0
                     0
  0.001844320816093659
  0.002729872562035593
  0.001207990759454015
  0.005721748160259045
 0.0009445637356641804
 5.407693254565418e-23
 1.330650590908746e-05
    0.0101634286400592
   0.01044549408164268
  0.009898739595060655
  0.007474454282203621
  0.002079312040760471
  0.007815432957420106
                     0
  0.005627496147195911
                     0
                     0
                     0
  0.006488079245371597
  0.009774092042933101
  0.009890907652614005
  0.009695855930060461
  0.008793643811385815
  0.007708393761351851
  0.004766405912563215
  0.003946765625540864
  0.003950725127382867
  0.004899254322794954
   0.02444901343614079
   0.02488517591024415
   0.02465744262237797
    0.0245353725036112
   0.02319537888865597
   0.02236315139038749
   0.02191081192187222
   0.02146888107405063
   0.02120394642004667
    0.0211240743426092
   0.02390293036846065
   0.02609262575501933
   0.02671046802890343
   0.02704243830430687
   0.02787810858091142
    0.0289895134720143
   0.03041834147936455
   0.03279358079649329
   0.03542198239775143
   0.03454855963144416
    0.0113456163814717
   0.01040582755154685
  0.005031735377062099
  0.002364281985697199
  0.001401943658501828
   0.02330285185345332
   0.02851926774681215
   0.03344621147197924
   0.01885724156393854
   0.02349149920143944
    0.0230071241146578
 0.0008356475693083877
  0.004452618888117616
  0.004700767381911659
   0.00346324874102277
                     0
   0.01045564521495184
 0.0002948454937610154
 0.0008558965324047501
   0.02466047734077386
   0.02668902108780304
   0.02239355425871357
   0.01543379683368057
   0.03179021161037648
   0.03216730286579632
   0.02880893830141478
   0.01559205351979368
   0.01932727469652214
   0.02155543592425607
   0.01874600422912208
   0.02212835349933239
   0.02403325513678273
   0.02367294023234688
   0.02123866601561232
  0.001603128680920268
                     0
  0.003606318706282401
  0.003467308597828477
  0.004284157241066812
  0.002631158932836627
  0.004286557968239954
   0.00472320335349192
  0.004113993148155489
  0.003518382099965613
  0.004045134945571059
                     0
   0.00697181711527122
  0.003014993062953462
 0.0007705891512211013
  0.001098910069953953
 0.0005586489934003992
  0.009605025411751771
   0.02121476920881719
   0.02579800864508931
   0.02847183756475572
   0.02320611048490035
   0.01710701838614342
   0.01200140068993114
   0.03329374691278685
   0.02889729572549249
   0.03419608160388637
   0.03085574853152822
   0.03038846775673169
   0.02818525955041256
   0.02577891972188383
   0.01471015819377569
   0.01070874768542607
   0.01928851295539629
   0.02291813848518881
   0.02140062953071954
   0.02255294501008592
   0.02184378871001625
   0.02358260331435883
   0.02056100979059724
   0.02337002415523133
   0.02048712804405885
   0.02215220731623762
   0.02060394142764535
   0.02193326899657762
                     0
  0.003578726608907242
  0.006706092617000091
  0.001950028385136549
  0.004253931081891259
  0.004061682779601704
  0.003371253771390685
  0.002554972009124069
 0.0005080023961411085
   0.00136879855712828
  0.001375002297189875
  0.002442332188471092
   0.01114737981304386
  0.009194637697070629
  0.003187907741159273
  0.003921961794287282
                     0
  0.002187014907197371
  0.005884606273598015
  0.007353705810843687
                     0
  0.009475676312905185
  0.009556923978372215
  0.007761525069506144
   0.02082123580719323
   0.02657914210323477
    0.0265162497142549
   0.02577585099960056
   0.01817825981669428
   0.01421926432638378
   0.01999186634931786
   0.01309198172189546
   0.01030084658494026
   0.01131638267958765
   0.02988598578072815
   0.02515070336083548
   0.02834545932446585
   0.03050914462055188
   0.02767547107548212
   0.02668138722844116
   0.02403898942057489
   0.01722080176923858
  0.009316814463816525
   0.02224759863346435
   0.02162616361624067
   0.02133804159866912
    0.0204794165986886
   0.02377613054061639
   0.02078766191334924
  0.008962177107830283
                     0
                     0
                     0
                     0
  0.003739470186729015
  0.002121148007967818
  0.005027814731546143
  0.006603205025112535
  0.003935233620155592
   0.00684810233288942
  0.002022945826192517
                     0
  0.004392362565036467
                     0
   0.01061752016868182
  0.006670048467580614
    0.0219012720713331
   0.02456796138044945
   0.02052720539985756
   0.02707880263356142
    0.0274420762564595
   0.02547795139283974
   0.02595524760969523
   0.02653454856244113
   0.02464594536429704
    0.0250434454118788
   0.02642280715827017
   0.02394278202830434
   0.02437082957277531
   0.01369645914742458
   0.01576920907398375
   0.01489388322297824
   0.01993172440695604
   0.01969739216797879
   0.01747482141158931
   0.01775271016918764
   0.01644535548593772
    0.0219141125855801
   0.02165214145654465
   0.01222475165493055
  0.008819053268775729
  0.008133623028383646
  0.009457461369408811
  0.009309855058310451
   0.02753898888675362
   0.02620870467644659
   0.02504401677046915
   0.01597835414363036
   0.01621151073999287
   0.01850679515227593
  0.007250929652360414
   0.01223906703304556
   0.02087718152056895
   0.01968722565341336
   0.01950179017804599
   0.01938533181410487
   0.02005067752098183
     0.021140443793028
   0.02121835822202021
  0.007033301158667963
  0.005474409768649491
  0.003802059956291415
  0.003692820671335366
  0.001437861185944195
                     0
  0.008228306684889341
                     0
 0.0009388103550867853
  0.006496104112821203
  0.005635518688318099
  0.003388458839112768
  0.006220954784272723
    0.0100528891130094
  0.008484913568086292
  0.002894382955427072
   0.02098955073495092
   0.02436641122841504
   0.02321706542386243
   0.02127463611524271
   0.02305683212821912
   0.01689961008976066
   0.01875050802362431
    0.0194179004613361
   0.02502410184073893
   0.02105835585820308
   0.01765313841336125
   0.01408432637475268
   0.01396291858784328
   0.01116377616408786
   0.02028406026504106
    0.0201073670664251
   0.01966623592579539
   0.02062709491288145
  0.002341718145190383
                     0
   0.00388908930645899
                     0
                     0
                     0
                     0
                     0
  0.004228155110229271
  0.005192178334313314
  0.009525359896578671
   0.01039968887693306
  0.005702665842424981
  0.002992088611466565
  0.002388748243269364
  0.005279161472719835
  0.006520288569649027
                     0
  0.009233308445742015
                     0
  0.007508324659081337
  0.001587084351579378
  0.002726838907767625
    0.0224294242862006
   0.01333578298624161
  0.004327962067622421
   0.00151217398630929
  0.004093210312303404
  0.004064109545862902
  0.002816334685497295
  0.005826889993442634
  0.005245954397812048
  0.005985476933006738
   0.02344325952329806
   0.02270464486559195
   0.02302904798287619
   0.02349616828817283
  0.002686138543801822
   0.01029762160210944
  0.004146912067207952
  0.003868322949467927
   0.02386543543616586
   0.02318008448500089
   0.02160258614140556
   0.02130385243573673
    0.0205237661884655
   0.02289043186808485
   0.01788248529381338
   0.02113439385863488
   0.02399863923007563
      0.01862493939073
   0.02224068145517623
   0.02224783344316348
  0.004831880540221848
   0.01092372067113561
  0.006478432737906118
    0.0203219361128868
   0.02147773637641849
   0.01838629217712203
   0.01956396466205966
   0.01720816591679287
   0.01691531989596012
   0.01717467514991093
   0.01543012554537248
   0.01604529400104024
   0.01774547570290097
   0.01892238192162823
   0.01684104076688494
   0.01919212265462183
    0.0179507310982667
   0.01815095789273715
   0.01711422239576547
   0.01828964319539079
   0.01623443769741311
   0.01769398018441639
   0.01878995289611387
   0.01779962113961121
   0.01702741191780136
  0.008601332861231067
   0.01052393691173684
  0.009937789124964624
  0.004095991439924211
                     0
  0.005423753469742262
                     0
  0.002268972277095269
  0.001833019383912609
                     0
                     0
                     0
                     0
   0.01017479534953949
   0.02535715727265088
    0.0266828801661701
  0.007962138763140265
   0.01125300868557957
   0.01336948041122027
   0.01208359358745955
   0.01344440964190263
    0.0155958044861429
   0.01138351619656197
   0.01695062425893993
   0.01615638027767273
   0.01086087219195748
  0.009371337330178912
  0.009107829057203339
  0.008644735902014259
  0.004304496913379692
   0.01328147113914012
   0.01670868709970591
   0.01490904757447019
   0.00526959230435499
                     0
                     0
  0.004885976812109394
                     0
   0.01284015988008593
                     0
                     0
  0.007120586562484368
                     0
  0.006400441237246175
   0.01438103208902861
 0.0005920004206807244
  0.004246027581664414
  0.006867598470635157
   0.01256554303021946
   0.01561621123213274
                     0
   0.01196600153866948
  0.008972772645064278
   0.01536111941701374
   0.01194845877281808
   0.01086697525293642
                     0
                     0
 0.0001079544135624308
                     0
   0.01171878375693364
   0.01141189508510724
  0.006364372427033178
                     0
                     0
   0.01205663899277423
    0.0114578484628892
   0.01174185112707866
   0.01181420320642572
  0.002922442271945026
                     0
  0.009436941328537162
                     0
   0.01199271265227743
   0.01116472959030492
    0.0106710640738632
   0.01115410762711842
   0.01025287591712973
  0.009309841666410097
   0.01043189421220755
  0.009491764283728639
   0.01118768905708839
  0.008212356247158195
  0.008583347601491879
    0.0114300675341241
   0.01103715653181929
                     0
   0.01168468867581536
   0.01220151084603166
   0.01440631524014235
   0.01136833788071114
 0.0001143985398264896
                     0
   0.01482265552791304
  0.009917570180647626
  0.004638521806407268
   0.01622594430150418
   0.01053349495542936
 8.131505170209747e-05
                     0
                     0
   0.01512790836856954
   0.01880842219341844
   0.02135048150731361
   0.01882969484441894
    0.0179741122507744
   0.01923441893506277
   0.01516374093008203
   0.01736447225431094
   0.01801924748769295
   0.01818749753684064
   0.01991015154431219
   0.02001333878861361
   0.01494099617569441
   0.02017013910588842
    0.0211870288963209
   0.01806114947216249
   0.01895193771316604
   0.01491340814664822
   0.01783185656975701
   0.01629216016504253
                     0
                     0
  0.002926674966259749
                     0
   0.02199847242632639
  0.005045604476600207
   0.02018991197467838
    0.0132123643607035
    0.0107729192299467
  0.008102124838678519
                     0
                     0
                     0
 0.0003712762724397589
                     0
  0.001760208597657059
  0.003294938909213453
   0.01006005496606068
   0.01078809698087202
  0.008914975033365418
  0.004847445161248612
                     0
  0.007514658674412146
  0.002476871557879517
                     0
                     0
                     0
  0.007171077550097747
   0.01066513544610381
   0.01097399034027238
  0.007110180148288023
  0.004177567632935499
   0.00455445266638733
   0.01311098847132169
   0.01065890493281389
  0.008248012264335781
  0.005027904544364362
   0.00372986008236552
  0.005273986201636129
  0.008324598530629479
  0.008106113723146128
   0.01278882653860689
   0.01109148262520769
   0.01191360572940391
   0.01015936360750984
   0.01338437795502315
   0.01539121257214539
   0.01366304019427065
   0.01356482910306549
  0.002664076835565265
   0.01051920878142254
   0.01189117204584888
   0.01488253336174102
   0.01384570032125545
     0.014788592704159
   0.01655688688145991
   0.01197200874553053
   0.01157894516237235
   0.01150732865898409
  0.009584060681737607
   0.01008600134975707
  0.008501389194483081
  0.008492556052194457
   0.01471271717987219
   0.01522321034617725
   0.01585130887956161
   0.01443067031442338
   0.01310561695354806
   0.01490277715341343
    0.0135739246432362
   0.01020593932708844
  0.007496514875977626
   0.00982350902133944
   0.01503494144018513
   0.01613883068741108
                     0
  0.008007894673740903
   0.01111007035904495
  0.007273496574911998
  0.008441797242088264
   0.01106319303692502
   0.01059442498229042
   0.01078259089636204
  0.006536282905742499
  0.007255393956404714
   0.00229465765064446
  0.002906547594589659
  0.002343431884776874
   0.01608173900180977
   0.01153424732776741
   0.01204652067212523
  0.004259445112749343
  0.005365398191628661
  0.004345716581763526
  0.002340762257616822
  0.008467197289601899
  0.006228804354114962
                     0
                     0
                     0
                     0
                     0
                     0
                     0
                     0
                     0
                     0
                     0
                     0
                     0
                     0
                     0
                     0
                     0
                     0
                     0
                     0
                     0
                     0
                     0
                     0
                     0
                     0
                     0
                     0
   0.00211065767845659
  0.000452361092517627
   0.00406060641919858
  0.005096156107511011
  0.005714339866355118
  0.006019185908816653
  0.006219103615074678
  0.006395403504860179
 6.227584840839827e-13
 1.818201470739135e-05
 5.363709016791211e-06
 3.214877546998906e-05
 0.0001444094863343146
 0.0004708527058978171
  0.001235538201901458
 0.0003204611504014633
 6.267523204471457e-05
 0.0001287191024730628
-1.631172460004136e-21
                     0
                     0
   0.00059665182768837
 7.121174218304205e-05
  0.005169087573285683
                     0
  0.004215768774396087
   0.00014394081832387
                     0
  0.004944347103746003
  0.001672668646155103
  0.004762557748528773
   0.00192318110670847
  0.003136091828878236
  0.005673408578035034
  0.005417452665839075
  0.004356591207813856
                     0
                     0
  0.006232691975344017
  0.006614754738531937
  0.003789604349829352
 4.755704545452247e-11
  0.003847103946149442
                     0
  0.007712937375554669
                     0
   0.00801085396167767
  0.006655048885684346
  0.007184196378939145
  0.005245516640137424
  0.005016759439435382
                     0
  0.005596034853089936
  0.007020727442549122
                     0
                     0
  0.001218653558761797
   0.00403669240957246
-2.631069589580538e-14
 4.238185618536235e-11
  0.003675810250726286
 1.831377226685831e-12
 1.357385915594474e-05
  0.003211861880979959
 2.927723634330108e-06
 8.909522634517796e-08
                     0
                     0
  0.006586449373248593
-9.588245734522139e-17
  5.54917001928022e-15
                     0
                     0
  0.009676673879405696
  0.008657661581394725
   0.00842207602853021
  0.009117995463547636
  0.004004789050766502
  0.006128290062072541
  0.008764801285310056
  0.004352478711938119
 5.902529753921852e-05
  0.005745418523307172
 0.0004251363133967725
  0.002546169921768591
-9.922017726188655e-13
  0.007546060167090272
  0.002262900191680709
                     0
                     0
   0.00476228798953054
 0.0008602041033313058
 9.721067073706636e-06
                     0
  0.003302071957061015
  0.003424854565779178
  0.006302802959148653
  0.005890482114968275
-1.072405809073042e-13
                     0
                     0
                     0
   0.00691140348189012
  0.009906459774804522
   0.00483690905313704
  0.009662249844999993
  0.003450062662543819
  0.003168193992690343
   0.00415015522379464
  0.006429334121621269
  0.005493061552081837
  0.005054827770377033
  0.006022312333350919
  0.005138109411434896
  0.003965090813377879
  0.002791506460372781
  0.006058132691523443
-3.793336264352327e-12
  0.004204809511551401
  0.004946476496547709
-1.588186776101813e-22
  0.002101009206158765
                     0
                     0
                     0
  0.003797154453141209
                     0
  0.003858380802943188
  0.007207204834841724
 0.0004464630820054359
  0.001359595145902942
-3.009408136350531e-13
  0.007377842283671247
  0.006093618311006976
  0.006331527114393991
  0.002580617365783506
  0.008148996992744014
  0.006801660417646191
  0.007589745001897549
  0.008180475739282728
  0.008146550061678385
  0.005050670805804069
  0.007761170041688441
  0.006967669579024375
  0.007217160787406506
  0.007991709654090105
  0.007853985564933306
  0.001755218575816519
   0.00670844118277554
  0.003884761703481924
  0.008116390579543147
  0.007362713000313775
  0.007309234420732215
  0.007417995756244653
  0.007259471783451418
 0.0007455767274044023
 0.0004537823728672619
                     0
                     0
                     0
                     0
  0.003434544310925394
  0.003568153574869093
  0.004027044616862633
  0.005741954766421103
  0.004005635083256501
  0.006736739966047544
  0.005541174076207998
  0.001760172872890915
