-0.4059373324717793219 -0.9105777354963501269
0.1439840934791797034 -0.9855412344889344922
0.003439721061533466007 -0.9934621932380182097
-0.0263501654667449986 0.9916537658715021131
0.2928878592144762982 -0.9467470603445684585
-0.1881863428763434765 0.975374859913901604
0.432174462541694171 -0.895435995722112299
-0.2929768811676687901 0.9526777701539964616
0.1373705779322097753 -0.985308838135954046
-0.4629219224276627798 0.881601979593303664
0.3276955820553767995 -0.9418351466474939038
-0.1748979075674521599 0.9797129338684128497
0.4077485414762321292 -0.9064300858175436959
-0.12354517636437716 -0.9875212663935268864
-0.2974690404077885986 0.9496108101524531886
0.1616889871943623103 -0.982079852061414682
-0.02710792364232910909 0.9946599966329852105
0.008354964031721728857 -0.9927855907287715942
-0.3816634239862436995 0.9112414007993994147
0.1361923365333213842 -0.9838336294612037847
-0.1096248024969793816 0.9862572030541024715
0.3885798111432804958 -0.9125690062039859551
-0.2589844790322836654 0.9593466773197554254
0.4737473747559399206 -0.8744382647932027464
-0.3383868124952196244 0.9378012526755542533
0.2029528377358757185 -0.9749623178805658652
-0.4869892430971016761 0.8697577194024797009
0.3654157064164811342 -0.9287327909644285118
-0.2643633712555769066 0.9615301516305756468
-0.7740915016185898612 -0.6266551280554877312
-0.2988192359532442777 -0.9487680266467640733
0.3581644292681926967 -0.9272504308575769683
0.8577810583131522115 -0.5018152277309148035
0.993976388764309271 0.01931340937725797152
0.830722074390924603 0.5473960038415018881
0.3694948612680478139 0.9243058046214672752
-0.03635285657314321628 0.994088802755868528
-0.5228248253793347233 0.8393445004208996973
-0.9096174780207204602 0.3316836233072231188
-0.8167610651199167515 -0.2024958715828510392
-0.7802189634397970197 0.2358656407643665576
-0.9021464972431335605 -0.24370554955315335
-0.4343349292728839739 -0.8568724013426176622
0.1318307856753096752 -0.8564253084548975048
-0.2357986686668464005 -0.6537163989547978282
0.03081087512595107394 -0.8593308302064595061
0.6418965697055929454 -0.6714015484114155274
0.9282999399244499239 -0.3255370038448421877
0.975835446360604486 0.1857873797795626114
0.7858010857760823198 0.6125290740124154087
0.2730959231308600632 0.9607098691070199425
-0.2767994816532036717 0.9585441321341607868
-0.8068592991172041096 0.5847572550958302084
-0.995465849213036158 0.05394186020529487952
-0.8473869968330944857 -0.5263662481612221278
-0.3513547847958298775 -0.9333689582323995149
0.3060795158431788288 0.9476265867015751798
-0.1970957826466063212 -0.9634082339031725395
0.5788661408508003481 0.8053543839186899644
-0.3454731104659183316 -0.9322361572421345999
0.2150699176478000907 0.9685684743492278814
-0.4085917332691064718 -0.9048902402773022491
0.2178080748588257509 0.9698199321907042814
-0.4889367498128562861 -0.8655831505822991767
0.1010477100740229534 -0.9876841320244138522
0.2619714954043595445 0.9589833014346150764
-0.106851913211660085 -0.9896397762413208232
-0.04103431453185771294 0.9923063315764190095
-0.3461825600035741135 -0.9322610063494204402
0.2122927645573980671 0.9732980006177572863
-0.07183851729754210658 -0.9926572179680588359
0.4763814432259834697 0.8745589590155328219
-0.3130225615612812762 -0.9469570042498574036
0.238507780413209608 0.9673179520750723182
-0.4918077371189137348 -0.8667125936311022016
0.3833737951337279348 0.9213554365728681139
-0.2525569085859390994 -0.9642122709152165516
-0.146581790238715759 -0.9805889876101604452
-0.1756977086297619728 -0.9758013528835116634
0.2441551823098897511 -0.9662281183886727298
0.3260870896832255839 0.9406831288851313921
-0.2008520930721643671 -0.9742262790067293121
0.5207523866299753612 0.8478675601796438199
0.1016695328064577686 0.9920405823409622625
-0.8771909016846075602 0.4743985881690311879
0.3870129841017672656 -0.8800029827755265766
-0.04981837232834900736 0.9943093178375024266
-0.2242380894455612561 0.9705773317335614214
0.962763879376455689 0.2615513541524159824
0.9878470755038455398 0.1352481846264277365
-0.7587743475347421551 0.1313814940381552998
0.7330104066014464514 -0.6698179117413003425
-0.1728572996223190217 -0.9796027584653825837
-0.4001465151672904952 0.9116607529603689697
0.9374371504479120931 -0.3352453758093299485
0.4525115425856272022 -0.888881883838965825
-0.7946196198708125324 -0.2396842991876072526
0.5767410956550363954 0.766049931774373305
-0.6140258356493322189 0.6266779970396241239
0.2379950831170360714 -0.9642308980387599426
-0.5037725558627792477 -0.8593581902661818761
0.4348854701818696822 0.8887055818571099053
-0.7605051509373873531 -0.6437516704547593394
-0.5605010293523431386 -0.8260962452160067748
-0.9467932465376912576 0.3090549401574636534
0.6924299019873642047 -0.1593617634604651001
-0.8667031194269106953 -0.4531613600699641586
-0.1225024980593852342 -0.851272298630615043
-0.9901861199926045298 0.08375456219070778752
-0.3045627142665841003 0.944994150703414193
0.8958933525194052727 0.4359386404843382801
0.07023870310941433825 -0.9761679155925439
0.8685764819355183963 0.2443879713710224444
0.9010896708236140196 0.2658710439927373104
-0.8912826413796720582 0.4212406904685580544
-0.1152573457756737585 0.732714021629667589
0.319249639744227709 -0.9061954840471628803
-0.7826305281424271731 -0.4962813022038851662
-0.1036344085784275948 -0.9891490214928108093
0.8016545619790368393 -0.5898442859213443024
0.2215272635294988912 -0.9688475899833928207
0.9929688838112789018 0.009711204180559417434
-0.05189213053063244929 -0.993704516324088627
0.7854705532761784292 -0.6095285262326325393
-0.3623886382117510463 0.9283395353040510001
0.3115629411186714437 0.9465014209505140386
0.9690899120141374112 0.2382255725208974884
0.6976388680412620724 -0.7086726538450550672
0.9473223879934908886 0.3091117053559432892
-0.3898140433141398242 -0.9172813153572740852
-0.2085193337572135708 -0.877242472084567626
-0.1939947225862289348 0.8117639525895467001
0.7658635861438549686 0.571040870966879055
-0.05740175284405719253 0.9548218406629316313
0.8034222641712779334 -0.1375378582163550578
-0.5003970462124875951 0.5741330053320277127
0.9045254695639747267 -0.2665686864773064157
-0.2377057704216458678 -0.8133148380650664366
-0.9558264854994887871 -0.2758776260428035809
-0.5319177133455704753 0.8420534606087973772
-0.7615309928432664188 0.6403784573752089315
-0.9912229189780497052 0.09982791198004724309
-0.8919105602045807046 -0.4341801333896715409
-0.6087437511307013382 0.7846158005059756801
0.5884917065329503538 0.8036453157863073793
0.7831489038571792793 0.6148844077203500236
0.978527450164348167 0.1692436557301414679
0.4699523355312613115 0.8772661940522386015
0.7821149496208832375 0.616567424390227159
0.9299097921488881369 0.3552634774843468346
0.93067002753252559 0.3478706630853762305
-0.1645482057276208276 0.9824087641361757273
0.1707592413741654547 0.9813690321342816159
0.3045443869273965487 -0.9484806904589869747
0.3702479041993603226 0.9253681884317641604
0.2092135655460953259 0.9741027353594132743
-0.8174712316066460316 0.5637174501047240716
-0.6352602991414060263 0.7660299232296634564
0.1461539893280603131 0.9855847626574422149
-0.970629578571172047 -0.2129321123344355693
0.9164793951649947701 0.3888178486415154733
0.8425680845384195816 -0.5291711026728259659
-0.6297435261788723038 0.7726722331176636427
-0.9856550730210987821 -0.1362285811614017961
-0.04043123309216333644 0.9955629077267221794
0.9165760117843688715 -0.389921589574584837
0.9917978563386771196 -0.0756998419000927264
0.9843565519212295056 -0.1461072859133434321
0.1769495398594758961 -0.9789337210287947233
0.9537519047190283761 0.2812064801816792081
-0.9744659431686280016 0.2023618685267108419
-0.9833146479465437739 0.1585553615985104692
0.9587040467832624868 0.2413730863678237026
-0.8597598924662405162 -0.4913804498184695113
0.897440389437339503 -0.4248907896649194993
-0.4928586812417789509 -0.8660357266560414491
-0.7320479066084432107 -0.6717552305805434276
0.702436273512129894 -0.70389967217908056
0.6215436329312747921 -0.7705333811849640613
-0.7447660577446680863 -0.6551571962873122823
0.5404124386205771957 0.8354047644761982694
0.5451692631106580533 -0.8314672132741114385
0.06172000692673722949 0.9931017862290797416
-0.8746260707051884964 0.4677783371832310855
0.1307576129778905971 0.9811795167190360267
0.8620233988734243846 -0.4931311968686697966
0.8115868777237642551 -0.5723836133848314578
-0.664722540987581878 -0.7403863707142145367
0.9158477132246272134 0.3677520244792857884
-0.9933568621726367454 -0.03150496851993460357
-0.9721113254736478693 0.204577153446344584
0.7227487546653624806 -0.6800920127637397616
-0.8146830891828402699 -0.5622610239587173542
0.658265499787493491 0.7406058660015931716
0.7730359579844927609 0.6175853826897517163
-0.8172160916634225725 -0.5660098711049890152
-0.9049123649763328725 -0.4043505932229585764
0.2348288829373566533 0.9616581643040860161
-0.977411147771061084 0.1855396925672395669
-0.7549512966453959528 -0.6361595195767485444
0.4031318325125101132 0.9045341487604573461
0.951726874422716751 0.2395862886942183023
0.9838925581255258956 0.1618841995912327358
0.04482758183687630266 -0.9976740316804981745
-0.7722628474261483689 -0.6246195675229649913
-0.6406241085104660282 -0.7587872133335751279
0.08110391163569619088 0.9897094147591982694
-0.2621375785354141952 -0.9423656236255125718
0.6717083353415852498 -0.730416949811781957
0.7400478868049056302 -0.03341293955829108264
0.9947844266333460972 0.01171443006309402617
-0.2598495940442560048 -0.9622095435205698655
-0.251083525997163437 -0.964983371713343252
0.7809434636796669382 0.6193756038518969387
-0.941540837895042948 0.3237826619511052773
0.6319309973361516564 -0.772878562594099594
0.7410500349980156942 0.6621231600345003354
0.9379838056873979202 -0.3240095148120054613
-0.3262769423879569031 -0.9319955760297035097
-0.7287831228709417131 0.6681046222507540655
0.9704595789645708015 0.2085418419679590241
0.2900428331937469073 -0.9500381579646968166
0.9830918704481147463 0.1467611673919331505
-0.3399003663612535364 -0.9363968082332969622
-0.9857873416829003865 0.1262213893618837623
-0.8552638670901890894 0.5056496608272539328
-0.9655517812960272561 -0.1959732188919038887
0.0491259318536747952 -0.984674761679351751
-0.4529046321504373029 0.8840855153479068029
0.69092941116576434 -0.7139940840281941981
-0.1454039795291209025 0.9831785487963856651
-0.7584671806354670309 0.643078730537528398
-0.9476966840681713133 0.3032530677097217131
-0.9908049033835623076 -0.08052017203230164843
0.6407608161911999556 0.760946975199355391
0.5759117619705417246 0.8122914196175642365
0.9250978826995447379 0.3736633084535846416
0.8563758001640671136 -0.5085002576090955628
0.5365953895112416383 0.827068924517450843
0.4127127560974541143 -0.8918125542530533911
0.250546445542244145 -0.8261587487329158375
-0.4689828490268184713 0.8791483684090525275
-0.8268664033071173591 -0.5474577011453711783
0.09226502522205314027 0.964811157709071554
-0.9072752382632258694 0.4144702368386969371
0.4418322315892703744 -0.8923530272303608069
-0.481088418023525255 -0.8704959058072423428
-0.7045777867255709204 0.7017928212580445413
0.2316309030930326918 0.9683559576631564081
-0.9028606690686633574 0.4031037737186762837
0.548380338558508762 -0.8075480244874233549
-0.3404157191166508056 -0.8532534886808750274
-0.9254682763709766169 0.09397388943329489097
0.9638386949861603714 -0.1178606627121075306
0.09999214554245712538 0.9794267650802577219
0.07098207227990531443 0.9598967359208681049
0.8114284351158019826 -0.1989253391015929906
0.8928410155138958304 -0.3950852124770443119
0.9183635249879127382 -0.3652130607382260141
-0.9124011619107884608 0.2417925702404631338
-0.2517356179631206614 -0.9564557036976067961
-0.560045501546071578 -0.6830127481050646265
0.605217591498695584 0.4322042635560611745
-0.2884098321291087008 0.9215108700592654634
-0.8045146007053531889 -0.1409711488613293873
-0.2752159173731518194 0.9510910015123072991
0.8922556506964249845 -0.03247979149889013845
0.1872616083504850537 -0.6374417262454686872
-0.5328420541729190774 -0.8149401878356998807
0.5537894912829718352 -0.8272307870312105571
0.9561595297333678189 -0.2812351039733311242
0.7879007646758745542 0.6084236685076277462
0.7187771639194646678 -0.6905940346443950606
0.9898851702983506584 0.1085708286618803087
-0.9952997790053788041 0.04295058648498177589
0.9942689630651523336 0.04276275220069059718
0.678887235497467767 0.7220305863495196652
0.8155629295568080916 0.5700733628978889023
-0.7351964480881107988 -0.6675443958454349014
-0.4552439742947299028 -0.8849443667704870453
-0.906384955031622086 -0.414540435923014039
0.2777466202326056566 -0.953744372041539612
-0.9098764383180699689 0.3997106734891527346
0.7811166008451145837 0.6030834570376940595
-0.6004796432355491431 0.7922333034053359313
0.8934728309237932597 -0.4345581744154174419
0.4889086547799534332 -0.8657272386132065511
-0.9889707784722012729 -0.09344203270509268688
-0.8751960475849600574 0.4526262900316263549
0.8019473580691171 0.5893447338783112111
-0.3041395994239969869 -0.9462446130269656086
0.2120767013123296962 -0.9665791737613871337
0.8802153924606885838 -0.4259028947144182231
0.7577298837877398663 0.6421499827732667365
0.4678050959148802868 -0.8443804803890619937
0.9246202013521188645 0.3686510190857100189
0.5093900997057978497 0.7628555488752408742
0.82995492279650529 -0.5367249096770901895
-0.949775142956420404 -0.2918431802081608017
0.1190073459627641606 -0.9888843915733250833
0.2572537128210170554 0.9209528390663163089
-0.7606148692373988496 0.6336639421106731174
0.5322850850464480033 -0.8393295253353579843
0.8916080312126134499 -0.3437698193646842593
-0.8758160593732783328 0.4694723415388669663
-0.7542827455509616419 0.6137437698971863753
0.1272434472010396389 -0.886277685722743902
0.2502155561259813976 -0.7429997441517692813
0.9483304441728768186 -0.2814482532336441412
-0.7405497946170206403 0.6179168581744106659
0.09547948238387536646 -0.9724449704105159187
0.4228566021250908524 0.902581164577160755
0.5728997343842699985 -0.8146243245712488923
-0.3967713200668903095 0.9139398433963692447
-0.7135599527056246671 -0.6947613604363651607
-0.9934736998770274941 -0.05064447336371864089
0.06103504575475764832 -0.9949225912099602942
0.1383174005667948403 -0.9853048670017475752
-0.4616045443050783015 -0.8831763386798729965
-0.7229976088146898849 -0.6856621483267028028
-0.52658815608274534 -0.844990456783338062
0.1113834991729946711 -0.990593266676871087
0.3166134236400202639 -0.9449131290471517453
-0.9385240405981861711 -0.3257783354334514159
-0.5388999236482375776 -0.835732398772209728
0.3858924637049537254 0.9155728731543816279
0.7420652590650148595 0.6609871588398229525
-0.9762058940765280246 0.1877361997292560647
-0.5893755877106140462 -0.8013035825538050716
0.4399432219958646084 0.8917526529520334311
0.4467661185590222073 -0.8875139117929896626
0.7505826221529261488 0.6511735909494212882
-0.02194933811361646225 0.9933869995385197216
-0.2458004219726580009 0.9619163557481326121
0.8100998500361032972 -0.574413241590838175
-0.1668989723665000591 0.9804482871961235357
-0.03470232306471787709 -0.9934824505495331026
-0.9424838710929176466 -0.3235419620161681942
0.7145183503953379534 0.6889695187220633565
0.8458748782611122952 -0.5225991442035503587
0.8200845179521120132 -0.474611123898590892
-0.4838666268346601407 -0.8511531808769269292
0.9225307436705354469 0.1675252935858498049
0.2972147039118062106 0.9396570604691458772
0.6720669864950687966 0.7243026372540303237
-0.5082952840003763795 -0.8566793936904159024
-0.230037399164105788 -0.9671348153467063113
-0.8102913125344202161 0.5765363677792350039
0.8558911167759478689 0.5011805418855619365
-0.9369062982250997429 0.3332198751011468674
0.5875695885274037078 0.8016863515039426291
-0.5400395902974475248 -0.8321050665670776114
0.8200147355426158358 -0.5654827787602537681
-0.9887178603897353035 -0.1306361713807746294
-0.6952879265450593316 0.7078695462931801075
0.66540718252312403 0.727178059414407052
-0.6184416627641732278 -0.695684843507563877
0.8940819581177342767 -0.02999338578534293739
-0.3582847096547386312 0.9209962596343406194
-0.6989677338020269248 -0.2380119648402542754
0.2274184656091560175 -0.9214159617042210204
-0.1139494513661806346 -0.9804520833274196212
0.8655830930966829095 0.4546149784674081151
-0.09163286760867903058 0.9345524736466720439
-0.2865456250379507797 0.9166754536926469132
0.6930687296885591486 -0.6623387606782997761
-0.8317091739729197686 0.5255259843657942298
-0.5564716545260393055 0.8235800424457001556
-0.8101981341015005444 0.5812588789873148754
-0.09995569871807208351 0.9886197566792997993
-0.5484011897536934521 0.8200796735020787764
0.2626728311299845742 0.9431847536951131206
-0.6821893414070595574 0.7203720061852374457
0.3961517277838044193 -0.9076241324675367039
-0.7065734471933750038 0.7019228245293513968
0.5966012906961094542 -0.7249243836937512286
0.2218216960115878822 0.7950600137836790759
-0.9483439453611494097 0.2239917229031875567
-0.7950929826932584543 -0.5659077110540274846
0.9791867336253453624 0.1656435522621816925
-0.8967017035713943374 -0.4155993093489003254
-0.8091093466590077998 0.5771410692857196212
-0.4623563344682834475 -0.8266471957387961922
0.7466471017430763579 -0.6231633183251189534
-0.9940336832541385448 -0.0657934775269077704
-0.8237803159160836941 0.5614704360687388096
-0.6930295673208487495 -0.7124623300168323459
0.2580047635296958686 -0.9596010679951647582
0.5694474349261769985 0.8148830362993549903
0.4380278462739231049 0.8920870714102450139
-0.008717630143239828502 0.9937053314629002987
-0.6762095259649376633 -0.7301345129560437019
-0.6955338060390657828 -0.7134155380369943122
-0.3560609930137882961 -0.8560650401480172089
0.8137140664652730004 0.3906279114164988853
-0.5029620889932133743 0.8575695453771294829
0.6550456665007401424 0.4592335953641972224
-0.3903671183040807735 -0.814822453140599201
0.9755071032910355155 0.1983753778809360102
-0.8377805673534195474 -0.5391223942125520363
-0.7305266562260184227 0.6756156897869995959
-0.9773448191313816036 -0.1801026483757431906
-0.7345966362763617363 0.6709515594190597065
-0.9791741662783408628 0.1640876187338492498
-0.6399237299963171921 0.7570427665407819529
-0.2647403710086075335 -0.9598236796925481151
-0.6241057129980112084 0.7262328495024550357
-0.6946793254156291564 -0.6880829943872858179
0.2481214225552251518 -0.888939652493987098
0.9155504130528221429 0.315006963501841375
0.9682881982661575293 -0.1192417368870128946
0.6757707346497683343 0.2126117588794227131
-0.7907138991865066968 0.5047417065761334865
-0.5680105610854115916 -0.779715304927551478
0.5305339023321848924 0.8238157985505830672
-0.6602907975439582522 0.7420602538415363991
0.02711750671916741268 0.975615651778513393
0.523917109825038585 0.8422637824638714577
-0.2668118970451509031 -0.9544094724824387921
-0.9374272788985833493 -0.3286383627284906739
-0.5950036547828245759 0.7959605538874142683
0.2374019159152971903 -0.968071305104356794
0.176295363004724509 0.9395329240049318242
0.9783725123612553309 -0.1163675161822006338
0.8476192726635572994 -0.3920726928867437344
-0.839337645127947507 0.2157668455111287631
-0.5661866603489037475 -0.08985131225537382194
-0.6045034907487748521 -0.7897771833960065546
0.65528638617694146 -0.7476344146674162028
-0.2382191424060950136 0.9652013859564845255
-0.3254016744898851621 -0.9406628020001931434
0.1253039307942802882 0.9875213219069911563
-0.6201703379828128471 0.7779597202195634997
0.5564266893315777951 -0.8208326274571059455
0.8797212482664846789 -0.462683403290992612
-0.5758776666457740001 -0.8125745433097022463
0.9129147492344109605 0.3761969414444342741
-0.8172243403945691487 -0.5533798529473183958
0.2293814513950587219 -0.9470236821993219811
0.4784100021882033982 0.3806968294167351607
0.5532149133484224324 0.6607997151353436349
0.7241584619960667046 0.1859286066261262305
-0.8722343893506930845 0.02439511785603395641
0.8563917231806978947 -0.4849928581528182292
0.9017997867130977951 0.3493009537524225938
0.9455757006138467702 -0.02431378866276306255
0.3031601826381078446 0.9172763410906418224
-0.7749192196860612558 -0.2496590505521465164
-0.3352705307127467615 0.9061420192256630646
0.589460058224942185 0.6538867281541662635
-0.8004169401537241102 -0.4639079808059638488
0.7445160783857351916 0.4416768657180963342
0.183446344960716462 -0.9505648764653541472
-0.7558304847729842013 -0.4878441581195455123
-0.6892745058441064332 -0.3852946312566509213
0.1794516353259454355 0.8284642912653918945
-0.9922498065225879849 -0.08962555855187036291
0.8472850270343112999 -0.4851166765413867377
0.8953212846870782782 0.4227568315359462314
-0.9395844574078299205 -0.247801665261133286
0.5388152107535112423 0.8085823197635803039
0.7519582472813570728 0.2714094742183691955
-0.591214849818668009 -0.5559245973829172183
0.5940452023034457074 -0.6409958343996297048
0.6193204158602174658 -0.6932831495420537227
-0.4795276541531679482 0.6817114648546928057
0.633646387942218059 -0.6850294922929139885
-0.8591446197210780289 0.4378483847026233833
-0.8991150047286583513 0.3175567966851176038
0.6965223845271972802 -0.647701395148773007
0.7385969627651995939 -0.2073815770234774258
-0.6414884272933365494 0.6020768708357020493
-0.181205650925054168 0.9489681528129015886
0.06905266171443225076 -0.9034447926709390231
-0.7128277303983063806 -0.1658988712828494139
-0.8437340874465054652 -0.2231943138082519151
0.7464297406942875801 0.3008575519057378744
0.6331938503659018114 0.74089397303721094
-0.8654051047904811611 -0.2661960718176992757
0.7295359229529878586 -0.4911864432114336765
0.924688235659581359 0.2032884174040906489
-0.2903482001728131534 -0.8471159977758949688
0.9173235232157348484 -0.02852385924828263267
0.2201661083978430633 0.9458031607854935352
-0.5594100236929278047 0.7471644396987539016
0.7392025727250298717 -0.6038009523863340222
-0.9574842797212739232 0.2736179198511274335
0.9756890066989837296 -0.2028827853074209042
-0.3025345098941860655 -0.9478629621460848975
-0.5325083577653848543 0.8403943248302256919
-0.443323208957542847 0.8915378936590272474
0.4914966577256772995 0.8639643906476174307
-0.4682424504372009189 -0.8792581501775518227
-0.01047618234987865958 0.9962715853749503081
0.9824498676870784264 -0.1602974884328775551
0.1555173871778982031 0.9831299308148466753
0.5543160875683790234 0.8249430024954088614
-0.8649604459619691932 -0.489005765003170223
0.4288021454891243756 -0.8969720502592096745
-0.7136327975384558764 0.303595803946866527
-0.312299210132040983 0.8501081558528944537
0.5468412891734991677 -0.7579294867169150685
-0.8033008749050732922 0.4694685215673307654
0.1705390886550510465 0.798227211309252227
-0.2687483287643713803 0.8449338755563953196
0.1896727925895969336 -0.8110898714443207647
-0.6159691681942143227 0.7556795714077108039
0.9048875661726941688 -0.2462287016864083966
0.2742232190264659031 0.8854024231447972237
0.1802942968828883663 -0.9608320923938671321
-0.8863409711022700588 0.4022808093982839783
-0.5766877418023464985 -0.8050640595509760411
0.2602930331325222779 0.9610416509325128143
0.2186357312149994625 -0.9694107881798256221
0.7342256970882514722 -0.6549372425145225662
0.1948085325000969426 0.9761142206376706154
0.9815136500612379189 0.1575613415230074088
0.02751138008895896367 -0.9746520173058969005
-0.6925002858737572264 -0.7162986355492449997
-0.8175837316764941187 0.2007719923557217401
0.5061058664811087793 0.7911543737186923497
-0.9926439255633393577 -0.03935872834720013924
-0.1707520991058979198 -0.9403575612205130607
0.3583707242604677878 0.9258701197756308288
0.5682957198890985495 -0.5027061496936860996
-0.6346380027936501245 -0.1977004744160248684
-0.6352048735778108579 0.6720338494870214952
0.272694735386375009 -0.8255482748102412893
0.2737702244200664881 0.9276843389901734405
-0.8544029747501591388 0.2864404879425130335
0.3887249474273292704 0.6979698135566025918
0.1136996197812884385 0.9343021536602786892
-0.8594800000158320241 -0.02388162470658606804
-0.3541111094719456287 0.8643729864382424521
0.9030781420992172182 -0.263883126398982093
0.7460686793316303467 -0.3850756049405833492
-0.5799023987402260882 -0.3358996370106350216
0.7198289480830371012 0.171812266106840611
0.864863168528701487 -0.4001459751254315966
0.9736576919918140671 -0.1898978756253627553
0.7249231659023372965 0.6838920128413950028
-0.6565193162093698742 -0.7475877631467920947
-0.9928350909528458335 -0.08983963241702662417
0.3920094376594516206 -0.9110259588364563177
-0.870125923351367736 -0.4459820605800500215
-0.164866312722918712 -0.9824948600985287106
0.6846225564590456836 0.7225428257761697948
-0.3794226293784564996 0.9010920296874117552
-0.6450017473125767564 -0.7589787654347075474
0.5519119657742965757 -0.672079115433431129
0.5288529475284693415 0.6915853323982010803
-0.7600112364993295566 0.3597901595316817525
-0.5237388898857997521 -0.7301993128619871376
-0.3426162781465095231 0.8339675456045125834
0.4944413948929288205 0.7606137244027405542
-0.9307110017372852706 0.2259094105866648328
0.2532490988076441241 -0.9642789244196645626
-0.2015562924848207926 -0.8420815219389494732
-0.6655893893829483154 -0.654399236003321283
-0.05541015489739918587 -0.9691247214504176144
0.6012926734411624397 -0.790155031643160144
0.8960819005210513 0.401708425807079994
-0.06377727982842751331 -0.9951029468649087439
0.9444388795396646552 -0.05102556563671081097
-0.06927948283089567505 0.9942136529119046662
0.7852600572892558528 -0.6078863121732513974
0.3630415713796498189 0.6607884345418567618
0.2056066224474762116 0.9147211749909082146
0.8240448455710844833 -0.1967452757246623829
-0.138784240600925729 0.9823673450523251471
-0.1036783430308960835 -0.9742945328571931407
0.604277623630149141 0.7836914335119883335
-0.3713230676520627438 0.898815737906708323
-0.9361865310460348866 0.3170985117947071052
0.4326904526354860558 0.8741288142139186368
-0.9608158034255490643 -0.2280174165862345337
0.1924561505097291958 -0.9755245998874151336
-0.1701476802170313052 0.979905031400788662
0.01571895764952169205 -0.9849984841306562711
0.4675703762269985964 -0.8738396456752960395
-0.8715546434668103304 0.477545034756703235
-0.4472391455272908267 -0.8882272607423901123
0.7943491793229147113 0.5552309942884984251
0.09553459165182184853 -0.8843541177156565292
-0.8131757831866157638 0.5004163688512454078
-0.9607525237030720699 0.05319240164583496216
0.6661508601023889975 0.6869023802996753192
-0.8739314425954645138 -0.3825496146089785166
0.5353678314695378138 0.5086273350314528541
-0.7817459096276748731 -0.02569231687076778056
-0.9599375780387133794 0.08975700682929099727
-0.4506618169877330549 -0.8213487322464616547
0.6268109470147799067 -0.7725738914517592537
-0.08101847916485473144 -0.9912431600697549916
-0.08677509081367548727 0.9907194964958389027
-0.6973646780025964942 -0.01420214333346096064
-0.3743468985666195681 -0.9130990264632805609
-0.7686837611300683104 0.5279848518851775196
0.5752884411932711606 -0.5194169830813608613
0.7845540032664111152 -0.585684873282058982
0.1949494736518163629 -0.7555412160077565886
-0.5763618178154713556 -0.662097307524505907
-0.7650296665236018256 0.5751231919437845841
0.9004186475990965111 0.3996916184496831503
0.5371724947026981223 0.7611961272037351955
0.6488762880744600725 0.3971299791542304281
-0.8276205222355755842 -0.2689756274296306593
0.2444258562892930586 -0.6434734830174174691
-0.8513678150302406156 0.3367755379677929706
-0.2140398673380597416 -0.943507541465549826
-0.4518835946030733131 0.4303598007877573739
-0.6308845705728605147 0.6451067627372703006
-0.5115045561264410789 -0.7625688822546030643
-0.5983574326970698687 0.1567840793204155203
-0.9760352718207297995 0.0210826985587954166
0.9506305357806562606 0.2036774286953367263
-0.6956873644433733128 -0.5255923500824232208
0.1646123506213440502 0.5947269578278217006
-0.4712973633809099949 0.5517203359847172583
0.4407859161286667438 0.8702702243662661097
-0.7384139888203143931 -0.6286760599856139331
-0.4325583455974310043 0.8879935698734202631
0.8499672348509451636 0.1345782569730734346
0.5195521695153269004 0.5034812857355419613
-0.9251957466278454278 0.3653472424064382329
-0.4942964510284834634 0.8627996512909060778
0.6295561907160530657 0.7684989837444617944
-0.9161731609869269155 -0.3875994121465474174
-0.9958693379873754248 0.01735557436349033367
0.8642396792327728949 -0.4947315629803789028
-0.9132733640152990162 0.3929840006411182696
-0.8491629743481589054 -0.5199662705446789213
-0.9864220490719568524 -0.02021565384592140247
0.6261879527192145689 -0.7608410085645603838
-0.4686818002489118729 0.8493896920219446978
-0.003387221714230566772 -0.9959693996259776361
-0.8940763226257909535 0.4099713719487488861
0.8706562412990292987 -0.4530663309956461937
-0.5565305299015544938 -0.7993208622177825351
