-0 -0
0 0
0 0
-0 0
0 0
0 0
0 -0
-0 0
0 0
0 -0
0 0
0 -0
0 0
0 -0
-0 0
0 -0
-0 0
0 0
0 0
0 -0
0 0
0 0
-0 -0
0 0
0 -0
0 0
-0 0
0 0
-0 -0
0.0006494864341892311269 -0.001172860289963180381
0.001397234157536864649 -0.0006484945817499305652
0.001079260538045233656 -0.0003580609293818462187
0.002033408253675372812 -0.0004894350191487781363
0.00303743779535272946 0.001254431478958879147
0.001337395997604366423 0.003216045671526000013
-0.000471200587703705649 0.002154710744785176893
0.0003371542279472944403 0.001933756625178892179
-0.0007961658562744787764 0.003523920961005426108
-0.003708172812438389598 0.002184237396848909968
-0.003119180115229875597 -0.000761613811890926736
-0.001778658437562643906 -0.0003157614678810738516
-0.003237630689921638504 -0.0006697278950265458854
-0.002491495517887569889 -0.003711784275076050136
0.0007471036694009117012 -0.003762925913819639614
0.000999048482692412726 -0.001748531185691063437
0.0004989021261887173139 -0.00254664368725730306
0.003070356678482905489 -0.002731161863749507861
0.003909920615794129119 0.0004383170079355424393
0.001791808533432226761 0.001541490492527849195
0.001831746054683286093 0.0006782952626368289346
0.002132109800636457393 0.00225736709618722586
2.858292892572383641e-05 0.003391573020173381352
-0.00155568432459552786 0.001548478537558200478
-0.000931332026168472547 0.0006578006384650260168
-0.0008802827145717048935 0.0008608807932827459812
-0.001415925437149299785 0.0001136821861113906625
0 0
-0 0
0 -0
0 0
0 0
-0 0
0 -0
0 0
-0 0
0 0
0 0
0 0
-0 -0
0 0
-0 0
0 0
0 0
0 0
-0 0
0 0
-0 0
-0 -0
0 0
-0 0
0 0
0 -0
0 0
0.001878728864686598447 0.0005801953561019642519
-0.002767220902469434175 0.001545993672358072276
0.001553362713204473533 -0.003862004791382073633
-0.0001326416655501064202 0.001695439732123569859
-0.0008582528210969646125 -8.483801386183236664e-05
0.000368495707257364153 -0.001079562553981469695
0.001640487845655069776 0.0008118443396613300288
-0.002489201661606596679 0.0001652203527218259159
0.002329202778679330919 -0.001650309545934092181
0.001877444047473477654 -0.001110188582425240215
0.0003648484238502816145 0.001187170247548666874
0.001727432784763640022 -0.001432157591334880893
0.0006665862071979855932 -0.003551752239854347355
-0.001543659201343554202 -0.001129200617095933289
0.002494214686967751154 0.002793831361763460426
-0.002660599000609847279 0.002288107307596871746
0.002646411118789618756 -0.001766028396175182286
0.0002562926749252098825 -0.001859584106132695144
0.002464966023595045047 0.003133328852622060956
-0.002427014451103837785 -0.000950635169076419987
-0.002695348315476534407 -0.001017672599175193683
-0.002316641655285197124 -0.0005296379378844353822
0.001822079042424048535 8.235312385401706483e-05
-0.004056615386064371838 -0.001539757128030716992
0.0001231640651730085256 -0.003166792767730784632
-0.003115083143603830911 -0.001579511738444070237
-0.001067830623937531496 0.001850975089699322985
-0.00018855694457572695 0.00165849641216124109
0.001878668504315684487 -0.003110351777036357047
0.002890771987105898635 0.0009549441859698043315
0.003372347729996283405 0.001477194151871907227
-0.00166199730576245628 0.0006735106191738841419
-0.0009323547741092348684 0.001774659079179808805
0.001351488679693746897 -0.00403208899018039392
-0.002838735718156702725 -0.001717182903920226687
-0.001037475085819364144 -0.001709032017039625439
0.0002267027167926631873 -0.002755721794545286374
0.001292473998512269759 -0.0002728620164751932977
0.0009473896807662739519 -0.0006807392981224072697
0.001608805498413339941 -0.0007787614047163454994
0.002774156179788237961 -0.0002211416201235248528
-0.001508285477227481975 0.0004408460397992015325
0.0007664907645800400019 0.002122298374136888897
0.003472538230762726042 -0.0004289492333198998883
0.002495251025805970621 0.0002600113193548965734
0.002587520935618158741 4.545666714955492668e-05
-0.001969429685815770464 -0.001211558063819134605
-0.0006640713533758754554 -0.003408746638489534072
-0.0004862564049714535215 0.002024960223440161466
0.003617490061316478052 0.002248977188977555053
-0.0002697984553391264513 0.003789235070337840759
0.001913281075855364274 7.716211033498071234e-05
-0.00147094100036307884 0.0009920065784607076404
0.003980643450414163287 -0.0007914023258245782245
-0.000578063245457725622 -0.002465354297811010557
-0.0009741701377715227114 0.001416311174480906678
0.0002326524765530243316 0.0007350711042289628187
0.0009020886678604599692 0.001203307848276862413
-0.001113780141726838143 0.001006724795695008653
-0.0009641124546267622764 0.0001357302992147953321
-0.002264499120362019943 0.0009888235261039479522
-0.001211720779631060346 0.001262583576312345133
3.000851779406065421e-05 0.002044044864020155405
0.001113621107151145564 -0.0005503348901816727118
0.001656602289266687067 -0.000535818501098601495
-0.0003251336193115718799 0.001942331533660847549
0.001100957676966047519 0.001760328642437366782
0.0005069681417517791534 0.001010021267746855338
-0.0008915772342467326392 0.001007813379370562073
-0.0009337107009886055171 0.0003136737319522261416
-0.0002568842759952529942 -0.0009675150395847350758
0.001761254282966060814 -0.0001590402978170663321
0.001625081622457184112 0.001132416849894411597
0.0007222920668069935605 0.002376604817317174486
-0.002300735902979475413 -6.428341226401025057e-05
-0.0007626739748156802787 0.0003443294673302637774
-0.0007071676900438453881 0.0005594917049225636404
0.0008238541453149671482 0.0009650020012003186678
0.001291461703994543041 0.001417658866940836419
-0.0002532909500003912152 0.001142610006545879357
-0.00126314354500611228 0.001220664747756350973
-0.0006157351207566903045 0.000669196987586858803
0.0003868703387937288442 0.0008680828042984350913
0.001292466418191847398 -0.001419406825833030659
6.843563614108039584e-05 -0.002033146665330122591
0.0009359633160745559023 -0.0009264393501461847631
0.0005231379257548986455 0.002069186942862879987
-0.0003179736624152013991 -0.001205636988126505263
-0.0008511614360813503019 -0.0003575650371399417392
0.001203859750188713282 -0.001816657920748235419
-0.001828251579874978685 -0.0002601525200144052738
0.002689244017854579283 0.0009326821606681437189
0.0003840372623462952914 -0.0008645270405518725408
-0.000769265703089922208 -0.00153017877195151409
0.002779824692789293131 0.0004978595273386979009
-0.001374169465869522168 -0.002512976410864176547
-0.001071542262656283639 0.000624693853268761261
0.001881064883694130892 0.001826099713857992548
0.002612650475105455193 -0.0007393171696251706494
-0.00160565220352834083 0.002682954384498138171
-0.0007654179274707745588 0.002610806800879087678
0.0007910025023158877375 0.001426596777894372859
0.001657924259470963668 -0.0006068955945044805659
0.00234457664477510019 0.00080642280624005551
-0.0004853637806958146844 -0.00333950665556803335
0.002733600833482576452 -0.001611744893904329921
-0.000862561982714541548 -0.002135853374546895726
-0.002678827036133065234 -0.0003746424209672299423
0.002516342216516141792 -0.00137570832357122386
-0.002637170277059800328 0.00124027490277508882
0.002497805036475117275 0.0006757533536012786486
0.002776527745300481475 0.001876535837895516347
-0.0008542656279842529175 0.0004960536120227387923
-0.002726206963711241566 -3.199470259196554242e-05
0.0009935201038305577735 0.0009938108559680329177
0.0004088759526648785749 0.001307367907407212771
-0.003072153662539101483 -0.001898020572582968064
0.00181014115462826931 0.002200054515550088196
0.004357200862271823696 0.001089321083158800241
0.001951372384347375153 -0.001372283969829299084
-0.0007693765027782809235 -0.001744948434261371726
-0.0018696230793120148 -0.002921822214645297764
0.0004477290845663411891 -0.001396511954007291154
-0.001711303661864136587 0.0005486278724808388687
-7.842142641152941799e-06 -0.004021044079436874273
0.003329669709147896166 -0.00133464545281076802
0.001980854412849833955 6.839596909747431772e-05
0.0011891354841396752 0.002068691949647934181
-0.0005819854437241636733 0.0001593996967115036034
-0.000777799304792562091 -0.001058576025148232763
0.002504064588022656031 0.0003777572970182456599
-0.002613730990741236753 -0.0006277137027903337534
0.001017360904162612541 -0.002793928325275982574
-0.0004635506818207850172 0.002534605028347661129
0.001440124736669319387 0.001868585185312223763
-0.00113344195691315007 -0.0009645323381846644499
-0.001999961043250357909 0.003049675746848422905
1.580047050987385109e-05 -0.0008721512559525902231
0.001049778430421064584 -0.001005386887723341057
0.0005325418028770247201 0.001220766914125097748
0.0005731557436418560983 -0.001539767040733738043
-0.0006527604726532377881 -0.00181310292249915652
-0.001142183925293267528 -0.0002666221869038149037
-0.002142245241405105628 0.001947519431633818951
-0.0004635162655886424128 -0.001685795183571748429
-0.001080526860576668143 0.0009887864103007451642
0.002040436009866412881 0.0006918031152210999714
-0.0006662709466694257407 0.003199244199861834073
-0.002545389204041109861 -0.0007294382536893411319
-0.002286352277666683658 -0.001087365953134387464
-0.001374727056916203588 -0.001430781811050747072
-2.992970254885030362e-05 0.001690503400015003861
-0.0004616942341534891478 0.003022747209752400452
0.001388560694050074195 0.0006823964866722210133
0.003010716769900816363 -0.001831555099221691529
0.00245488605960038006 -4.709093384750264767e-05
0.001417907945774753153 -0.003815592693258176155
0.001284176677551669438 -0.001259283897821153507
-0.000897151929650263566 0.001206168370370291378
-0.002938906196840526761 -0.002185622095482161586
-0.001201355990771894302 0.003018951066630944438
-0.002822706496050745965 0.002023485717455106823
0.0008978659738087988677 -0.001344820822368453109
-0.0009501018030805147025 -0.003290500702001300862
-0.002069080610253148846 -0.0006312066284842234726
0.0006686992318634591261 0.003014590345860607232
-0.00377237127997767218 0.000286762485144467815
0.001791085258001449618 -0.000903386355947420356
-0.001792039893985721867 -0.002400369999358708487
-0.00194893340748759805 0.0004624900980698953834
0.004212974345252848418 -0.001047043573084257889
0.0009856013356920642187 0.002574143812208532292
-0.0002042384674926556762 0.001832591468362982463
0.003158401543380751336 -0.0002631590937900822602
0.002420093989648599078 -0.002018875014714049693
0.003710075645627993954 -0.0005384283810672432736
-0.003165411279340582702 -0.0001315159241199567904
0.0004875230941618075974 -0.002784821807478903444
-0.002251215262890828017 -0.002899660617699636317
0.001565431896738006708 0.001367350394259541279
-0.001354731359722326006 0.004137439753279134949
-0.002380796257116585095 -0.0004762669093533581678
-0.0007875066842421194445 0.00395198736057806449
0.003986212430178187605 -4.501703764520255391e-06
-0.000114881760995376469 -0.001917567454337360715
-0.00257551857769377536 -0.003319990274390601046
-0.0004326532579890522332 -0.0007533247692721928073
-0.0003870565815386299569 -0.00118960745645930511
0.001810860536855722061 -0.0008602424906297834314
2.131963361582506732e-05 -0.001879582451378885091
0.001490701673096300577 -0.001911765159338002593
-0.0006106292916229417349 0.001757649459102722869
0.001685961425043768988 -0.001157538969406656567
0.0008770776766304743928 -2.875379362585168226e-05
0.003306839565236997184 0.0001251814582375660628
-0.0009711249225240958186 -0.001764860633980116274
0.001612307768406212247 -0.001485044761867450238
-0.0001978756372247894265 -0.001756069482973930456
0.002430615097787835674 -0.0004434355833142269434
-0.001784843838781086187 -0.001140832747211296136
0.000708845453862508388 0.002290705212684422676
-0.001964759977059695687 0.002386749437591573729
0.001371001527864588575 0.0002453576228378122792
0.000978031388968941557 -0.002327913838278017344
-0.001418244547538707444 -0.0005584736807593963142
-0.003671054517267230768 0.0005066571168624987203
0.001988423277796185374 0.003053212020423887001
0.0002809538130458816697 -0.003775599028845930561
0.0007153252889253374847 -0.003861919652437516889
0.002820471743559764717 -0.002426327665904017081
0.001572825105607112165 0.001973903166748396717
0.001056222504384043536 -0.001371273905370722947
0.001069754759982824953 0.002546939839324757066
-2.666930645905030064e-05 0.001872573685178370194
0.002929603143811676351 -0.003070166512935947663
-0.002226579710415516576 -0.002743734708414753785
0.0007701214064956873927 -0.001480158679753658607
-0.0005580549295555519915 0.003262225298651975219
-0.001252567898128825437 0.002230916990208841894
0.0004023837986176215503 -0.002811072137694290395
0.003704906779276560379 -0.001732398483930140762
-0.002007851487155048673 0.00228338716776708495
-0.002731987372683648656 0.003238800856047759601
0.0001500453026222769732 -0.003724828194023361086
0.0007371620055253874128 -0.002026747194300394968
0.003194382496394093315 -0.00177443108089164487
-0.001351178058550160785 0.00150006620033573063
0.001125180475845893001 -0.003337817236591953795
0.0002429645314988876804 0.001564210916846461505
-0.001240305989845350357 -0.001702094639284402675
0.0007997524389972218576 0.001856191646787392398
0.000638352587928876173 -0.00227016626147430239
-0.001135615887421549848 -0.001215596373310898464
0.0007465954698454412702 -0.0008929784667776514712
0.0008006654301220147117 -0.001040437734098215985
0.0007357146792719045092 -0.0004776917696339241142
0.0007486664490538979524 -0.001547423573037302966
-0.002440045047573194143 0.0002802444530600256079
-0.001161160567658410352 -0.001253796470683180529
-0.0002715056163845255702 -0.0008635837577480375091
-0.002080172840462129503 0.001666700471375940143
-0.002337767947998583423 -0.0006993120942935163566
0.001789303831444120918 0.00141058072358786024
0.002381201541968094425 -0.0009786319893749400364
-0.003475531342135413336 0.001637108805245713608
-0.001137021386682292084 -0.001185741514110067807
0.0008333995555642830216 0.001674107371281899955
0.0001137443543684728124 -0.003662628874583902065
0.001500141896871920455 -0.0002900067385017370729
0.00197283012465502075 0.001634040858233979775
0.001405856214857289111 0.002814338065723444478
0.001138002155318436869 -0.002980219089622893839
0.0001695257006461384523 0.003490520608406971932
-0.001589827968365092794 -0.001066197910970264132
-0.002674700032740524175 -0.001717826728107033855
0.001772279352208093722 0.0007651497230071412602
0.003190119795186548493 -0.002417051300548533031
0.003446152717649534052 -0.00132607854089917751
-0.0001210643287190595052 -0.003773835211100112774
0.002622976340346319223 -0.0002500028309264594028
0.001399993245498407828 0.001664337574561832898
0.002912703631712794915 0.002798704313108254117
0.001228568400748806296 -0.0007351759376815363879
0.0007244380849697435809 -0.0006470468134874206257
-0.001205937790314207114 -0.0005903195182609691444
0.001049986078658099713 -0.0007851791571945579331
-0.001777553229564056642 0.0005235876104014754043
0.001395787929443055402 0.003475901377941843177
-0.001928747935719684432 -0.003221145009859340685
-0.0004722892124233045094 -0.0009631590766771985519
-0.002981334100091455937 0.001072030429412451202
-0.001956864953291744154 0.001329171951947199755
0.00128285314118407206 0.003853695484815656234
-0.001997284030850121715 -0.002542269962897166294
0.002435489230454628354 -0.0003185546940673889297
-0.002370059705946076217 0.001168831256421621299
-0.001390082710889671731 -0.001183035564634761071
0.001483235925942515653 -0.003100268173720119227
-0.002282389464876078723 -0.002528297490796979109
0.003410750711617480373 -0.0007192832276922744633
0.0008030973080793779931 0.001587955837518390629
0.00106980638980457704 0.003006862308157813406
0.001827323086837205884 -0.003180436561392755226
-0.00361507436428302846 0.0012273173985836534
-0.002799113235821306268 0.001586484105396359376
-0.001605535615919273431 0.0002507148175690679728
-0.002114549203399535785 0.002204020175318769162
-0.001360925557647001734 0.001569037423205639275
9.901484467824675159e-06 0.003538896351255782849
-0.001919495086522079227 0.003111054301023292046
0.001531888019101146142 -0.003305127062807716645
-0.001306381995582405484 0.001972185502684742353
0.001269765492516549852 -0.001253831475638534807
0.0004775800396085796724 0.002941485685726041247
-0.003968337125003738863 0.001567366030062245386
-0.003619110262621179179 -0.002019092754706451522
0.001986220154990091854 0.002154992447192501451
-0.003484882211177783504 -0.0004923116754295319081
-0.001376347201327791231 0.0009671371296497135658
-0.001886273483381825829 -0.003213156332743070942
0.00319709878738957563 -0.002998132431938431777
-0.001754527831198948078 0.001728133871452271642
-0.001323180693078069518 0.00094079380757755484
-0.002911138929317158563 -0.000757404542920967665
-5.160452639771211103e-05 -0.001483801046236886152
-0.0007597958696652803946 0.0009398147482095745627
-0.001580559381142423222 0.001745279821691079081
-0.002175037486957087825 0.002474720455079867584
-3.185152820878330276e-05 -0.001872824895983276434
-0.001560759229856335242 -0.001163001365428608476
-0.0002271814606470143674 -0.003449297645929758072
0.002526418045888893273 0.0006479075445404002681
-0.002637211400935699987 0.001091522919489254853
0.002031476765464144268 0.001010225004241803752
-0.001612277184457725204 -0.001920963348710958253
0.001132444199598022817 -0.0006824614691270151044
-0.002552806821554980642 0.0008367442823269406315
-0.0002371450815421114085 0.001484213898509004897
-0.001169595956928711888 0.0004005298389990473744
0.0007968533427801070693 0.001357366905592194374
-0.002437057027796253866 0.002475816740801019093
-0.0007977083099151391788 0.003233146199428555377
0.0005040741436319604637 -0.002738580955005417202
-0.002139953983596751784 0.0008302053502177181993
-0.002319032386865708256 -0.001200273263841984467
0.001033483807259314054 -0.002060241015481931691
0.003952898111006933508 0.0018009200331369627
0.004120150559567616576 0.0005150668710932214314
0.001917295333001167506 -0.0002777909420416935487
-0.003418145349644228104 0.002088580879077983187
-0.002126196928350113698 -0.003270508491114531083
0.001560392826360551457 0.003997125442327962262
-0.002229380933819594991 0.0009933916981414265494
-0.001352142845221264694 0.002499437184427213705
0.001589241504013197848 0.001340262524447861057
0.0008373505365293235168 -0.002572455238581849556
-0.002881183418580937974 -0.002071383978159113161
-0.001450744620261549926 0.001543191347489053771
0.0004336693826054030055 -0.00148720043822999368
0.0007671166602623661354 0.004154581259774856213
0.004335121950223803228 0.0001755984757168696595
0.003894960440204276939 -0.001537048432580171396
-0.00372034240727237963 0.0009891805647084864466
-0.001917302769010545849 -0.0004172263276401575512
0.0004461854958724098498 -0.00269545686750987095
0.003021467449308902053 -0.0001510090526042934971
-0.0009100127501533920686 0.001407278088525442707
0.001121534084215545981 -0.0007307371329269519641
-0.001537508282542263387 0.0007493725821346453866
-0.001161512229150811135 0.0008403973700978022284
0.002100952353388811384 -0.001796419830331086277
0.001513458414356180521 -0.0002781768745589226644
0.0003485353336733193041 -0.002644465895256780524
0.001589897019935127822 0.0002780002082370696044
-0.002666397612096015838 -0.002833429571452443247
-0.0007418373519805348528 -0.002644844728400751969
0.001547469840266917996 0.001027051773804193643
0.001176203150630533018 0.001758732545427246817
0.001857766294359273129 0.0008916130994109898325
-0.002909255080336938838 -0.0003445840292615123682
0.002807555969103483866 -0.002934946095351134016
0.004194083555675656022 0.001569381400561475383
0.003952973565332616908 -0.0002879498129001948747
0.001974043555470953067 0.003867364955066709617
-0.002358303687363039278 -0.0005327447678335724742
-0.001325778764421393485 0.004219876827624546162
0.002508998147449916991 0.001801809769925942582
-0.003788132132292088786 -0.001646303282139253803
0.002609764981848926042 0.001602148180152022927
0.0005747621945055273905 -0.004297873866843048528
-0.002722378235572645716 -0.001887282654427976545
-0.002266805414571334502 -0.001455928728230326732
0.0007200546847959130373 0.002885616462232607794
-0.003043692045837364472 0.0008711295849037982474
0.001445718674153792386 -0.002036208164656839233
0.001608458271981344674 0.0005387756410229651953
-0.003086863669319574177 0.0002806652839040451675
0.002844211824304761736 0.003142918556506823884
0.001332999067552633702 0.001215441073792466325
-0.001654661147936367128 -0.002324720921192959325
0.002091869402459624327 -0.003206972229067156076
0.002632278493201342228 -0.002741087619235785169
-0.002093334077617351428 0.00104838847755691863
0.002325195815706245991 -0.003240086396744393943
-0.003493492986112511911 0.002368123528755162674
-0.003726206764374922001 0.0009918578157598416899
0.002930985572476095709 -0.001255964767393294781
0.002253398903220478651 -0.0007382874299871747866
-0.002624528757371382727 0.001977708888775563459
-0.000809973458079427111 0.004246069949937035168
0.0007751065865098695495 -0.002889938483770761613
-0.001825946911497907917 -0.0004815549061230439253
-0.002709632817574918803 -0.001302957374247688815
0.001822281385543630689 0.0008104360801903648642
0.001945381956542160951 0.003337530510090391811
-0.001694739558615333905 -0.000638532397364405843
0.00314554091581334969 -0.001605651675326473385
0.003578291724830465551 0.0006265937580923098974
-0.0009993959022541348304 -0.00212228455611997071
0.002530976356764054816 0.0002478046002176142321
0.001057392736384309964 0.003753710361013318578
-0.002248466236496389058 0.002574731800495809637
0.003045006079534649107 -0.002712321610911413213
-0.0005701755364418188308 0.001917495524854680947
0.001700103532491552272 -0.0003762000749280936061
-0.001011943730758089414 -0.0008095088010216174327
1.514666421120964071e-05 0.002471279406088104386
0.000405846559779174203 0.0008099381665581741096
0.00102063687832348155 -0.000576835499839753723
-0.00151006264284187018 0.0005067614173046139283
0.001277868767794311999 0.001320684812171748828
0.001056416490096633975 -0.002140212216852871007
0.001425879704358993779 0.0001146274553108811867
0.001280866980688554965 0.001339517864386589787
-0.003200783996033306194 -0.0004551651856592939249
0.002793045186227902533 -0.001899190463388462403
-0.001839822934750976781 0.0002052611548803682812
-0.001116323024932148805 0.003287898021880031243
0.001460286943146333477 -0.001046090286590718559
-0.003402446801525845638 0.0009977619034287196417
9.59334633454614772e-05 0.002175597320968544312
-0.0002447188836603613523 0.00335485493534668942
0.000452127916661255666 -0.002661153815275003193
-0.002760390727051224499 0.003492383304521669979
0.003901980255474459935 -0.0005301166261682488346
0.001319419524812429252 0.003767751914357044679
0.0002169021451479415628 -0.004215508595877674215
-0.003465843475364386878 0.002613263495606350448
-0.001662654212590952175 -0.002010640989871307488
0.002310751106998195671 0.0005108743443261883586
-0.001398480764776010004 -0.002218667533684040658
0.003720672764896389671 -0.001607177381848170269
0.000216771040829631602 0.001760145742365987328
0.001657351201356123231 -4.55677837115601726e-05
0.0003425795197598842487 -0.0040972940061329002
-0.001201182463855978225 -0.001207694245019070396
-0.001811853201580228409 0.0008092871464154896555
0.002142756007760805454 0.00330490535846021281
-0.003338591007476626217 -0.001435514978621934504
-0.0002539704365012326838 -0.004121724664634862124
0.0001477917628754992982 0.00337821840709549891
0.001361531495225342097 -0.001172279162689735411
-0.001648448907014329152 -0.0007521922972706395795
-0.002936262232257807851 0.002059795943050505423
0.0007729453156369099805 -0.002741398203367901437
0.001088225855063557242 0.004317594412028079309
-0.002958841435403131766 0.0008815709449386427725
0.0009217611525562312107 0.002058565253707538099
6.130601077179113206e-05 0.004058268104427305636
-0.003475937589467557355 0.0002382931599984848287
-0.002067560192160063006 0.003800887638573980341
0.00424426847861049221 -0.0006845773096490195483
0.002071297890402517064 -0.001572204032312907347
-0.001800286899618788869 -0.001145558482076015254
0.002176668962674296708 0.0006212405245989321197
0.003531597875784160505 -0.001969839902402833586
0.002945739262565965234 -0.00169636350113578087
0.002356084835272982334 7.484829941001259687e-05
-0.002448310971420950607 -0.0004745464934793096681
-0.001560398741513165707 -4.269003871938101312e-05
3.138997034096810586e-05 -0.001835485139362533864
-0.003497237942980963542 -0.001801767349312707791
-0.002263379598813931425 -0.00149192278180777663
0.001672270305414962641 0.00331759082186210922
-0.001948866552396377174 0.003646929594022190087
-0.001416479953990004183 -0.002951882950278787374
0.001247412231125053167 -0.001657830743196702424
0.001954912385510690701 0.00185521117515577167
-0.001752672105052317797 0.001018971558257260757
-0.001745709177041393067 -0.00175214763989549327
-0.001571570207989364011 0.002217778147510356904
0.001341150228363347267 0.0014684945816646304
-0.0017247142633695315 -0.0002357562847354519563
0.0004075284471834368107 -0.001613353517587898201
-0.0006444370849784426683 -0.002539352942521719454
-0.002138543198702870692 -0.00258756132971272191
-0.0003330548234632832926 -0.004479521621137233858
0.001691033373397846052 -0.003547693349260015207
0.003422106132419883064 0.0009604869152241940445
-0.0002551863860616523927 -0.003514627465947376371
0.003388068846129303931 -0.0001383277458031641725
-0.0006948004003969603538 0.003160818485186182598
0.003661837143926612633 -0.001344970254837228162
0.001215051233406043169 0.0020629103313324639
0.0007102960306450193089 0.003909741589265867436
0.003222482780772435891 -0.0008918277600508063476
-0.001249453032476408477 0.003482231747766499023
0.0002546739448101913118 -0.002051738923613328613
0.00326866082583154513 0.002382464182727312384
-0.0001282820414005894074 0.003622844161128197221
-0.00241378436986088539 0.002696839977074733108
0.0009858549180107264477 0.001470498321438562603
-0.002589634524135608559 -0.001741748476206317646
-0.001186510058861482524 -0.002730233041675232154
-0.00108711034099450007 0.001895665785667859484
0.001199800973693449652 -0.003756585527401138172
0.0003509541884497080965 -0.001751012627274851127
-0.0008156984865686197142 0.002328419418582703196
-0.001093995926423414929 -0.001512191810799628144
0.003763830124901920531 0.002317740869721509646
0.0005000649524150569108 -0.003633037191753387025
-0.003547535797541439238 0.002299253878850464859
-0.004239482177308893408 4.313529347033974448e-05
0.00275856345969959383 0.003125724994753184202
-0.003950353826224222917 -0.001613810117439634434
0.001327079883631015469 0.001517732822429289754
-0.002165709443603188074 -0.0003589015706301633586
-0.004349978263992586476 2.861956044619787818e-05
-0.000645136823576689198 -0.001867312838221992129
0.0003211657520120004064 -0.001374035867040077985
-0.001131500487835515817 -0.0002497345014631972924
0.0005483725527319839761 0.0021657847454558273
-0.001721269604403215074 0.0006034222739926450299
-0.002423254395801359255 -0.003169727175289294586
-0.003060825316085692867 0.002198089866580041091
0.001840721898275947356 -0.001729735716197684098
0.003670311227547094768 -0.002557791618376951438
0.00055315575649816256 -0.00221329777355642153
-0.001902951596861327237 -0.00205732123359834377
-0.00328815875530224155 0.000778695418196163067
0.001219775314473053266 0.001143303196290859245
0.002409520550128058623 0.003149846975493402618
0.002316546749024503069 0.001335764987027148517
-0.00267249089778965037 -0.001035438505920910487
0.0008483980908714329819 -0.001789601530603071502
-0.003443479603188074733 0.001521562361194939584
-0.001183046081637618855 -0.00400586075938505308
-0.001891919859926507975 0.001163102762370440925
-0.0008602804982349348054 0.002112878607960360332
-0.001470013170443902747 -0.002806491228137609865
-0.001940030104446517981 6.330970556408317858e-05
-0.004058507601815839611 -0.0005594656177156428351
0.00397117268268644321 0.001121857229853672963
-0.002814288221983675658 -0.001832112527251867707
0.0003066950348958221838 0.001803916648611926347
-0.001107800370917426261 0.001758343086869113567
0.001878528844904867826 0.004077983525620729535
-0.003380591628678384589 -0.002784099258936536224
-0.0006717588787229638063 0.003811016283645236175
0.002998521615681034019 0.0006430223414986826688
0.001571334609797399393 0.001705492177876573572
-0.001515281613177832127 -0.0002420031726541897396
-0.0022243861083279322 0.001605405637009455454
-0.0001094110861388615465 0.002789033762175712958
-0.0009571838432234609046 -0.002049020269178514903
-0.0007324285488252007007 -0.0007011046191184477265
0.001144908419088878004 0.0002324248665084180333
-0.003359597149780469468 -0.0008414841706038376796
0.0002606667357929679505 -0.0004119157479345336454
-0.001958548719601939728 -0.001517482490932395116
0.001588750651615522059 -0.00355974559366873701
-0.00252007961129548097 0.003319486992892820877
-0.001627026743762652328 -0.000917945980778571511
-0.003172284975269528372 0.002726839717061910716
0.001691549567147037324 -0.002402937827452208269
-0.002914167290817934464 -0.003157614295973636652
