-0 -0
0 0
0 0
-0 0
0 0
0 0
0 -0
-0 0
0 0
0 -0
0 0
0 -0
0 0
0 -0
-0 0
0 -0
-0 0
0 0
0 0
0 -0
0 0
0 0
-0 -0
0 0
0 -0
0 0
-0 0
0 0
-0 -0
0.001298401085743613624 -0.00400696644058028649
0.004255404122378248118 -0.004120148219887873227
0.006371568778304456671 -0.002014704580882206893
0.007880936066041035332 0.0009475484350397101905
0.0081259380703049746 0.004677985938032085123
0.005637080691498986586 0.008519473244920864469
0.001503127322228412725 0.009768083507158761489
-0.001130294052710692585 0.01011324882839163483
-0.005323752749091024625 0.009982501688434177248
-0.009927485729556101077 0.006707680407668456003
-0.01140369426323391278 0.001291718481415690158
-0.01078398347157935415 -0.002307021070571992939
-0.009912199055403463077 -0.006251340470736153378
-0.00633637189760163054 -0.01075034996549442332
-0.0009748204099199581606 -0.01202431972257645906
0.002792990718727820284 -0.01073012563456519908
0.006198270464479014794 -0.009390932729984204433
0.01013928129573468152 -0.006185871752425348494
0.01148728761791686058 -0.0009016817092733218127
0.009862558772064470083 0.003500417147180566371
0.007582161911771622201 0.006028433063037574868
0.004549240945183987903 0.008389533966035160953
0.000601254928379997295 0.009461198829721481282
-0.003437337363659725975 0.007202993042609659273
-0.00478863319503893773 0.004424054013759217904
-0.005034071447068995744 0.001870366306189636405
-0.004317066037515342007 -0.0007604139101034172558
0 0
-0 0
0 -0
0 0
0 0
-0 0
0 -0
0 0
-0 0
0 0
0 0
0 0
-0 -0
0 0
-0 0
0 0
0 0
0 0
-0 0
0 0
-0 0
-0 -0
0 0
-0 0
0 0
0 -0
0 0
0.005000850455192937423 0.00274720830233503863
-0.0069581706421296078 0.006656148083726206276
0.002134407520393252419 -0.01211351922012769179
-0.002997859418003131528 0.008859978845283274923
-0.004203227367156011675 0.0007888412033559132498
0.003457997997914872678 -0.003250109652717071956
0.009442001463676592127 0.001353319813861330288
-0.01026550357652372333 0.004806128704956436765
0.008991025024538235738 -0.002844180012326123601
0.004946239754800374824 -0.004586807432282937781
0.001718177520608375622 0.007108791268122882125
0.009366580329009629655 -0.003104818627943518004
0.001878979312262753221 -0.009858614098008249005
-0.009906144723642993158 -0.004551818473445707128
0.004979945054197196588 0.01090022561622629345
-0.005973791652345647116 0.01028819687124084975
0.007085505994020994611 -0.005437942564772326424
-0.001862735680655853206 -0.009223950834801266166
0.006062102238649042137 0.009552742487443175584
-0.00783461487599040711 -0.001099863904698154902
-0.007329585149778799179 -0.00574180098252297013
-0.01003428630064561247 0.001538566657644865106
0.01109284694035703352 0.0008897877314993754604
-0.0111926214282047215 -0.004631613063422086729
-0.003714314689951400076 -0.01094124272758109986
-0.010020414544341983 -0.00265591346548696948
-0.006614910042171500554 0.005357959075486641055
-1.124410499660845634e-06 0.004956710210645536192
0.00299820545448926945 -0.01095132817436054833
0.01122744663667476009 -0.0005621590357465089524
0.008906989934599280484 0.007175470997588366713
-0.01011673263798981703 0.002187878042561267316
-0.002308710166118887585 0.01075688578989494361
0.005776888414711598384 -0.01088830177547860968
-0.007253328070875661969 -0.009063138424039459892
-0.005575152121245568158 -0.004359093456294718671
0.001282662688819559936 -0.007600502982932081514
0.006359343972996672756 -0.003610654782023960813
0.004921298034987702137 -0.004962986593979960663
0.00493134272129399677 -0.005417229608382869224
0.007875196170115611807 0.0005886453824664912571
-0.004778883503095967926 0.0004552391358917192874
0.005551436731420851707 0.006237429629683568372
0.01025861877806517539 0.0005848615981945469531
0.008829378695322393986 -0.002422533640453428724
0.009497309037304880325 0.003865435530841346105
-0.00605548803093182951 -0.002560846509686840779
-0.005781266308581500812 -0.0101490107593272972
-0.005439846496219904494 0.009641843444291805371
0.009453043810270988709 0.007681875609724057169
0.001820991117475370029 0.01131094641951096991
0.0103841795558782847 0.002876961054830354594
-0.008479770401324719306 0.00644712064532459387
0.0110994193989662239 -0.005005506922266439278
0.001535516796625893514 -0.01131370074987460631
-0.006413303442968726342 0.003944362543697098496
0.002248783833903967438 0.00433090919883253201
0.001432374754538874237 0.00562615360504266273
-0.002439796232528271096 0.004102504989266447279
-0.004431329044375313664 0.002461728206796459997
-0.007757017624083750555 0.0009252379943919797605
-0.002410925257432168425 0.004594987068475943695
-0.0004441829723538050006 0.005540475587153936149
0.00398808249041290603 -0.004420956879018538704
0.005484488508103495946 -0.0002660171175046252903
-0.0004752731509950623885 0.005400618868365778848
0.001712438139071465869 0.006050744647525762437
0.002651728998751261713 0.006545395136074984473
-0.0046669341710254943 0.002273251635876840336
-0.003679085568753931012 0.003333685098756551841
-0.002647228989316782743 -0.003723715112254866264
0.005050945187069731494 0.0006358724138483902357
0.005224543460489151046 0.002220855353350053955
0.0008138636055716509405 0.006934046981388878282
-0.006405806790801161534 -0.0005986344899162099375
-0.004194431682165544739 0.002879795966192964709
-0.002878598195306493641 0.004129019667075298911
0.001723914255786695646 0.005838062612716440718
0.004633770922288318363 0.003168013685150566829
0.00079348176082606216 0.005236606673008439329
-0.002566904842101738662 0.004522060663109799331
-0.003671222476140279141 0.001546630975851579241
0.003219010268806591583 0.003174397710588587346
0.002344658528354369269 -0.005343846090208116337
0.001514067458933095536 -0.005670515044103646186
0.005355661870612212806 -0.002163345189094689671
0.001104038516516028627 0.006043235580241571037
-0.003597435950960052413 -0.00437683808001700439
-0.003334423794507102891 -0.003616554675009388351
0.006962247589229064379 -0.004754095574583047656
-0.0079366673478587519 0.001844443555345066021
0.007299472154966080324 0.003122760636784766008
0.002376235455821888026 -0.002742679755439702584
-0.0003877968318978518595 -0.007357470722490161083
0.008555081318659694956 -0.0007610765456662234307
-0.002592614267323330168 -0.00771785257923055662
-0.006626506843476639118 0.00180857001055499244
0.004156459796081883942 0.009165061309477796209
0.007508307968037087644 -0.001231857609429300041
-0.004800018167772591472 0.00710448534090688498
-0.001113601709062083008 0.007497277623643241323
0.006072870949508071305 0.005753878286423257972
0.008713689688746797599 -0.0001528369413810859835
0.008996088701479774616 -0.000234835854146280801
-0.002081145438409734687 -0.009212915372464006158
0.008547701661764611422 -0.003265344564478596563
-0.005255029504859121993 -0.005956224346881464939
-0.007780757682932146722 -0.003550354144536235334
0.008984933325713052518 -0.001865219962969847517
-0.008390437888862359306 0.001836239792098498481
0.007738200809495944868 0.0001994070897285443885
0.009863485263765401842 0.00336725650821605724
-0.005534372731885851479 0.002337803781471004937
-0.008185643662707083046 0.002164929400173845348
0.006278361057045940552 0.005871441444428776579
-0.0003192095920705602624 0.004534722310659913304
-0.008889081145543755932 -0.004745342604059547657
0.00707261017577457806 0.00511542996822904935
0.01193029463489318071 0.003721401318195192466
0.008300276214240296171 -0.002179982393998487495
-0.0006752009194104403996 -0.009401782690020395877
-0.004361938519924697145 -0.008823439791072225716
0.0003408860956462186355 -0.007705841291765216754
-0.005605417972735973059 0.004306601921630789226
0.0003800009268397435379 -0.01118838676292849624
0.00884563268065154118 -0.005488350940591216372
0.01081325151363803083 0.002882162831774237339
0.003960151699470877348 0.005546536905727838564
-0.002635007347612317811 -0.0005262619516520719055
-0.0050642244650353236 -0.00324418365050280948
0.007251311550054729931 0.0001259005282643779582
-0.006898638508098014523 -0.003106284014255138257
0.006707270306270491159 -0.007772460751592495838
0.0008588515607370744969 0.008176337261745348153
0.006308478407615284583 0.004409592633477977912
-0.006836462953324143332 -0.006053943389974943828
-0.004287602496830899071 0.009731532824410927748
0.001542058638894373401 -0.003048131569386548691
0.006233742720178115509 -0.00593950075320690777
0.004362080083345068644 0.006066535347061110389
0.0006159485929639650983 -0.008919889278529548673
-0.00431031267041365445 -0.005134916041050198617
-0.007064669040696031597 -0.00153254108304795209
-0.008922044901145818191 0.003833190104874665584
-0.004819344439256264753 -0.007741331177803329085
-0.006969033246284060332 0.004296367263903866363
0.007773928696944309817 -9.970758503541251585e-05
-0.004156731896139923867 0.009001464574953505632
-0.008338113550843653105 3.276740859872880572e-05
-0.006143651936974849244 -0.003503637187041012437
-0.008403036551988785421 -0.004054030212336199972
0.002365117008701762315 0.008537547727644806753
0.0009583374120411996318 0.009319009814948859757
0.008212911478063392515 0.005121285174068557905
0.009664405163459569709 -0.003469105349462236164
0.008672831712204287502 0.003258440299141288597
0.005294919019348174466 -0.01024713013992769976
0.006670543707140853817 -0.008330390151857200443
-0.006502091440197279443 0.005714724115817783334
-0.009897730561380855413 -0.004491090406896781559
-0.000676244406582333338 0.01078753020521107907
-0.009531418886206123944 0.003885651917221804967
0.006623771359912805808 -0.005054798242976295437
-0.001376464273134930675 -0.009548905024865234764
-0.008006720922151804726 0.0006834739901381463659
-0.000758267704019030867 0.009621023580653500357
-0.0105825543906367895 0.002198682640966194597
0.007283262858083610659 -0.007200177090726471787
-0.003027027025089923905 -0.01091502847915265875
-0.01063136635770767051 -0.0005118306083241588519
0.01198725431335533401 -0.002031050452630724958
-0.0001679647490641319497 0.0109166732662483966
0.001328629140960237848 0.01021371839855766961
0.01050138671608591943 -0.005032774485496303157
0.01058553465512782586 -0.003767578698237143177
0.01023400039096715453 -0.003583189090470346137
-0.01046510063581132868 0.003318863976358425553
-0.002000646836953028172 -0.00996993171180633915
-0.009776315536389157748 -0.006807403885755338932
0.006226903560085294762 0.009321537291890794052
-0.0052714500009475437 0.01115289397794447072
-0.009597018290297373508 -0.005968966617306037913
-0.002341283661423851879 0.01085022329079973237
0.01170616298043975455 -0.002914652630438114688
-0.002424241579543342292 -0.01087017806449374659
-0.005643608847030022989 -0.01089315913204612872
-0.00242600942547174965 -0.004940100002096805588
9.827924201144137622e-05 -0.004385264590159664889
0.007611093961194494856 -0.0005817521100671568281
-0.0007422103682857344661 -0.005205652317519477573
0.005088007949735379176 -0.004792268771492315046
-0.004115315336781929199 0.005207947331254941109
0.004056792048658048114 -0.004721993835592729408
0.004115453402071228561 -0.001466200064069458475
0.009021500383215287633 0.0004583416651571150646
-0.0008451203452707794009 -0.007652319840791354383
0.003470781105529641922 -0.005543988616743973294
-0.0001494638555009087906 -0.004870239400960467251
0.007123312425049725151 -0.003934584815621679221
-0.008607000817948386173 -0.001629672596515038081
0.006472023353216896195 0.008074881922634103565
-0.008121511017037535973 0.005487573061779432194
0.008421297947849987198 0.0008127987769396706865
0.006763983498903341704 -0.006931241013582245016
-0.006501267904685999535 -0.005069402609455750386
-0.01029227480336553265 0.003578883759904774673
0.005700802979144105678 0.008313577411934461314
-0.0004174750862996523169 -0.01065716086196318892
0.002195922652613837428 -0.01073375120644119544
0.01054954801522671633 -0.004953054423509076903
0.002757779877967780208 0.008155290682637631253
0.006425643701372521673 -0.008214241856003189068
0.006487581769881963813 0.007086264865787497355
0.001968748988420939046 0.01045149086579132136
0.008761098075423781953 -0.007993721428122449457
-0.007170262423929887885 -0.006948749630541752216
0.00308751815930330669 -0.009244903157099214341
0.001600076916927984467 0.01089599283718894161
-0.008333765116570267251 0.00676791827458249947
0.005141006353704911762 -0.009274511093289403152
0.009837908819341637315 -0.006209207447422428541
-0.009315922736261899456 0.005202257447542204746
-0.007833614861865264081 0.008839626966604671038
0.003974408661130453789 -0.01125832026312235425
0.0003905014238873249469 -0.01100218472245819909
0.01061737882358905656 -0.003030163868097775302
-0.009086805306797028636 0.005514603448268534137
0.0006918682821817219962 -0.01092896850192693649
0.001989829882828350171 0.009394483188500727527
-0.001970392366830754204 -0.006475503608765757063
0.002698512150225739533 0.004907555089432523963
0.00102993484629156128 -0.006448004416252129355
-0.002346626082304057326 -0.00448216155055500623
0.003596496924766521414 -0.001812046586948608956
0.005346398753635807008 -0.003096375500262087566
0.002706994070051831416 -0.003601073223412849626
0.001377666142164971682 -0.004636741912197027762
-0.006813515792214857106 -0.000149733966011333274
-0.004078731510718113136 -0.002892715763438735103
-0.002844258774218735679 -0.003339092148907341854
-0.007585317293440032964 0.003154879444031741687
-0.006836882113553906584 -0.0009133208493834676575
0.006747470906894538836 0.002500328866224807607
0.007891253418240415374 -0.0007892052431926455634
-0.009361475481445939717 0.004926964944639258999
-0.007624188376127139476 -0.003515062387027408607
0.006760768545614460195 0.006147257448829707496
9.347764399918930271e-05 -0.01000046119950052763
0.008382226054078784419 0.001022640091461425246
0.004576849645879933759 0.008095934928053077906
0.003745670081759222645 0.007891445020182687523
0.002850792652420622297 -0.00852534654874413135
0.002369243628081905972 0.009693684457988273329
-0.004740327518610075799 -0.007092259528903441072
-0.00980277938961250303 -0.002651477690196272705
0.007567695013646263957 0.0001806812352185606938
0.008646594191569855967 -0.006835311592143989388
0.009312419602053745998 -0.007178837612621205913
-0.003230414669534179429 -0.01103795712215307166
0.0103351040218217019 0.003134841689665126413
0.003376822877402266103 0.00981733787416566063
0.007228336176251165708 0.008706728722581422164
0.002957477615816030136 -0.003690045640342073507
0.004186299825072716842 -0.004507935082054017467
-0.003262185432538794189 -0.002070751280290679137
0.006850275343685977535 -0.002611719353304075859
-0.009192165191855861464 -0.0003700215158622522206
0.004141161887616567026 0.009596713010131067631
-0.004083271653539779014 -0.01001669745239824362
-0.0009232382616666465203 -0.003110407065216436347
-0.008453569185332682548 0.002635447668354888758
-0.005213496325601838649 0.007900239653493538669
0.00462341662724592966 0.01045596589339920814
-0.003552047923768168747 -0.01037853910704404116
0.01027803075722435663 0.002597650056801399047
-0.006989044197729221697 0.007627300810010043466
-0.008169439269153122227 -0.007503520091852769816
0.001374036128772172967 -0.01149653578137933667
-0.006623890202654734473 -0.006784090197893003632
0.01008390330436869167 -0.0004123580737147599751
0.002769649239601251929 0.009816847693316674978
0.000331908306033644831 0.0104946031925171792
0.006989527966560648946 -0.008123865995914194074
-0.009708022277133743216 0.004587713600037240588
-0.008186412643757965887 0.003588216310519158538
-0.008971526111675801052 0.003182630795264949908
-0.00436450132889493192 0.00914217526622218557
-0.003509035027402070388 0.009273611963986998913
0.003556480492196367315 0.01107544748463382134
-0.007288354740712335578 0.007942897383523555774
0.006070358289367941591 -0.0087650500556263021
-0.007834676616460050161 0.005562811460445440427
0.008435512253320070694 -0.006358136385763886456
0.00569564758275287273 0.009870202257625981107
-0.01154396615381969408 0.003440102434863191901
-0.01010648867441193977 -0.005429331944851089643
0.008723688668677885907 0.004635072773646256063
-0.01008902296338899662 -0.004270928040957969012
-0.008762052955374790772 0.004072600024657164336
-0.002908040819722377407 -0.01136411448184002602
0.008437005512350860548 -0.008856115076509223777
-0.004977741375048654396 0.004613693096171296061
-0.005294115486112876794 0.006900237365125488909
-0.008514235503097135338 -0.0008466645631472063949
-0.00307299284321551399 -0.006599218589062688829
-0.001995669234986899993 0.006090320249004077535
-0.00311237925604181901 0.006605324385006378432
-0.005501042093638283149 0.007389777827899855593
-0.003191789397420148871 -0.008680083758860311291
-0.005545454656529656169 -0.008092555275658755778
-0.003990539781294745458 -0.01046027066975600134
0.009012948123995697183 0.006518863951778086641
-0.007499161061115137972 0.007040211443448657347
0.01111739490329845953 0.00146806033292388614
-0.003545255695492281582 -0.01055034277644025485
0.007356973916874556471 -0.002812826111515124867
-0.008120562446006498666 0.0005830841614168290029
-0.003075125835776288622 0.007939553202200536064
-0.00661430371326352743 0.003433077890398498078
0.0007385198163339961501 0.006330585681981154393
-0.008137427885653763029 0.006046423569285440391
-0.001200647441020343507 0.009505491833257169454
-0.001965534510959368684 -0.01014808839584719312
-0.008025423899750243339 0.007250482751695993579
-0.006833538111506217566 -0.008164235872270976524
0.001194044281182357788 -0.01087290698441597397
0.01055699218065666266 0.006148978752712839363
0.01193513873197193237 -0.000431436291357963032
0.01101401550766823237 0.0007238968035034815465
-0.01121044670606039483 0.003923357365611252791
-0.003960563285070840475 -0.01097602887012003557
0.003898340223743781453 0.01123430147922386234
-0.007177088875000493806 0.007538015615275709194
-0.001382519045644576899 0.01048608298008350641
0.005346997085777996719 0.008894001980810211164
-0.000560184336756068481 -0.01017875917133093978
-0.007498276815753186254 -0.006631970296047395852
-0.00769378591874855973 0.003472271362079991288
0.000585052522405688771 -0.008894470736958181786
0.0004245635132344851648 0.01210514724729229614
0.01205977476530569088 -0.0002106561388532587897
0.01198418560110725388 -0.00241916546042092017
-0.01201277280822910486 -3.001314511676892848e-05
-0.01117584972933728139 -0.0003473407720924400767
-0.001402421297661002233 -0.008854523073619717521
0.008489311314893006888 -0.002044593406398934402
-0.005914515840662640592 0.003931955422039570824
0.003396960581452924521 -0.005134794998867187564
-0.00447254907992869228 0.005099457207071045155
-0.007318424592039605298 0.002561006711442160178
0.008227655040038013221 -0.003407522069739921371
0.00729449212853628022 0.001414926565305600018
-0.002124167303803763552 -0.009266613286386966158
0.009537220791083149407 -3.473528032335373452e-05
-0.009352221803793952376 -0.006600976040344955394
0.001066755569392666874 -0.01078716351204654297
0.009490038163332954052 0.005900796435543571514
0.008558470803167047072 0.006607723141307022749
0.01098681327092141183 0.001737816479392523608
-0.01084798903805901139 0.002933067630319466032
0.009208261328817732294 -0.007114272283455439286
0.0114114372700757586 0.004971516851282936113
0.01129577912482624541 -0.003515338196786375619
0.006390952139571260023 0.01033150756483881133
-0.009343771679771873187 -0.006287373858808265568
-0.004914899862409559048 0.01144038392140201386
0.006250411068640444011 0.00962731343615910902
-0.0099125152119193434 -0.007183160849972540334
0.01148855931829230632 0.00206390965594786379
-3.095830638095677578e-05 -0.01234022971415901435
-0.01140853048986764304 -0.002950592233876405367
-0.01116286141618131472 -0.002279988691264548794
0.006718039896428321632 0.009466110003970797451
-0.01051774549664888196 -0.000601040975567626091
0.008842095458810348557 -0.00576805012061237278
0.008729994185558231576 0.004762964226863317801
-0.01072004167499472464 -0.002870288754819849339
0.008077795715041193383 0.008697154659968963503
0.008119190569743067049 0.007203009400683108021
-0.009327988671812064911 -0.006200064960575995404
0.008882777743670062717 -0.007969656322003991489
0.00591326896351685935 -0.00980250578742415668
-0.007401087756115969085 0.008013656216926774364
0.008979134314732668473 -0.007895596377831708146
-0.01088158235699860851 0.00524462833968408499
-0.01019801212130283692 0.004988340668358405908
0.008109652898358823275 -0.007401223613507178396
0.01123732345616799792 0.0004095110697161659895
-0.006341802460637714287 0.009804835620555641187
-0.00333561570144790074 0.01169253009117621894
-0.001149776776837859154 -0.01114221296935982881
-0.01004985708715359222 -0.004517220538573044411
-0.01140742633707467722 -0.0008407090526595275941
0.008552138801732837164 0.006834651905941705081
0.00800177787916402268 0.008443304776472947137
-0.01028802990707810595 -0.001768092080935201871
0.008303867863334760818 -0.008356002501396501969
0.01057128952088264538 0.00543305199487052054
-0.0008337154171644666628 -0.01092955765967166745
0.01076489676788660102 -0.003062844849960185464
0.0005846155696408360464 0.01163347059417570509
-0.004357292081172184882 0.01073318769358585882
0.01060520730311658756 -0.005893996225983300953
-0.005059445444575492827 0.006322384018578152375
0.007231035290172398503 -0.004697028958967732273
-0.006170620531349845124 -0.00524695191721147227
0.001654829871685890592 0.007135187530743949957
0.002728204672099548023 0.005204456083974805074
0.004578310592432016136 -0.0006224973024221755859
-0.004588952154976389669 0.0003976385831480252738
0.003424166758582260564 0.008215903375590204866
0.006157424899691437553 -0.005829725088273611522
0.005605439302103797095 0.003120082434606990737
0.007616892526810338515 0.003099200037952573247
-0.009147281936906337396 0.0002579057726481380746
0.007922230056536670034 -0.004990731616196913793
-0.01111798940116053187 0.0002770098364746239315
-3.050122709896121651e-05 0.01166031431526424675
0.007649185512435752003 -0.007337838972158831907
-0.009482523297033968249 0.006137000644429911438
0.003919016196703968211 0.01021143607779460144
-0.004722779948948668642 0.01065304019306424245
-0.002411507546586928296 -0.01121558284582760065
-0.007406385067574326048 0.009947320759424184075
0.01118544767510201363 -0.004659334080711396986
0.006589752922233311355 0.0101605185581404231
0.002659001695369507881 -0.01189362757947563451
-0.01026604955313088069 0.006526813364714213056
-0.007798036208807353729 -0.004642530706787777357
0.006530062734007713657 0.003761591752018295619
-0.002015011577274938934 -0.009458539441642217771
0.009815889251457134146 -0.006446237333569418242
0.00378383930840140055 0.00888578896276186192
0.01009613837601578724 -0.0005534564319216679412
0.001304197652540382184 -0.01129654709019174696
-0.008147059421568807538 -0.005738683504019011054
-0.01061545053472656881 0.00158136451659820587
0.004153807103667489335 0.01087378603822047526
-0.01115353831369781876 -0.001495393456716360286
-0.00324077542663722901 -0.01174082743648345063
0.003741134300249970845 0.01017381180129976574
0.007810906051778887874 -0.007573895631212594973
-0.01008226034157131377 -0.004597882024624725186
-0.007090868481994743767 0.009368644523576699981
0.007052101418409700839 -0.009107252069883321061
0.002269472363954265406 0.01220195704317372787
-0.01159408458075047998 -0.0009458291664183235935
0.007769911317230305398 0.008085119759930496988
0.002961456781503921804 0.01183617706476104182
-0.01125380227973156802 -0.002984778470526363095
-0.007103622581917314223 0.009980765453755695293
0.01207986247219993044 -0.0006625564142854073208
0.005949548497937592016 -0.009678423807913776045
-0.01079293335680468063 -0.003038558606935668621
0.009300644703544523259 0.006402185315788655982
0.009023482701090731681 -0.007967107979849400584
0.007725682956558375253 -0.006147730227619127227
0.008532864849531427223 0.003985641248193521995
-0.008236108850834920544 -0.005463169963051415882
-0.009287084977804758307 0.001110842707501827429
0.0030704562981811543 -0.009511566305105349783
-0.009119579468048406509 -0.006857826692656183304
-0.005406924837277133494 -0.007648129639425200327
0.006811821366574722855 0.008606832790069860253
-0.006268016766514198854 0.00976264617140765352
-0.007011996567113350579 -0.007787544330117879623
0.004000956246833884018 -0.0103406769415325811
0.004614406233301891411 0.01009804846789279405
-0.00784074605473316158 0.007787007463013664171
-0.00435375417716233476 -0.0100258652848779807
-0.002578397588086459372 0.010970505564201238
0.004828660640602446333 0.009530833661222509745
-0.01040386606207606077 -0.0002753342350722453235
7.498111809225456838e-05 -0.009322408651748152753
0.001463244251546455587 -0.01105635200749307927
-0.01018365525614542411 -0.005902985826250225707
-0.0005629005202398318667 -0.0125125073652447797
0.0054568977630482891 -0.009560517217242981564
0.009470927041610965186 0.00557735766436341391
-0.002581745502625224301 -0.009912407061905551681
0.01095262530267298792 -0.004325295571906475137
0.000435725771956959869 0.01000873831105898552
0.009733086652372591879 -0.005857578319428526602
0.008789344561620933069 0.00719368326035374657
0.004896915419281971937 0.01106629009609493182
0.009611370989777106785 -0.006720130156723946695
-0.001165714534539067943 0.01113595875484840042
-0.002114046017508514671 -0.009916828846233243996
0.008909823036659261439 0.006912601531104560493
-0.003450299701573754374 0.0108223775972010345
-0.009060832065148103492 0.006271814585995680487
0.006010921527651607969 0.008648152429149805198
-0.01083694569261697133 -0.002680187243447801088
-0.0007677893521115618626 -0.01036351941022078602
-0.001799121499900771699 0.01027970533315712698
0.001055716596591633029 -0.01175633840312173203
0.003658421186318365492 -0.009655610041812374977
-0.006428795241612726523 0.007575686105764468242
-0.003504216850172093417 -0.009493322987628264112
0.01055196658675132924 0.006334679106655218689
-0.001819344321192139157 -0.01168866402428788039
-0.01122326282812140252 0.00485749487241666101
-0.01207734470010014827 0.002177441916153483384
0.009635922269077683636 0.007469361336130129689
-0.01060513637978707097 -0.006149382161805197825
0.005283496950598610617 0.009759459152998306575
-0.01007771121838451495 -0.004995058673572128766
-0.01228018993032175925 -0.001353152118966089628
-0.005940682038790653062 -0.008984731558643231641
-0.001148973385277963794 -0.006412676536986723283
-0.005364606176009608859 -0.003298897742698797281
0.004313866626928215472 0.006233668862007823996
-0.01040997043625009957 0.003909837197680827645
-0.00507234512104434189 -0.01066340313862381567
-0.01130457382572981617 0.003906591871875828535
0.01058238969149709677 -0.004215270899814780106
0.01022020186294529329 -0.007012564223080190381
0.006251299472790458785 -0.009385688815186971415
-0.01028757222810299139 -0.004777381469906434759
-0.009593170111615494447 0.005971755756438952741
0.008099040523709244432 0.005952979276544721754
0.004756431713806437769 0.01123212895111667074
0.007184663422724005093 0.008976482964186519725
-0.008525598952768897315 -0.007897003313126952848
0.006801018329795961194 -0.008894862072725254545
-0.009156272603316735134 0.007604606049524361908
-0.005241952894850689451 -0.01085210560187297758
-0.007368220920312282089 0.008575813880143976636
-0.007338093819510020134 0.008034453587714963929
-0.001426175912607329128 -0.01150133697061331804
-0.01097324794564799068 0.002278059832102443619
-0.01206875030652673417 0.000704099241219537748
0.01209336207990226349 0.0009382111332902789806
-0.007030137196955599937 -0.00929424424906075651
0.001890812403569957362 0.01098701378310412181
-0.003159127649520182719 0.01070483251101378604
0.005887126073783588084 0.01104877919661215006
-0.008577940179325151127 -0.008957953937280625778
-0.004620026562322559344 0.010691213942704475
0.009722680841045020991 0.006388675815023781013
0.004439854110055792627 0.01040492020678088561
-0.005694771838470876445 -0.003146788269173483171
-0.00773403618286575608 0.003079046458870293972
-0.00116235840988487913 0.007862218662055003512
-0.001542507626617662959 -0.006379510151468264709
-0.002077304904979532154 -0.003987932623833057716
0.00463314830147953851 0.002661592449430732164
-0.009555228243192883178 -0.001502162028541790921
0.0006028068429626389294 -0.002357762735293550231
-0.0101163816661725206 -0.002857470720163791424
0.007072727730052861053 -0.009309336575551319798
-0.008803065601113001931 0.008126571790916577859
-0.004560136952010697929 -0.002462915520909216352
-0.009895969383026104876 0.006548724729601143948
0.009068142153048474458 -0.006073860002793697935
-0.007337225112772568364 -0.00969247598189160002
