-0 -0
0 0
0 0
-0 0
0 0
0 0
0 -0
-0 0
0 0
0 -0
0 0
0 -0
0 0
0 -0
-0 0
0 -0
-0 0
0 0
0 0
0 -0
0 0
0 0
-0 -0
0 0
0 -0
0 0
-0 0
0 0
-0 -0
0.001868179804181608434 -0.006495449889902623307
0.006765016774434098011 -0.00716842946313094552
0.01101847357462962772 -0.003469318518784962786
0.01301535073055722427 0.002209290004571065787
0.0125938895312386525 0.007684033755754901204
0.009412413593455237759 0.01317614135814562486
0.003236683535827345783 0.01645299617655995861
-0.002418785225971364135 0.0172952419824320934
-0.009299194898881162422 0.0156534506198350333
-0.01538834585190336328 0.01067948402692464258
-0.01867790180782282622 0.003094644397489793378
-0.01869109813559402186 -0.004055444136349385838
-0.01577279566899726301 -0.01115226858599337005
-0.009712360913935928416 -0.01693055398634957937
-0.002486753747860234644 -0.01927822648148488915
0.00436815951134427588 -0.01861640368723517514
0.01120259388346561691 -0.01540055237725660754
0.01634614193527282947 -0.009219275557116331232
0.01814058547343926422 -0.002078265948773788414
0.01694907117671717173 0.005220450307363439998
0.01263130754238577132 0.0107261150341211569
0.006671599998933039864 0.01377387560785285972
0.001104088879120335154 0.01479062636981249776
-0.005089520519911218399 0.01216793260802069739
-0.008175531782339835046 0.007731008196944362011
-0.0086813005780422281 0.002756743829717638213
-0.006864409003690404021 -0.001527912921413980682
0 0
-0 0
0 -0
0 0
0 0
-0 0
0 -0
0 0
-0 0
0 0
0 0
0 0
-0 -0
0 0
-0 0
0 0
0 0
0 0
-0 0
0 0
-0 0
-0 -0
0 0
-0 0
0 0
0 -0
0 0
0.007742225510271674022 0.004649951377076274976
-0.0106380289501239074 0.0111431129327323724
0.002644593204754131822 -0.01935875140146530587
-0.005513660371376519036 0.01515079367635033605
-0.007140278188085907862 0.001555974174571494962
0.006170731716540978941 -0.005155955885753210621
0.01629211098193938945 0.00182876169364669665
-0.01709347598962169049 0.0088810726239917058
0.01484042992334117829 -0.00389245651940205422
0.007640792083184968879 -0.007639448373621405587
0.002906466483615483074 0.01230826338374902372
0.01607412451420123234 -0.004573496611307199117
0.002943519599636695676 -0.01539634646126533321
-0.01724881493834494114 -0.007557043908289411832
0.007162537571764514277 0.01801803520551073512
-0.008882936419723423682 0.0173126657563916625
0.01098324783568756929 -0.008662062322564941658
-0.003723345944092884465 -0.01569022405997367448
0.009220563305525723841 0.01518930080094464501
-0.01258275183442739663 -0.001230894014024556428
-0.01139867115062956869 -0.009889816148389312181
-0.0168107547697425655 0.003354551180548641896
0.0192330333873225838 0.001598754704066031578
-0.01745838283105966351 -0.007346413396936460685
-0.007083808231036247023 -0.01776758903379113338
-0.01608363235962426488 -0.003601046689231953736
-0.01148551636062084165 0.00843726208739745652
0.0001634504974695679422 0.007852702814192723257
0.003981213508300222165 -0.01783608793786471344
0.01854745364605229693 -0.001894249669448637994
0.0137666757727872794 0.01217883603285160009
-0.01754040268579920916 0.003517566511877018385
-0.00351721733959077824 0.01864371899930335544
0.009662605255215079431 -0.01690839105037460557
-0.0111295555025313353 -0.01551324570999781244
-0.009559453908449064979 -0.006685976671250410015
0.002209847054501713065 -0.01185445719712536518
0.01080830297498297857 -0.00654139964933507425
0.008410583419182127499 -0.008723008609854884451
0.007848692477969695935 -0.009490030957943720868
0.01235415811284208687 0.00129967787254552992
-0.007650628111175614317 0.0004678769763631982891
0.009752852702305468344 0.009850715610163580591
0.01621712852691610529 0.001475036962451134514
0.01439105177099535109 -0.004777938971016837053
0.0155644400534200502 0.007219563313595115175
-0.009643246577863005126 -0.003745587584107266336
-0.0102744130985181481 -0.01606729145079460047
-0.009789340234877080132 0.01632983846747861761
0.01457694466301153423 0.01245222544257464439
0.003656806352141757453 0.01791537589683371914
0.01782204163589841059 0.005335321103655561205
-0.01463386450948615976 0.01123697689915629898
0.01735005193915828067 -0.008705696324020267829
0.003391343175040778535 -0.01908298056144264176
-0.01118912780850773656 0.006164114965447902231
0.004019045513529185924 0.007488230452630788986
0.001897991806256506351 0.009509627928056535798
-0.00360410304396367601 0.00682075101289015065
-0.007475714342691115559 0.004504067832965727262
-0.01257971679808331938 0.0008694067958156173745
-0.003463885286720946779 0.007520999890863495387
-0.0008605462319958334704 0.008610512319661646832
0.006511999802545184041 -0.007819551796046032149
0.00884555933439923163 -2.911834166601202925e-05
-0.0006071029836927613506 0.008437163845179864591
0.002249347813115247941 0.009817939188578988716
0.004534933653677636865 0.01140572341070456193
-0.007981881725270261949 0.003384368153784792638
-0.006089658623377144572 0.005985402396438399379
-0.004746068249794224356 -0.006143793224843274899
0.007939454273599783757 0.001333844550920498502
0.008385046537785512469 0.003176557453945252907
0.0008942678835113501484 0.01093570351569574106
-0.01001025927766898381 -0.001067820802001068345
-0.007207682352033718994 0.005106059233487044401
-0.004785220102366379881 0.00726323934116062872
0.002514210938152116118 0.0101168475399013285
0.007568481455424317349 0.004704910598700573141
0.001712599263015143281 0.008831335453317030668
-0.003711670859063751805 0.007420847320493315427
-0.006354089422330747895 0.002317060819205967945
0.005705767280525202503 0.005199454701477502008
0.003268534527521461432 -0.008789695200391120511
0.002783402717969987207 -0.008864301913270642916
0.009236372796547716313 -0.00324940885256166977
0.001614097571818484374 0.009532644139891154056
-0.006476963814072605845 -0.007161307331433053314
-0.005514849279954104656 -0.006478106552163049627
0.01201839300887425251 -0.007333309124291663428
-0.01330015436364938124 0.003692381572733870101
0.01134747734852739783 0.005045756371911556439
0.004125482650093139671 -0.004391789456316821244
-5.284855475359488783e-05 -0.01247411731320702266
0.01362603835600931582 -0.00186648382928030084
-0.003662468239331551859 -0.01228798775145469729
-0.01150403671931890352 0.002848071026708756497
0.0061543675240321059 0.0156090275885585987
0.01180693405939169105 -0.001664332141940243117
-0.007604827307109006396 0.01098680520507066237
-0.001419324053873963687 0.01178783737046054658
0.01071060909826218426 0.009553442537814475777
0.01490899591933046026 0.0002458487052638458673
0.01483644075126924929 -0.001149111751070868879
-0.003482319576890250193 -0.01437005473364095891
0.01365276580367079037 -0.004717285738641367569
-0.009111830256010460677 -0.009310696420150844921
-0.01226050166548743776 -0.006338783950596825825
0.01466467186061765592 -0.002295035060978395467
-0.01344208749922558288 0.00235952603638246803
0.01233952392727032978 -0.0002188481663548321474
0.01608617967022240788 0.004676181974838971439
-0.009643735067018963797 0.00395495027171826382
-0.01297929539841075064 0.004093935929431630552
0.01091870921108871635 0.0101542390342967484
-0.0009585042167163114512 0.007368496908637894513
-0.01399662722818199173 -0.007245430241453618136
0.01169331468214694636 0.007675271829117894136
0.01857984038646315686 0.006032496158714952678
0.01387492347951212873 -0.002889181010342165706
-0.0005925101632825804671 -0.01612485667068685319
-0.006550313053145589808 -0.01400534790695928677
0.0002470727395212329695 -0.0132457402224794938
-0.009024640294477099395 0.007606286452591722209
0.0007205460610180916981 -0.01748166326550650712
0.0136889172409962092 -0.009135506978642342346
0.01856852701676912909 0.00535278739412456666
0.006393239108054372087 0.008600254428139463003
-0.004437660726636063341 -0.001128306325824967628
-0.008827914849638726635 -0.005163253760570243531
0.01141962595574142966 -9.524200039755467717e-05
-0.01066099632821616155 -0.005282589653590089029
0.01170328831787740935 -0.01214385507713870369
0.00201998523712934152 0.01313005336911892904
0.01058313041137271676 0.006640721124550346202
-0.01184399358431916134 -0.01052269455740055711
-0.006296263285340642467 0.01559852928275849357
0.002882187762353934351 -0.004958748429962708468
0.01078551624289162542 -0.01027189341558272344
0.007724601500341399599 0.01032135641012687892
0.0006535228021248412882 -0.01539999660927708972
-0.007521821917227679809 -0.008051629998802333626
-0.01226489987373260634 -0.002644079626003779764
-0.01487503972433278435 0.005488900939915409075
-0.008643974055159544048 -0.01305838717273837511
-0.01213942909714908931 0.007200584598774900646
0.01280821495876880572 -0.0007946925901386918747
-0.007221526876162800979 0.01409609709942424328
-0.01342440809925564416 0.0007020211608516684033
-0.009530549198806408107 -0.005625241197300488889
-0.01457423513302812633 -0.006357370272001475371
0.004468084852726690245 0.01454958664946609873
0.002205194467236536084 0.01484743551707258177
0.01420502436158728281 0.009018845972758024465
0.01550666814316969608 -0.004906954349673446278
0.01413249130961259648 0.006160857967131448329
0.008699123864437033685 -0.01589433375163752313
0.01140003670873135887 -0.01453916637491324548
-0.01142350174214100053 0.009673455989869239602
-0.01600791780829431687 -0.006515404046187668954
-0.0002151708204646699332 0.01760872164396436873
-0.01542199561902548102 0.005520724677992564292
0.01165139560136998348 -0.008312339392778304858
-0.00175083132001197894 -0.01504408930835551828
-0.01322025875698965187 0.001837827704050471345
-0.002011214281867071234 0.01542179422583750577
-0.01656222736584967228 0.003877441802175515817
0.01210566270205819077 -0.01272906651638612725
-0.004111405969474101092 -0.01839131397360588283
-0.01825496602131554055 -0.001367331716377474977
0.01881345135851849107 -0.002895056493208110222
-0.001180852042996402042 0.01824182107955169344
0.002674561675211559186 0.01757275667872861338
0.01694888589211972912 -0.009220729463579815585
0.01775518987359738995 -0.005303025834989127593
0.0159623245576064228 -0.006256637518238924653
-0.01687458397320027587 0.006348465840193102776
-0.004185381410614835707 -0.01627880870097189042
-0.01638372065458281596 -0.01023859309673107697
0.01031990306936584299 0.01630570139712799252
-0.008710520027389199657 0.01731280500447988924
-0.01593321324626098892 -0.01079182489745961031
-0.003705575641388300125 0.01690721093684802862
0.01848465614652308395 -0.005469907102639320201
-0.004451972151926922652 -0.01873100689292374332
-0.008337541766447215119 -0.0175427708119387897
-0.004176273377407777217 -0.00861629288945500206
0.0005244277700066261134 -0.007191207439262420516
0.01270398184597975981 -0.0003372239710365576874
-0.001412626955321250218 -0.008126103907301462231
0.00824661833897944764 -0.007321491455335124923
-0.007192600644726405458 0.008237477170217864103
0.006138496986465707093 -0.00785175908395123294
0.006958905258555793567 -0.002728348008849211092
0.01403925134534256616 0.0007508725785498898296
-0.0007344821798776233817 -0.01282179621750366254
0.00510261135275997136 -0.009107939318586773941
-0.0001069559495970135929 -0.007604632499680354443
0.01124372959045040997 -0.006999984141550173386
-0.01459718743380259906 -0.002058897830050031384
0.01153237467947928682 0.01315367122893138473
-0.01352743875945710411 0.008210247463505356003
0.01461180212149570425 0.001311039790297400176
0.01184433169299208347 -0.01097318682604449605
-0.01096441036462020811 -0.009030218254164744385
-0.01610602920091526447 0.006276448617210187049
0.008960453448620328554 0.01293243482887057941
-0.001030729729627438305 -0.01669950783738322411
0.003495959362193983445 -0.01676755452215174247
0.01733605400986111544 -0.007171643771650105907
0.003798227970772268935 0.01358285045268671845
0.01114025743531362432 -0.01422270151997316254
0.01124469816881779397 0.01107201366951087937
0.003720823588803369181 0.01798419863413440109
0.01388143508854660681 -0.01231684281706669527
-0.011511057001649826 -0.01064095785484838776
0.005122305552012436369 -0.01606272757623189787
0.003495021952864748975 0.01759881311492871719
-0.01455140169861641325 0.01075162671939839353
0.009301748109391312289 -0.01494972578600706203
0.01522298378134999929 -0.01014006409829370549
-0.01573276578425815767 0.007765167937100846476
-0.01231309265724424458 0.0137574255027034225
0.007332386244210804989 -0.01787309378720927655
8.611652293683113983e-05 -0.01888305669840164083
0.01713513169624805016 -0.00413275851052267041
-0.0158790633784284263 0.009039562983038800653
0.0003113990389644010056 -0.0175943696129527774
0.003523662874239585994 0.01626984420751423008
-0.002611443819793548334 -0.01066678953318841126
0.004365715799109316092 0.007586801039072152419
0.001373763170707577481 -0.01011635011313022185
-0.003409952107078942016 -0.007350365120818126534
0.00609884942177039719 -0.002619033229049937649
0.009337774354769869806 -0.004901589148601097172
0.004437873535126890014 -0.00634355449990166298
0.001929958555628353721 -0.0073493141124348349
-0.01065363644604656185 -0.0005272759925130143842
-0.006640501119258340225 -0.004331766849760685344
-0.005103261546951213048 -0.005512709272852097872
-0.01241910266678648497 0.004461573176119762799
-0.01078732381989516709 -0.001101230975803912417
0.01110098346094856581 0.003457180893906029728
0.01272934774862586813 -0.0006228793197155090694
-0.01452962155498688929 0.007815619115814079892
-0.01332023744002993303 -0.005560319738857268969
0.01196528765882924963 0.01007490141935949053
7.568248367494036146e-05 -0.01556538714332976123
0.01442503165552871426 0.002175208039721763294
0.006863305810857906961 0.0137697931356991158
0.005800140794160920689 0.0123493925899517791
0.004354706259632297287 -0.01339423895187497396
0.004300703271684043656 0.01514036491127917182
-0.007506619806630059587 -0.01238343558367403785
-0.01606158077613424259 -0.003471268778859994304
0.01265635266759197568 -0.0003325106077177541032
0.0134376448810771508 -0.01071475965305707448
0.0144632880859208602 -0.01231784557803567055
-0.005960575944396236635 -0.01741621050746786775
0.01710672832750740127 0.006106900293111397308
0.005112575724927605203 0.01697606984454951354
0.01101767206901656596 0.01389426235041152195
0.004475544243679933573 -0.006284565379263520532
0.007225983304187523319 -0.00789798331786858987
-0.005067671167175017907 -0.003370642583536278842
0.0119432122593202128 -0.004215510745009993371
-0.01570255618313647072 -0.001154653919410891447
0.006551734143573797846 0.01497108419937038734
-0.00597504857650376503 -0.01598352398731044816
-0.001319193524416898333 -0.004995795542958206964
-0.01325845852847132127 0.004008204268401907057
-0.008072977530557044756 0.01366995763533910418
0.007556594322324635543 0.01625308137410671691
-0.004917206463891331952 -0.01725916567263641871
0.01716416478072948712 0.005158220081954481215
-0.01104473789783149557 0.01329815212535597618
-0.01412204502762834726 -0.01305321382306858478
0.001278153380037237979 -0.01886886831493377048
-0.01043593963094818951 -0.01052088379436756302
0.01594325680044292315 -0.0001428628165637715983
0.004496377764839971057 0.01704221615206638965
-0.0003160022065457103457 0.01706920494463759833
0.01152219566583001335 -0.01246443818232326195
-0.01505792776158803095 0.007538305386679414535
-0.01291672431901942121 0.005345834832090397282
-0.01543922508355958546 0.005756996043973530014
-0.006340069048842109437 0.0152342138826251864
-0.00539517992767481365 0.01603860424369745949
0.006670549864836064317 0.01769290701638039434
-0.012002475412684269 0.01218549130962135081
0.01005535657545586145 -0.01355912878102798896
-0.0135668377469867641 0.008715556203845079009
0.01472738745792804074 -0.01083996508733736652
0.01027736542551371639 0.01595395339392836898
-0.01819573798399955894 0.00508445635127377938
-0.01580272337744773048 -0.008423688306929306979
0.01463951468069643776 0.006812704279800773852
-0.01588778069703786558 -0.007588737532641474243
-0.01524706288575752161 0.006799347932468586576
-0.003805202383338471359 -0.01852105334446174298
0.01303789922207296628 -0.01399970959369333662
-0.007807880096477665816 0.007147354854461170949
-0.008780789938533681976 0.01213291951321635899
-0.0134340276166600419 -0.0009250392150531719978
-0.005725919170177487007 -0.01109080472422680971
-0.003080826336244907402 0.0106127153228724215
-0.004457391829124215249 0.01087268058694176344
-0.008421436382431528311 0.01170543796013204067
-0.005966368989898421585 -0.01465718910187429475
-0.009044211616535499654 -0.01417704163586083581
-0.007294951965278120495 -0.01661624698335953387
0.0147084379486748431 0.01167385006545020379
-0.01176819003102879194 0.01226345014741301101
0.01909527424383591215 0.001870062084937421923
-0.005242505119815306716 -0.01812735885932452093
0.01282241464423932061 -0.004683390187758344411
-0.0130093234821102733 0.0003603582015933163348
-0.005567011376079468964 0.01360765600544188228
-0.01139502271882580561 0.006095803008700454752
0.0006873001345764353457 0.01069731436368853532
-0.01314263156572377175 0.009181590540637616163
-0.001554447653698083978 0.01501291726783839445
-0.004133971378405414815 -0.01665399736829363195
-0.0131931535822264797 0.01288779949445740917
-0.01079749435753203299 -0.01427893474796472668
0.001335024209505030488 -0.01861085759128489059
0.01635570892473935459 0.00996678640892580299
0.01879707956627816104 -0.001262512238876076394
0.01900137956347346113 0.00160342750690900147
-0.01805246740925507687 0.005534380622079490553
-0.005571226427557331856 -0.0177418516419297484
0.005951172084860764482 0.01758889507259587398
-0.01152141779896420984 0.01328451466446678789
-0.001409190831382119233 0.01749874758114756609
0.008646489791717821768 0.01552655369859178881
-0.001787288127933486011 -0.01685746506350087673
-0.01155231004253857649 -0.01063638755077857267
-0.01317548071742008151 0.005166097716354961164
0.0007179743036937445439 -0.01539841538950000727
0.0001237851402343945531 0.01908613201681980467
0.01884239674928003469 -0.0005498065321343472344
0.01908691988872938256 -0.003193707240964016592
-0.01929393120906915809 -0.0009249149391096765128
-0.01930530559694124126 -0.0002859778452700539593
-0.003025588238324485642 -0.01426248364483811981
0.01329034495296685381 -0.003707252838999107025
-0.01030871367623173787 0.006148745275856855319
0.005394896042441842295 -0.00900177263725373579
-0.007049658072755801697 0.008919043707015201355
-0.0127244939838444017 0.004071785645305498781
0.01360719886246170712 -0.004822148426294020976
0.01237052173123100347 0.002901553975918351631
-0.004295320839149495591 -0.0150811817273793277
0.01651535873648141486 -0.0003093322946690913724
-0.01522270158187019086 -0.009909065622787160271
0.002654788378403283473 -0.01793651659036967633
0.01646400059334215613 0.01018018199219278275
0.0150404619127113056 0.01086537342061609512
0.01900256183570767782 0.00248082432522996792
-0.01781858470825400248 0.005811005672878373843
0.0148283928641765872 -0.01078392454618117176
0.01774862589735390003 0.007958757734843243878
0.01774312059169870157 -0.00634914263141814466
0.01026921333536665211 0.01600734010024846068
-0.01547735333164304561 -0.01134021891429824215
-0.008066323265521119223 0.01778034136959686512
0.009535554121393102073 0.01649848738699798839
-0.01529002230622620098 -0.01204479188514323042
0.01928457385760844883 0.002469358756646650339
-0.000562810453500796554 -0.01940181045814376795
-0.01903539588388276568 -0.003884229913392099262
-0.01897403253954617688 -0.00300355353685557297
0.01198456349688604636 0.01524410433330189441
-0.01708032901443460455 -0.001893678540859608603
0.01533647507460634933 -0.009044789399012355402
0.01498305010967452243 0.00847200786321094558
-0.01742234431412412535 -0.005636980105894488259
0.01267313766788293918 0.01357404489715523591
0.01407779774239808178 0.01246038646819684105
-0.0160655445464346347 -0.009602806068326953659
0.01484552653107435241 -0.01215152528165584604
0.008794138644769508573 -0.01600277539851638342
-0.0120615544006513406 0.01412950106125152559
0.01482161689924367358 -0.01198336123927422857
-0.0173686852192400619 0.007770339880987529695
-0.01588057292250783653 0.008497447563322999345
0.01265677542840219598 -0.01279706064911937183
0.01912564745387801413 0.001417334142626416448
-0.009605750102530100434 0.01667743470211863893
-0.00555325279318607222 0.01823088533714233364
-0.002839918266606596912 -0.01838811251768193711
-0.01727085138772931766 -0.008060731825602313744
-0.01904451332980617445 -0.0004348324776065078502
0.01446128189887457838 0.01212420726513800499
0.01331958893317346238 0.01292642364451616725
-0.01783335801792346534 -0.002759900583582730344
0.01283313054896331913 -0.01428313981209213858
0.01671148270766016977 0.009653356788139194622
-0.0006882398692808555174 -0.01866277306766828126
0.01799468054350639862 -0.005969756562311424528
0.0001694941549392491617 0.01855228445744024415
-0.006208944042350932752 0.01789670994117712605
0.0172434327677251191 -0.00868766174165617848
-0.009001243412692865042 0.01019009098867680943
0.01208746317496533877 -0.008490927491295220328
-0.01070019040504016812 -0.009143243433865980152
0.003094551712395367162 0.01123032637190517907
0.004767348380478413777 0.009063057182194286798
0.007702121658478535728 -0.0006625905924945460577
-0.007292367336362797978 0.0003018234116934595968
0.00530872109195704503 0.01427024162639665798
0.01063635911299419361 -0.009069297365618653878
0.009275296509879722359 0.005759018513988941983
0.01318023203072215058 0.004644286824498315182
-0.01436859720206314778 0.0008840168579912491753
0.01242590457680778533 -0.007705255555248237409
-0.01926467215215428921 0.0003400086788500679435
0.0009229032783155451808 0.01901170423140648505
0.01308334035376304723 -0.0128623012326576653
-0.01482112704918744049 0.01064950295360169059
0.00727586932843339064 0.01726729449842236142
-0.008654736006274988888 0.01706120285837721406
-0.004925919172853627202 -0.01872678882387378285
-0.01148579473242387732 0.01561507071982639119
0.01758068736062864956 -0.008284988431041967819
0.01121736273460286794 0.01577367951365753196
0.004803284227271370672 -0.01863539058946409033
-0.01623696220677951427 0.009963101054662582001
-0.01318520088841199957 -0.006953458263104676969
0.01023482416260143753 0.006615880207552829288
-0.002556355705322779087 -0.01581550014131281184
0.01516778665429096076 -0.01069516802288563578
0.006915899250659539657 0.01514245130262165638
0.01750580516352183424 -0.0009994074401061530267
0.002148545281323258494 -0.01761784248107268677
-0.01424587821370690288 -0.009717113097287254087
-0.01834543843700140939 0.002259286109929371702
0.005919608065927016265 0.0175196324887416828
-0.01801544326550179667 -0.001547969681384636816
-0.005863335905781031678 -0.01843077133371635867
0.006896264333066579565 0.01614067429377180271
0.01347377151606980739 -0.01319482716454974287
-0.01748755818654817648 -0.007974585199862459228
-0.01073881543298327301 0.0157861701064777489
0.01256550677694190724 -0.01469678229414076234
0.003306664420541228534 0.01912481203637478311
-0.01917624929373839757 -0.002550375605658587209
0.01378292121791973787 0.0133767285946628494
0.005507930628976036476 0.01866556054212725052
-0.01808314688581704258 -0.005814792585133546701
-0.01152553102170417003 0.01540699963293964102
0.01895989622266870678 -0.0006432209939661379236
0.009354841714309853479 -0.01679608019624624637
-0.01868891561189473319 -0.00470070505803195024
0.01555584291504033025 0.01147813683976012071
0.01384562547453064771 -0.01323300190150980202
0.01192270668786878443 -0.0100562473533118233
0.01395637900839250337 0.007419508227613189587
-0.01331807772056426038 -0.009843424716822046089
-0.01607149240479250132 0.002123700728574108229
0.00573890478116278243 -0.0162515400116112381
-0.01405626958761982404 -0.01129729343315289541
-0.008167110900317993763 -0.01305357956318684183
0.01132459790808085405 0.01325104524995959591
-0.01006044134476399496 0.01513254365399001149
-0.01192513310546555738 -0.01203349090753757199
0.006418702211846516112 -0.01796463945714457319
0.006949571563069775575 0.01733566170053993383
-0.013186371961770001 0.01372967313548270271
-0.006643744908975845152 -0.01729059297315528945
-0.003462441141342446557 0.01865582719836884548
0.007890864905007509075 0.0166099606579074785
-0.01802458471459886941 -0.0003100856060996736883
-0.0002170116586707348161 -0.01609133511101081687
0.003313891278739049869 -0.01853469264990695656
-0.01724765608707059736 -0.008814090262234374959
-0.0007647162539948502459 -0.01956586070153433152
0.008763510397863313872 -0.01484006988181339227
0.01478208686431533268 0.009631195395314923538
-0.004624577897656653377 -0.01552996963396639091
0.01759467487427232232 -0.008001657565558161628
0.001428382898901865662 0.01602154596304486076
0.0150639398793007695 -0.009819868327362349728
0.01543994358151693468 0.01169875217364072656
0.008572971467841247056 0.01735008878501801202
0.01522112649036657522 -0.01183766396843694869
-0.001092188048545305592 0.01785630441960324097
-0.004193897691739573858 -0.0168227614612165878
0.01386303863641042723 0.01089028310528946178
-0.006367193256847754161 0.01714391915082596682
-0.01489726418783932083 0.009410816681633585312
0.01042317513611677217 0.01495048286518894758
-0.01807848720640548718 -0.003504182258586664451
-0.000400132146184802365 -0.01706591719723639725
-0.00242430202967213208 0.01764130103339160358
0.0009292034849900379038 -0.01878051165985201304
0.006562538550300601667 -0.01659623216189410472
-0.01135736800213925889 0.01218304222133870067
-0.005620508392975811368 -0.01650114548435584888
0.01651228152886300912 0.009861746826889696699
-0.003855898805335043408 -0.01876189734065963205
-0.01796292558667942144 0.007103755257011371178
-0.01895937032986808393 0.004051467243387463397
0.01567457878462917911 0.01128328592855866799
-0.01644836008535445135 -0.01013183566417496032
0.008757424131350645402 0.01699609690666866249
-0.01702483472794860675 -0.009065830763960195868
-0.01924330261295225525 -0.002566415056986635305
-0.01059042905702730492 -0.01523417238633017513
-0.002439827261922810579 -0.01083684883254963129
-0.009081479463186860335 -0.005976211808173959548
0.007620154106710273073 0.00980546954971201791
-0.01803907360567663654 0.006813030789211914004
-0.007398376001745497754 -0.01724321617960046515
-0.01854298715127099956 0.00540673997408676419
0.01825800043676445092 -0.006397692036649303346
0.01597132534768517728 -0.01092407187599035365
0.01125454761392515914 -0.01568339802247233419
-0.01764967814821762418 -0.007165727043250124176
-0.01512927764398810764 0.01053151605343262236
0.0141393709513312673 0.01017610949335299303
0.006817134198987453118 0.01832876678337124615
0.01145910733133820303 0.01568540606608255505
-0.01366491334250677196 -0.01392179192433226111
0.01202770927129066802 -0.0151336274267837613
-0.01417238353025897582 0.01294581514171604976
-0.00880587107230607069 -0.01686344253674042573
-0.01217668038796808523 0.0150845358372134232
-0.01302592990648326725 0.01323388527725559254
-0.00138768466182399657 -0.01913583567132369836
-0.01890485385499562909 0.004222718479794662638
-0.01910213414480947322 0.001813570824674818694
0.01922504057501859404 0.0007769609021614455255
-0.01073185824815046235 -0.01584635990723441343
0.003281744727283832617 0.01905022102314605018
-0.00496029306487870067 0.01856028663953105881
0.009406869982067344108 0.01716947783455583659
-0.01314146573599060674 -0.01437889950850958221
-0.008086798186946596301 0.01673236310675649263
0.01562682064868169129 0.01143363984055801447
0.006958554159063162423 0.01804344237850174712
-0.009364568133850136034 -0.005697331280751399482
-0.01257177771172823463 0.004372974985382249713
-0.002086897523417967706 0.01231672247658316052
-0.002056450460817449769 -0.0101818915115275601
-0.003258171949407725858 -0.006873927945045887195
0.007695993076261582917 0.004794520083216178771
-0.01499529456911597759 -0.002082269415999506417
0.0009032225468189353668 -0.004066311309560004771
-0.01727935693633205622 -0.004034045750708432909
0.0118879271159978428 -0.01435775792549700072
-0.01431983378729424078 0.01234742673552280401
-0.007135550793399226578 -0.003819474141511734842
-0.01579969227764163944 0.009904526204025836458
0.01554515027725461573 -0.009297108742117933186
-0.01122088563936688051 -0.01543040331586835109
