                   0
                   0
                   0
                   0
                   0
                   0
                   0
                   0
                   0
                   0
                   0
                   0
                   0
                   0
                   0
                   0
                   0
                   0
                   0
                   0
                   0
                   0
                   0
                   0
                   0
                   0
                   0
                   0
                   0
          0.00620538
           0.0077893
0.009347909999999999
           0.0105917
           0.0117885
           0.0129669
           0.0134913
            0.014098
           0.0145994
           0.0149702
           0.0152096
           0.0154387
            0.015524
           0.0156157
           0.0155975
           0.0154276
           0.0153132
           0.0150631
           0.0146267
           0.0143099
           0.0133681
           0.0122549
            0.011976
           0.0106746
          0.00917871
           0.0074805
          0.00676409
                   0
                   0
                   0
                   0
                   0
                   0
                   0
                   0
                   0
                   0
                   0
                   0
                   0
                   0
                   0
                   0
                   0
                   0
                   0
                   0
                   0
                   0
                   0
                   0
                   0
                   0
                   0
          0.00777386
           0.0123162
           0.0156162
           0.0131315
           0.0062529
          0.00683782
           0.0132159
           0.0154852
           0.0122113
0.008543530000000001
           0.0101312
           0.0134101
           0.0124444
           0.0152227
           0.0155413
            0.015607
           0.0112545
           0.0131617
           0.0143235
           0.0102781
           0.0121488
           0.0138389
           0.0155277
           0.0151206
           0.0153732
           0.0130809
           0.0113972
          0.00668745
           0.0146561
           0.0149821
           0.0148222
           0.0143381
           0.0153279
            0.015603
           0.0153155
0.009658430000000001
0.009938860000000001
           0.0104359
0.009867819999999999
          0.00988674
           0.0100645
          0.00677035
           0.0110838
           0.0130267
           0.0123183
           0.0139158
0.008399139999999999
           0.0152964
           0.0153611
           0.0153573
            0.014695
           0.0150549
           0.0149022
           0.0155611
           0.0155992
           0.0106102
          0.00709501
0.008362079999999999
          0.00663298
           0.0075316
             0.01018
          0.00712055
          0.00739998
0.008084579999999999
          0.00754442
          0.00718809
          0.00855012
          0.00984983
          0.00734619
          0.00760061
           0.0067954
          0.00694359
          0.00769013
          0.00896243
          0.00837857
          0.00775449
          0.00734506
          0.00863385
          0.00759874
          0.00754151
          0.00725272
          0.00659916
          0.00680109
0.008303700000000001
0.007984420000000001
          0.00845515
           0.0077952
            0.008288
          0.00769843
           0.0114163
           0.0112188
           0.0101376
          0.00546218
            0.010167
           0.0111986
           0.0105155
          0.00962294
           0.0134864
          0.00963929
            0.011038
          0.00962737
           0.0115958
           0.0120407
           0.0119661
           0.0119367
           0.0116383
           0.0107774
           0.0112147
           0.0119451
           0.0110614
0.009947360000000001
           0.0133937
0.008461639999999999
           0.0109533
           0.0120674
           0.0063674
           0.0127026
            0.011244
            0.015609
           0.0114146
           0.0130572
           0.0122723
             0.01063
          0.00948855
           0.0140471
           0.0131165
           0.0155973
0.008697679999999999
          0.00443857
0.008460209999999999
          0.00940971
          0.00995946
           0.0136054
           0.0107828
           0.0102043
           0.0127683
            0.013371
          0.00473247
           0.0121398
           0.0104006
           0.0125252
0.008845810000000001
           0.0100848
           0.0127973
           0.0125128
           0.0112856
           0.0104527
           0.0126477
           0.0110143
          0.00912488
            0.012822
           0.0123121
           0.0121741
           0.0135235
           0.0131218
           0.0123436
           0.0144506
           0.0148637
           0.0120648
           0.0138398
           0.0140791
           0.0131971
           0.0115073
           0.0122529
             0.01065
           0.0125544
           0.0136036
           0.0141129
           0.0151059
           0.0147128
           0.0151845
           0.0146124
           0.0143113
           0.0154985
           0.0148389
           0.0138151
           0.0144765
           0.0135368
           0.0154901
           0.0155379
           0.0155234
           0.0154731
           0.0139238
           0.0154248
           0.0155075
           0.0155207
0.007994650000000001
          0.00691674
           0.0102524
          0.00720329
0.008865609999999999
0.008797559999999999
          0.00819687
          0.00680968
           0.0114278
           0.0105027
          0.00868041
          0.00700424
            0.010829
           0.0120292
           0.0141119
           0.0127866
           0.0119982
           0.0131201
           0.0115134
            0.013921
           0.0126145
           0.0134259
           0.0138274
           0.0150358
           0.0113772
           0.0145775
           0.0128121
           0.0148319
           0.0148634
           0.0127084
           0.0136238
           0.0144538
           0.0145312
           0.0141333
           0.0146076
           0.0141165
           0.0147899
            0.015451
           0.0151836
           0.0141036
           0.0147269
           0.0141052
           0.0133983
0.009060210000000001
          0.00760839
          0.00833097
          0.00745031
          0.00615225
          0.00878554
          0.00723289
          0.00643394
0.008898100000000001
          0.00734072
          0.00628262
           0.0105239
          0.00850076
          0.00937733
           0.0103231
            0.013298
           0.0117933
           0.0126201
           0.0125583
           0.0117921
            0.012446
           0.0109535
           0.0114095
           0.0128188
           0.0117301
           0.0132019
           0.0103304
           0.0137416
            0.015231
           0.0146773
           0.0146251
           0.0143438
           0.0141518
          0.00656255
          0.00858592
          0.00497349
           0.0103844
           0.0127501
           0.0130948
           0.0137374
          0.00482864
           0.0110989
           0.0130049
           0.0144229
           0.0144958
           0.0144836
           0.0138169
           0.0154974
           0.0151978
           0.0119708
           0.0127529
           0.0142007
            0.013691
           0.0137066
           0.0135833
           0.0111928
            0.013266
           0.0132954
           0.0136204
           0.0151594
            0.013745
           0.0134921
           0.0130264
           0.0147025
           0.0152155
           0.0150434
           0.0143572
           0.0130557
           0.0141602
           0.0135177
           0.0151456
            0.015316
0.008744480000000001
           0.0121956
            0.011016
           0.0102943
0.009196950000000001
          0.00953649
           0.0116352
           0.0126898
           0.0136138
           0.0146691
            0.015128
           0.0136861
           0.0154107
           0.0151639
           0.0111719
           0.0106827
           0.0121147
           0.0105958
          0.00885758
           0.0128918
           0.0121634
           0.0138309
           0.0148279
           0.0144199
           0.0150175
           0.0152631
            0.015024
           0.0153575
           0.0150761
           0.0148473
           0.0148544
           0.0141964
           0.0141655
           0.0143363
           0.0136432
           0.0126186
           0.0114606
           0.0125948
           0.0153114
           0.0150979
           0.0154851
            0.015487
           0.0155548
           0.0115865
           0.0110915
0.009841290000000001
          0.00852372
0.009314390000000001
            0.010959
            0.011803
           0.0104772
           0.0126342
           0.0132668
           0.0145102
           0.0145275
           0.0155713
           0.0149029
           0.0154351
           0.0150855
            0.014702
           0.0155346
           0.0151366
           0.0151751
           0.0154424
           0.0155992
           0.0152785
           0.0155704
           0.0156052
            0.015467
           0.0155566
           0.0153943
           0.0155476
           0.0138191
           0.0143168
           0.0138975
           0.0145845
           0.0147985
           0.0151752
            0.015024
           0.0153437
           0.0146652
            0.014985
           0.0152524
           0.0151978
           0.0144866
           0.0144162
            0.015431
           0.0154493
           0.0152384
           0.0149607
           0.0153727
           0.0153109
           0.0152198
           0.0148706
           0.0145755
           0.0154098
           0.0154459
           0.0150547
           0.0152018
           0.0148115
           0.0152155
           0.0154589
           0.0110527
           0.0119458
           0.0112137
          0.00958738
0.008474209999999999
            0.006922
          0.00660053
           0.0123249
           0.0114174
           0.0091742
           0.0115791
           0.0116703
           0.0119049
           0.0155099
           0.0152704
            0.014774
           0.0145802
           0.0150609
           0.0153151
           0.0155402
           0.0154731
           0.0155625
           0.0154678
           0.0153645
           0.0152153
           0.0120517
           0.0100022
           0.0129193
           0.0148788
           0.0135588
           0.0141726
           0.0142433
           0.0139975
           0.0149187
           0.0148301
           0.0145407
           0.0154902
           0.0141951
           0.0151851
           0.0154735
           0.0153442
           0.0155119
           0.0155334
           0.0155565
           0.0154205
           0.0155708
           0.0152215
           0.0153903
           0.0151437
           0.0154504
           0.0154626
           0.0155472
           0.0153246
           0.0125236
           0.0127897
           0.0133752
           0.0131337
           0.0138969
           0.0144919
           0.0125081
           0.0139582
           0.0145284
           0.0136431
           0.0153966
           0.0150927
           0.0153706
           0.0149492
           0.0152575
           0.0148012
           0.0145418
           0.0130784
           0.0151362
           0.0155542
           0.0156585
           0.0138016
            0.014171
           0.0129818
           0.0155208
           0.0130265
           0.0144349
            0.015604
           0.0155129
           0.0154986
           0.0143073
           0.0139119
           0.0140949
           0.0146172
           0.0140779
           0.0147204
           0.0148033
           0.0137302
           0.0143701
           0.0150682
           0.0144153
            0.013408
           0.0140692
           0.0153141
           0.0153036
           0.0154473
           0.0154842
           0.0154539
           0.0154287
           0.0153677
           0.0154891
           0.0154747
           0.0149018
          0.00914711
0.008945059999999999
           0.0101732
           0.0154804
           0.0150401
            0.015424
           0.0154757
           0.0154561
            0.015545
           0.0153051
           0.0148321
           0.0140014
           0.0156511
           0.0156367
           0.0156858
            0.015552
           0.0153818
           0.0152102
           0.0156243
           0.0149141
           0.0154057
           0.0155843
           0.0153329
           0.0153733
           0.0152973
           0.0155313
           0.0154711
           0.0156481
           0.0155561
           0.0148666
           0.0155306
           0.0155792
          0.00895317
           0.0108474
           0.0102231
0.008407939999999999
          0.00658219
0.007853489999999999
           0.0121698
          0.00390249
           0.0142098
           0.0148779
           0.0150509
          0.00720076
           0.0149028
           0.0145586
             0.01527
