                       0
                       0
                       0
                       0
                       0
                       0
                       0
                       0
                       0
                       0
                       0
                       0
                       0
                       0
                       0
                       0
                       0
                       0
                       0
                       0
                       0
                       0
                       0
                       0
                       0
                       0
                       0
                       0
                       0
0.0006921110882289939091
 0.001139035305343812999
 0.001422890939725574054
  0.00162792363478562194
 0.001875333005541222073
 0.002069211016602802954
 0.002153021716505494013
 0.002189708007371839096
 0.002304714752945555972
 0.002436226095806467897
  0.00241699849168196387
 0.002505919600412899201
 0.002530118582804516056
 0.002506130038773216918
 0.002493754988633160082
  0.00251229802721313197
 0.002530878304118776029
 0.002464300817982054918
 0.002342253781754590185
 0.002271343457764004106
 0.002085697498327664795
 0.001990293851099222099
 0.001889816696820422002
 0.001613048767001135086
 0.001380182025997590996
 0.001286341695343620013
0.0008931623833407999376
                       0
                       0
                       0
                       0
                       0
                       0
                       0
                       0
                       0
                       0
                       0
                       0
                       0
                       0
                       0
                       0
                       0
                       0
                       0
                       0
                       0
                       0
                       0
                       0
                       0
                       0
                       0
 0.001222633546473334996
 0.002034626572159648102
 0.002526184544579786976
 0.002076698986666770941
0.0008695122349523491537
 0.001297551734376034029
 0.002169256520685767988
 0.002509539260016096195
  0.00194317503590169297
 0.001231065768792301892
 0.001575658347441658957
 0.002146994790345894792
 0.002016326004576793948
 0.002425550248778865839
 0.002542511267047832101
 0.002524879969657607085
  0.00176444679419914506
 0.002116427831192323888
 0.002219171955866519868
  0.00159825785121642098
 0.001956557536491015936
 0.002205131025716542108
 0.002526495970651250911
 0.002396421980517122064
 0.002489396914347958081
 0.002111439604599116976
 0.001781211805743842949
0.0008291734681071002803
 0.002374615510213068034
 0.002421702017910766155
 0.002357511979826725033
 0.002290632462505885064
 0.002505940391580288064
   0.0024674405802426508
 0.002490832291810358978
 0.001541873947609297916
 0.001588753302275356044
 0.001757525222462268024
 0.001627636204602706102
 0.001593199003539807991
 0.001666728838086198013
0.0008543089309034168719
 0.001852375201792258105
 0.002029744087446141033
 0.002000245590070151916
 0.002158619396624684127
 0.001372569131433536063
  0.00244413322660976505
 0.002439054257978388179
 0.002401021477518534841
 0.002336931183513202889
 0.002420593622131392807
  0.00236718788557992903
 0.002500047047143006979
 0.002482096991622692855
 0.001799717539676549049
 0.001227115609141501973
 0.001308875295749084003
 0.001022572986559051053
 0.001239784260511173899
 0.001664693534330703023
 0.001234820431039840077
 0.001262356464528772938
 0.001384358732696245936
 0.001091394185693870958
 0.001162763540972543055
 0.001431829892427005039
 0.001678550980014316017
 0.001168368911346487999
 0.001266966697435828069
0.0009872457605118699353
 0.001142830515467407101
 0.001270017751965891051
 0.001576878013068676006
  0.00129124786236666303
 0.001217935647361102075
 0.001198631940091426928
 0.001524352785350656988
 0.001244560394485670933
 0.001162220874476978943
 0.001254050789769132947
0.0009745705058911319522
 0.001036293329618094084
 0.001447682878114071089
 0.001339556987290321972
 0.001323285066665978076
 0.001099283724556627964
 0.001408341886700841027
 0.001334521585987645097
 0.001863919639178658908
 0.001766319243183079061
 0.001612741470717620048
0.0006184793272788388077
 0.001738482276763047988
    0.001862346966802433
 0.001770685050473379957
 0.001562533335152037047
 0.002161883178385404832
 0.001585007579198697072
 0.001836524550717949945
 0.001661000443074383106
 0.001837504172849978041
 0.001920786649746903047
 0.001899100688778088955
 0.001905588476718388016
 0.001874604926032513892
 0.001672087479120894921
 0.001804106111435867027
 0.001923442896250134905
 0.001838235132006338065
 0.001641813803862614924
  0.00214325010176382889
 0.001397479937100839066
 0.001768670730918725899
 0.001959071780950167978
  0.00109576275799034401
 0.002032818048057198016
  0.00181710965332725809
 0.002538495212819852007
 0.001816706048319186939
  0.00211713397072279012
 0.001952812110491362104
   0.0016485454296215089
 0.001394857246210177027
 0.002243836824542085138
 0.002112700784696090132
 0.002515455233919861987
 0.001300503340060459988
0.0007077488331291189845
 0.001326595516263556936
 0.001435017537203403092
 0.001726805597466481981
 0.002299468200334886959
  0.00168711500147795501
 0.001593269409861119892
 0.002087910828792565072
 0.002091000609640277039
0.0008738611890667013962
 0.001857761250459375986
 0.001641401873530234923
 0.002053125104615602034
 0.001450530537674174069
 0.001663941921550599013
 0.002077124902119129035
  0.00199056316005417509
 0.001748660916946938055
 0.001567909022106409945
  0.00197400528590629086
 0.001745884243506414099
 0.001433005340706492098
 0.002051085471553682187
 0.001943335042171565963
 0.001940401545280629044
 0.002319319595666084841
 0.002170084171448208137
 0.002024414502418536883
 0.002332762580646686058
 0.002383911992083430874
 0.001970867204172604015
 0.002230557763677855961
  0.00224033254996371502
     0.00221988406509646
 0.001909225243730925054
 0.002037735125775176886
 0.001781509363730265005
 0.002124963645300766927
 0.002146316591221762195
 0.002260402625590512884
  0.00242256492906061608
 0.002353619667455121925
 0.002442638920562934055
 0.002371028201379497997
 0.002315288066603242868
 0.002480407777810249813
 0.002378413916477853038
 0.002301523634063661148
 0.002359040056644458837
 0.002243332888052554028
 0.002477453120424856839
 0.002470669625320263876
 0.002508470319324965832
 0.002480192026150312805
 0.002304614446709323146
 0.002508626814095929036
 0.002458746111896946938
  0.00247762056595944016
  0.00132863089770640392
0.0009011305636852995956
 0.001612813471340847045
 0.001160708854816122062
  0.00139639906184857508
 0.001330974811815401103
 0.001326355019813230899
0.0009325012353189959195
 0.001939643934802496921
    0.001737058730416444
 0.001487098762000518088
 0.001042035720041100061
 0.001750615055720031957
 0.001907977893003415942
 0.002249640541021552878
 0.002049396202968678093
 0.001928240819233205047
 0.002086438488344118103
 0.001878392852080360909
 0.002221647100662515854
 0.002061831455266126961
 0.002181213372648183133
 0.002167498423571165029
  0.00239551054521197496
 0.001874131700916673027
 0.002315054399551933189
 0.002028664675478453021
 0.002352480692286675144
 0.002389151947720691803
  0.00203469627537891792
 0.002173630097559196145
  0.00227602920678198796
 0.002320440567813351895
 0.002239486027441675835
 0.002335298090469558035
 0.002210486347528421193
 0.002346577815752340975
  0.00252113771831767499
 0.002432706215637511944
 0.002232007614054157176
 0.002359350542673666062
 0.002234153877676075053
 0.002168360664459260002
 0.001553814480440948026
 0.001191851346372447933
 0.001422297573058090014
 0.001105089550772831927
 0.001005704333049661043
 0.001450305052283446059
 0.001060909537133062058
 0.001061490407383697959
 0.001510617568888694955
 0.001054065583644256052
 0.001070319206185598023
 0.001793027969950507054
 0.001482687623327625086
 0.001614398740315356939
 0.001770060107084981023
 0.002219202991516653917
 0.002042394165736401927
 0.002130343776174071883
 0.002152164423763635974
 0.002035658086708008047
 0.002000811662098114091
 0.001760158005860149987
 0.001722901993760580976
 0.002195336546445594058
 0.001945081237886096001
 0.002197637062353902104
 0.001657139915506053961
 0.002292661183967405203
 0.002447302400088583949
 0.002407926500906923915
 0.002394889500508823928
 0.002363740260115558024
 0.002357683778683998099
 0.001099121119227972976
 0.001496042829605939012
0.0007277101179519972467
 0.001720042505546227896
 0.002016091375335777886
  0.00206871502565366891
 0.002164047136599036875
0.0005660909851446775274
 0.001753773252875870988
 0.002104623527816980137
 0.002295950432857520821
 0.002336440204131554066
 0.002315494764793417804
 0.002191737015094643009
 0.002503551893723708014
  0.00242983406803227997
 0.001904020640433953023
 0.002037022311987113973
  0.00227291827870972421
 0.002179026403256895898
 0.002190240713598642832
 0.002210521306373270951
 0.001897518674888091107
 0.002176533887018596188
 0.002127620043305581982
 0.002194108297570942882
  0.00240246367013341889
 0.002143696670233770016
  0.00209560046614180916
 0.002020270330608307015
 0.002367844212418276136
 0.002373435430616608038
 0.002371365254730628796
 0.002336940638830338045
 0.002131383937839073043
  0.00221835061092095099
 0.002131604536043454901
 0.002440291961445780877
 0.002455150128708592089
 0.001411466098886287072
 0.001987704631734157033
 0.001795273759384357921
 0.001790869750583612028
 0.001584356588608036099
 0.001627910144005768021
 0.001870825346896186044
 0.002045864905272349807
 0.002194745118739448945
 0.002313345969446657137
 0.002404894349213114891
 0.002206449574779919924
 0.002461141065503491109
 0.002443556176023565889
 0.001832471609194351011
 0.001695554997311469027
 0.001895125405384249064
 0.001731744094648492074
  0.00149873062581196495
 0.001947745631331429918
 0.001820933937843794001
 0.002245474763158362801
 0.002422308428663456047
 0.002398377925006166863
 0.002421385462132834027
 0.002473882961768099787
 0.002435666239976222881
 0.002473643298474033012
  0.00243491866754870891
 0.002429910556693627797
 0.002428264452649246067
 0.002332405573369721128
 0.002242522667575403209
 0.002295719610910640102
  0.00217702594225038619
  0.00200684021908332285
 0.001884251756995574062
 0.002041464865764940854
 0.002444266743557103969
 0.002459332177882066119
 0.002444867605222519977
 0.002432767325233251097
 0.002448591276771288142
 0.001924218843717508945
 0.001843550518014532968
 0.001659015509415861069
 0.001478101942569261902
 0.001533310984447940018
 0.001772334379602338037
 0.001938097576901735104
 0.001723405590819655038
 0.002029810684814865786
 0.002192823292648461014
   0.0023472125247530032
 0.002301075430227901997
 0.002479461944553962901
   0.0024318279906289271
 0.002539662650186188999
 0.002462178868403068835
 0.002362265740987443824
 0.002531437818390300937
 0.002471569962716798925
 0.002463437369822816213
 0.002527907003596997076
 0.002517278718969612975
 0.002484303988669580004
 0.002541282075869830993
   0.0025025353762318449
  0.00250753241197213721
 0.002497649711475296002
  0.00242337459881538991
   0.0024720451062807112
 0.002301924998754650061
 0.002277150271831460907
 0.002259735030614331078
 0.002333956914574701006
 0.002310204259810434181
 0.002404528222514479893
 0.002339256798790097062
 0.002418328195161283806
 0.002297635746835561838
 0.002404404877911043951
 0.002457380080977792942
 0.002448198886901491872
 0.002292852395855307038
 0.002288455366949424842
 0.002475712650548347101
 0.002462566833682538169
 0.002433932317605240047
 0.002368443204776595878
 0.002465147355628227819
 0.002465860219147524186
  0.00244573851517677519
  0.00238322340487815993
 0.002339081519211542049
 0.002434544774827235216
 0.002430024533619935811
 0.002436352161593444057
 0.002450476815230444826
 0.002404202657279883113
 0.002444766127471791929
 0.002509250150027566954
 0.001778428617985759004
 0.001989303404773914031
 0.001906479888291652026
 0.001535715258982805033
 0.001456095706180474039
0.0009994623560732455482
 0.001065211956752281936
 0.002071835948797408865
 0.001804836452878101107
 0.001579518959950993937
 0.001991971605532523795
 0.001994537408158524993
  0.00190730855674335403
 0.002495941096590337943
 0.002440564213126467964
 0.002378180678635185945
 0.002347596056007865851
  0.00240905985192485907
 0.002476567093138240874
 0.002506107788975807903
 0.002472795657561126063
 0.002518017630521147011
 0.002477280472617097041
 0.002489246020478978836
 0.002446210915069520035
 0.001911622001373155036
 0.001633316870058658041
 0.001992540941741254099
 0.002391827050643499826
 0.002199276948799140825
 0.002291739374898992161
  0.00233413227543684482
 0.002254511003215505828
 0.002399196619405013966
 0.002401315943448327928
 0.002380795535698001803
 0.002513626500736504052
 0.002342592122582259993
 0.002452479238664775039
 0.002518788610385146176
 0.002462158164297136107
 0.002518614145373511155
 0.002513814000085076109
 0.002492959550267930067
 0.002536611894011144876
 0.002506699349932805208
 0.002474275925893961066
 0.002482257451549999081
 0.002459273696350872899
 0.002454082468914495132
 0.002483432539441896795
 0.002479043509646964173
  0.00245431849588919216
 0.001912185873072269919
 0.002168088286024247129
 0.002217760744698397176
 0.002151603396642750958
 0.002318894156708016085
 0.002298459023840405003
 0.002150271048970015149
 0.002229853701370910959
  0.00232367795198579587
 0.002137832139466712151
 0.002452506810265106009
 0.002424562833286130967
 0.002444269736519052126
 0.002393340560401579185
 0.002479550368833976018
 0.002364639523547211204
 0.002340376773360969796
 0.002102054343884445994
 0.002437849685566781041
 0.002540541449000299074
 0.002489099506884456109
 0.002207106119281297858
 0.002251569088290453213
 0.002099909653184578971
 0.002432964865342669182
 0.002053851987675671051
 0.002349020005817287898
 0.002499425147806660138
 0.002441183019907905167
 0.002430489102450294862
 0.002313434379033552871
 0.002220996087806946864
 0.002242798890136158199
 0.002343887996569757066
 0.002215451645403967908
 0.002290306773553477115
 0.002332382458112831989
 0.002139076800440337014
 0.002287017783701771143
 0.002396379239962934202
 0.002277894261684109203
 0.002079169047484099187
 0.002270635464809842973
 0.002449515376312327852
  0.00241317860271860786
 0.002473588617463693112
 0.002484502724384215783
 0.002481107975980681012
 0.002418523397926221168
 0.002396198644385296849
 0.002429137763839247111
 0.002462633079988152049
 0.002372428681623918977
 0.001561282248499430009
 0.001532885005413923973
 0.001707942353511469067
 0.002517753253098599115
 0.002417620857740132058
 0.002509922277679460956
 0.002529753473197143832
 0.002513898486924493868
 0.002529042796157066064
 0.002514008467828239123
 0.002376605958113764058
  0.00229038209104288383
 0.002492665151363186987
 0.002479768048429112099
  0.00250025086803463319
 0.002482797164516934059
 0.002433185322920446928
 0.002442187343705395051
  0.00247676939951033603
 0.002409335307020872997
 0.002444305002547969997
 0.002481496347426124897
 0.002427363678149135895
 0.002477626926259321981
  0.00248322745654930982
 0.002519226301224745945
 0.002482280098679772156
 0.002523636388939369101
 0.002503525407082134863
 0.002403678719201622974
 0.002480525941439905985
  0.00249881138156858194
 0.001309198788907550964
 0.001732904841129357092
 0.001551736784735678089
    0.001397792208884388
0.0008868675313144356491
 0.001067494368905548031
 0.001988364419498657009
0.0005249940540082287518
 0.002315677683573629051
 0.002416233738487105938
 0.002514323098181388098
 0.001047403190529700009
 0.002404446502302282854
 0.002332059885753834036
 0.002401740948750731922
