   -5.802551378162600138
  -0.2841624703547327435
   -2.255372866680498412
    3.907715609721306382
    8.697115709186633126
   -10.28355694352280025
     9.39440343499570929
   -7.284993861852607111
    6.984879471591721511
    5.938744291377084039
   0.9644791041389104702
    7.369676489912648343
   -3.749690305414618674
   -6.971455483048714541
   -12.03689917992672775
   -8.852601597672009603
   -4.437522303610592189
  -0.8817355676453008106
    8.954071165023091083
    -1.74795449594815766
    3.232061495944041241
    2.839195178811601217
    1.840541464006792527
    5.788707224447692923
   -7.144757034090559955
    7.174771604265410829
   -3.387525465369995548
   -3.510983173137199209
    7.286036117364441012
    4.287045744589434548
    4.233391652019619755
   -3.347400848622345659
    -6.14966787858399222
   -7.032103649354510821
   -8.344836962509841527
    10.42909097004702801
    3.550591322356906332
  -0.4678189782321546808
   -6.899098807062509664
     4.40024623523824765
   -2.637674216193762522
   -1.015049173523590031
   -6.869530932971220416
     5.86473774636249523
    -1.16273108873299913
    3.131309139511307738
    4.460294924376441372
   -5.542705798034267772
   -6.399782015015999193
    10.50543380653287251
   -9.468074799384149642
  -0.5641630017027572386
    8.958511361287198937
   -7.421243875857443939
   -5.270688230080487813
   -8.568968093076149373
    11.61274037802675352
    4.544255435374734198
   -10.77807826750294495
     6.32414589356896073
   -5.714593616270366994
    4.099105653463880117
   -5.838324572464049567
   -8.115219005120307472
    7.963196303932097209
     6.36965141375877586
   -1.591075143800992464
   -2.039383716439602701
    10.90688717716783707
    7.987866305103450415
   0.7722730632375162108
    -3.86577059843928339
    2.350087657782852002
   -7.151540292395385023
   -8.259716930171371985
   -6.960808261898195681
    7.769376214790797874
    2.706669026433512037
    9.979275966429440814
   0.7405245433376232977
   0.2622452701709735434
    1.254713966681133108
    8.040904943905397673
   -8.093213505321656953
   -3.853883169167004574
   -2.390077450131159686
   -7.588578242739174584
    1.577628546442338298
    7.559318209542297495
    10.44957091500798185
    8.798936403575817522
  -0.1773802971187584676
    -5.93963640363270784
    9.950632817156982668
   -1.385318397881809327
   -2.430050470785204197
   -6.428190832342774996
    5.863905379964630349
   -15.10984832702434488
    6.049819099481371865
   0.3853292581995219623
   -6.058277976096455575
    9.346764698662315851
     6.13425407182262461
   -0.210628135165922048
    3.044731094633720048
   -8.041420419427961264
   -6.408569695319622284
    4.631721759587968279
   -8.856860908074862593
   -1.809878102208920314
     6.44327875939384942
   -10.06708020742395249
   -8.496343345949977532
    6.463860727696191688
    1.751518032425546822
   -1.546586591736492045
    8.947603097637799152
    -7.20294770914047966
   -10.15964021574108145
    7.507542194009278802
   -11.18357393847814762
   -2.577976804501818986
    -3.44465666428077677
    6.723096985253527613
    8.442708017849751556
    5.074740135530145579
    1.896184112645815656
    -2.97574816343554982
   -9.791251205370121724
    9.987824839693319134
   -4.114359355614401359
   -11.52126605470137477
   -4.391433632694286437
   -6.339754906996877715
   0.2816081439661128893
    6.195254740141003857
    2.044197084230066075
    8.115109530532269133
   -6.227900885297257716
   0.4818513420227021338
   -6.267374767664771085
   -6.942454335151131417
     4.65242176008603181
    1.728765070379361557
    9.169549902906441119
    -5.23758447971882557
    6.901870896827601243
    4.710992045966703401
   -1.844598086128629744
    6.381586464238573342
   -9.229042566525160751
    5.641006697442334072
   -3.722568698901365991
   0.3179937037083455098
    9.719211949731601408
    11.77486954568540867
   -2.219097503331912691
    7.842478202221097483
   -7.085644314771443852
   -9.649991701406255729
   -6.151387616214694098
    -8.56744288955691502
  -0.7855818975390171932
    10.53650711850511712
    6.459739317633435007
    4.848280924618866727
   -6.625307204772846958
     3.21927620083193089
    5.533248148747158979
   -7.522629220434820851
   -4.527892793528431881
   -6.181291196482273875
    8.534496986842736277
   -5.452035086469768643
   -12.61153188903105793
    2.495685882908807329
 -0.07618282640410667383
   -11.30964599598809706
   -9.723541299030372898
   -6.526449963909874974
    3.319030200540007858
    11.04267299860202911
   -9.876709498524336439
    6.616637134521174524
   -3.503886931647501868
    9.467396960930390293
    7.986637021221429045
   -8.817701936476288083
    14.07961675731105622
    1.184161348014035386
   -7.781169990758550092
   0.8295393995509736662
    7.161030977090927507
   -1.018983308488107919
   -3.587033246109696094
    7.318923468211551153
    7.019995305340067659
   -8.923823697196404225
   -8.453998360177990889
   -7.464854976458313196
    8.366079390461418797
   -14.03426628004864618
  -0.6581159129359277493
    9.855723873356346587
    2.838173799622932147
    7.785045168231711443
    0.708526364854859092
   -8.149773381101120151
    7.309920501976398199
     9.56981497434433237
   0.9592270640608718812
   -8.748614224252472482
    1.258144978769096145
   -6.216822603500350652
-0.007966528698284014443
   -4.073541670967811612
    9.817307296657274307
   -8.775954703360950404
     4.56376820188335941
    6.048266004013752806
  -0.6980624155143404508
  -0.4808851279243399612
   -8.452233640628818989
    5.642935660170791401
     10.7661335194960337
   -5.072112420964606017
   -9.163189257609980487
   -6.659967760886593702
   -4.485201319080170279
    3.837084762970668805
     3.38850335024622229
   -5.713758126716100172
    3.446972451769705348
   -6.830305757173542602
    7.093957864912899147
   -8.170679568211516752
    3.123322982730788233
   -7.581192674041577817
  -0.6975867247175981944
    7.880880097795355255
    6.489113784917328154
    -3.59915579209434755
   -9.460953945859435166
   -9.995359158430259683
    4.183376265804311878
   -6.336202202831708874
    11.17149947971031132
    1.713893126255157551
   -7.137906667464580579
    8.117398906266892311
   -6.080588964599229485
    1.522153358297977821
   -7.116632292282055516
    6.490085219295765206
    5.575532366931697403
    4.092867260263574281
   -4.769527560031290747
   -1.558846723070722362
   -5.871804958090659277
   -3.728917334884904733
    6.810859838915058972
 -0.04551327598700416477
   -10.54679567750345015
   -7.524552255622849017
     8.87651902843966667
   -9.924586626109682896
   -4.718954542562982191
    6.993133681292303727
   -2.498875189252196094
 0.007281885571285499903
   -5.986357701090081918
   0.4434443345778007473
    6.844137911831888132
   -10.31622312401089125
   -7.946641517683642242
    5.911567874124212807
   -6.386160934448337656
    6.558634878833752069
    6.406510082554595975
   -8.075505957236465804
   -0.948686656163309161
   -1.582171554246630141
   -4.115063703422880081
    7.132352807811964901
   0.5692036915791014451
     5.94828862187838503
    2.102917490487832275
   0.2781816968830520542
    10.56164009126045755
    5.586675637344339584
   -7.631501876916273019
    4.082719310897176435
   -4.144186075934682911
    4.287709863422992207
    2.219826226524529211
   -7.127439855225846443
    5.543332789184521658
   -3.068363090319401021
   -7.294166427848310263
    9.991626909178176419
   -7.101657614888328141
   -6.488793416026462424
    1.673150610129731763
   -2.195661246192918359
    6.815075585065377695
   -1.465173621853702812
   -8.569827019179946603
    4.690137095117119514
    10.13961685607545959
    5.726419950229413303
   -9.481925774918275707
   -5.012153781881237613
   -5.150468304079205417
   -6.591017085738678283
    7.620221900096928458
    1.666676389836700078
    -3.33180982443135143
     -6.1404870508813163
   -4.770881043737659866
    1.812695598831914445
    7.696570445028990903
    8.404645047875121122
   -4.499522801437119135
   -7.718765849604182883
    9.342931557772519824
    1.267973165632896304
   -9.159730379885703044
    2.293138157086976214
   -6.230655939820961997
   -6.403344556841406465
    8.664786796971565508
    6.594211039653453454
   -2.402728988222833983
    5.751996156443400565
    1.135944990909613761
    4.020152649141921941
   -2.454273814036582735
   0.8148969450488272592
   -6.746092072376548288
    6.152613308150033156
    4.730451449271724229
   -2.321452575257243023
   -5.821295465464260133
  -0.6760000448425378394
    10.57199002241921448
    4.529692474521531231
   -10.97803170246236526
   -4.279207818068240243
     5.36550606851405476
    3.622472766723576765
    8.569022677695262047
   -6.002091969588663645
   -1.324425231829121863
   -6.325149826937067843
   -1.252516109973660363
   -8.450585230976431106
   -8.365369439585327527
    1.223663560032729247
   -4.401531852733361561
    5.038758281954861751
    7.156603559658336167
    7.807616924434140238
   -10.36486955349488781
   -2.939262249129477311
    6.281572638586478519
    3.232345192146236279
    9.244946406307345654
    2.204178892029021952
  -0.9981382521395464336
   -11.07157469194164889
    -7.99774839768856971
    8.308543510208195926
   -5.424248835445754757
    7.498963176288314436
   -8.184662878871177938
    3.796721413940878254
    6.598299665269355074
   0.2983217377829432415
   -3.764631844635444313
   -1.225667058129508158
   -6.023069938084663733
    10.01487767522043448
   -8.713863374044606758
    1.129973455065647281
    5.628134714165368813
    -5.10797115907225141
    5.522411659200907152
   -4.658991224762306871
    7.252680335088347974
    9.021640179564963447
   -6.664153510163721705
   -7.138899930204610556
    -1.95216296928843458
   -8.496191130496306698
    13.97134209760713475
    7.467016925398734628
    7.830538330368401745
   -11.71417123886279477
   -7.424011176916350152
   -2.912035974012573636
   -6.217537377627550654
    7.687846061029112832
    6.315366868841987724
   -2.263368565143044187
   -5.933730698739419829
   -5.470939095775143812
    1.433069645634005296
    5.589458805019810406
    -1.56176224846665801
   -6.103954586091602685
   -7.268130973275518159
    5.654008407312817397
    8.892902373835450902
   -2.725124821010703968
    5.096363407522009226
    6.398480474752565428
   -8.647946182769477019
    10.72701317180705871
  -0.8368954518536296794
    2.822389521421639902
    7.906254820859683008
   -7.410091598242432909
   -5.135690433285359902
   -1.104142537425472526
    6.522192130523933429
   -7.049280240722479718
   -4.307471565841848538
    6.218466843487390427
    8.861856849894735433
   -8.917976833317155183
     4.46795235434147564
   -5.861481283462451231
    -4.99887861648088716
   -10.26790292256856141
   0.3083423270397593896
    9.952734501701616665
   -4.655108027823291472
   -7.314280042794095493
    2.793197039887142186
    11.45725980710008152
    4.148318925869450169
   -3.637733715857708106
    8.238526346341423334
   -6.674420902086826146
   -3.335259803064392958
    2.504744205002287671
   -4.780564723340037681
    5.489471116580084242
   -6.622543365824456352
   -2.066882184639924791
    6.300629530955490054
   -4.535034797533961992
    4.700265219330477251
  -0.1027743110249237923
    7.606398792084838156
   -1.807255817489559213
   -9.922184131424687692
   -5.279150944002616086
    9.520957135018104367
   -2.912236349352184561
   -5.282825833022000594
   -5.407216937986219385
    4.299307815868864679
    5.613475673256886012
   -5.009862736824500118
    3.315437371479090345
    8.072949437424826513
    1.000287543233320253
    7.424379245019887108
   -5.966327297178249722
    1.766335102920743694
  -0.5071822607398541738
     -6.6511728813560822
   -8.011389242520232656
   -10.01383217323016694
    2.572801160597742332
    6.945793148855631927
    -4.52551008388930498
  -0.2520881189143452383
   -4.444175817567232123
    7.216964797772925877
   0.6987463401841713662
    5.360061691614143697
   -5.771669276477131127
   -11.88990265845792216
   -7.043812286713243331
   -5.263746706505135542
   -2.084640384397487001
   -6.690702656944558235
    2.814650468586962884
    5.004835093338524388
    2.251613456597027607
    7.442569701766435841
    3.010694514946731015
   -4.356907487783382216
    6.995057212248129375
    8.110063432647541148
   -7.203504834014077041
   -8.584766036980489901
    6.037271088146018982
      -2.322263526129416
    3.676809217201372437
   -6.989495310836781883
   -5.163072439561771532
    1.704303587077978133
   -6.312277269116501444
   -7.336820305563424682
    1.220322043291710123
    8.070869055862878838
   -5.324692399575696733
  0.06422694309259899259
    7.504351712771887506
    2.051362161781884907
    7.998362056172962475
   -4.288467550359689184
  0.09356239173607938664
    5.880824568662001539
    7.723620136768511557
   0.3455961009225477221
    6.427821576837876805
   -6.145370248383682288
    1.141224027605030056
    2.388113219728047465
   -1.432903073129689675
    6.921885782541592036
    6.825242707231863548
   -6.641276239630282241
    7.496073137264789743
   -7.708208096828775169
    3.007481035319987228
    9.516043826624898117
   -4.961845962798582477
   -1.405531750419292791
     2.17518826635306084
    2.470999461147347809
    6.749781121608254608
   -6.277024619567038499
    8.323043823050518597
   -10.57798581250484737
   -6.306791896972345768
    8.770800823121689405
    3.526134357990426071
    2.758989540493679282
   -4.570232039678421287
    6.301231281397777551
   0.3939508338625788975
    6.566222866903183686
    8.191870904812901699
   -10.82329818957718004
   -5.651665473433575393
   -8.025512143566867707
   -1.706477811193328087
    5.135944779864209053
   0.4619242890718533445
   -4.739867012732087659
   0.6178086189354812241
    7.025988302659336604
   -6.995498383563560019
   -3.648375832292692245
   -8.151017863599488322
    7.766107596989435535
   -8.609146242996509102
  -0.7252250957802923725
    6.316793865078137671
    3.293961231993738359
    8.599840335258292612
    11.22977313241677066
     3.96069380540719429
    6.134027637036510328
   -1.711798526358418338
    9.064966195629956758
    2.466572085510788437
   -8.150440086439573406
   -5.436180129601404509
    7.061045790059407246
   -4.400088592058021497
    3.737572809429452469
   -5.739958960620563211
   -1.933706022172615002
     8.46032239998689839
     6.65212889309646993
    9.042212386617862308
     6.11885170820644575
   0.4049346776176309115
   -9.526903684093678493
   -5.504122955644410453
    8.370298791796018989
   -9.045722339061590844
   -2.986325600441863237
   -12.68911714025071191
    10.71999550292874126
     5.13079593687702129
  -0.7289933809581501389
   -6.996475531968342487
    9.029580427974599033
    1.703676533986979713
    9.830932903262022293
    5.609661461462868814
    4.033322066451523469
   -8.342378114765908848
 0.006819476763080284387
    6.440092317720349513
   0.9461122273700220964
   -4.117185249247331313
    7.639642295882662637
    3.671639739209258124
   -10.83574679695347243
    1.678844571943657549
    11.26225727214350769
    3.280410161374369249
   -9.237457106019490993
   -6.269793336932120376
    7.013397945574119774
    8.242611326773408464
   -8.944130138764871063
   -1.841755386719033938
    8.822152573034973244
    8.562768955204253629
   -4.651274513116334219
    3.004155328109655354
   -10.13330244140946945
    8.870635053447728069
   -7.469064477227030707
   0.5772530606071348824
   -8.126857443063405739
    11.28475352838493073
    1.490837010195754875
    4.307688213576358116
    8.149311398149436059
   -6.341656918407860388
   -5.970774941345994513
   0.7327548970327858457
     9.89509762845883678
   -8.319423869615278022
   -5.589452203191591195
    9.168166577649573767
    7.583407443302958129
   -8.502015622092706337
   -6.612740778366962502
    7.567675945579003027
   -4.590093857826682111
    2.461125799444380036
    5.604477154238600711
    -5.68018851533643776
   -4.919739610148420539
    7.299824961747704677
    6.039162484084673821
    1.464463899404063074
   -3.301344560305635056
    -7.63855024474500155
    3.639860971960247937
    8.300375937393273063
   -4.828102443988322889
   -2.759818146873665334
    7.905327328666196252
   -5.311766354538942636
    6.563272964034204904
  -0.7760246700941348941
    8.128696059740843083
   -8.110743833866386865
   -0.864207748814316945
   -9.806193940725854929
   -3.135919063942997909
   -3.516361361212831049
   0.3466953141671723637
   -3.543575135714772006
    7.396604779987123734
    5.747483421232038481
    1.408930497743200005
   -2.839889347837161182
  -0.7240713263920763865
    6.948212764145305087
    8.924223544062094504
    3.184871571382232425
   -7.379334202111298424
    8.335301998015477665
   -10.25678969261202589
   0.5348057340452103681
   -6.681648028190068089
    9.249018661080352643
    11.48830369630728931
    1.761665140697182164
    6.058431292919699729
   -4.699680471024247019
   -3.136881362787419469
    2.480855327636914076
    2.921733717262223973
   -1.592744801133615828
    2.426136262064706894
   -4.126837189802183836
    8.368732714059266442
    6.022232243743902202
    2.504698024782977761
  -0.9930786619318011654
   -9.329647616803908861
   -7.541159446434018143
  -0.7964876275018305529
   -8.089648754951634047
    9.242639254204931376
   0.3409943527644792027
    10.46692390305995346
   -2.090546772818660415
    12.36986711128773564
    3.700286355961965867
    11.53993454353981107
   -8.052043890922085723
   -5.507386073005011262
    3.730976684858980708
   -8.324077882315961574
    6.639294348816424218
    3.650770547068232119
   -9.183894438055407505
   -9.473327140930601686
  -0.5698263732275150595
    -8.64032203448381253
    3.757697722895509962
   -2.364960747427837351
   -6.483233010120550865
   -2.474135240173626293
    5.218720437082867925
    4.502762240094908996
    6.041663591228907393
    8.472843677626439529
    2.355208760231449538
   -2.157425566514446835
  -0.7321927161603382084
    3.892210166668875537
   -9.397944333986258059
    6.821745965651372146
   -4.136040324990077011
    3.731437519105583966
   -8.090029822268355986
   -6.793738363622843224
    0.876804906991441646
   -1.615618878893341659
    5.028031363216697969
  -0.7373570330580312415
    4.425507641226080757
   -8.687560196084032071
   -5.488684804912270288
  -0.3712712875711533522
    10.14046260865948668
    7.135262419033783665
     1.06408402978902461
   -10.37725433211549841
    5.011169497952739249
   -4.213004622057732185
   -2.651303971775762491
   -5.557403602978453705
    3.689445360471752977
    3.264595566048124731
   -1.758800582219147257
   -4.079325850382998553
    3.049273137100702691
    7.078585845712832558
    12.58256013035562404
   -7.537979363802516986
    2.069525601935779058
   -4.809670619523575219
     8.24774413795453043
   -8.924116505849042369
   -0.233392146800713407
   -6.139153396623642678
    6.151039407168550355
    -2.72092797568605782
    8.861870218442387426
   -7.497169631960028724
   0.4384431938266055706
    6.393667319835982354
    2.442649441863151694
   -4.750304672756583635
    5.867842561295332438
   -7.853804535652476382
   -7.900233021525703059
    1.135274631383285548
    2.355951963062112853
    1.923836694798150893
    4.222479297393450182
    -6.75675791290403982
    7.858016287063707139
    3.315339567520774189
    10.10841298863731197
    3.898155959665269066
   -1.219899636817771027
   -8.526195521184353865
   -1.385982448893016583
    11.17117872078555152
    0.655446459066355902
    3.363853536425835067
   -5.574110492623123747
   -8.878836623352281521
    10.00862239279013721
    9.765697429102068838
    7.937982578424701785
   0.3153911774909315957
   -8.856729407192183601
   -8.034967408892548235
   -2.872272149211585468
    9.216489390988648722
   -8.314086895471062277
   -6.809892110741788684
  -0.3167997079816315953
    6.183661837263059624
   -5.982339788509189127
   -8.180767228182435957
    -4.11179276358291812
    1.422718217276811137
    5.314085174460902117
   -4.552324951287313404
     -2.6388945942685611
   -3.318291001274521257
   -5.065400538249519968
    3.411435519664569149
    4.578422777800080112
   -5.834584465209781357
     9.98963080700970707
  0.05952239913303003505
   -5.336324957492463383
   -8.898523159887350431
   -3.053094437939740668
     6.98876485794544422
   -2.677658240439505732
   -9.180236278287233986
    10.24068125664270568
   0.6326553059558686076
    7.474640513007685172
    -5.03281064691221669
    4.060797923595101722
     -13.611934530050668
    5.997933303095085655
   -8.064542673046451782
    6.080212040499736403
    -1.49434871307905226
   -6.961733188015521989
   -1.143281436671014895
    8.246051334086079265
   -7.683148478719800778
    2.321647887290747114
   -10.87396994745156853
    6.799798482230572816
   -3.123437112476846078
   -3.149890409558321114
   -9.197862204757925042
    5.069718495199670549
    7.192168690600032832
     10.0038068510706708
   -7.449663157832108418
    7.779219157114949823
    3.163705634520109111
   -3.019087740170559364
    2.082762526258452151
    9.163535657722178485
   -8.216991081004030306
 -0.07008828763062699418
    10.03355481355685086
   -5.998630280395312653
    7.986327997160830527
   -3.812160149785530194
    6.386703668610868689
   -9.246971705212942538
  -0.3426932220241910576
    2.099035266847569137
    7.200476337824255779
    1.293736799763257395
   -5.111356674003745937
     8.67658488511525583
   -6.372073731621767934
   -9.358691839958718006
    6.850557116789867784
   -6.583753574346669524
    2.072269795922288882
    -6.16185121569656058
    2.944375382819455655
    9.920644170679723928
   -4.669335335503554063
   -1.508480841376991233
    7.100115568579090208
    6.970001496161565946
    2.713463432876397796
   -8.350920464994672443
   0.3102999814299460812
    10.60379185195156992
   -9.634528841273525046
    5.176754400570439785
    3.190729916562169421
   -1.634023357662940823
    9.091412817784579659
   -5.184709187982150524
    -11.7300893769323018
    4.027646326878198124
   -4.068877019245443982
    9.291461936766793883
    6.123033369421506222
   -5.728481444375940868
    6.093391565663702991
    4.148632872936687477
   -5.128828861449231447
     7.85075764961473066
       1.484624220363989
   -1.389981129690134987
   -10.02233309922732118
   -1.225617947538771846
    5.519270650810730316
   -5.815740406078476532
     -4.1792374909462362
   -8.598229948684007695
   -5.878448178455329298
    4.098088624506526223
   0.4059707851937786605
    8.637080202279486585
    -10.3564200460645921
   -7.098619348409425989
    6.448305517085113792
   -4.162595690725801489
   -1.250720395223425818
    -6.30326942507736554
    8.550484438944517152
    12.10113586931060681
    4.499467216048850027
   -7.776231999784300797
   -9.461398728108836309
   -5.265487527339726803
    3.047853694547168146
    -6.58847783262693909
     7.08638336144875236
   -7.154564431513618317
     7.93291114422414978
   -1.816098486853672922
     5.14543837489536493
   -5.456296445640098192
   -1.849926812184665925
   -7.045555921391690291
   -4.857269053244183787
    -9.36903478850895155
      8.0995959624693743
    4.815856445324225632
   -10.12398443620164912
    7.176501022976298216
    4.207166480439849643
   -6.563239399699950738
  -0.1688478242155281306
    4.579514157673559183
    7.014495706354972882
    10.65036465455253989
  -0.3990461783969654341
   -7.321054663891809255
   -7.885171661852471203
     4.05665171124977153
   0.4305138665165006984
   -7.505307402881648215
    10.34599872728950665
    8.271609175537927072
    7.433835156755005613
    1.655059398361767631
    7.821215552398560256
   -4.877060557552051812
   -10.35459810794388069
    8.232549406916280788
    9.869361299439262325
   -1.861898220300394868
   -4.753762831572327485
   -7.649163900571593899
   -9.159804968063783193
    4.816733981021672051
    6.851711375537690607
    6.510415880163133551
    -7.21941162326546948
    4.609352503391455969
    0.807785029591239212
    5.270073320602748801
   -7.636833113047108768
    -7.27642484387470212
    4.743120261457097975
   -7.471738446795250788
    8.154874268623512279
    4.407776415589546026
   -3.741443595706608338
    7.308289702334702653
   -10.15358966860054224
    1.297098922074725547
   -4.022628539953768012
   -6.037798707310444435
    5.845090695596491415
   -3.135545141703462768
    2.503272171963677017
    9.981865792175991459
   -9.136760793204105724
   -9.963343869694474719
    3.902128413029796405
   -1.631236480345898077
 -0.09760774973582861391
    5.260288556285830808
    2.290378480858128452
   -2.675270434392997387
    -4.98437660991614262
   -6.707970350571597962
  -0.6512768094682794828
   -7.506808233474589365
    5.352730040912163645
    1.013131895979332064
    5.964856658112530852
    4.062864300097702497
   -6.372940341385580965
    3.045831566268695223
   -5.561076537509949347
    7.523483662201611466
   -2.117498952597043349
    3.579743720575783605
   -9.923777664621557193
   -9.134570425541429728
   -2.315442461521940665
   -8.206390238301462858
   0.6200255367692519837
   -1.849537672212218986
     2.23933375718095462
    5.576452623681730003
    1.481778651940548697
   -3.916665596054647924
    9.667531160105017563
   -2.668842997196405165
   -8.392111173137211111
      -2.201142094424688
   -2.590071011886843522
    2.772448967257011176
    9.413480622144547283
    4.228321480871393589
   -10.60682248469021616
    2.788777333812313408
    6.424336123501575457
  -0.4990346341935593122
    -8.70076240351628627
   -4.692921017260125893
   -8.715219651564700243
   -3.950340509311656145
    -6.43853782156854848
    0.359019801143089623
    9.301091989237486146
   -7.054690153087589621
    4.011406134621387842
   -8.707975810354938062
    10.74231932023689851
    6.764781311218717619
    8.258951563379060445
   -7.018985490095389856
    9.384626495968179327
     1.49685536051908219
     7.11174881739360476
   -7.653042468177471136
   -6.061631067005324169
    -9.06081792431673172
    -1.67046349746989975
   -7.902025816443467576
    6.768780655880618724
   -1.856512202686989799
    6.696644519665023054
    3.936100944482945341
    -1.70374598942372657
   -8.624126447102778315
    1.837017448516812479
    8.674694915831508979
   -7.595488483230996124
    -1.81679980423931875
    7.059565182777080672
    2.035786962501452635
    3.726070033823243755
   -3.535423384995919349
     7.70037396616811165
    15.14958983652335611
   -6.103739125219697748
   -8.556224814578232696
    9.816407959095135638
     6.94090610500891092
   -8.442072058822240876
    4.422513388137911505
    5.598684053544300099
   -3.651299702211693088
    6.414396335009829642
   -3.411046141659652253
    4.170622434643557419
   -6.884229948849258207
   -5.013764652230175756
    10.65387244420558943
    4.417927451408720785
    1.127959223356264307
    8.533091768699110347
   -7.072453066919015541
   -2.729313193011865479
   -9.901009252641120639
   -14.16262198308006681
   -8.724135395792828263
    3.799621006759165809
   -8.794889346896553661
   -7.416171880507524072
   -7.525610206886703679
    12.35876943565473596
   -2.908458895690739787
   0.2628978078431926657
    4.815399044358336766
    2.114674779357032186
    7.410451689151458687
   -4.492770010640278144
    3.205615299197783763
  -0.2464535117848970502
   -9.445467442497411881
    5.222854497296486542
   -3.695372544968079875
   -6.699231566349164169
    5.161750667113825131
   0.6624865765307426102
     8.60735103848822547
   -8.283026501157825905
   -2.461610458354775322
   -5.425387984456182977
   0.2681487716473169858
   -5.973633897104727808
    8.000145258385181535
    0.953415300015309386
   -2.536335970242405757
    5.018216567252586913
    3.293112245164205643
    6.167343157624669558
    -6.68520572130536106
     4.77289016399088073
    4.178329082072026246
    6.930856479245671942
   -7.730090595117853347
    5.746538985352596995
    2.320247039220089569
    3.839940622859177033
   -8.906073318864919486
  0.08746928500957533437
    6.905833197005510016
    8.468691138723121625
    1.161418775228219236
   -1.807746048522298699
    4.977255234140037565
   -1.551747025693613891
   -3.895458473241379949
   -2.962526698250376622
   -0.945242447960255916
     7.49288738020424816
    8.659503019270337276
    -1.86201176124115575
    4.549128854816506085
   -1.012304133168046238
    6.063353802098204071
   -7.109922772977107286
   -1.125938952063861409
    4.495042648850896327
    6.988132459834261567
    1.930359957152648853
   -6.667702562594729265
   -6.338142973324554674
    1.877822581457198048
   -4.490823980262687698
   -7.107896536225258188
   -8.727231566331692392
   -4.495604601477328544
    3.164152690320181982
    10.05312387280605257
    8.157696729444364081
      4.6166143824541237
   -2.875861876424558261
    2.557683685433230991
  -0.1821836288881081845
    9.435694258270586943
    -9.59430150070767418
    3.112246927945798713
   -3.128395268736112289
    2.325015482929249977
    8.815028582576722727
    6.736145371268253967
   -3.507182798610299024
    7.945948780366371977
    3.681810292176821431
   0.4488340910760033053
   -3.369229785261260268
    8.222974869826733979
   -1.493541431384342921
   -7.567305478813546316
   -5.390252921748471593
    8.777638479609105815
    4.720612322091184865
    -7.34477891730459298
    1.293854862132705508
   -2.077339673060805136
    7.875585056683322094
    3.373069577429427479
    4.753901037367267435
    5.017449968721358289
    2.216884748342425659
   -6.225062039836951833
   -12.68864611979340928
   -8.871345700198515871
    5.709139299531578615
   -7.841018694234843878
    6.956009145263267968
   -1.408415773045751163
   -9.830867613557430218
    3.341747354593215924
    9.677454828514539642
      4.0355278002677899
   -4.573457231196695005
    1.356679549879953761
    6.698017425940667735
    9.487760046882300458
    0.462235764566629459
   -5.897827925939626681
    1.064636719012233668
    4.198128639134153239
    6.843889687556373502
   -7.616676598648499663
    6.305976599147413708
    2.121294800877500109
   -6.489369627323972267
   -7.621301543935196321
   0.8828201823900696521
    1.756496206294656304
   -2.468260773250217088
    3.620554229624822096
   -7.023606642235499464
    5.819150974720969316
   -4.176313434313796868
   -8.493482316294095114
    4.570281787828629483
   -10.96361841084625866
  -0.8753236447342210846
    1.021506689233716791
    -6.37821454390954834
    1.447456763982267081
    5.386609129487462511
  -0.8933162118376740679
    7.235306009992658716
    9.585930249187875063
    3.176153219002831651
   -7.492651596005140746
    5.261327426914341743
   -1.547752265724824383
    9.490888525767694262
     7.32865339456955045
   -6.343379963973421631
     -3.7652336562422688
   -10.52700040563465755
    5.576963193922710893
    2.273560474194085579
    4.572699952800030054
    3.563791141677775443
   -8.381948888281574028
     6.55857963665653898
   -6.170096586883606626
    9.541817037260541312
   -9.205121098849101458
  -0.5956065911601393648
    2.342317085238246666
    4.624363615957753026
   -3.299761547122983973
    5.678747514990032386
    -6.70564771017420469
    8.016225494491358461
     4.57903429878084367
   -3.281455078836670758
   -10.97202668102146106
   -6.010052855369492519
   -7.793636878816918134
    1.766559392814145424
    6.866350468907629789
   0.8650074375621796818
   -3.444237881177010241
   -3.954566937036404717
    7.954494998443057519
   -7.502058340616823529
   -5.846952551310435453
    2.996259024208594912
   0.5136709132928269916
   -9.111826805555894637
   -9.787715881187459388
  -0.9745011265364870168
    6.719596569587519497
   -4.426445912706219232
    7.393461891136744235
   -8.366426503842191664
   -2.750189661635204619
    3.552380387996529887
     1.55299798073508577
    -3.10296273064705197
    -6.03911129121275092
   -3.402729703909492365
   -3.445751524931935705
    8.006247267156435754
    10.21346317656973746
   -1.638362068963251872
   -3.093562351242969743
   -7.930637501759707497
    5.732629436475027873
   -7.676968170515607426
    -1.65982337618969189
     5.57678768083449139
   -2.128134567399321941
    -10.1196938472832052
   -8.369126562583698359
    3.044680522443874882
   -8.269978921576365494
   -4.824042556698872275
    5.038212780567040916
    10.32744470319183883
   -8.194860601995184624
    -4.46500151079856078
    9.599010090201360867
    3.705506376296626492
   -11.06389295073391033
   -4.600024802432404414
     4.45653320181940682
    6.797549259177336545
    1.099712208192566321
   -5.148776410506174628
    6.609894121168712111
   -2.078304531291670809
    6.952506205546907125
   -5.809973226365698906
    7.510076276528565131
    6.723500565854270583
   -8.210796885277794388
    5.110800650282021351
   -7.769938358162306713
   -5.374243091321142529
    9.448191753349004074
   -6.108817594707049992
   -7.814089572324357746
   -1.760878630240302778
    -12.8586267666767089
   0.8352399094184441708
   -1.220182402315226344
    4.552730997863569939
    8.885962434196930104
   -4.589699950713137966
    1.611467280933347235
   0.3590513143372280891
   -7.372041850241529914
   -8.812468932641568387
    4.948328031782648573
   -7.359563935442319682
   -9.008443791455817973
    5.542673717265353517
   0.2058848037738645886
   -6.664488671266821207
   -0.146526907965640163
   -9.489161559185093964
   -2.471693891658937048
   -1.353734202234936124
   -4.112012859062500247
    4.209189176398138166
   -6.131628756153341797
   -1.456428885048859589
    8.999362515239221594
    7.566330827450199692
    6.195430197607076472
   0.8964741446990398543
    5.787823271299089356
    1.867031368770090793
    6.916696921091027406
   -9.409819502476132413
     8.05754665655777913
    1.042271910966914739
   -7.168393333362192088
     7.50995869334473376
    7.855481695584622059
    5.325847282840091346
    4.033020619977208732
   -6.147135218647004962
   -3.324772099462658836
   0.8574449914667118255
   -7.935556371548610599
    8.034296358162407614
   -6.122609563616538075
    3.879277535800857102
   -7.992971470395699995
   -8.080856024018608252
   -5.757269034091047288
    6.154630155259553703
   -2.365847314500713949
 0.004204696654764498651
   -2.866487599837877376
    3.267305585201423668
    3.210324322004671771
   -1.730164377797512198
    1.361167492084626174
   -4.705811437727842161
    5.449852700429297592
    4.103880258938580994
   -4.906621999281687074
   -9.172809079098037444
   -0.265394238470555266
    6.754769132256251751
   -5.799117174571687627
    -6.22511090559610647
   -5.103843640769353485
   -2.036551893818423054
   -3.272111440605975474
   -6.639856301864173638
   -6.713973875173552486
    6.775138758523565841
    -2.79948924130557808
    4.753934503235373477
   -3.564154642929270533
   -8.116670075162401687
    2.983839020777520723
    7.734089357024729772
  -0.1998955314555175278
   -5.224426475371905632
    1.534049916313080741
   -5.690021218341470899
   -8.932455124502434174
   0.6243357776400935144
   -5.534082790708231059
   -6.025561158870306855
    3.477590025996567746
    7.649563224297939001
   -3.428421366877563159
     2.59202610861303917
   -7.667826418656254361
   -7.791316610374085627
    8.825461145529915896
   -5.072761064526364549
    7.098427586561877334
   -2.485445865120043507
    7.127602540776765139
      -6.844544494220969
   -5.029825915988341833
    3.532097795637151982
   -8.170154556877527341
    5.071956340075250758
   -6.163236352990933753
     3.15640398249241283
    10.48198201056039558
    6.143838804396247966
   -4.950800051553408743
   -1.984055124849916973
   -14.51360515255901618
   -8.495075359218908773
    7.217874181791619215
   -1.795492332613823683
   -7.136691341237382247
    6.799282243054582509
   -4.653441016213650805
    2.086681645371184946
    6.335724651366293259
   -6.808380162674916747
   -1.302162275609051401
   -4.431024072740207487
    6.933457413967907712
   -2.571339309798200468
   -4.369592672196335847
   -2.230724513327688729
   -6.874531078055025723
    6.998897881731355852
     -6.9560704926113619
    2.154930167596578627
   -2.528097590487182522
    7.775803151249590428
    1.231009005398238987
   -4.893909782692392518
    8.349390394117818914
   -6.266920281158835593
    7.206677592145417144
   -6.422869763230545814
    1.777164276528235387
   -2.427079882915176512
    6.179819618538087589
    8.050121343117222494
    7.642672677696716654
    8.846289906498189026
   -1.644130816574139509
   -9.000306659012846211
   -6.956793955693399312
    1.879334195292343024
    -3.10655098355212278
    6.294197335661882775
    -5.98323330366289774
   -3.947904014357572766
     2.36264853712809586
   -3.957657270795099436
    2.456992012007630066
    6.083946648794182011
    8.843606138810347517
    3.684811957527438953
   -2.984482315030452249
    5.513331042524218795
    6.203679065614392307
    4.018045260199311741
   -6.860212035171228351
    1.147087313097124639
   -6.193434839795549429
    -5.51374556288429396
   -5.662111717797595034
   -1.912034904070857078
    4.512758374705629905
   -6.819727332960932031
  0.08962743891498967108
   -8.670793879399150583
