  -1.498162410572932313
  -6.153859543430339585
   6.100387074347001004
   9.357157285807385705
  -5.773790766933153407
  -1.900951372080355473
   6.045131298980908063
   9.190703275325304844
    9.47812817881381342
  0.8353433688066558283
   8.511748184353972846
   4.107879175419356876
   -1.60189053579206786
  -6.716850955086757224
   5.903042114322836653
   4.847222198571994767
  -2.914085965591711069
   6.231865925168127873
 -0.2990050267558829189
   4.500329667344193041
    6.14238481398925984
   6.567856985872635001
 -0.7236890976262669861
   8.797775943767152995
   1.227117024423013625
   6.970554905296192594
   8.516319121761302569
   6.769404193192474217
 -0.2980281757484769534
   5.893803574398186917
 -0.3316758523364247147
   6.257147873262257853
   6.014404602610012418
   6.021140773309136662
    1.21299847121491533
   8.462843422321677522
  0.8867643906429838463
   5.305334454672939515
   9.016461885489452044
   -1.58973544628144392
   6.776221007311368005
   8.654884847732994047
   5.004176112153295719
  -1.291697122109257023
   6.001614862419822671
  -2.279777900673573221
   4.685638723198006339
   11.77333993441943605
   4.362443856686569532
 -0.5875200636423614231
   8.745671407951729037
  -1.174588208504147691
   5.944638570967835989
   6.195609794899154643
   5.917180385811548149
  -1.481983202244882225
   8.971360968401846492
  0.5005713943751244344
    5.37098211328302888
    6.00871530564827161
   5.446713070501722598
  -1.944579051038475059
   8.631298137102419332
  0.2309879534240741328
   5.779972433013327304
   6.024012129222678702
   6.381681583714602368
  -1.394479028029122603
   8.624723691644486934
   1.184061797599589294
   5.935587287613821594
   5.972668425449941587
   6.576732078293518136
  -1.232898025642324757
    8.48470910680746826
   1.487899972469979293
   6.679554368858116931
   8.297986268860061188
   5.636394038060245748
 -0.4676679158048411833
   5.692024609906852106
   7.297318609761742181
  -1.252063930206001485
   5.710810069060761052
   7.917624990770651294
   2.388508707198806924
   3.007958451303445635
   1.380080141441133446
   6.480409453013846743
  -4.602452291334653722
   1.811263939991300198
   5.181747190261829061
  -5.992449473207484445
  -3.667772671938164919
   7.594817343899335604
    1.75958015426572989
  -5.474670351505493748
   5.871810259723111436
   5.794590547501982769
   1.712143525367678887
  -5.062234468163217649
  -7.285111392337340064
   4.053993767962919215
    1.82500429900146699
  -6.855755323643909271
  -3.141731148794775663
   2.363251173252788995
   4.273689746661025524
   2.013587314318725063
   6.000836443908491802
  -4.903952279409577564
  -5.045707341130903245
   2.470084419859868596
   1.915277530087615698
   4.120856120395520961
  -7.029873048400981261
  -7.374822366819411279
   2.041784555300549364
   2.250064616424966246
   9.314487575223985516
  -6.885566205888540736
   6.955725942760395242
  -9.411854454127496439
   2.184612820148430945
   7.386402958121601969
   8.445026496531044202
  -9.095662403763336457
   9.434681533509293061
  -3.759602479804546427
   2.200909321587111833
   6.451474139195308766
  -6.013751231635405148
   2.287217502977511252
  -2.203790610977769404
  -10.00032064880622684
   4.327367244006881108
  -7.283671874628542042
   9.384862109008803799
  -8.272855484953812066
   2.199818408558020355
   7.495696749919412483
  -4.576010009475950824
   7.182000804586905929
   2.255080600232532095
    5.38992661492813685
  -6.857482263995380301
   5.443295163253747404
   2.244962973828448227
   7.712939383155666739
  -9.087608062488586214
  -7.759322980581646156
  -10.24745127837207725
   3.265022961856812955
   2.211781591487481879
    5.45558023735346076
   -2.14291098201580299
   -10.0741620785892092
  -7.247830026011484961
   10.03868289871472541
    2.16666396124056071
  -4.280408263114720668
   9.774771572581943957
   7.693912242875187601
   2.213801236253595484
  -6.375148865821270938
   7.538962716263794661
   6.297617524928821098
    2.25087536257437959
  -6.945854925599285856
  -8.422165171392414607
  -9.394312853745919512
   4.053378998646630649
   2.082382815929872066
   7.254035951891497191
  -9.093696929772491444
  -6.849513333014916938
   6.137170526105141022
   1.669610092089619968
   2.202389561729612311
  -4.675420575910319343
  -8.864286930380490759
   3.981771093078992685
   1.917137188098570144
   7.124701813307745546
   7.888739868890925599
  -6.774331909158870069
   9.052073662724076542
  -2.883064211203976157
   1.657154317452300907
   1.814359043495122892
   5.962500218336918678
  -4.683928042744286202
  -4.730636818186783721
   2.047111816429023179
   4.127763162685498699
  -6.417080765410813292
  -6.576985608730648636
    1.65330423761674461
   8.547063999659135547
   1.983726348964723663
  -6.871467659839546549
   6.535233499696847304
  -8.508484984456138989
   1.681296203679196521
   7.953934429492202085
   6.846833580379207973
  -8.512541449438550956
  -6.783559137072350254
   9.374558079193922921
   1.656536600178937446
   6.306090695785676381
  -4.513334251972298539
  -8.634599957942107551
  -3.668540182299659946
   6.665796508423643907
   4.661618379063920514
  -6.188647631712314023
  -8.441944786971230741
  -3.669594196538510378
  -7.145487331928552344
  -5.759923713566619696
 0.05310083054673631064
  -8.465902145555435965
  -5.472714086932773725
 0.05937510543028262644
   5.245743025439026042
    -5.9414079953802581
   1.569444906594556377
  -5.239534668637251258
  -8.447087326901606019
 -0.1507420501924431333
  -6.199049964516687439
  -5.802375668970380929
  -6.079057216489949234
  -8.400662416063333637
  0.8286565034658839313
  -8.342034859822637927
  -3.458112023340172758
  -8.818184830239133021
  -1.393193347530587767
  -5.926369748884229516
   3.439083321174278396
  -6.055463572409600204
  -4.379930938424888787
    2.21236145946172158
  -6.271442590255217553
  0.8103251321823139453
  -6.235421011421930615
  -8.972866967003206184
  -5.908526000432168246
 -0.7435900492365588033
  -8.690284778208775762
   1.519002293837921513
  -6.035726038234733082
  -6.041905421364213602
  -5.689573076063867418
   1.186467203578643437
  -8.581531903373530668
 -0.4946883349313681011
  -4.657605907589507765
  -5.894343002060457692
  -5.241179972982967783
   2.434849932929902927
  -8.503485017142690339
 -0.1409112050754864343
  -5.971871853901996374
  -5.891675687381367155
  -6.141759143034241752
   1.141019620790200584
   -8.36863702205945259
  -1.062029642239456395
  -5.503857036031142513
  -5.805759210269478388
  -5.786150249683148061
   1.525053387220727474
  -8.260267585298201709
 -0.7357142941130692115
  -5.940175519632899359
  -6.481971773270598369
  -5.040836256735564902
   1.108284976160400781
  -9.019738147404526174
  -6.820226417497826432
   1.140495904916643211
  -6.480831868944041396
 -0.7988178243683744517
  -5.004228965978306576
  -8.673145400643750946
   -6.13371318681311628
   1.099656051413191005
  -6.096723823229442729
   1.254026507190605155
  -5.550199847589182944
  -8.597240989468920347
   -8.13945936889414412
  -0.325013723521644704
 -0.9498607716099852771
   6.530491090698182788
   1.469816483830066467
  -5.735659892873288257
  -1.240346463276081002
  -4.581947922055517708
   5.571658401164762964
   3.936949556182669951
   2.341655505523748904
  -7.569001311613686056
   -3.10870513203171317
   -7.56655505053426225
  -2.724077041813042221
   4.632676832161309655
   3.684540760140679883
  -5.758196581019283222
  -4.560590694793209998
  -1.115439321182233323
  0.1908285336041389835
   5.400158877757347931
   6.443954303203222267
    2.41603918090059766
   6.138101461426899164
   2.486289341279726894
  -2.991677539975557298
  -4.254243508444339739
   6.997387102319349239
   3.096374843943865418
   1.626859630502590193
   7.005290023083001749
  -4.833429531811741064
  -6.776704305308701493
  -1.853346825483920046
    6.25987455861575981
   1.126469218135950801
   5.164489379786393997
    -6.8388364120122489
 -0.7155079861426149046
   -5.56025535545973959
   6.817435003133196503
   2.897542693493049271
   6.665395190818483862
  -3.826024902474274292
   1.742076208349712996
  -5.694144823189757787
  -4.667841046165953856
   2.457280137897293493
  -4.683899940358179137
  0.5884945886037072915
   4.852106816423317426
  -6.243206960980930198
   3.780180843203925445
   -2.07724972293696819
   7.274841615334086242
   7.437794017845761552
   2.487570209171051872
   3.086475578370343698
   1.928639475094875433
   8.989922741509209558
   8.904992249894853273
 0.01216386887582576737
  -5.405295957148194219
   4.466808405031927443
   1.131579578970251188
  -5.922930159593684962
 -0.9920631985589519752
   7.907159701961865572
  -4.766463658548655502
 -0.6791257599376667731
   6.029874756246979217
 -0.2654812354354086912
-0.02921386441808959678
   4.836059667773842108
  -4.412504331787779677
   8.573900900546860271
   4.483393471607644898
   7.778721050628584877
   1.869031750699301719
   6.612830619310143376
  -4.649431784720476912
  -4.740734426882973196
   2.270667196395204535
   -2.82088981630242408
   1.129755478231069699
   4.619012747139896291
  -3.575295513653196533
  -2.336990509274472938
   1.940331850095758037
   5.323918460051008772
    6.00272442846807408
  -6.809141022902116092
   1.761882429523940363
  -4.454251934472065244
  -1.649509568492831812
  -5.426140098306478698
-0.06373169147332707896
 -0.1779798863018855481
   3.856293369655139358
  -7.922632786494252954
  -4.068445513403439406
  -5.086517352742689901
  -1.127585171296400013
   2.675101001067893502
  -5.165158782733583642
   -4.56178544007720177
  -6.847571474784802881
   1.574606412826067503
   6.138074958364713396
   5.029551032399887767
 -0.9820398882477608948
   1.137939953635500601
  -5.790342064331322369
  -3.621955024399754919
 -0.1870206271862503433
  -5.194439858769682061
 -0.3611853344890093021
   3.730054564271919393
  -6.642680066001090289
  -2.390242488727770009
  -3.418164249353355721
   -7.11966076285686178
   2.369427234041296515
  0.7309243222009478291
   7.798512589942672157
   5.408797954774517969
   4.430854093906265945
  -1.079006344806272111
   -5.46953787683170578
    4.94386312743526446
   1.067624012136472178
  -2.338807054078358316
  -8.233735840770616932
   2.185740175904566041
  -3.736847445201675555
  -5.855142041482263693
 -0.7642600083002218936
  -2.508220310418389332
   5.351207118807495888
  -1.033838962338882617
  -5.019920495835339835
   2.775729091076107213
  -2.342021280908320957
  -8.284153003384393088
  -4.177228100003498312
  -1.981684656563137192
   6.240904603562315245
   5.013257627207524436
  -1.266841343318352298
   7.432916720406976374
   2.142120893534068315
  -4.777805923724275594
  -4.984236965704049283
  0.1904351386189482298
   3.429206027096811216
   1.972188779245044099
  -2.996115725723469403
  -4.901906624106606714
   4.558015016406926634
 -0.3925658291719530402
  -2.180557609509518713
  -1.443326131975221305
   4.349013009537856966
   3.021604843247750694
  -6.139431582375770802
   3.132798430106944032
  -3.091654603169664561
  -5.002164216285303056
-0.01567663627858255707
   4.495943017142264964
   4.300021037420554748
   -8.00338077913363044
  -9.218511665673489119
   1.996598363125406728
  -3.218339116183447146
  -2.205355273492023205
    3.95728835120054967
   6.343956513652591056
   5.500139245118292664
   4.849067359793139964
  -2.360813594808854887
  0.8192568850167397665
  -6.157411581239180087
    -1.4835692234046709
  -5.169349419966673409
   5.145802738093807172
   6.948471590614325066
   4.821607376614419849
  -4.678627042509274858
    7.62568010160322185
   2.237553070911673991
   6.801965603995240528
   3.429995053200733945
  -3.381721821809417605
  -2.057347120482883263
   -5.46427641921729812
  -7.901009801342158134
   9.008346674057058578
   5.089572281302124246
  -3.940539765624898383
  -1.895451239173007618
   2.401036736705926877
   9.506018973123440574
   4.810117258840289622
   4.139182433220532253
  -5.968376450175424175
   4.368922162052708558
  -1.706012285815106555
  -7.027549005226640944
  -2.578965153623956397
  -6.992463603150010698
  -5.920785687661523689
    2.27082483278074676
   5.504318493056916672
 -0.4182029322961574036
  -2.735795762814522636
  -4.721227992498703507
   4.402725972360676643
   6.366264778686725023
  -4.866551697700327139
  -7.363434786776053897
  -2.543574477935232281
   5.662731763513442651
   1.204494378061662596
  -5.380007427251399577
  -3.412750826743160992
  -4.118433470519608619
  -5.546356502700226621
  -5.252951129395869501
   4.140352006361347037
    6.41896583798918563
 -0.8423374576752971077
  -5.782768112171952524
  -3.906322889703683465
  -3.109669836057261882
   6.568485422580712552
   2.243210007544217177
  -2.711598408525525805
    2.75887715092345065
   5.453180344575253358
   6.810689657851442647
     8.1001912350755223
  -6.609394118194750867
   -6.88899960395345623
  0.4426632278471386295
  -4.057656645172285081
  -6.121020002135717064
   4.725828198541729641
   6.259920853388330819
   1.211276303176035185
   5.902220648144950843
    3.96572264381504036
   1.853326964781060404
  -4.817974242603161095
  -6.378398432108593141
  -3.839788301016485494
  -6.464051826922267097
 -0.2201459563884373138
   5.481167684107485449
   5.507764659467717649
   1.659047529618168593
  -6.115329066972243766
  -1.982358135111371933
   1.172145997322318056
   5.767965933695206715
  -3.870649998170955008
  -6.145728775636992935
   4.588681331038915623
   6.429339040943228945
   2.346486126626405433
  -6.047525054245282305
  -1.267545301692332149
   5.901266213783729953
   3.929533506458150249
  -2.984725973348762551
   2.615317521187789485
   5.276591548433998469
   4.708876149434527925
-0.02221646338123073328
  -6.003774168684355317
  -5.378633373402325724
   7.735024339683832295
    2.65309448334800102
   4.284508655569959856
  -4.544843168099041542
  -6.476991385345540309
   5.821225498615810956
   3.924213694051179591
   -6.44052971023687526
   1.921700637359311958
  -4.526496637788731014
   4.548924913522334634
  -5.554282274834934086
   4.252087675882071593
   6.119092620836501517
  -4.428912746047167559
 -0.8007810056881555782
  -5.140276480930863201
   -5.67365883465016374
  -3.712229133483552879
   6.104233195759761088
   3.532468029655947639
  -2.404945970752956796
   2.396269536281236068
    6.45400552072590461
  -3.743785033843808119
   3.710341247787631858
   -8.07339940115677912
  -4.206946361492043707
  -2.371147708347741467
  -6.295224571030813898
   5.556594824469957672
   -3.57212658658494675
   1.334911434935621477
   2.583134734861745496
   6.059802105104711956
   5.511334114675049634
  -5.830900203623597733
  -4.192935530869474903
  -5.831029133821440169
  -2.631074172637184017
   5.590057540554707494
  -2.234007833802595933
  -6.255535862253926105
   3.392484644259948112
  -3.512508445933944401
   3.122786027520714658
      4.480675205942104
    5.70857033308866324
   -3.03526077850243059
  -5.419841763263170797
   4.290522038258464121
   2.900835998384757808
  -3.340486089912045653
   4.236818577323744783
  -6.213064265363010819
  -4.029429472826282499
    3.70510688360129059
  -4.069344529926168796
   5.740589893467138438
  -2.683258673485969581
   3.104355426070669388
  -4.364853665260723048
   2.739039693627145944
  -4.089145697945029134
  0.5022075851847531691
   4.944499428328370527
   2.718165229659755155
   2.730734219266171436
   4.669878737112099998
   1.174472388543885026
 -0.5106539814067783123
   5.128465263828816845
  -8.014482794658622566
   5.384156303855315073
  0.3607656001236828613
  -3.760969547084650699
   1.362798654546359733
   5.500655556735563501
  -7.116303529001277717
    -3.9122377355685094
     5.1519065887137101
   -3.14062538174827921
   6.121509273218408431
   2.699456766181218992
    6.79384947038121112
   6.613040921061106303
 -0.5227411248645299491
  -1.492143740935636842
  -6.260116803324271118
  -4.905361904271705598
 -0.2236915875907222739
   5.564780966146098962
   4.638685490349962137
   5.693174389188511597
  -7.480727075935717174
  -7.866952550251128606
  -5.282100953697840495
   3.850942148191276893
  -4.277353483499940268
 -0.8977928120246512211
   7.483129671990473852
    1.92869488772694142
   5.179272543865959477
  -5.938239173432140916
  -4.904497525098060251
  -3.503369713785019712
   6.058602692522778277
  -7.114982596984409824
   1.369845066433941216
   5.940579587096995517
  0.3087935233495501808
   0.228082416441462571
    6.26772925151314908
   4.242876812332747605
 -0.3673585407662343094
  -8.594143394471043251
  -3.620159833399664517
  -5.107453926432580005
   -1.73891644951957236
  -3.900596554813023253
   4.000787117193759457
   6.845194651714560763
   3.926297518469882952
   1.419438981756706353
   6.076710941784015496
  -6.414409781186435566
  -1.616626838215227124
  -2.599935866351933189
  -7.332422584643211394
   4.808362719555176135
   1.277270993021014656
  -3.947921565675363453
   1.998831333761939888
   5.708594195860385412
  -8.856735143323076542
  -5.026553780512684533
 -0.1962120087008946689
   6.191385402205145105
  -3.452343945416282978
   3.483526206313354301
   1.301723885545902792
  -4.771411860106796077
   7.331322151015600141
  -5.259295423974226225
   5.389232292800318014
  -1.962915792288308925
  -4.928668574565717719
   8.598024129705729379
   5.944477155241671085
  -4.919935166994877207
   5.636629296383148358
   3.747037329616479617
   2.507166041571851078
   6.441534650849028765
  -6.341047651783750183
  -1.600228223901366986
    3.87197300782014775
  -0.800815995090427446
  -7.319393162170873879
  -1.946591973560206412
0.003209951828550740988
   4.097431780615301555
    5.08980878795025049
  0.4417609955647344711
   3.954642499541787704
   -4.18168654380956184
  -3.969261126723534261
   4.133811205817146117
   7.669882142437208117
  -5.644677193546274729
  -4.283440020720950869
   1.254946554612434539
   8.827533949867266472
   1.320396173922621541
  -4.625476128624977257
  -2.521264631946479096
   4.467829161314519126
   4.392228369586532288
   2.402927309806135447
   5.213268635759661151
  -3.092930801857929346
  -6.257846336032589996
  -3.395780786007932761
  -6.857578511675058053
    3.24276349219369564
  -1.840975777317739537
  -6.950532982469853849
  -1.114222741790663385
   3.911020207855743891
  -1.857230471682612016
  -7.894143983770462114
  -2.008898578196422147
  -6.410303404361228807
    -3.7766129985584449
   1.592405567182856974
   4.828992711856768594
  -4.010972678467402908
    4.27391062931054222
   5.864979074288067196
 -0.8263837141385630414
-0.06104581201274300595
  -5.106282745372477727
  -3.633881812833202662
  -1.328508759613626244
   -6.21006326505478512
  -5.464188358253242228
  -2.992239269017823666
   5.242746564890364169
   4.859495946203204575
  -5.169339962195995675
   -2.71601052676946253
   4.672263365206134722
   4.534343626815493522
   5.160481146978047384
   5.619421653532467253
   4.881148228641614573
  -2.742374613385094584
    2.75508396696787905
   4.576555801814847335
  -3.382621960030728125
 -0.9802055229447728113
  -6.842340626014843608
   4.603656074085859196
 -0.5187522305889812335
   5.717673374660881436
  -4.826349887147300954
  -5.870614184025621185
   2.202982992903958603
  -2.602598678592855208
  -5.624075349528996348
   5.814189671728684061
   8.125609388343342232
  -2.253139800208671772
   0.679547193160432661
  -2.227916105846591055
  0.3977433439892090195
  -3.308216601943116064
    3.04468041761294117
   5.219577669649709151
  -3.606185956646053903
  -5.393970111277125667
    -7.8980793215333156
  -5.086744273439364861
   1.106290269733884113
   -4.38006545462238428
  -4.992486258303417301
   2.720264374816837361
  -3.570728089184918908
 -0.6748474408525488855
 -0.9441013239783738742
   -4.71259933195223546
  -7.189729032399842623
   5.291437749761788822
    9.51418288496809339
   8.585612782002529642
  -4.754650490921429551
 0.01350354971383434244
  0.2730364050010536392
  -8.415097745784406058
   3.239817962163126897
  -5.026019464254952496
  -3.724287388408793031
    3.41272140816884173
  -3.528868222859420811
   2.382140602618743053
  -4.651250392330563699
   5.002390024916909539
  -2.823831734283952954
  -6.363854438338743869
  -4.174138129651592699
  -2.111038410709943136
   2.185783909576080486
   1.563837589510783666
   8.750795550255793032
   6.280926349964277122
  -2.125639396459551023
  -0.665829525331645744
   6.851408011872126558
  -2.720439159830605469
   2.995765847616306488
   5.151291965711174647
  -5.015333082398298004
  -5.723253185920672337
   6.401326938329045646
  -4.702741058992116585
   3.102726229541973968
   8.156145770652955207
  -5.743199685375175889
  -1.383333953535609728
   2.315968263371518621
   4.314148263283732909
 -0.9209863685654489096
    7.52742054083984069
   5.505539611730236871
  -4.650799191749260153
  -4.198307434078238032
  0.7797428260146573864
   6.362155110876791753
   4.630119238333874954
  -5.581715697576854041
  -3.025853067841043131
   5.709869302041144401
 -0.4140400235656513939
  -5.118703061231762774
     4.2951226362959396
   4.369033162958801064
  -4.360260319792216066
   2.161584773917780922
   4.647323110315930705
  -4.224931764350896124
  0.9345178892553989147
    6.48991420855522172
 0.04270572774603387939
    5.46630159177704833
  -6.302951104915194946
  -1.767912447509171203
   5.076316541974491336
     3.0170683468391295
   3.335620108185800348
  -5.394583350450265158
   0.356459059563873415
   8.040970683753165815
  -7.312510527540485583
  -4.604318468496994221
   3.096456156584169506
   5.367559724748100614
   6.716422242657879238
   4.861609553274677253
   1.726532854259319016
  -7.750039773211835126
  -1.732773637132959843
   1.406906644253852923
  -5.173149766307952646
  -2.227450088804570072
   6.138383364349708771
  -4.410639789402084787
  -7.675612435747799722
   2.829228132098910109
  -2.050227770031459951
   7.247987023329566014
   4.744760300849418577
   8.758011882856227004
   8.555155612764988149
   3.370590402048755152
  -5.243976423847296786
  -7.016723590884877737
   -5.20425340596804098
  0.4574692759158178745
  -3.151249293815578945
   7.262914523063042083
   -6.17974132309076829
  -3.032414923052409783
    5.58180584308254879
  -8.726118174201996425
  -1.817228036458878204
   2.667380521318525322
   4.257441138280871229
   4.634935026126018265
   7.913565465486665396
   2.857904192789910258
   2.998860530046570716
  -3.852411183906239156
  -5.120471200611638629
   4.008574034778085604
  -4.790765406902016466
  -4.963181339809481507
  -4.968099964741822916
 0.04842539070253859546
    2.26137879574706302
  -3.936236651079244364
 -0.2108258058313032535
   5.662159610027081236
  -5.303156555291303142
 -0.1402408728673878446
   4.753462015571534138
  -5.543819037996648547
  -7.660195972957881239
  -6.636011708652231889
  -8.108924119152353782
   6.347379753333669328
   2.014538494156593806
    -6.9317555253029699
  0.2411448133041212971
   4.627349360275664125
   2.782071029189059352
  -2.671978206459592275
  -4.252874793251070429
  0.1802231271978401717
  -4.881772178389931049
  -4.970792205434133137
   4.456239425417626521
   1.988842367366707942
  -4.998051832232130565
   2.655008459276064769
  -3.328656823628760364
   4.563417325441771588
  -1.407072698496735441
    -4.2952572709638277
   2.657187926347406748
  -3.923436830577446077
 -0.2972692434951643703
  -5.290014651684491476
   6.929621639330600047
   3.006455969459771893
  -1.977567666878236485
   5.225984832181334028
  -4.016964277183587839
   -2.43307581366481207
   2.354024127997569771
   7.583528541449322091
   2.969082844228088991
  -6.741044464052531104
  -3.648364215970710589
   4.798433630483472712
   5.132776652846992249
  -4.341418906213728057
  -6.964267107756344721
  -4.841927368059420367
   -1.19884601701013338
   4.272997988159387361
   8.017672801968849683
    1.42622050561742153
  -5.044127122815108777
  -4.813998679118438595
  0.1834463777763047643
   2.348707176433915578
   7.189830675649780289
   4.297609184466837817
  0.3216938003702622395
   5.273192478500581259
   7.126039017407461706
    1.07708067076579983
   6.916767160075986354
   5.785167921076895148
  -4.647034649935932293
   2.054673759619397799
  -6.230288187173699477
   5.775520966354868335
  -1.190272830055810083
  -2.864927304292711696
  -1.185513254777827985
   4.085976479851719745
   3.338292209611972261
   6.284302598383246341
   5.066535954234782757
  0.6509654375571618523
  -2.862350659577072687
  -8.522731252649638378
   6.491481513086540645
   3.420135956097912988
  -1.541444639661813776
   5.184051540619097231
  -1.409799976322557491
   6.919200920115009978
  -5.604183207303782943
  -7.041229944325572809
   5.546457674033622887
   6.151134701991875176
  -5.124294156621473029
  -1.257238505352830771
   2.261197231233980087
  0.5428559872005734865
   5.384931179049538663
  -3.387028843304155323
  -1.466459069884633371
  -5.986541325133005742
  0.6177163562715707323
   7.141813574772717388
  -5.891308779184774913
  -2.009810269793555815
   4.218968398227714189
   4.985430892544371773
 -0.7040556123441721326
  -5.421814585521032015
   3.856487477749211301
 -0.6999789424122042636
   1.700671423383729897
   1.955679005148186933
   6.911355280830729697
   3.564313857751990167
   -4.58546219015898604
  -4.476679068043914356
   3.842391646101523506
  0.5601969483108072412
   5.010613522596157665
    6.14664825473575327
  -6.538641365845291098
  -6.259598113735868274
  -5.228187914807888248
   1.054814727490445581
  -1.172833686929700026
   4.882829889592518846
   4.583927823640883581
    1.13310675822964213
   5.071702760755844253
  -3.339269107491971145
  0.9692338591420543992
   6.235709521764654539
  0.7572279828841207427
  -3.458273855027549804
  -4.695856200542848136
   4.154350314711178882
   6.495366391380743565
 -0.6647211175295765218
  -1.333859988067890079
  -5.575672479394990333
   3.715011723148963441
   7.540114095205471934
   8.520234586344960448
   -4.02485593919455642
    5.90345189844079421
  -3.365826448853772135
  -5.336883818059073192
   2.581466594320857233
   4.152288801393669182
   5.003906839235509274
  -2.320495170182176103
    4.83623014149930075
   2.899650360923834658
  -2.697336224787066694
   3.167868738643734972
   4.304765423543333469
   5.300266574827480426
  -4.172211088013167313
  -4.444632468144513737
   3.126697472353144214
  0.2664261832649678086
  -2.149324090633237816
   -5.05048117935966534
  -2.193344480331786528
   6.230226355765495327
  -1.944441118684198555
  -3.860963926721146855
   1.905288691075928575
   1.953986804621349105
   3.256343124974417691
  -5.017508718882832675
  -2.561627407015542701
   2.268500937905533199
   7.076453977069383505
  -3.652372061178586371
  -4.754945980008617568
   6.847930681684331056
  0.7149431994359565223
   4.843207916408586833
  -5.894253692374796572
 -0.2647053734601481634
  -5.884515105265082369
  -1.158686014736795222
   3.378105178746280579
   7.625942299052431039
   -1.17471785550452501
   3.619294342476434334
  -4.393068129499489771
  -8.654686201745622753
  -7.741602845529601318
   4.289556698385883493
   4.787134982663217464
  -4.492339159361628198
  -4.386895021343907075
  0.4860803495468188351
   5.950947829863459937
   2.229179436799813896
  -4.076141413922614198
   4.280291119388297538
   4.493429701731420423
  -1.488575022440598472
  -7.463871217711855799
  -3.283162578431254808
   5.502530577535816647
   1.642997230703842959
   6.771935427133841223
  -4.536652213124169997
  -8.306423944160187034
   4.322096348018522605
  -1.887228182431438972
   5.170933348536737029
  -6.114795327335947661
   3.201568337726927727
   3.967514848475597766
  -2.516061597479935408
  0.2343328045623407629
   -7.46616294860254559
  -3.745375686486849265
   -6.36993944434089876
  -4.903048265680739703
    6.54529122159561183
  0.3861042837580153098
  -7.954783459845271132
   1.457075901047945488
  -4.181935889022939001
  0.1401785519095289367
  -8.759802876645393255
   7.524746616684867995
   3.981269721544547391
  -6.665069116327724252
  -1.364136700755100184
   7.140504500012882616
    7.02879900880562225
   1.996333556137608323
  -4.247130375639613931
  -5.548019068408548193
   -1.58488783316029247
   3.629159826357533092
   2.412634035204381799
  -7.585682412926060714
  -3.274852548610109437
  -4.450104549215536665
   7.820327670906955575
   2.784763620044649279
 -0.3023582207747313455
   3.904014683258019591
   -3.48258841976482536
  -5.641160041673694892
   5.404114296076019563
   1.609894841154828615
  -5.066601045887553667
   7.857892949603460409
   3.280903806418120183
   -4.64410700470829596
   2.377458397790026989
   6.168812672069780234
   2.924051469624932231
   7.030808416633915314
  -6.418600481384513223
 -0.8137720713885523427
   1.303429516679661893
   4.158252863859102533
  -5.814573509547139807
  -6.073007950514475617
 0.01809095730939597191
   5.742029597780827999
  -5.209936998714937317
  -5.677359650694174142
   8.215799390662441581
  -6.761593243696320421
 -0.8826199165280247394
  -5.426630117179722212
    5.06799623239139585
   5.898131180141832353
  -3.053073765203584866
   2.128616104067183379
    1.35437003855764071
  -8.776634905356594629
   6.921716415981336468
   -5.68803756918224046
   1.920935473003571037
   7.434337066902356739
  -8.018389350922124237
  -3.570125512368231835
   1.914253198405019507
  -5.249011127132193089
   5.599248632958213179
  -7.099191032348292296
   5.713112502480202082
  -5.650016887286657408
   4.927842815776850571
   3.911557680591739139
   5.198895145002348173
  -1.819439084729398637
  -4.776165645157040451
    -5.0486921042638091
  -7.043846182793668476
   2.633495593607284579
   1.365118329874174474
   -4.24105222760535483
  -7.360262673290952407
   3.335011762036186767
   5.263472901371433643
  -1.959939712586512339
   -1.79338797679134565
   3.361612264800051708
   1.605440941263190924
    -4.1690713793272689
   5.429574706592917188
  -7.490339847730815848
   1.870997058774642063
   3.873494108498670485
 -0.8911325831791332419
  -6.759115770526323175
  -9.594594317271996076
   2.118931236153511311
   6.353182766759603695
  -4.717224855679492457
   2.642121111366661168
   7.550502639528459348
   6.844987746902532422
  -8.569029573496649732
  -2.301462732474983675
    3.73039021908826518
   10.15494845682948011
  -4.447466191176567385
   2.114663526155904361
 -0.6692435990993728101
   6.190569590297180902
   -2.71231813377325981
   4.173838195585497068
   6.919086295586735602
  0.9265642864054133288
  -6.225070878389443507
   -2.08270001221019152
  -9.913685931772539206
   4.789930404366934624
  -3.825053336893295075
   2.072046969792191273
  -2.867299040197802462
   -6.41428289681615027
  -5.770595617073528416
  -2.288383589553036224
   4.416092998335587438
   8.957306800063662422
  -2.848910814794449742
   1.330080397204686626
   1.123043501056250504
   6.069674314612858446
  -3.245101567708669865
  -6.854172591665578018
   6.036377576229268627
   -3.64504819051638318
   -5.76994186364044026
  0.6027232160465134658
   5.130050726995922794
  -0.910386925834257843
  -1.918500736870001999
   1.725535571388848277
  -3.718572538179901521
   6.205010314059053123
   3.298942031226828497
  -6.930531410858321806
  -2.377329215788956951
  -2.149381263301797684
  -5.471714048735410785
  -7.082190259950358779
  -1.039792363385348084
   3.201911137116926209
   5.965325364506210093
   4.890844502943176408
   2.851989537014973486
  -3.125622855533601196
   0.572622662056627485
  -5.062840570696671705
  -6.606892324796912241
   4.809798519194503186
  -3.960331407919872593
   1.121502228423265413
   6.598009181170630733
   6.717127662215171213
   5.191377126880230897
  0.7886157705833523046
 -0.1967479279701273287
  -6.921430653979277814
  -4.979818996983533808
  0.1348529353398588149
  -5.536934412550140294
  -6.034907389897499641
  -2.458917275598811347
    2.49209371269411184
   8.172159654122816974
   6.052044773482900375
   2.955335637109575586
  -4.608814599120726996
  -4.582447651748733364
   2.649982463569199087
  -3.137269947826025529
   -3.43596152404374422
   2.852529429402006933
  -7.535462224014890076
 -0.1706295467465776261
-0.08020778385605645266
   7.234432894184395835
   4.686133526050526577
 0.07974801216372068291
  -6.513778958290769694
   5.077935791873991356
    1.79340935835889459
   -1.60333039458803106
  -6.510693175694660439
   5.015182348053087935
    5.65767843660675851
   5.469131841238214164
   9.781611924822405157
 -0.7013157366635331957
  -5.632930020821568462
  -5.285456775379447691
  0.5355455070842070064
   4.196035171996726376
   3.207547046868198581
  -5.048124612483693596
  -8.776894382090063118
  -8.360435045995409098
    7.36908865609534125
  0.3895970395865315239
   2.121964599596269707
    -3.3884961108908489
  -5.013576854523302373
  -6.255323961961069656
   -5.36699858457676271
   5.973408812530282219
  -3.598922043436637797
  -6.536717398257962941
  -1.332234432522121814
  -5.989815492622236448
   3.288859381010555971
   7.035259431419015108
  -1.325551722982175162
  -7.226852846668199604
  0.9529129787631522852
    5.05818393823462209
  -2.257391015612688623
  -5.582872316184548822
 -0.6416938165601377975
     3.6609925686445699
   3.858228796322256127
  -5.756013267441701942
   -1.34644291107962899
   4.222747741736815996
   5.137665814365377948
   -5.12132598916195203
   3.854703009608654085
  -1.933181051416084983
    8.21379656711021866
  -5.518205256976784767
   7.945116744235789064
   4.077447936013594898
   4.116658897460354183
  -1.354839075111471391
   -3.21678416470859041
   4.332309385962822113
   -2.92561750085013017
  -1.176481062520550847
   1.589622533816264394
   3.649435707008660046
   4.739398970437822989
  -6.216752063587687616
  -4.746905009797169228
   -7.63759360449425273
   11.10560288620398239
   5.892026453136147701
   7.396959374904052531
   11.08364504137337647
  -0.120736417526435158
  -2.930276799739023552
  -6.800838404392129277
  -4.101784675080539344
  -5.107421228256752599
   1.978614075089278224
   7.447719081190055768
   1.262123555568966049
  -8.662929221951053194
  -6.948215277747414653
  -6.376993311992503521
  -3.280871922453540979
  -4.115503781627461777
   3.093243347614423655
   2.361694116378405095
   7.179336190268363893
    5.11484453537155126
   4.869582029317039762
 -0.2862755287763016909
   1.940805097843062432
   4.637431909134535957
  -4.773123578133674272
   -2.53107331140395031
   2.713519811601421416
   4.630328459694389664
    5.17786554894822082
  -1.946591305879350919
  -6.517662412448157028
  -2.783984823868582037
  -6.619820882579514176
 -0.8574042996901134472
    5.11711458689448051
  -5.737890484907651967
   1.728979947386748206
  -6.116182902053751036
   2.763226094060784455
   2.734785738483533901
  -2.544701643663565882
   6.448895733072730785
   8.133078878870646733
 -0.1044275638135880868
  -4.639600095643210409
   -7.19228895314273764
  -5.226302050026942148
   3.659720869869940607
   8.948115930557797526
   2.114025495271257604
  -3.814767269204975886
  -3.880463120173361702
   -6.47009978254043272
 -0.9699909716667312054
  -4.832842668302481215
   2.098103889896651975
   6.848645956667951396
    6.28678734369430714
  -2.007019758303532964
  -6.045908694478321799
  -1.745012384819361717
  -5.448027548043338442
   5.326438794278652189
   3.886882741074336067
   1.140158755455480843
  -4.465716066923542726
   5.405795360340665212
    1.69731116227345824
    1.94890720158880848
   8.803588690849480258
  -8.585155867538032837
  0.5883819363631040966
  -6.399080166149218485
   7.728026609893217547
   6.888949732034760132
  -8.354457922981074702
   4.309169868711866691
  -2.350118885362509236
  -8.177464577016074543
    5.15826402881924384
   3.891927305560153094
 -0.6475526815681120762
   5.145123362915042797
   2.406921599242663135
   5.739487472041357563
  0.8016899416602978334
  -3.554382156779038127
  -6.212596367010834619
  0.7347091891503770844
   7.445531872076568192
   2.375312435752645612
  -2.705809204185722905
   5.961408286145964297
   -7.83141193190689755
  0.5878195574108632249
  -2.528018913179423066
   4.155367038772823207
   6.824791645981241217
   5.949811791570065012
   6.911602198539467778
  -5.808945450536862509
  0.4850670211838996604
   -4.74768204049126652
   1.168078141034796014
   8.981596699333195488
   5.567269762053675741
   6.289177556634634847
  0.9842132380841803752
   7.037029374955878325
   5.217778434056202563
   7.060711800335683463
  -1.982871750732493332
  -8.147422145276362215
   5.831165118487785293
   4.653474676215791916
   7.679615335339176951
  -1.155400183544438519
   5.184887529438469755
  -3.469170553977299676
     3.9145966334463842
  -1.225629975828684159
   4.373184986875079616
  -8.507886796239301219
   5.007187925608006296
  -4.418073262419079938
   4.046880650484200537
  -4.222177990912951095
 0.04563600929235678283
  -9.044433549220226354
   6.283687174466079384
   0.106908044849876982
  -6.109186190037452668
 -0.5320281760161753581
   4.520454230832476661
  -3.635334192689449573
  -8.292196003248061942
    7.17339811240613745
    2.60549135695769607
   -7.36132943726114064
   4.373947000025548704
  -4.343294952546284726
   1.223877774663905349
  -5.405756215969853784
  -4.554234330354948845
  -2.659153240038568011
   3.147047881183021367
   5.453667027334653028
  -10.07386685937559712
  -4.748512452615332613
   5.298043919024594928
 -0.8400428658591811981
  -5.998887565759910778
  -3.983770146707484638
   1.945267705857680607
   5.789492655820719591
  -3.133301235704815113
  -1.989091393229118987
   5.411205134343600065
  -5.643046065713882342
  -1.078918335730383316
   2.212618136349835396
  -6.018281066962252623
  -5.362419766206770966
   4.517603932439819836
  -1.607569343240993875
  -3.224318187734452223
  -4.945883768549833803
   5.337220626800725398
 -0.3837453441137190224
   4.704703496944940611
  -4.516633536824826045
    3.91543801014525128
  -1.719004528951318056
   5.128967664605120547
   -4.10542233078771801
  -0.773885463873518753
   -1.70974042767550749
   1.328720298946127754
   4.487074352100684393
  -4.707187799343083512
  -2.983722873864056879
  -2.048020858389318466
  -4.368045742101714701
  -5.967954117277078474
  -5.945652571960462929
  -1.889251122907560809
  -4.303059060500328492
 -0.3419151816419805923
  -5.418519135609258797
   4.266174933255638457
   -5.79568557416672725
  -5.601782045295482959
    7.88107717754491599
 -0.3648109776102113622
   3.691154426797663923
   2.228760779985632379
   4.993888177345121804
  -5.568286003639948412
  -8.166650993586912932
   2.508969322573129546
  -1.186789646050566249
   4.338768537935985492
   5.655888341493128912
  -2.521675889498722789
    8.09996850261817336
   2.849765876148263821
  -7.148062883978131943
   -2.53641451830290876
   6.925592093833719431
  -4.580111074677310157
  -5.123295583084253479
  0.6667566666817219545
   7.324548733284954594
   5.242495460590624212
   3.171110988726848046
   5.738683756536085312
   6.555380728938385637
   5.442111548047452452
   1.721168312783500687
  -6.150822698768385166
  0.6452325925645376881
   -2.74979378165568944
   4.946571704518874846
   3.348726795553568891
  -7.553203073832465364
  -2.698931220645466311
  -5.332241958184493313
 -0.5151102108286899073
   6.310578216992136724
   4.881224921807888251
  -6.227687060803773988
   3.513906205221913659
  -1.395771312968899114
  -3.443500760916074377
  -5.893032285208283483
    1.55413228021142924
   4.289315665032436442
   -5.13807202005771213
   2.726064875879905536
    4.95506952079431251
  -2.477463338343633303
  -4.851538908562603503
   8.005362076989621656
   2.699049945009712292
  -3.696260185366789575
   4.732436087330478713
   2.245410672846253508
  -5.335502076553483519
   2.269443221142227962
  -2.484619471200121943
   4.038749379281817653
  -2.464977369703455601
  -5.523016735430904767
  -4.756146548495431503
    5.48851456831964768
   4.482929016159674873
  -6.502423855703110434
   1.430822393844434881
   7.711472292232925518
  -4.624917097651986886
  -5.706739778858219481
    1.80582847325811624
   9.733181257940749731
   6.671326694926043466
   6.165467687994524937
  -2.954427702278763501
  -5.343725325206256649
   5.136419450885371774
  -4.827160717366320242
   1.530308413366855635
  -2.640562394534355484
    2.71670447636812451
  -7.032942258335275199
  0.7061025749722825706
  -3.780243651237032765
  -2.454094796673618184
   9.195716697082428226
  -4.549546131635367807
   2.136581385423530044
  -4.194536794400598012
  -1.015711015374514359
   6.313173383017831597
   4.898488343314059357
  -2.930691845099699933
   3.978544646407873753
   5.066820221108797817
    1.87025185089615742
  -3.692586596416474354
   6.788360857250183678
   -2.08612190549798715
   4.299040894862907081
  -1.095456210405569397
   4.617556803153402889
   6.374888896629621549
  -2.144381439064027006
  0.2788873547193991831
  -3.700813340101613225
    5.67348219992450975
  -3.359667761921166118
   4.230105975434164556
  -6.153842807700390161
  -2.978019354511965755
  0.9370952846165776506
    3.17504219269590493
  -4.869096347412139814
  -8.527354578564034782
  -6.060267299675803798
   5.993177666424238659
   6.519053490443802445
   2.264869267825961874
 -0.9423810468792259698
  -5.632739765309806579
  -4.655542565965597568
  0.4341449784261325329
  -3.693798928237489232
  -3.211500095728741844
  -7.444119267801282191
   5.905418590330165252
    2.47046954965683252
  -6.783873422988015989
  -3.278396949723749287
   5.045001967667911202
   4.995919048980288935
  0.6629508153520520253
    -5.1429916025209792
-0.08369889160427466945
  -0.139682035190484749
  -4.345836369754578321
   4.983852223083824029
   5.170258158667511594
  0.5456831601563938428
  -5.131334750519148002
  -4.642547970848461603
  -5.765361158212978232
  -4.798375390581741229
   0.922181042285893926
  -6.304101167614472701
  0.9097753035257368781
  -8.902108565957892239
   5.861220508919197769
   7.157091010045977697
  -2.477052593509767142
  -3.279326720932925987
  -5.684435415354180066
  -5.233597439922466954
  -2.038179843586297224
   3.687975507840825173
  -7.596312995059093964
  -3.279517976802494683
   4.169621807066519636
   1.228038635198361206
0.005283397539456669012
   4.605303686551944331
  -8.966176032083133407
   3.454410997524441473
   4.599577199210168388
  0.4622283939243754802
 -0.9683649501143017924
   7.059280415132317188
   5.352718310661972012
   3.732280551145511716
   5.125534285811510493
  -4.508304890856919656
   5.109849489293647018
  0.4709632061547307513
  -6.581376066751417397
  -8.000506531909092445
 -0.7136898877949229281
  -4.448963040171999062
  -5.992399363794591594
  -6.818750452751626057
   -6.70771360731136479
  -5.664901209510796676
  -2.492234128497285539
   3.752660166071384751
  -1.353213730033407725
   1.092768568043006372
    4.12838258370115696
  -6.130439487690495959
 -0.8255130012233962145
   -3.40629322763410114
   5.445944180505088994
    2.75481159762857386
  -3.262341665785264855
   6.940893041523724882
   6.634100820308916013
    1.86122091985983551
   7.451504193534034037
  -6.174545129931029663
  -5.070996765922728855
   1.924728022872504329
  -3.395115670207123681
   1.230105335486449292
   5.868615710617016923
  -5.358597232268685673
   7.362675541712326854
  -3.607603643493404455
   2.752782915016567244
  -5.561420028362402235
   5.473759831783834073
   3.746429308671728187
   0.873091019776198185
  -5.577506888781827321
   5.390244913971006469
  -4.311422292839500514
  -1.675509312745313117
   1.285472332509943083
  -4.557416651201002367
   -6.24040111209509174
  -1.590023558139687321
  -4.136845448328100083
  -5.462955785091835992
   -6.10099699177149013
  -4.972465351946310896
   1.387043563856863226
   4.639882172509439684
   4.350961242536494744
 -0.1535129056028577132
   1.096128317056713763
  -4.441553802049091004
   7.441695377688004598
  -6.776458640527099675
      -5.51760997130802
   1.873265882737512378
   1.365743063525002299
   -3.02605954349463202
  -8.166102251288734237
  -4.705208169346202673
  -4.353671361159415554
    9.49412311191305136
   3.028966877219146259
   -5.61396604482043049
   7.459384160235613237
  -1.197704664689926757
   4.592363005483584004
  -6.506470106306078804
   3.262254474118924996
-0.06729422929696637912
   6.850663276763600429
   3.690760407984241986
   1.930842464488640386
   3.141687411470795332
  -3.188399881703586125
  -1.640188720451652982
  -6.365593139921331911
  -4.706981043162624445
  -3.719497965880247392
  -5.537244949016858264
