  -0.0655611683057938377
   -4.348221692597189936
    4.327479349561945909
    7.534709885750411118
    -4.02395336459964259
   -1.478371573426894958
    3.698840912333861475
    6.020868686553794369
    5.839216648577568947
   -1.171252582019191468
    5.095045614885802543
    1.775409012063512648
   -2.629302946271006469
   -5.699914492839968538
    4.143774232503949051
    2.349258008706692546
   -2.403339922996748701
    4.475489741570335411
   -1.406034507156795454
    2.249360083564950763
    4.414394095012997177
    3.002666640063720749
    -1.58084074782586681
    5.535846312909141531
  -0.8986098686628596344
    3.365635409028758129
    5.170927530785360382
    3.572941160528269933
   -1.019234481697463002
    4.159225662260105594
  -0.6463084353541076466
    3.613975852216339213
    4.326889322271361138
    3.584118372348950476
 -0.07408083763083742057
    5.099256199046386939
  -0.1715543994809425876
    3.134411775475094863
    7.196164940332560711
   -1.031713109183834742
    4.470650670988645992
    5.178803620122796048
    1.407386919944512149
   -2.387729381848841204
     4.18260864653603992
   -2.862980355396524956
    1.593362286851525145
    6.718837259372806514
    1.501036700371013888
   -2.249954162806441893
    5.346309614537053001
   -2.785930077588547604
    1.871423696559783467
    4.421410397749536259
    2.286784671470427188
   -2.507510509347671057
    5.525952256816392349
   -1.753028074370940548
    2.082253657890476894
    4.252606873563705037
    2.450292052471408688
   -2.276858898203165893
    5.292293908842621519
   -1.357446820683930966
     2.75436794262573903
    4.301463610495311229
    3.267659035363489117
   -1.520198132118300016
    5.312165982401180209
  -0.5462787993259566877
    3.157734699324369121
    4.255451371982076125
    3.647065707096223797
   -1.148055876835596623
    5.132697415115562656
  -0.1003223410034419505
    3.754487233821367731
      4.8259204715508357
    3.791296264276953654
  -0.4555530180206539548
    3.927585347926583648
    5.362844983448056269
  -0.2697329654673426558
    3.962697350641660066
    5.729960079809596429
    1.764987969238367649
    2.147343676547282865
   0.6266769932487632477
    4.476352752452582351
   -3.552544883835161205
   0.7377500796160846308
    3.878097365332349611
   -4.174255485948311417
   -3.047498595142148048
    4.920292858404800462
   0.7051041212674155068
   -3.777059153643545386
    4.222214435559115131
    3.504376520843149212
   0.6179459131638086467
    -4.04603316462082141
   -4.506052111345724143
    2.817059668660594873
    0.659436091868222829
   -4.690516804735977985
   -2.596482177237525057
    2.205961193265293385
    2.926171857996290537
   0.7303247317093999325
     3.87868793060617012
   -3.989261567940302733
   -3.290453004270522896
    2.275018622742914776
   0.6447655378725437592
    3.208653119498093176
   -4.763094534477482433
   -5.695672221436102411
   0.7261820186940616262
    2.571537109182835401
    6.192243182912792854
   -5.331034504980330269
    5.255618064628677644
   -6.389803480260807689
   0.7987808389701614997
    5.507667036570022212
    4.863441087243998595
   -6.129136632357375269
     6.19747176727561655
   -3.095419395433047782
   0.8175305801709441544
    4.165082459045104102
   -3.922490814538290405
   0.8047008116673421974
   -2.691900386078356355
   -6.608432130560535356
     3.37701473648806072
    -5.53372317182788187
    6.177447879385420393
   -4.722955537109408297
   0.7603062460075906692
    4.774465320828987558
   -3.526739408114331287
    5.407279340312240556
    0.820412617232838981
    4.012093572355800219
   -4.362945006958863559
    3.347462718968723383
    0.764887082311535238
    4.866043737331787966
   -5.111504149734031444
   -5.744736979674172517
   -6.590316801491351129
    2.547446942075917153
   0.7600357898983653993
    4.063564987540507545
   -2.626784308549605207
   -6.582237996386545831
   -5.476517027856459663
    6.523428665741998422
   0.7604816590110989871
   -3.368882712726545492
    6.335256109628102372
    5.694588735881536579
   0.8044641991161892713
    -4.13024225457625338
    5.512270146011143623
    3.958389369857465923
   0.7919270130084117287
   -5.325685738813252357
   -4.843326482597869465
   -6.188184251730864283
    3.135850405304608124
   0.7468980050338986931
    5.432551744892254675
   -6.066881789001557834
   -5.275617357167151411
    3.975014782764549892
    2.288643590500586189
   0.7790654114885376957
   -3.748485015489475991
   -6.004388247441732496
    3.200628735389442703
   0.7174019181833141134
    5.548891673175505801
    4.825682950257670356
   -4.471366382579479826
    6.211924525078346804
   -2.352225551197407505
    2.371321066687447576
   0.6474139550204182081
    4.112604849436481302
   -3.663397695375451679
   -3.025591937605201398
   0.7654566712587776989
    3.458357478769993332
   -4.275976076328298348
   -5.108342324672314305
   0.6403278602629083327
    6.037066745147704694
     2.65258653849088244
   -5.202014033289493078
    5.237509070179456216
   -5.815606150495203686
   0.6660255481727913596
    4.955772805505712419
    5.381364923521315902
    -5.83080446188124224
   -5.174673074364456227
    6.614258496918822061
   0.7185671850465955579
    4.276060440086260073
   -3.632599813287260559
   -5.892323690120261581
   -3.702080850544562374
    3.852150020929052232
    3.583490823503033162
   -4.360913960685310897
   -5.070964293107589782
   -1.280845493580521577
   -3.999375368821179499
   -3.996787294972906412
   0.2485580681603444253
   -5.101294735305403449
   -3.049009240524693354
    1.304508606933722614
    4.039063185684463875
   -4.216247490254666275
    1.146407972571797718
   -2.837870336983352448
   -5.077258423293582013
   0.9221664669338291986
   -3.569131828417048347
   -4.075365390065622151
   -3.855142058448133735
   -5.858516460911671331
   0.6007421814690850903
   -4.910791038918500107
   -2.281077571128750314
   -7.016785800523637207
    -1.47735383377206686
   -4.582602661223220686
    1.798664620819433457
   -4.247528510174337413
   -1.674201035558456674
    2.197369562817495847
    -4.47176722316955555
    2.106537686306695356
   -2.239544724217124472
    -5.54424358377082438
   -2.119948646030659134
     1.80250262782246784
   -5.328406361372649336
    2.290610038746940802
   -2.238484478793878463
   -4.293941976748799405
   -2.600251512279597943
    2.031833269621366789
   -5.204195582883796689
    1.224789918249834075
   -2.249766811723723059
    -4.14758845693711109
   -2.767994899175840295
    1.988945298632484038
   -5.151639862407468407
   0.9514695650110475134
   -3.231537875396896631
   -4.160256226501497956
   -3.578529325061183375
   0.9786543582867475166
   -4.955218946603335617
   0.1330981291011475998
   -3.344882109946040849
   -4.061294131939378715
   -3.689457821371624924
   0.7975572780532200756
   -4.770285296215728721
 0.006596599997460608766
   -3.909842702563838035
   -6.457505697815585144
   -3.709765467329202426
   0.1554987055993813094
   -7.161856777979274113
   -2.028737071553531113
    2.743224715401553215
   -6.458167033568061655
  -0.9108563367442984449
   -3.890714791253195859
   -5.277030398835384162
   -2.159030175885820135
    2.459867665755165689
   -4.311762103385186506
    2.214959390762202496
   -2.577836278943522075
    -5.23434468039777645
   -3.905592973523919209
    1.243778407257741581
    0.371061962760234787
    4.369950867959361496
    1.658488883247234424
   -3.981649179348918821
   -1.430319390830954163
   -2.606634765953275146
    3.661645666429802937
    1.926888372428322782
    2.069869246314062661
   -4.452762200600945519
   -2.839765888360348711
   -5.161013451862646484
   -1.024898530687508247
    2.622852502727949897
    2.757204307402143506
    -4.00625050761435908
   -2.612244716817501367
   -1.357563207959781471
     1.06852020185501928
    3.862517940007100581
    3.594417254200228395
    1.041134668866907642
      4.2037375220522879
    2.033732990150600273
   -2.300567906026655507
   -2.283856961342932035
    4.243823105262956474
    2.780632187769177754
   0.0879849672632440627
    4.905745404239320706
   -2.223891089664872034
    -4.18903219451064146
   -1.621269465737971149
     4.24388086554484012
     1.38075850746798956
    2.863683437323841119
   -3.609812012408218251
    -1.40477470748849198
   -3.493299674053599091
    4.132266873189472278
     2.70076174679190828
    4.826515545415784203
   -1.755880419150859684
  0.09225697931178372668
    -3.75628139719364107
   -4.002065499281573402
    2.282786246087122883
   -2.763622979468890684
   -0.475577662736630713
    3.428240693314358545
   -4.752533707522972328
    2.049767136135517198
  -0.8232144399850104266
    5.211918331512440439
    4.663151740742779161
    1.211615909253032086
    2.533020493444693599
   0.6736777594616858433
    6.052230172849379031
    5.353896028319546474
   0.6906920826007829639
   -3.132647604135089026
    2.534635771195550724
    1.362549567222099078
   -4.060913303925334006
   -1.310329387401048429
    4.302470639855599188
   -2.668210013816173731
   0.3954926455999699941
    3.909081703356223958
   0.6623595761014487993
  -0.7326113316256603891
    3.428985011816759965
    -2.28986175890916055
    5.358040305240903578
    2.381457727967057458
    5.476068752253794969
   0.6274787889005936092
    4.316234801287505363
   -2.380028237473610808
   -3.077466755866959502
    2.297319592881436279
   -2.351023239405142462
    1.359663479324660917
    2.635951950575864622
   -1.620421893004194924
  -0.9239618563927129991
   0.6531985181283885833
    4.080195273511307619
    3.728748309772133229
   -3.940702144100895588
   0.6657485133194144256
   -3.366541486696714713
  -0.6204426911975411407
   -4.196660971672056206
   0.6282863129005252789
   -0.838153428612762208
    2.099083684064160238
   -5.005058104250101003
   -2.207600092284748516
   -2.839552918839873819
   -1.395540049594203413
    1.021510532791672254
   -3.933470947273526974
   -2.425882825852446967
   -4.404320700987708115
    1.770868949473401344
    4.191335755818419884
    2.810093721148867019
    -1.60281178571635774
    1.382036679113558986
   -3.028231546573051602
   -2.649215707013272247
   0.6819179689737335792
   -4.092561379941940913
  -0.9451491851067657102
    2.105266867900778216
   -4.419021866029655854
  -0.5424760984824616994
   -1.882392092290825492
   -5.040469380940656663
    1.141137695994826728
    1.189724598185119664
    5.077723696019045718
    4.114026617040225986
    2.423701645300836205
   -1.445095718990361267
   -3.084051065603052422
     2.73826581681165715
    1.351233531521332853
  -0.8110209961167889059
   -5.210981715050724716
   0.7629696544929126523
   -2.756050219137343493
   -4.102448553405480425
   -1.160452085607112327
   -1.051613080631220276
    3.027728000252776663
   -1.346317370971102489
    -2.81120787428188823
    1.035496500950698451
  -0.7345216115560793124
   -5.080623043072920453
   -3.353881514675234765
  -0.5751349039770010663
    4.242409602607901675
    2.736378230015048985
   -1.582918690014542662
    4.411566262716089426
   0.8060041693088577652
   -3.604732942458086065
   -2.982861622512568367
    1.028978607068004703
    2.596466496019604442
   0.7451620514067156531
   -2.521562034437201838
   -2.957318214224083697
     2.93085955412357535
   0.4493045817109896367
    -0.80523042840048209
   -1.748741835365699826
    2.251693568954343139
    2.448197547114249861
   -4.082869786753465569
    1.239113816357321873
   -2.716351767267423334
   -3.006440846477821172
    1.058284624732871215
    3.552781498997439336
    2.619852299364800796
   -4.607596338338861841
   -6.005980136932572933
   0.5956350481871270919
   -2.463641005415099894
  -0.8492086527317536104
      3.2028694839404106
    4.131047756222475442
    3.347021280058151138
    3.706593814691636624
  -0.8909179588747035972
  -0.1483451869459195271
   -4.080874806086790763
   -1.963695061735494463
   -3.692299651410906325
    3.338460210408259243
    4.691946037670273739
    3.722994559108552703
   -2.968629354218949246
     4.98406289890394838
   0.8259414978930490481
    4.503108569830127195
    2.800568061779795226
   -2.553381488784472797
  -0.6807338339106066005
   -3.277015083442345933
    -5.00952492112023684
    5.702832506673671809
    2.765063913942499063
   -2.942999915072771699
  -0.4229710586646081572
   0.7959079573296734544
    5.895927518470601925
     3.63789737500534649
    3.104178237446809874
   -4.411520250131406584
    2.401506098689182522
   -2.015577937580433687
    -4.73604809903534818
   -1.023976766431127006
   -4.452092646125718645
   -4.288356507002920814
    0.839437774649055779
    3.824813925765906397
   0.6188961966044400631
   -2.143842950060081964
   -2.668089926677445156
    3.321546253044357133
    4.079459749935198332
   -3.560998911560972147
   -4.561228273696777968
   -1.078327033414180125
    3.904391232074034157
    1.414651041949087862
   -3.642836362800161432
   -2.900927524485089393
   -1.885646460076903619
   -4.023117709356460736
   -3.134207693725029387
    3.395863457167668464
    4.346873205205781687
    0.124135167687009329
   -3.795065232771264174
   -3.071508772960648948
   -1.576848902505247452
    4.132030939346785559
    1.900162663246995454
  -0.9234669833247619586
    2.765295939513923607
    3.838554993929810699
    3.731972400174779381
    5.091000127811285303
   -4.927687864004555607
   -4.334659421251545908
  -0.5939342731120593744
   -3.173418447879597259
   -3.985232462996981528
     3.49808378548441512
    3.843090968550169961
  0.09839750941884675695
    3.856087861102083014
    3.117082892271703098
   0.5489861787379247682
   -3.589285287063388452
   -4.050112698130044819
   -3.267156115750473599
   -4.099605238064509827
    0.641053893753139703
    3.863189041522663736
    3.026223244189622186
    0.155758037108583075
   -3.899609965229157371
   -1.798922986027138293
    1.401477728360534414
    3.902885732558948551
   -3.157839563089154034
   -4.036953422307330008
    3.464760820192171575
    3.993656375082488275
   0.9046990424570691136
   -3.963362225654104787
   -1.407679579852434637
     3.79704839067358435
    3.081549168751239964
    -1.03171397336649906
    2.672452069780374195
    3.723577348664223408
      2.7599415367927147
   -1.056314047564390624
   -3.865069826747230763
   -4.244310642534900424
    4.904226154049888819
    1.213536474147207445
    3.252272819760368527
   -3.372407106416491107
   -4.088077288156201305
     3.75669004057441569
    3.058232156486379694
   -4.058063948090643969
   0.5268966207458556372
    -3.50461331844459556
     3.67735419011816056
   -3.344408014236047055
     3.17242326553899634
    3.890332695260567242
   -3.452984449472555895
   0.1722074834124250609
   -3.074066050138781314
   -3.737494474777216968
    -2.97877116832224198
    3.937631404366338295
    2.917295959188685117
  -0.7463753469675667995
   0.8443528463229998948
     3.97487307616578045
   -2.857294122112279844
    2.988679145767898504
   -5.296795677632164079
   -2.198235433345560264
  -0.7752804327842028886
   -3.946288250367958828
    4.526966099044306802
    -2.87261836932523984
    1.998561448604825097
    1.015745590101185369
    3.938788375423287302
    3.699292969075756332
   -3.803475997439313083
   -3.414600043790791517
    -3.74283797323855838
  -0.8318043186883512519
    3.456100625384009639
  -0.8723976272902489448
   -3.996855475178385131
    2.746373266881445563
   -2.929395997196009738
    1.234632871336067694
    2.596847276001329696
    3.749866677786096503
   -2.825198034355750565
   -3.492107412823803436
    2.354941326072639285
    2.335550033636791589
    -1.70226956718529987
    3.218910257188864144
   -3.733905368601437846
   -3.200052513034333579
    2.790208700646727547
   -3.167330750703313935
    3.685207351185733504
  -0.9751817859905345109
    2.871968514569727127
   -2.449316959355607004
    1.084339355326030763
   -2.495241367826291246
  -0.5672849066803300477
      2.9106674070815024
    2.323486310923830622
    1.073994695366537577
    2.516804564529721233
  -0.1197278111661921607
   -1.124722074952834383
    2.683036409109502696
   -5.420301036869182632
    3.756191279892150625
    1.059036524922056355
   -1.979685093624000913
   0.2859560909823968267
    4.262050628307843425
    -4.55862264189084776
   -3.001751824147158132
    3.354939882112010885
   -1.530385694248911799
    3.869298986720871802
    1.280391160289901187
    4.803968179565006658
    4.160898233110625455
  -0.9553603848784457675
  -0.2840558778844079479
   -4.258837620342929675
    -2.87511888364894741
    -1.11584041136672063
    3.070094020985370875
     3.32672734804946435
    3.820933571153827923
   -4.274009604418075092
    -5.17289524688954927
   -3.279519640036277828
    3.099037255149430958
   -1.836327931754095477
   -1.273418702150355797
     4.18764606099946235
    1.919662805244060522
    3.444267363420641104
    -3.60923415790457458
   -3.562221190916593727
   -2.643116780803656418
    3.570696837145260982
   -5.119711283819359693
    1.380152151605113398
    3.102088342795520148
  -0.5283970989132620311
    1.053268945878904406
    4.758962032798640607
     3.44205584466247716
  -0.9070089352954406881
   -5.770732472027521709
   -1.802860054217801711
   -2.806114071797131349
   0.0592573073239008874
   -3.141616368881709587
    1.677677116403517577
    4.316259192969544856
    2.892640178543315788
     1.42551727051615007
    3.701034915705537109
   -4.352104702939188385
   -1.756136942690004865
   -1.162504016457805989
   -4.982179498794863548
    3.442828462542814716
   0.2145702921679035757
   -3.063822443493215975
   0.6131847513408620332
    3.529124568348538826
   -5.704176644924013218
   -2.597620419086937638
    0.531595067629226925
    4.498764284176159478
   -2.612869051409655974
    2.927855577153015698
  -0.2827467487036400828
   -3.839387561158619455
    4.558985344725293487
   -3.150396711823177043
    2.704372939147261512
   -2.106793672183131072
   -3.559468851058078087
    5.186395053064636329
    3.667357294754540753
   -2.645966790576813832
    3.198611853869604005
     2.92961946563173381
   0.8472658581278585954
    4.002471027288383887
   -4.833343340172417513
   -2.179449772759975534
    3.264438659687243671
   0.1510155894398328424
   -4.533912601920078167
  -0.3056895670300488477
  -0.8247591409907318871
    2.108939725691676426
    4.121597276890801353
   0.9489328924837264756
    3.169759972226601441
   -3.072857201660357696
   -2.910259139233792869
    2.927784010745303256
    5.177848364680036397
   -3.919547176395275834
    -2.41526705985248924
    1.656884071386143464
    5.250337662741118905
   0.2694995492093599787
   -3.166881223335576312
  -0.9555791849757427903
    2.471163571468098397
    3.212140042862113631
   0.6071151865125894442
    3.354063747264933504
   -2.893104813155504829
   -4.395625457781780376
    -1.67288897179267293
   -4.270211119860642945
     2.54775075282076191
   -1.995388006224609656
   -5.075523380249863159
   -1.391226184076698402
    2.832467098879531964
  -0.6157799982427447638
   -5.046120027197695812
   -1.992866364348719221
   -4.079794808692152053
    -2.90358043348129824
    0.163896046053304989
    3.160718737527158595
    -2.93338887341568233
    1.896406594087118203
     3.49569826060362443
   0.1066823210051937587
  -0.7879579291894638349
   -3.707723014782930093
   -1.701852479204767565
-0.005917508309043278958
   -4.021624485411436467
   -3.478211789546081345
    -1.16525516720800093
    3.821141952869362868
    2.951282129200996973
   -3.076231365903220549
    -2.26653905397745703
    2.284708502668816088
    3.513646775607451644
    3.144226559167731416
    2.801590543162716607
    3.155092528712794664
  -0.8201296900728888284
    2.390852575971430305
    2.578848135115495488
   -2.710469623453333643
    0.290121886201318735
   -4.098151764707164801
    3.519323149508118753
   0.4298355311466772744
    3.310923243858845844
    -2.79529116896476415
   -4.429112473375101722
   0.3167125283883132081
   -2.772519313135199059
   -3.642180964866333692
     4.20596703474982192
    4.927130602636170309
   -1.947997287311364456
  -0.3503678017904887088
  -0.5850869952931522233
  -0.3747321032074054648
   -2.473565474793511854
    1.474434119555084077
    3.725634842401943647
   -1.435601933881101688
   -3.211355922512518113
   -5.257919642223581214
   -3.067831225839071863
  -0.2067062506784504983
    -3.26691076692668414
   -2.894430885954873744
    1.227570302469854546
   -3.016849058262405681
   0.3439316629308321605
   -1.580084199371116327
   -3.511894506190286425
   -4.582037460928590988
    4.128001743754825981
    5.782443404863131242
    5.785163764022633437
   -3.337582684269541744
  -0.6410719245803678801
   0.7967810857075896536
   -4.608359190852000964
     1.63443933409894937
   -3.336644029828494062
   -1.905827645369665202
    1.708262535329747589
   -3.220971267438308416
    2.187604711552626036
   -2.778557615628590494
    3.062553777114144005
   -2.473688249118193294
   -3.955771644650124319
   -3.273510306367163114
  -0.6648330885287973002
     1.98533693121195487
   0.2581532583732514818
    5.424787539236014311
    3.909928190582467877
  -0.7534921140063789435
   -1.402395285621315102
    3.668065289289539344
  -0.9731761060072613434
    2.639787441215626806
    3.140649750726851597
   -3.557343838768391997
   -3.367147650798616887
     4.55618564587480801
   -3.358026706307462916
   0.9099196162617529948
    4.586480189404552377
   -3.263252343019871216
  -0.2064328810033319583
   0.7446235085809242982
    3.325165173500492344
   0.2537269016205324634
    5.114789007988800762
    3.206454895838918961
   -3.118845355299581179
   -2.076127368752377578
    1.170397421257034942
    4.321016918684152053
    2.239461744111539421
   -3.095979742489561204
   -2.455283483698118108
    3.510650242701758295
  -0.8771860926802106384
   -3.009098333739871123
    2.649191664199634921
    3.550086369503598682
   -3.090726123344691878
   0.3586939517085396822
     2.52375011815528083
   -2.172025821808984958
    1.213884073866726254
     3.41539499022643378
   0.8768420968264065696
    3.093862426173656921
   -4.246348848179155588
   -2.071963916395057836
    2.929112740688984751
    1.046829442903823182
    3.032980099067414947
   -2.449692428262275623
   0.9495923537634902711
    5.328338297221053566
   -4.526262328883487562
   -3.628306139043055545
   0.8438256975876352595
    2.958588527807133772
    3.705140148058172045
     3.17110729612992337
  0.04513396988446599645
   -4.727427575112352898
  -0.4839396896335343978
   0.2048981391028750765
   -3.759396555518071281
   -1.940299021147093406
    4.213885676543160486
   -2.293371984005590836
   -5.384088219319403734
    2.895092587805815132
   -2.010366650461835825
    4.841022582849328515
     2.56183026267924463
    5.203964764300557988
    5.768171478667458274
    1.130725273910552664
   -3.977851931132668994
   -3.825464468513398941
   -3.347957052095980934
   0.9899619925013301014
   -3.027768991208627192
    5.212435730207811702
   -4.417799820473288896
   -1.382568855928300033
     3.35029662796033767
   -5.985315580171706173
    -2.02453295382317755
    2.258172259487164713
     1.87023614286142803
    2.698927462484184137
    4.529054808994263936
    2.384965144981476826
    1.270558326010447825
   -1.629777604766903476
   -3.526106270613845961
    1.670440936774972629
   -3.800519134271117316
   -2.084577316520372925
   -3.294109204866857432
   -1.094848859859015811
   0.4564598618412950004
   -2.778948098298872349
   0.5570889291099376806
    2.641258318855081555
    -3.99151324686312492
   -1.388700889168176023
    2.674269462724678803
   -4.532369046826944192
   -5.265742427218913058
   -3.976793223769850005
   -4.769630219099944668
    3.773187651692586186
   0.7808147733310382144
   -4.397890833342886552
  -0.5113355018967615795
    2.736895402856038384
    2.333662353697863789
  -0.9857726626636228451
   -2.693781423062910019
   0.8541186830293663323
   -2.644513413428616566
    -3.47014821088225256
    3.280534914835487648
   0.7886931368204721515
   -3.276412755583816505
    2.217562166535097745
   -3.072551510302342415
    3.220824796890757735
  0.04324735982247647492
    -2.51090145000608711
    1.167642507524488948
   -3.351093560874020216
   0.5756012715296388027
   -3.157816104564447279
    4.272893989771965551
    1.401538223778810544
  -0.7673886312016515721
    3.258043038415221471
   -3.299356490509591566
   -2.356915364139622326
   0.9472347718121165716
    4.836748689643024512
    2.521643408999246105
   -4.358307408508286684
   -1.620386324755899832
     3.31551052218529918
    2.749203129844317584
   -2.025066024170385948
   -4.765987446464663435
   -2.860908117507559023
    -1.56739380752108759
    2.154525119809564515
    5.004655201640073159
    1.423921745488821111
    -2.90210406898257256
   -3.526079239430757628
   0.9887763117048146144
   0.6159089894595549675
    4.998091306637280518
     2.42519813265234685
  -0.5724130675290486359
    3.914148442428873054
     4.11057467991254466
  -0.2415485229264233702
    3.958671996458473785
    4.008131382893906469
    -2.31845403457688759
    1.865601213237622513
   -4.449543960739134718
    3.176421426132930215
   -1.329241039681858583
   -2.559619329373144847
  0.01958326322618274967
    3.049051255087943169
    1.704687071069657556
    4.300238178085718843
    3.128840807418781012
   -0.367456698758058864
   -1.003591079785143725
   -5.269925226635428395
    3.528687237144127131
    2.565586714736443952
   -1.702357167215246658
    2.983123703458708142
   0.1645240217290489804
    4.750755278000586834
   -4.249282911952336761
   -4.542228852364579517
    3.769290241661832574
    3.522038401765539728
   -3.456586086662790436
   -1.804085932864811337
   0.9092320269448019854
    1.193800236395822001
    3.809975425334355403
   -1.683819043239995317
  -0.2778396005700036753
   -3.825297842783575319
  -0.3562041484670455116
    3.589221753180515506
   -3.547920770013466729
  -0.6336765710157571396
    3.211730008971842576
    2.793266839137773516
   -1.168468016288709777
   -3.853413866824379586
    1.631287834516588209
   -1.309362845055394686
    1.754920998219425599
   0.6048940035713232799
    4.445658128817886023
    2.744859711126393709
   -2.970109601897774176
   -3.508536425681413551
    2.900879456139319856
  -0.2582079955080380795
     3.87899633478824768
    3.814000160939488904
   -3.561015025391002453
    -3.61841067107497194
   -3.722051022027007772
  -0.4590508340330535786
 0.003307563652819853206
    3.409912135906433495
    2.355656273201923057
  -0.0508650277691297184
    3.637649164968589588
   -1.703026825816910783
    1.308178935560780687
    3.192390467582492786
  -0.3990928234450919487
   -1.078103664254487226
   -2.557216736634285947
    3.378123562721034645
     4.04404285708760991
   -1.044582351241975626
   -1.489153092499152731
   -3.664102339310877809
     2.90377498217313823
    4.422540402815441141
    5.538138181784282743
   -2.284118727617314271
     3.31888978579233962
   -1.481903623593291197
   -3.738177096094329244
   0.5936662998074710984
    2.190378759769429529
    3.460027531723487648
  -0.7802841231938884015
    3.457611124740541886
    1.188984742166358632
      -2.243577496049733
    2.917533356677783907
    3.014960296829528374
    3.197559624633514286
   -2.192440310377794965
   -3.155754719105220651
    2.445404759218374302
  -0.6209837482297415612
  -0.7490500444659332624
   -3.836419244692354624
  -0.8395307993042424588
     4.06771899476036225
  -0.7268255791657446396
   -3.217756257126473507
   0.5589397843021484125
   0.7620214377563466757
    2.989063845969483602
   -2.982668613130999624
   -1.027004075705420405
   0.7620339239767601747
    4.248579299991528835
   -2.906527680921262125
   -2.947655427058659239
    4.889976542983082375
    1.213171460113581235
    3.505048283981793578
   -3.650960386264714863
   0.6030840121773807239
   -3.188857511743131479
  -0.0682187355631159037
    1.326559633520229431
    4.805934179705073639
   -1.278940733239984251
    2.986082406236495679
   -1.953173815540570235
   -5.656540002635548348
   -4.506343239775891796
     3.49420096435946137
    3.157127483509662547
   -2.575075322640027586
   -3.329420834707554455
  -0.3475422827919968372
    3.822663038452574824
      2.4659257486757995
   -1.855257378434967963
    3.036378836008299054
    2.325709921687336035
   -1.552349644026960629
   -4.722104117916642529
   -1.383977289242958486
    4.178832921232523034
   0.3357725544927048222
    4.336316957059836774
   -3.374822597941870672
   -4.741832369092979782
    3.509110755943509297
  -0.3637719081319655823
    4.023754483771270429
   -3.671026578607444968
    1.555221796282739266
    3.035210662645056345
  -0.8713879977487966055
  -0.6951724550675886238
   -4.360238440933866144
   -1.364483402743290608
   -4.361557111580258272
   -2.853481587805241304
    4.453212211363112516
    1.206027352870316705
   -4.896710409391299201
       1.496019609326249
   -2.032533914047414569
  -0.6009786626822405387
   -5.773158245480736639
     4.43346449024942757
    3.047024028849128374
   -3.512438516335856242
  -0.2101255622565312287
     3.92018496043946385
    4.759449253485958486
    1.828831591385910782
   -2.062210670776736698
   -3.581946931861598404
   -1.913580160156432175
    1.281197719694335824
   0.9100804466848601004
   -4.847900727821917499
   -2.632166482959505949
   -2.348148255087782132
    5.041476695725541468
    2.607028082144720926
   0.7346265740440962588
    2.929273413539419835
   -2.631772904347988717
   -3.532670496546719718
    4.120946528248435214
   0.3801385918093280747
   -3.762049574925656614
    4.788636550473388986
    1.535786072222685483
   -3.301973621452341856
    0.867626398058041981
    3.890634454027833478
    2.678975674772261506
    4.156635555378070279
   -3.506698189395976772
   0.2591587411951078446
   0.1422444801202557008
    2.859947730813244604
   -3.466149360988130645
   -4.443872523480001391
    -0.81991127441956968
    2.981828577384417756
   -2.649847320294390851
   -3.695392597731487427
    4.810488083402663761
   -3.896984773258608481
   0.7500610991272678163
   -2.464747279979687011
    3.592083933791018424
    3.273875103483579352
    -2.36950006112996725
    2.225126271774626741
    1.490245319253900025
    -5.12569739419542536
    4.159322862497285556
   -2.621140538892467564
   0.6295826013176073488
    4.677938386591995901
    -4.66679273391628513
   -1.232071642627621921
    1.897897968742825237
   -3.517287577734735216
    4.106671608420905173
   -4.097010521285391782
    3.830465008887438572
   -2.833463114531143301
    2.570298426860190055
     2.08658791118453868
     3.50515707998062398
  -0.4550923894029904604
   -3.303331908382559412
   -2.892918621791136236
   -4.977303672733441431
   0.8990288910801397249
  -0.3819308202606600533
    -3.65124834888890204
   -4.806516564210742359
    2.555073690310921464
    2.912064073091605199
   -1.869352923366160546
  -0.5889494347149972775
    2.657600198715967643
   0.1501405462352879416
   -2.993374451415510062
    3.391625000170535476
   -3.819095913297711142
    1.802488028133079734
    3.073174114060821083
 0.003103189545334977817
   -5.240956374071446433
   -6.488440172226614955
   0.6684862514930308697
    3.667197180951444313
   -3.052524351879039699
    0.692277693614727907
    4.283051387655275377
    4.601079744012181116
   -5.211206854881831774
  -0.6025846547595476999
    2.864595586866415022
    5.752840486020571298
   -3.093710740183031049
   0.5555427529050324109
   0.3239431276099886681
     4.56687794628851762
   -2.369611153842696272
    2.158481486539964855
    3.948319092597239788
  -0.4152111959281805098
   -4.556279999474040387
  -0.7048627964499156739
   -6.247004201722635486
    2.704210210965842798
   -1.369281872550669021
   0.4947341150102327889
   -1.245086871895040082
   -4.500770877310771745
    -3.53645556499502689
   -2.571913624955782129
    2.184970418445098872
    5.941473796736434387
   -2.272546956569570398
  -0.2872095068222123571
     1.61946867846041398
    4.132567579593664497
   -1.440234402068593544
   -4.422809324158601285
    3.276308177506031871
   -3.036131211518500184
   -4.040498914419666576
  -0.5801713612358784244
    3.183366700555584572
  0.03046340193326096957
  -0.4415210978631436967
   0.4175019309151566382
   -2.896405602785252054
    3.812098050941901572
    2.577865084598343515
   -4.480339481613127006
   -1.022417174660550376
    -1.89255440560939614
   -2.596144072499650512
   -4.369148630587361026
   0.5191256617773477577
    1.594042521432326609
     4.23737434110969069
    2.937487800586226605
     2.39510123616377868
   -1.475809801468648041
   -0.296165585453040392
   -3.542962037415334997
   -4.123115344618342171
    2.593177129533897229
   -2.898041007006854297
  0.08543745126456506189
    3.423043232017346948
    4.087665697533005904
    3.485782547630219774
    1.239999378477000036
  -0.8170217235375956122
    -4.57716698516236864
   -2.732217822544273478
   0.8178282643802833318
   -2.612722668056404629
   -3.780319161024077612
   -2.334992148717342175
   0.9425863498854928357
    5.167358371908405523
    3.813798385991077566
    2.356490486591203748
   -3.422164172441982455
   -2.641366180900437399
    1.208513085190193959
   -1.486699925206218076
     -2.6172336414350168
    2.719689578161764487
    -5.00461707017379176
   -0.916008533107489642
    0.727907521064535934
    4.614930265274750809
    2.530510004511279387
  -0.6512069105586889561
   -4.597826438215022904
    3.332506209154507459
     2.00562499560428531
  -0.4763347052871991782
   -3.902372410341770959
    3.997509066233007502
    4.311463291429777023
    2.867229272683724073
    6.274119152066186089
   -1.237229932720800063
   -3.917641058849706592
   -2.860650172691463045
    1.059378071355525863
    2.165035664868868448
    2.534311527017468535
   -2.915226638299769579
   -5.094702053272893494
   -5.509203341610817262
    5.029774399600626111
  -0.3816272631784470848
    2.210118240024323999
    -1.41386149353994206
   -3.164084787553989475
   -3.912152405353808149
   -2.734442006272612247
    3.403246927826260038
   -1.204549989096559415
   -4.529409690347816486
   -1.451643270092691118
   -3.425075587898033014
    2.773037091896423778
    4.659459989166464311
   -1.503786224435892604
   -4.828202318694631678
    1.182707262335583875
    3.462280664846270284
   -2.178713254464511362
   -3.668656772235834751
    0.240222797971277241
    1.767703375121785214
    1.588176455717314806
   -3.241865920170630577
   -1.655049568790083026
    2.016433201477589865
    3.168976611028274437
   -3.239949272266748448
    3.056280638315174603
   -2.231793171851910174
    4.844378524497343186
   -3.218874206987873521
    5.166991580379550086
    3.376108236445934274
    2.018066648729002655
    -1.48906431500680525
   -1.192397881695463013
    1.806666664637710085
   -1.429801393854058134
   -1.460784229801452172
     1.56563110597782873
    1.510802459178289592
    2.951295106246675459
   -4.271672358825717275
   -3.320416798461120145
   -4.035205253153764104
    6.390780660108796418
    2.778247170871162908
    5.327977136343714726
    7.075920087809244308
   0.8555881184416214147
  -0.7603933295822451477
   -3.460769760074741797
   -2.838325203178895251
   -2.743681717826758515
    2.309902709218469852
    4.825522863848526356
    1.403752651754745839
   -5.377765902643420581
   -3.919049905790763511
   -4.011556910063291959
   -2.464245392794228717
    -3.11776013946489261
    1.555199454779847779
   0.9162690283072982833
    4.661979893346812176
    3.364693427896888078
    3.780862434874856959
   0.3971750651472489846
   0.3667582005416844537
    3.548232861420391071
    -2.66205894322562342
   -2.122705086596325064
    1.156425896460602232
     2.56203186636499991
    3.643761888936833504
   -2.135738725027743534
    -4.38731396042732058
   -1.165988481208859229
   -4.170759039413924896
   0.1204217629340377793
    3.512469254788192607
   -4.274435618391597913
   0.4406092281352513296
   -4.422953180248064164
   0.8861617855967169888
     2.62969104128167519
  -0.9227361727142422421
    4.209802596789797846
    4.572102460090576415
  -0.8375800511278134186
   -3.221213305940796801
   -4.138969240460880883
   -3.550346167438772849
    1.510489168442701757
     5.34959096104697629
   0.6575806516218654085
   -1.760991180241845644
   -3.153132926479654152
   -3.657720952541934967
   0.2810729561420139966
   -3.287483429116875744
   0.2641261922830833164
    4.787362847715605163
    3.623979560472045947
   -2.247960532561465108
   -3.842000919823567173
   -1.712791529149718439
   -3.457646097985857203
    3.077868096086242122
    1.499359914242448744
    1.429703725526510816
   -2.113684821227984401
    3.890839145134206589
   0.4039322622174274513
     1.83003775412611791
     5.31070686268648906
   -5.750750461016116866
   -0.491856143882732022
    -3.64754146563847037
    4.474458758009214776
    3.506690980329830953
   -5.503444783545262453
    3.414573264310681644
   -2.658271007564348309
   -5.743307807505695806
    3.303295502799285632
    1.700295109292629281
   -1.237849186512456789
    3.058433777659825381
    2.163038750432313861
    4.229854342522086696
  -0.1968642087614202452
   -2.612608843706349937
   -3.473291329904490077
    1.089877539016496533
    4.796229288481528741
    0.766135189165981334
  -0.8562946651664884445
    3.416431779330768137
    -5.54989754650075362
   0.9283325919897590373
   -2.275428025197025139
    1.905794749892303352
    4.235081582496284192
    3.470000833213051639
    4.861404227866475303
   -3.815994348203514352
  -0.9064752923569300291
   -2.376998813259077359
    1.417739585130225466
    5.667944745027276632
    2.784699668702711683
     2.84548439653144225
    1.395948951512393066
    3.608645881747083894
    3.779459239681523641
    4.309466466308875532
   -1.905216149135703585
   -5.286453356429910322
    3.779002529790123965
    3.806101263335209595
     4.16751736944878548
  0.05219475690101456344
    3.755663868662852956
   -2.901891603319979751
    1.877011045877146733
   -1.836873639619902798
    3.065400236428195591
   -5.132041259618658202
    2.531243772917893153
   -3.102793416570850393
    1.999770865256282004
   -3.163824868990048778
   0.6651881662779008941
   -5.584024988781678189
    3.450346262638911643
  -0.7883226513424042015
     -4.2259353568064979
   -1.058941540652871272
    3.737068785117807934
   -2.982539132060320952
   -5.217957078344404032
    4.498062852322064487
    2.297896003278231625
   -3.604340952337551585
    2.097739918487599553
   -3.595451154381600567
  -0.3466374987680811426
   -3.562503677872943086
   -2.146622907609780917
   -2.320980513326999617
    1.321485660986839505
    3.098650142914512795
   -5.964317000802186186
   -2.335883006096110659
    3.598496940369485309
   0.2869127885096832697
   -3.778772940533445368
    -3.58332741577825864
  0.04342965838080947716
    3.671010107284010004
    -2.43863254067525892
   -1.860278705069176919
    3.183007633841443251
   -3.464128495427464483
  0.07356414916817199945
   0.5044657354389681103
   -3.122961438059805861
   -3.270458937062473037
    3.419243835256331465
   -1.722930266922175324
   -1.590711687036177047
   -2.485822378808388411
    3.474771320613112557
  -0.9981994829428282312
     2.42501810841398191
   -3.108084528850681316
    2.790131910432963824
   -0.454334082865634481
    3.455028729627371842
   -2.104512150071716547
   0.3632383017619905674
   -1.810823119411895332
    1.653973799930709587
    3.144297253146728366
   -3.086637010066280329
   -1.279566989043089853
  -0.5493598310895281278
   -3.258727069973275547
   -3.869884213800730777
   -3.158785833422268041
   -2.041336653514027155
   -2.177978331623916297
   -1.502092242129223543
   -4.286072526335144239
    1.649441603155176406
   -4.007744286779253429
   -3.437601507848794924
     4.25219461809866317
   -1.069553020929301601
    1.445306490943087274
   0.5838898361975557449
    3.331645573595992005
   -2.988570102742527101
   -5.587772302676000002
    2.656885915664731534
   -1.555919758131996788
    2.133757716132822502
     3.73234603516947594
    -2.58450916254034091
    5.648223270541480545
    2.740953226426313005
     -5.0599743509741133
   -2.257167517173081617
    4.004105843229956108
   -2.470116762649491537
   -2.861985194781019537
    1.392603793577672722
    4.905861190917493175
    3.014708678515045204
    1.047494307865789676
    4.233669486680119221
    3.444467919965428671
    3.431047252913863144
    1.675139403592936782
   -3.838307812732610458
    1.405583043326012138
   -1.197888729668683983
    4.125593845356185341
     1.15963415120469171
    -4.98362455459557907
   -2.427105056409227579
   -2.817142360094742948
   0.3241861117050506835
    4.369121299138354786
    2.805393488250747414
   -3.253000217529401716
      2.7054534653758191
   -0.289114484989211773
   -2.614128560037945803
    -3.50801510663107452
    1.662239146180743976
    2.703414972012648132
   -2.455686064112420741
    2.627425312676622937
    3.036704249469062589
  -0.9169827533462104885
   -2.949125447051827997
    5.173964889649948162
    2.467981756977202679
   -1.428548944982976909
    2.494181135744393707
   0.4025574911346270213
     -2.6801807316338353
    2.159966195277610801
   -2.085757886074515621
    1.690392368119353783
   -2.234119802942611699
   -3.532153202116826485
   -1.878862486982884716
    3.225636959218381339
    3.403945333553838548
   -3.973124701800519798
    1.482341415462553158
    4.918227078168246003
    -3.16284473962487489
   -3.039046691611416051
   0.3527061635213470936
     5.87397365309237518
    3.475333027514737161
    4.356075402569423716
   -1.204687179275536035
   -3.260178238614780177
    2.854258002563805796
    -2.63217598075839998
    1.478805589019618782
   -2.524051882235611721
   0.7713428756180757961
   -4.671534250125411347
    1.545383965722196606
   -1.454904325982140145
   -2.052911194299829045
    5.298115637309747328
   -3.053433810279308602
    2.060743842576385987
   -2.059360416403566596
   0.1890372645694493592
    3.428636063151741631
    3.195640189401951936
   -2.342457050825464293
    1.717764793829124947
    3.035774080001584441
    2.237045556067775109
   -1.598036631376261951
    4.009046433651780816
   -1.884949094271636927
    2.273004415671259437
 -0.02310657109598468484
    3.246003274441303876
    4.141073884938258232
    -1.99330141415654527
   0.9468603914136605182
   -1.706014743814105117
    3.242618028921858464
   -1.358083976652841418
    3.378346217454037959
   -4.108196656459058183
   -2.605197094527968993
    1.155342447937983907
    1.500249862915882915
   -2.639988955237818402
   -5.841902248775840079
   -4.753008957011427782
     3.78225149910206726
    4.919538874635555281
   0.5616304563195896327
   0.2140914337555286096
   -3.247577093444568685
   -3.457871008692918302
    1.087947360374486916
   -3.216434192899958688
   -1.420063671106200687
   -4.695831271483127622
    3.956857099976772929
    1.091686574627472206
   -3.956215363834819421
   -2.544568847641782927
    2.944707852280624483
       3.829503451166965
  -0.3911591670389042985
   -3.651813947471751476
   0.6379884285958465906
   0.8743935803065796541
   -3.323320257050832449
    3.909790479825125509
    3.070247183903667132
    1.089841134246670507
    -3.24942637881562657
   -1.955462483608521485
   -3.245121708533345473
   -3.497266929866963192
  -0.2618568016928263242
   -4.582837155352658343
  -0.2448683324381897841
   -5.628176662728525237
    2.818575862621228723
    4.313147151114760547
  -0.9877100899509421161
   -2.614350122256753561
   -3.598436479971996338
   -3.102554638489539496
  -0.1631705526849666077
    1.736328439237085464
   -4.522322279282985136
   -1.264844226820788453
     2.97712771487278971
    1.472670205620409511
   -0.644216168246962595
    2.843353366230176871
   -5.340104503891927479
    1.402369646243526891
    3.489826116012774371
    1.209746476980094299
   0.1312978211998760969
    5.033491489191808554
    2.451478802660200351
    3.138511776022556266
    3.365421705771857397
   -2.143677070061511536
    3.214041507889240368
    1.039943040149852171
   -4.716305276456664863
   -4.810083579569386814
    0.191426420508428452
   -2.180988400227434898
   -4.445848090235273276
   -4.297245432668159282
   -4.417260168789691299
   -3.110083952620590786
   -2.167954370866059133
    3.202721066053640264
   -1.521719669703792466
    1.314225460711408333
    2.204194543200562517
   -3.522218881470724483
   0.1351482347707324005
   -2.495937511649935825
    3.725283163242885554
    1.056490222474778751
  -0.8195735116748490423
     4.57317532356252876
     3.65469281635770038
   0.5164518762612964053
    4.815369465411519556
   -3.363856355845348478
   -3.984845535496151392
  0.04799282322717662863
   -3.040964086008352218
  0.08358422605712745312
    3.635472030046109637
   -3.213963363964631892
    5.042963549523198807
   -1.566309382486185786
    2.635273471414468993
   -3.213488510719303193
      3.6453303901925036
    1.871437049979367329
    1.262972843992676619
    -3.68319707021269549
    3.361780383444522791
   -2.100388663152830127
   -1.739266519466301508
    1.575104168983310959
   -2.392921492919112936
   -4.076289751709698095
   -1.628865163444209285
   -1.594641410901073808
   -3.846428351022543879
   -4.102425793639808305
   -2.736249325553572476
   0.1944082525454035038
    3.165760715378734602
    3.251486257187677253
   0.9090065283305525101
    1.342142587476718329
    -2.30419848539655181
    4.261800936324237732
    -3.76578989113169893
   -3.642909791248888585
    1.797445826893118381
   0.1934066736533861242
  -0.9718710083700737856
   -5.307372613434119479
   -2.675720967465179179
   -2.285775755673348897
    5.670973611929552405
    2.408972142534196337
   -3.887152722279422878
     4.73651057939787723
   -1.551840724394913273
    3.520054422794262283
   -3.244790405756037721
    2.945260744552813392
  -0.6948480374307022256
     4.64609957352653602
    3.145538856659020777
   0.7259031139303098179
     2.75356644676605411
   -1.515877006600017562
  -0.4921732381631011011
   -4.275963413993134843
   -3.804003992916023424
   -2.191362416069324137
   -3.556146102777328011
