  -0.1214139104385726087
   -4.504057622327451327
    4.478881456565749986
    7.699277066399298874
   -4.143242923463062333
   -1.501617215828349394
    3.812968920504640202
    6.183578248614225892
    6.172709332219627143
   -1.112100430113794003
    5.340342570399953637
    1.879783269696663872
   -2.611451823605626998
   -5.830331973181726468
    4.275683351706378588
    2.459708816329659875
   -2.446143291329646363
    4.639621632361244252
   -1.376660249411840731
    2.357233712630586453
    4.570116394922724368
    3.166815931618091273
   -1.562628900909388996
    5.807357123779686603
  -0.8317539849595647627
    3.539406611069986219
    5.416732662743564575
    3.726954712378562462
   -1.008001133557637763
    4.290550673568943374
   -0.641266581939069602
    3.738052122385200793
     4.47083010608986342
    3.702474585321754219
 -0.02368024887742822826
    5.340168099573627813
   -0.133771312686773558
    3.246504010383616912
    7.324945821455838946
   -1.060963721990149544
    4.583303603651163627
    5.437005451269387279
    1.558584699616802682
   -2.349526845897393024
    4.323167368172656566
   -2.873665065001376639
    1.725813050360753165
    7.131711121705108347
    1.627653011606837952
   -2.209853530905226737
    5.613191339030395355
   -2.779051088403861947
     2.04552832099306503
    4.581760219485417451
    2.445630536828677037
   -2.504916067014981262
    5.813595810646287276
   -1.700829133087874867
     2.23294290667293005
    4.394991077498991316
    2.584598607103040457
   -2.293129739266034584
    5.548722489500267585
   -1.310790405594957519
    2.895791112726375793
     4.44572223328592564
    3.410581942004387468
   -1.533485404992384726
    5.567979938220006808
  -0.4890364012311110287
    3.296881669187924579
    4.394759392697308087
    3.785171544990078907
   -1.164320449272360225
    5.375525412062785335
 -0.04043638639136365454
     3.89967701519694554
    5.050546357910155493
    3.888493026544041165
   -0.459843245368072806
    4.038543197584790079
    5.460037386125421222
  -0.3085661944422833924
    4.075989594997085241
    5.838205942126180936
    1.796654644207277718
    2.190685211869354276
   0.6526949763675491401
    4.526178744839992163
   -3.574661950463857707
   0.7761802395236161445
    3.905913188602531338
   -4.221760282449125157
   -3.054012085306802682
    4.995818367982314712
   0.7437279024501873836
   -3.821182898681852347
    4.264523453938427799
    3.574126483346348859
   0.6588281280769153758
   -4.066491378718343874
   -4.592309606089293617
    2.850267813041723386
    0.703910432748967918
   -4.756464929342777204
   -2.605463049827877242
    2.199375077922733013
    2.963069368121921343
   0.7815862670397994982
    3.941993341265180639
   -4.011001558542132805
     -3.3492595451510212
    2.268588684855432192
   0.6963229809586894969
    3.228984883054233812
   -4.843341998100942902
   -5.747545802328163589
   0.7813935752503484711
    2.542550113059446115
    6.296493346969389115
   -5.379380816517222996
    5.300944133735992381
   -6.501324243392700986
   0.8607023576747757643
    5.562471838996371432
    4.999682853072984656
   -6.243494453629702789
    6.311734530176304148
     -3.1144952602855005
   0.8795066778781350791
    4.252844166036817697
   -4.007820099114391077
    0.873457521743408849
   -2.660356590161885748
   -6.753962487900333045
    3.406802259815182587
   -5.601450911148225131
     6.30338080754455099
   -4.870637375161436466
    0.822088633107963096
    4.883120786667916491
   -3.567918194900462137
    5.468559899327010143
   0.8850832293375605619
    4.061109254339775987
   -4.474230362421192098
     3.43290038084792215
   0.8300559910204723391
    4.986782747207008981
   -5.281764651193578963
   -5.825768242704187472
   -6.753495984570175636
    2.571391686059023574
   0.8260644854592423814
    4.116074005034619177
   -2.595418812683301546
   -6.736378882970790016
   -5.546007632667603104
    6.674742200485820121
   0.8215135441973873132
   -3.399341657360936964
    6.482022883323187656
    5.770464522243391237
   0.8672094833479372378
   -4.220026347525738686
    5.590916298034179555
    4.056001861959662058
   0.8570612336943999043
   -5.374376228449119886
   -4.983853816823263116
   -6.308410886375078519
    3.168022150160627604
   0.8031952542362035263
    5.497604783121259331
   -6.174796722132620985
   -5.319085725973721424
    4.058426651851971378
    2.248181924283858102
   0.8397617175819571678
   -3.769461234765641322
   -6.101527885306397003
    3.223253056100034541
   0.7667843526813409305
    5.592521848841309762
    4.934187808289665966
   -4.545963219842030334
    6.306460213236769974
   -2.361286170477670421
     2.32620875986438147
   0.6936383905431018349
    4.171661191060555218
   -3.686010081361763557
   -3.078530674418642477
   0.8154464848134481691
    3.469821456673310767
   -4.340057380457084335
   -5.142133895079839867
   0.6777544895546978587
     6.10639499888795001
    2.608205402633687608
   -5.239487815344975097
    5.263624154698836932
   -5.891884710590883145
   0.7022677636277310231
    5.046870106326442951
    5.410443916968607603
   -5.904521475249656426
   -5.209638142886950263
    6.690944908633191801
   0.7516286468489823402
      4.3298588432170666
   -3.652476669661044895
   -5.971644146937554964
   -3.731856736429606247
    3.993627014095150418
    3.607182308947572302
   -4.415364274069375483
   -5.310129534899093784
   -1.382620168966682161
   -4.157838685806270362
    -4.11444334911136167
   0.2440725212601674854
   -5.342461902595172951
   -3.167978550581152852
    1.271070551125832226
    4.118707908548429941
   -4.352400196850656044
    1.174027902526977751
   -2.950684921961168161
   -5.316611074923653035
   0.8877851024454425088
    -3.70028676943155066
   -4.198120045664255784
   -3.962097345508002633
   -5.987639486562381208
   0.6140446334520743843
   -5.140124446364212396
   -2.343566280127450607
    -7.12552524648698693
    -1.47843809150653227
   -4.644918427153968743
    1.873476816618173224
    -4.39363009243876057
   -1.791298404473516737
    2.205370396847316172
   -4.639256482229296985
    2.075373192677362866
   -2.414971816750816735
   -5.831880653326876995
   -2.287605896478135392
    1.738023092395445168
   -5.590218518600069686
    2.296280754620694253
   -2.401798947466344369
   -4.439694436425590141
    -2.73789639885671221
     2.02552654389098219
   -5.456034832421449821
    1.174545951803354971
   -2.364079163678798334
   -4.278840873195040473
    -2.87995822152499148
    2.025994106850169452
   -5.396228941659980016
   0.9168242834490043514
   -3.364433211617082087
   -4.291430303874049557
   -3.699543274487746558
   0.9944804948428085378
   -5.187082687170557094
  0.08792875442995141955
   -3.454746293058638784
   -4.183784665107307177
   -3.793282706711149643
   0.8309840559877749167
   -4.991213914202875301
  -0.0237217324895695747
   -4.013679531838080905
   -6.477539657895767355
   -3.781815453123901882
   0.1919874791343592069
   -7.289421590690983166
   -2.259325084769752578
    2.680278248486709369
   -6.478223158727857367
   -0.937313691086030798
   -3.948152764114611912
   -5.537334857839473656
    -2.33832961809905715
    2.402818908007214205
   -4.462430340592099753
    2.207338284986494426
   -2.713718294803650899
   -5.487964483088360268
   -4.106072560992023668
    1.197179793735198228
   0.3277447667903435335
    4.436519496485471059
    1.644344937941095264
   -4.031010152089161025
   -1.413418024716102117
   -2.671736130484714256
    3.719764112372272002
    1.997097574024164768
    2.068875687538705321
   -4.585681435578529808
   -2.845441551813938652
   -5.262727288836207329
   -1.100388492757217396
     2.71030549988456837
     2.79175674838503296
    -4.05679366088447857
    -2.67637671584210457
   -1.338657048340625266
    1.023030709592920973
    3.906665906554247947
     3.69671142084720783
    1.088525302226482916
    4.256190802837558351
    2.040744135587001296
   -2.319303358682801797
   -2.347517531782445044
    4.331647831975272922
    2.775924238667134336
   0.1532361193895701856
    4.966898389437774952
   -2.322937815439527931
   -4.272721400342176956
   -1.620966491736040238
    4.330369079574503566
    1.365081227242902706
    2.966009725783654183
   -3.745575023961175365
   -1.366063592186452791
   -3.582417533625856354
    4.222512111200120266
    2.692982567935055638
    4.879563400501173653
   -1.832616323524234758
   0.1630152227023913269
   -3.816056825914921458
   -4.009019293286581131
    2.276397047944874075
   -2.825273821692825038
  -0.4283287132288095544
    3.465679034522060498
   -4.788292443287837763
    2.107624117193227953
  -0.8693185427053334857
    5.266282246774837361
    4.743917682195174734
    1.255992823691649551
    2.540154821217919245
   0.7247185940572946627
     6.14631262258147526
    5.470981647018836824
   0.6576100389518133582
   -3.216032122693487594
    2.598534754563628812
    1.345352547190157733
   -4.128626498816272417
   -1.290211140395410849
    4.449156572555013511
   -2.749074422781605076
   0.3410168569322244436
    3.993120979715575114
   0.6193635630525080593
   -0.704612924991205869
    3.486067833201101251
   -2.383058007149445601
    5.495159311254171897
    2.471383357970441175
    5.570969879841383587
   0.6751821348856936744
    4.383406978853940927
   -2.458457729096837685
   -3.126754866261278298
    2.281528552302702018
   -2.356077853352521956
     1.34124852050321719
    2.703841395574761997
   -1.692041936143727554
  -0.9805253274355556492
   0.7062305993617699063
    4.114101146556721211
    3.808636369346838357
    -4.03053588019004394
   0.7056235673328898894
   -3.390559033393540922
  -0.6596276052272602719
    -4.22356818099442588
   0.5971254472608449326
  -0.8091017868013199443
    2.161331137473317732
   -5.100209254857315244
   -2.275938607837943106
   -2.938889798856409996
   -1.382052739322321422
    1.093824842638106754
   -3.974603675246377588
   -2.513799887156966228
   -4.501091816497412523
    1.755966580447128056
     4.27037322322239099
    2.903085940355904171
   -1.565760789059273739
    1.366016449747028627
   -3.149737470699203179
   -2.686090815504167395
   0.6428132203559711044
   -4.118952109394348859
  -0.9187852724357972178
    2.163292021617563954
   -4.483078998171774465
  -0.6193373335364416032
    -1.93382937058763682
   -5.095117847849258474
    1.184148397512455819
    1.166952929476930745
    5.174919551322054723
    4.153861198889122086
    2.499431654312051165
   -1.425441672727567388
   -3.181560257865625907
    2.825849570538007782
    1.332643835022943035
  -0.8750736596865348327
   -5.327463550705942907
   0.8225659008137808925
     -2.7879033358527332
   -4.161759934808683781
   -1.137724378430307492
   -1.112859407920488541
    3.122300929372858302
   -1.327937512005689547
   -2.907030664565360301
    1.113246833144757142
   -0.803926829238759133
   -5.221395129067654572
   -3.380745894627987802
  -0.6375538702130616464
     4.32200125263964896
    2.831750756902063237
   -1.567718055218417117
    4.501512135608568776
   0.8554740659751406406
   -3.633863120061839425
   -3.047375659139896165
   0.9887058698521359323
    2.614611324029713302
   0.7909721206377070546
   -2.527950101408459993
   -3.020183826070557132
    2.976485013141909608
   0.4113524633655437079
  -0.8546318157635519608
    -1.72525223280677853
    2.322052457049559315
    2.458978470555070572
   -4.139269277846920225
    1.311592579416548165
   -2.717285223638834513
   -3.069863807735202954
    1.006329741493667163
    3.572710348356926247
    2.673472646905914019
   -4.708760012053540223
   -6.093606534107946615
   0.6505584858804015491
   -2.477710224903558078
  -0.8991804263194377311
    3.218976811720127174
     4.20313286845445333
    3.413194360322572507
    3.733206306544658126
  -0.9431652725174990426
  -0.1093152335641375261
   -4.136756868552112998
   -1.933908078524978702
   -3.731258438879931028
    3.389510648925751823
    4.758363559714512192
    3.746842445912699215
   -3.020432977731559276
    5.072308132540749526
   0.8750838063460345539
     4.56815839844328142
    2.809961681222011176
   -2.571588860370461305
   -0.730196295008110341
   -3.340322215684631946
   -5.128964606727286935
    5.839143209837208026
    2.865055929431710169
   -2.979762552105682971
   -0.488352274539754605
   0.8650906720189173171
    6.057706296803667456
    3.681802920301960214
    3.134964920333985994
   -4.466134654365678358
    2.477744859441064484
   -1.989933594285860252
   -4.823760450872994987
   -1.095116664967672682
   -4.562499766765482967
   -4.354598798556593486
   0.8894415524092990077
    3.868236079422388229
   0.5738994444945373363
   -2.156234738823000985
   -2.732481247954756221
    3.347774422435533026
    4.146261059177474451
   -3.592734636406480497
   -4.642418909641339297
   -1.129808899127032973
    3.952912559557682393
    1.398221798871299049
   -3.688596791480600157
   -2.907937488410678561
   -1.966516781569806138
   -4.064375444281424166
   -3.198487273490723481
    3.410951291124110885
    4.426968450913301822
  0.08630728335149359665
    -3.84897776636355804
    -3.09090066256588436
   -1.626159876940177718
    4.220253193988884988
    1.903719422857629961
  -0.9872962416223733939
    2.750242068990335298
    3.879141351549278305
    3.836789294793983007
    5.177341364549381986
   -4.970115666406202948
    -4.41155431555680444
  -0.5468760755478092594
   -3.194534139241104853
   -4.055232596762024855
    3.529877974662052775
    3.914080366468736472
   0.1403482982070519136
    3.913485767868595033
    3.135174214659430358
   0.5950124831205167997
   -3.618497235208895102
   -4.117289032935040893
   -3.272979585564901317
   -4.169493636527702662
   0.6049089108348401078
    3.906201475732580253
    3.104982077027739429
   0.2103395345292825014
   -3.965747536154066832
   -1.796243704473339253
    1.384721900963519658
    3.953309870041801233
   -3.172956794005350467
   -4.105389225813225629
     3.49166060953141999
    4.064392083033340874
   0.9574989669073651344
   -4.025077184940629493
   -1.395498222442837388
    3.853896972842504098
    3.107043684983603615
   -1.099793673054900278
    2.656765970575775349
    3.762742048851986709
    2.819203147424923728
   -1.009309446429455193
   -3.927799772780552701
   -4.268506109583539043
    4.984355611256475527
    1.262518097984347554
    3.275296745058223991
   -3.400814323569522735
   -4.157605926301859434
    3.814971209189788492
    3.077792603461094068
   -4.127579975156452363
   0.5758072112935852527
   -3.526584561786795469
     3.69277674368008002
   -3.407214481555449481
    3.200192601581345109
    3.953754322602462068
   -3.474134167600622991
    0.135106001463803721
   -3.136648974172229654
   -3.791226537132938113
   -2.991219327352096613
    3.999342484685084909
    2.926299784146369376
  -0.8055265723722044857
   0.8978884945885905466
    4.048414479298873658
   -2.877536831761083214
    3.001134861945160104
   -5.374877177715938537
    -2.26335945484616019
  -0.8311016522841657705
   -4.012988454868290589
    4.545582677393827709
    -2.88328615784774378
    1.962757050287392335
     1.07224271355497569
    4.001457518240815858
    3.750018313723090024
     -3.8623515255940708
   -3.428017379317342517
   -3.808526420136320478
   -0.895562357764045025
    3.521531179837221082
  -0.9203381439209099568
    -4.06226503989661758
    2.759808898771889396
   -2.937006916978470716
    1.301448780247044024
     2.65483110918773324
    3.808836106089035667
   -2.818945420228911924
   -3.557869125147835376
    2.415386760867285432
    2.345392457946365194
   -1.757135053704206307
    3.250806189042054761
   -3.812272205538339342
   -3.215437649130385545
    2.812204700175404692
    -3.18983898087124329
    3.755387452981362006
   -1.034063478702250904
    2.868187872207761835
   -2.508483890169144637
    1.141618879812210885
   -2.544312242295338589
  -0.5210927970679501975
    2.974135906576133692
    2.325750325474104763
    1.132099686397642246
    2.584939292979593795
 -0.07080474637909078828
   -1.094254718830246942
    2.762417440473675434
    -5.49458411777216682
    3.800620791255603592
     1.02208878913065293
   -2.042461111355363457
   0.3282496858719464727
     4.28700239015649931
   -4.636363647298503921
   -3.022095618167995212
     3.40588425223011626
   -1.587635295474949526
    3.934276992349427182
    1.329542295902060189
    4.853757632385391041
     4.23516144483551038
  -0.9337438476044146451
  -0.3317536160284393909
   -4.313236347010869665
   -2.936102258052077918
   -1.071850003309975152
    3.154973235794527042
    3.361515276342687208
    3.872059305376578831
   -4.375840096355131159
   -5.248634078791171831
   -3.341557139285552314
    3.111529714065705221
   -1.929415060696915152
   -1.249334823882418899
    4.302834577541849725
    1.906296325357086374
    3.496280708992147268
    -3.68787468066308044
   -3.602555741613349127
   -2.663101908717410815
    3.647942241127766216
    -5.17231680999352772
    1.373353463659307661
    3.194706582919546456
  -0.4910019614254275133
     1.01557253837108874
    4.794774307902431865
    3.453390352448818756
  -0.8814952237472430951
   -5.850565730408954224
    -1.86708385051408543
   -2.882400283195673651
 -0.01859971792465225926
    -3.15462059961026231
    1.767610284931105502
    4.396018523371031606
    2.918926290325384976
    1.415858296835005969
    3.773397587659609087
   -4.413801680006190331
   -1.738386003544907021
   -1.215438614495516489
   -5.048212351551653043
    3.481273569970054105
   0.2574267542686633492
   -3.081282404454626089
   0.6648155239446719156
    3.595254012476632788
   -5.796046379608224441
   -2.685160868297454151
   0.4972184633666802966
    4.543112534653091394
   -2.631385040799759434
    2.934348186838668049
  -0.2125046896095221238
    -3.85463120994233055
    4.644556068386915371
   -3.216533031292260425
      2.8040987302466025
   -2.086822758879437245
   -3.596216239498584155
    5.294020901755811082
    3.735625109346772277
   -2.720374791947897997
     3.27435803238700629
    2.945609802003768873
   0.9110165473825369009
    4.077268480732958444
   -4.874150964980779044
   -2.140065495163542941
    3.271019108059498581
   0.1110425734630521577
   -4.630688254148114247
  -0.3700599127999309457
  -0.7879490196308159833
    2.178151001845178847
    4.140624113319356425
   0.9244756722189364506
    3.182164287847959905
   -3.103129598354237739
    -2.94053762638812044
    2.960233883470054561
     5.25200807052632257
   -3.972305359368590416
    -2.48229647013870558
    1.628784055840842182
    5.362094555254868666
   0.3130364571575107169
   -3.209664999891470583
   -1.017455600081462741
    2.540103472793823425
    3.243289592520527176
   0.6767454134151764666
    3.409164438248574402
   -2.884333456522058192
   -4.446350137890599186
   -1.732800724663269509
       -4.35302030118687
    2.561452427908930574
   -1.976866685101787535
   -5.126971776097439815
   -1.372487500133561023
    2.863223887574271487
  -0.6664403091489667919
   -5.147980841294142351
   -1.981270459421780927
   -4.157031784566571631
   -2.926346561751894004
   0.2268358727057698254
    3.214823430049608799
   -2.974831546163688945
    1.999265158409842202
    3.594239113698022514
  0.06338970301881641234
  -0.7542472939506794649
   -3.740789728401149539
   -1.766705163035807935
 -0.05416795395562382098
   -4.084495400689327482
   -3.536717032771312663
   -1.237370333467421535
    3.861227564066705753
    3.015694021807831415
   -3.143046793199195221
   -2.274771387948307133
    2.367519132366048495
    3.536033022875438192
    3.206033989030439901
    2.901649068180149449
    3.212399338400111048
  -0.8987626135166859598
    2.392906015519834284
    2.648587541179125537
   -2.722752136715953508
    0.234173422759958505
   -4.194267242587100597
    3.547185800411406742
   0.3868977032124780724
    3.396583947486363719
   -2.858958370786776726
   -4.463426647113657886
   0.3966043678128218786
   -2.747161997140925571
   -3.698834337127025584
    4.249448574655892763
    5.032179008283158339
   -1.947232663599408609
  -0.3081784907109875182
  -0.6459497969603159584
  -0.3407893720902615553
   -2.492551063716141435
    1.531734749871708878
    3.769083876050669524
    -1.52361374334703048
   -3.281901108399411182
   -5.336041528770457454
   -3.136059275843817939
  -0.1490441568485443291
   -3.292946971162679759
   -2.957808520091496973
    1.288306335353377019
   -3.025683763525052861
   0.3026438601302943732
   -1.543570044047456458
   -3.541080195019196353
   -4.659208106753069956
    4.153204299415627077
    5.906462617368139156
     5.87117700910800977
   -3.377126654118794757
  -0.6108322265143604213
   0.7717722339022623501
   -4.734268255484749943
    1.691473484424800722
   -3.387654319898778077
   -1.968465636466646185
    1.767810870983731464
   -3.215684325281524369
    2.184651035931429064
   -2.841389070538922645
    3.128157405031914085
   -2.477240257673095414
   -4.030429249501147559
   -3.292612173797659914
  -0.7230197177006933984
    1.983461917826778276
   0.3129715832343042958
    5.540464610455261507
    3.981387400982842717
   -0.807035549325880841
   -1.358574692228558645
    3.789033110842830787
   -1.046798696246466376
    2.643091988451334196
    3.216610803817740116
   -3.605216493401296685
   -3.454245172400971953
    4.627686444935040555
   -3.402502713769128384
    1.017015096923421513
    4.742520170025678716
   -3.354724798879541225
  -0.2585529373759039018
   0.8080733864997569071
    3.345605846097976066
   0.2036436294779824796
    5.195901770216931226
     3.28789233897819777
   -3.165757972125219588
   -2.157578333039407603
     1.14596233416180171
     4.39512647142287971
    2.339479347980913282
   -3.193950559911127751
   -2.470275977249931643
    3.582629366508142343
  -0.8547480321325562347
   -3.071457860522178951
     2.70560354925797375
    3.568651284355016884
   -3.126673461837042201
   0.4391705959107497503
     2.59479967741671036
   -2.242520131036633391
    1.193574483213682536
    3.528063281194049328
   0.8362550342185200991
    3.184505119355361735
   -4.316992755313945551
   -2.045336423890194766
      3.0098396064627293
    1.133115667017082107
    3.029209829693370715
   -2.571898754350784078
   0.9175661720230844365
      5.4392853988440093
   -4.636542912927552607
   -3.659554554840363849
   0.9500030677517018463
    3.062687117680083837
    3.835440274944343919
    3.237671048979266164
   0.1300733779007072211
   -4.848188503643683589
  -0.5412273772139877259
   0.2613832119151257016
   -3.816835974800093734
    -1.94415225551522397
    4.287928463438833049
   -2.376917202667383933
   -5.463097622381961394
    2.875103260545926354
   -2.004826500496749375
    4.928214529637936714
    2.649711470525485169
    5.362977257061103842
    5.894607039997794118
    1.226718196292033047
   -4.025382453393906879
    -3.96178719947008684
     -3.4284691403271772
   0.9666974712188741714
   -3.014745833820874132
    5.278639782237459777
   -4.470913937075385647
    -1.44834178645697853
    3.432196812738449232
    -6.08090696792234553
   -2.005298207535211041
    2.261053481390356446
    1.966033315440107065
    2.761973076467083565
    4.681725023192957913
    2.399968201614511631
    1.350721789016615881
   -1.736233254239562207
   -3.598181366731120434
    1.776794635546047108
   -3.840901505143559991
   -2.215410018080027577
   -3.370570856740121801
   -1.034924554264770702
   0.5492808937497871691
   -2.824730618491787304
   0.5244228222524758287
    2.787621415603406039
   -4.045299011901155595
   -1.314499724521374535
    2.769964596884425312
   -4.552014677920547925
    -5.34465444171384263
   -4.093734094031069581
   -4.920106807215825384
    3.881359241603319354
    0.824369043664942569
   -4.475485516860112867
  -0.4797824215997075759
    2.793505714837184684
    2.338351066313014925
   -1.051344899628001484
   -2.743521762589013147
    0.825862813200124779
   -2.715481863458670819
   -3.508577933071218347
    3.309949562452070726
   0.8319938404975038004
   -3.330314550899602377
    2.221656888781756933
   -3.066179879492150206
    3.257533260269507291
   -0.020871180770316973
   -2.569123249536978459
    1.221727912181760134
   -3.354116444303187894
   0.5392334519037864649
   -3.221243441398264906
    4.354308313410030884
    1.458496686016108601
  -0.8101872887279756297
    3.319178063080230334
   -3.309261365664125432
   -2.345320749098563695
   0.9981989851621604348
    4.917417752642601947
    2.525264242470089737
   -4.427146011574264683
   -1.691597208815825759
    3.356535808939069998
    2.832970612644357011
      -2.108141615976451
   -4.837096108931099536
   -2.927834219197937848
   -1.539868127699420164
    2.237709059652198018
    5.106932423857250214
    1.415955620249053304
    -2.97128027501631431
    -3.56013457347573592
   0.9497887457554384794
   0.6890129611588291514
    5.061789653719566573
    2.490157063239436308
  -0.5306833348190596045
    3.946875214124025533
    4.214949233281429564
  -0.1806307436749791662
    4.054706419616729285
    4.055942345991960352
   -2.395797713188573486
    1.864626598558794424
   -4.505542511533898953
    3.273573087098873291
   -1.318789744539599962
   -2.556586885790005148
   -0.032206618981467941
     3.07387765744299335
    1.762855772192734038
    4.360626331889061014
    3.197436111955674676
   -0.324123016477688819
   -1.084131153996311436
   -5.396566036463600113
    3.652502996725496054
      2.5926704499347073
   -1.687039227587096013
    3.053814149997156502
   0.1006207406680857119
    4.810868320519758434
   -4.291239927671737675
   -4.634188429483036664
    3.830900997043546141
    3.622799930173290495
   -3.507532078273295717
   -1.768164130772004849
   0.9636334499480880833
    1.158179488524038181
    3.856707336607474446
   -1.744673041780575584
  -0.3268704778913392173
   -3.905982241304977176
  -0.3042385509843696934
    3.737061764500876571
    -3.63384783694992608
  -0.6916656248921012606
    3.243816474291512097
    2.884248238812422205
    -1.14304844037817066
   -3.907867617398498084
    1.715731842586585287
   -1.271870625392979903
    1.742328906345367745
   0.6625409709175436035
    4.531528162405390248
    2.767328973094488553
   -3.020634131527127231
   -3.535556750720611596
    2.926191508340192815
  -0.2212774648080281237
    3.911142294568100475
    3.900109734023702757
   -3.667655798904090325
   -3.721529585742430868
   -3.777427992493995745
  -0.3781655623601432037
 -0.05273836802088967268
    3.462077681965683329
    2.452683535031893403
 0.003561242111327939108
    3.685304973705407772
   -1.765844760305778749
    1.285071277465495099
    3.322036898809304084
   -0.338990886252068635
   -1.189338202676776479
   -2.650581332681076319
    3.404433308604765784
    4.152823002914983519
   -1.027530644267930171
    -1.47418423104570584
   -3.741753147962991743
    2.931856388156290905
    4.556490346456310014
    5.639552739942764958
   -2.348965656263048984
    3.416257483322438837
    -1.56401373650781883
   -3.795242263060126131
   0.6921358563255184393
    2.273291727235141835
    3.516626408012050398
  -0.8466685693244339062
    3.501871949355828129
    1.258173862930057618
   -2.251351938918910278
    2.912123763662672005
    3.054930400500099008
    3.260040157417309459
   -2.256746009138483888
   -3.190776930288770519
    2.458484556608767413
  -0.5838089618332128472
  -0.7976504061188386396
   -3.863899909397916055
  -0.8872070281812378667
    4.136733420917085624
  -0.7691589995736530794
   -3.225103866775678618
   0.6067447721353877998
   0.8034728811692162243
    2.983022037126439763
   -3.045225775521219536
   -1.080047897926323275
   0.8169746100209365203
    4.333601109799412043
   -2.919961252141729524
   -3.001795104704127581
     4.94156239598774949
    1.187849799569986597
    3.537241857073649687
   -3.717355447277117086
   0.5651051118718524169
   -3.274884486718706356
  -0.1122563458089760602
    1.401556818367243995
    4.891562360221855421
   -1.267498737939446229
    2.993611314467161666
   -2.050363020812125292
   -5.748231301846891128
    -4.61624616149557454
    3.506163245818044061
    3.203984141465797464
   -2.634370965176640045
    -3.35445106675150484
  -0.3139810852000595176
    3.886007349732256699
    2.438564519698887878
   -1.937874348705762584
    3.069781167157353607
    2.399487365929977134
   -1.539935421940986426
   -4.810385936994384437
   -1.458575819392273765
    4.209830692784256811
   0.3882967070232404283
    4.411711301276554309
   -3.403525838518413948
   -4.863498599818987245
    3.523347463925448508
  -0.4279070883537851588
    4.049200947612710877
   -3.747406855701733264
    1.611809336345636723
    3.055959320012711533
  -0.9376595714752318234
  -0.6527891322669056029
   -4.461049166103542518
   -1.455794569744241151
    -4.42239205040823613
   -2.924164739291685411
    4.520194472097490923
    1.162599568603029265
   -4.997349664842090533
    1.484991610233315829
   -2.115476991742461621
  -0.5685724601654258414
   -5.896165968842127292
    4.553114741117801678
    3.076995594291188851
   -3.647144283420032274
  -0.2631807968711509793
    4.044137881942094559
    4.842550355796975126
     1.82916502609645315
   -2.152364527561178686
   -3.657910334409887554
   -1.886214432744593994
    1.380835697133085072
   0.9704792248365016194
   -4.947957806145922177
    -2.64630293769142888
   -2.432097944212333829
    5.138352803735331875
    2.599332365537921241
   0.6801656295364181259
    2.955314348942873703
   -2.654191638500435602
   -3.605432661420049811
    4.155772277906409684
   0.4240681729355392227
   -3.793099401944428628
    4.888686529765678301
    1.602416847016241874
   -3.341113692919771339
   0.9301214482253429283
    3.968596034567343001
    2.673501183402987813
    4.257673402047793765
   -3.607915627997002606
   0.2087388997067281815
   0.1893428641248168232
    2.897171483982825535
   -3.550527084608340544
   -4.496248110743577442
  -0.7739174904332868365
    3.084765861384983765
   -2.754770809231137374
   -3.766399170410560604
    4.951443852111660604
   -4.013305751935039467
   0.6583091080690884889
   -2.605282937754281658
    3.648087188340862319
    3.380861463306211068
   -2.391515147592724766
    2.207478842150970788
    1.474471207687595209
   -5.253261256849738103
    4.252173029393595982
   -2.751891860341305396
   0.6865079963824414211
    4.771664107641049313
    -4.79910826802228474
   -1.341134538455763803
     1.88692863130212074
   -3.582204935692800074
    4.149942231151086958
   -4.212989749809144868
    3.889720850456060752
   -2.945360668349473965
     2.65406140875257357
    2.146024109320582962
    3.551185002793748602
  -0.5074496163589052866
   -3.343190756707425937
   -2.959881829514955154
   -5.038641339530022023
   0.9695415807663063656
  -0.2999059429409945965
    -3.65634023134282593
   -4.886906195397348718
    2.572100348065383901
    2.995496490689093072
   -1.864090013659741363
  -0.6416966757433533175
    2.673702763993778042
   0.2157837406608382191
   -3.037113508990127109
    3.474655766634149767
   -3.979200281397950789
    1.797988999118834919
    3.088538995334132231
  -0.0335939395279836947
   -5.278535534770166571
   -6.589841973149640708
   0.7301127093705186422
    3.759749509819045876
   -3.102395037209574991
   0.7811911853193290733
      4.4149160627138615
    4.686967552316865238
    -5.34756705240942054
  -0.6752452962559225558
    2.895196454753536486
    5.942485059325071539
   -3.147008361615772021
   0.6288227811880314766
   0.2796813370827919143
    4.624031092442598911
   -2.377193443110791726
     2.24551901651719632
     4.06244059204022534
  -0.3521575730476322885
   -4.608460070955572974
  -0.7605365660864626953
   -6.373251272051247085
    2.775446054730929646
   -1.468120853631187384
    0.561629172718791092
   -1.308975445003728977
   -4.565861454039209733
   -3.616274124984303562
   -2.542639124110917415
    2.278182240508490164
    6.046167334940175664
   -2.285156657021505389
   -0.206494781146287415
    1.585200258858427524
    4.213743607305795891
   -1.522730167009952895
   -4.522963676531691846
    3.396993053994359357
   -3.051728019503451073
   -4.113350583478116107
   -0.525402044616561481
    3.261281971293570781
 -0.02045882742437932222
  -0.4983962778645166791
   0.4697222971488776433
   -2.913837340920242269
    3.887850637069290904
    2.593155133251869415
   -4.556290886124248374
   -1.073897369724214679
    -1.89186606107092592
   -2.699539659994935725
   -4.451450189006058267
   0.4492234514262072875
    1.648625510740514111
    4.284627266547826885
    2.996639769092891648
    2.399501164776923545
   -1.531759856926057761
  -0.2609279519013195103
   -3.583401216973587378
   -4.195995713159123675
    2.672385351656735963
   -2.925726608265071693
     0.12899651545063473
    3.551783812299628806
    4.200317776028285266
    3.559495592884998061
    1.211900842705896597
  -0.7875566036250187807
   -4.675044750426636142
    -2.82850658950292555
   0.7788477526086498015
   -2.730557751202163708
   -3.867949179814027083
   -2.328339196606672878
    1.011281039422311512
    5.289144111171357743
    3.877715142129169568
     2.36697229761667316
    -3.44926734426297088
   -2.700718249672478866
    1.257492978268440309
   -1.543687068564380649
   -2.633602818469198859
     2.70959360048634279
   -5.075362942303097036
  -0.8801087734803534346
   0.6887502614569980253
    4.689293848871606052
    2.601852381380080015
  -0.6169418289788268783
   -4.657237818643404914
    3.384465544199870557
    1.983058780332690674
  -0.5214022432667940743
   -3.990134350292385168
    4.016440208074479656
    4.349541817021509438
    2.962225418885121364
    6.392707647425142525
   -1.203885188670730244
   -3.972784491284262032
   -2.954456213989463009
    1.031083682058773876
    2.243229909522093113
    2.555068255266871979
   -2.997462309617521026
   -5.241604595982208181
   -5.619514137363090356
    5.115611261306819202
  -0.3436528638607250219
    2.195437049083304615
   -1.502209671551222758
   -3.239410528511495357
   -4.004527636084936226
   -2.843450597561427262
    3.510908871477517401
     -1.3147686175001978
   -4.610867802133244098
   -1.446573794737286089
   -3.534793075207008251
    2.787234864347118535
    4.761229617815071258
   -1.489192032092890194
   -4.925970926105309289
    1.168493661441980969
    3.521034368567801387
   -2.169208352899415271
   -3.744229676068848711
   0.2000161555898495869
    1.847202839474848535
    1.681557850932176024
   -3.343859126908663271
   -1.629691510224008377
     2.10318014519197849
    3.238186286219381316
   -3.305837294791605263
    3.075435331496967351
   -2.203354417280143807
    4.971183944408180899
   -3.300206002054673071
    5.266450848774233862
      3.3884610212536872
    2.102786408554649711
   -1.473010797342718226
   -1.272723796997569767
    1.914172987486515431
   -1.483457788162208857
   -1.439955018803484643
    1.557829409122898801
    1.601903222821361883
    3.018329736979877609
   -4.346406728127503172
   -3.384024974451595558
   -4.206793537658990445
    6.588842896364313084
    2.918443608468931583
    5.409451085676576731
    7.249758880435448027
   0.8122416258021980529
  -0.8730372318474517446
   -3.610065615286627061
   -2.891880145329587481
   -2.854498622990107037
    2.286799950010909299
     4.94682956773105964
    1.388442472842072339
   -5.475772047959036826
   -4.012114604798497908
   -4.079475938795633638
   -2.482201073278631043
   -3.139092868233360978
    1.605706518385448422
   0.9701178007525511626
    4.732629357468576714
    3.412123040107712946
    3.801901421650829782
   0.3684400669140812656
   0.4338614117727104258
    3.584781599953037023
   -2.746569954080614551
   -2.130013080581234064
    1.222911231227851836
     2.64200603279024282
    3.694848316542789224
     -2.1147058911943728
    -4.46893565683240368
    -1.23410810232806667
   -4.280027533205995383
  0.07952025537002466171
    3.582270391065371484
   -4.332755525867518998
   0.5005131925641334023
   -4.481291099371262021
   0.9646859436818715494
     2.62117941127186338
   -0.995991168697893503
    4.301863265726816543
    4.720859655096278473
  -0.8000348262816852074
   -3.276575847663072416
   -4.256085163214520684
   -3.613808288959933446
    1.603737623258883138
     5.49227862047722315
   0.7206762275035116794
   -1.843568778382225215
    -3.16914212411473617
   -3.777975314399042439
   0.2239800700238381292
   -3.351861774837501251
   0.3542007089517275054
    4.873208989264998792
    3.739906271440808894
   -2.223627451209810424
   -3.925559369042778357
   -1.705726413993798873
   -3.538877509745137928
     3.17004526594945446
    1.608119804743267434
    1.406583346017727276
   -2.212118287601847477
    3.947022842732199166
   0.4636564221815508424
    1.832471966412878794
    5.460809190264504842
   -5.871633921324218797
  -0.4493865636561966692
   -3.764483023131023565
    4.613311208893856374
    3.657076723366414761
   -5.624528261392796935
    3.447510888201533952
   -2.631602977953588773
   -5.844075745839816705
    3.385498604430847713
    1.801849486252218968
   -1.216371696828777438
    3.150049259526342293
    2.167371511041724208
    4.292220901910880571
    -0.15531464258233596
   -2.648766458316976546
   -3.591405211216204041
    1.070761725008869014
    4.912431637568101195
   0.8384456736308849578
  -0.9388754229052895806
    3.528379509249802481
   -5.620395627730975896
   0.9094356261422558152
   -2.274734890530434761
    1.998935382096292734
    4.336055804966895799
    3.571815528120795946
     4.93939098151282785
   -3.896203300561245975
  -0.8289287016653850149
   -2.474617838933196534
    1.398256595643528222
    5.800034142630906331
    2.906341081985224228
     2.99742656558020748
    1.373439661623111263
    3.752265046114203528
    3.834099849194955389
    4.425519639626129376
    -1.90539861817114109
   -5.412331721379683103
     3.85345374393461082
    3.823964480333136517
    4.308518611269802179
-0.001086601527568425984
    3.813977456463760518
   -2.914579648762136266
     1.97121218933997211
   -1.796380321108362654
    3.105446859817624805
   -5.275367003932559307
    2.649257495720652056
   -3.155597323738502435
    2.086683745369313225
   -3.202504296531775818
   0.6354892507586507033
   -5.733237173561077427
    3.574870553276952911
  -0.7398625797718514363
   -4.299116081503622233
   -1.027909759356007813
     3.75713866851545486
   -3.000633497851498355
   -5.348611733907484123
    4.610074896683640233
    2.302574824096025985
   -3.767044967600480465
    2.194751445951358626
   -3.615886431589129479
  -0.2719368973885655238
   -3.635994652513570902
   -2.249640605906540802
     -2.3256957593225982
    1.399253627935820532
    3.194107595885950168
   -6.140025950850414915
   -2.437608256731514267
    3.669095762612715639
   0.2374578448372723638
   -3.877484539750355008
   -3.592088442475680488
   0.1329788744089439867
    3.755285004523743364
   -2.458844024286111374
   -1.861210664815516003
    3.269803651083183826
   -3.555800775986912576
  0.02336560976047591387
    0.577936428835387761
   -3.248014686092638659
   -3.334576374440464619
    3.445527143470466847
   -1.708623404788078837
   -1.649415973967526261
   -2.569566651579485939
    3.527354515467507667
  -0.9701244139138711642
    2.497706470341770846
   -3.148963062081143516
    2.818764679593153577
  -0.5010298472106151646
    3.503832160424338316
   -2.172322271090266543
   0.3192261998182625571
   -1.795019351577349376
    1.632318363056454835
    3.181719831569025381
   -3.137313109587922533
   -1.345663041203140731
  -0.6047635930033135043
   -3.285893442873734749
   -3.930309316058812286
   -3.257252105431621469
    -2.02228069543199318
   -2.272225814191595195
   -1.438383806667371534
   -4.329303058671652771
    1.776683120374634717
   -4.079438368143350147
   -3.515287310982351254
    4.400680989272435006
   -1.027495711637226083
    1.541611857547827924
    0.656749530208516008
    3.399075604800525063
    -3.10718699912107299
   -5.699958738932983771
     2.63889447095904206
    -1.53661326087758221
    2.236022713942753981
    3.813808932310533528
   -2.575193725780843934
    5.750104330464159474
    2.738355709243454505
   -5.148774540825619361
   -2.262558420159827666
      4.1323698423991857
   -2.566940722235021344
   -2.959633980759469374
    1.353237954852024361
    5.009174865840428481
    3.110293226054848592
    1.145351061445236907
     4.28851922313395395
    3.580038216959943842
    3.514907615527279816
    1.669407197002704457
   -3.912973199658401846
     1.36382345486437373
   -1.260803751179871535
    4.140875606959455446
    1.256662556883504367
   -5.079318681145220893
   -2.426705596028715384
   -2.919481470224090547
   0.2827353734922229411
    4.440782752175591597
    2.886829384959334277
   -3.365944287604680341
    2.725343735718136706
  -0.3391399791954369247
   -2.637234487887552881
   -3.594765395009379638
    1.647746578256034988
    2.759088188149211529
   -2.564618977518457132
    2.618531759852054108
    3.109188505372156186
  -0.9827604110555948624
   -3.014036490903170495
    5.285568081468428048
    2.467038499241850147
   -1.525315971121411485
    2.581565074204321242
   0.4829093317772022997
   -2.791189090234326819
    2.154129593224502592
   -2.091764207588431734
    1.790373753456905526
     -2.2350991624047305
    -3.61890469322136088
   -2.006404370244430524
    3.321356594145125296
    3.443918698514297994
   -4.078660689860976518
    1.473572312423298447
     5.03222557809426263
   -3.222035425724178559
   -3.159426846066295091
   0.4257112480500712115
    6.032815070758669407
    3.608674172330537999
     4.42789848666680097
   -1.280320324098956686
   -3.343999865624120549
    2.951536262548443368
   -2.729605402107359247
     1.47631002478546991
   -2.519378358801486417
   0.8580375069297681012
   -4.775852492040576713
    1.493952905747137017
   -1.565954984524300597
   -2.062618529015485258
     5.46538004136805089
   -3.119709201072346172
    2.060650615553097253
   -2.158352880547155905
   0.1346575040673564372
    3.551144139281217971
    3.262767731943315486
   -2.359528440576059705
    1.816847734319137375
    3.118257056258889381
    2.207847957851401421
   -1.693990377234384948
    4.118528777635154015
   -1.892854917687465388
    2.364933146282450771
 -0.07501702524197845223
    3.302888841258281971
    4.238927979846868865
   -1.995026820633603482
   0.9087463071025065897
   -1.791173268492030513
    3.348409368796500196
    -1.43654754965352538
    3.396292957222641018
    -4.17003265582766236
   -2.605852038644606239
    1.138037314213878659
    1.560598341921857202
   -2.723364912213184219
    -5.92671357470385729
    -4.78346084955741091
    3.861788083569453356
    4.971121246608841027
   0.6360436221266079215
   0.1623076984193109196
    -3.34110100567883217
   -3.495924879305966293
    1.054170622471280794
   -3.219594222870629352
    -1.49627615018706539
   -4.798896378374573501
    4.027663982696451761
    1.145712258299336206
    -4.06029842042905198
   -2.562580368824328048
    3.031053733817910878
    3.873267927409941969
  -0.3407415847935929554
      -3.709797639035326
   0.6085856696845293179
   0.8293422523082476516
   -3.356625084454180286
    3.945735234741691411
    3.156202793582334465
    1.060291851107670436
   -3.329442983618616569
   -2.072495053403862197
   -3.351730908850630186
   -3.544265525211129031
  -0.2047821902993232634
   -4.640150126505829142
  -0.1946272352147272455
   -5.755441110208631805
    2.939977900599057392
     4.41829712618689463
    -1.04901434475799249
   -2.629677589980194075
   -3.665832384600096194
   -3.195164786089298659
  -0.2502802750449282243
    1.827032191894902624
   -4.654353994940899852
   -1.354055436241503152
    3.025725112254189941
    1.451463597727870702
  -0.6143702194936382366
    2.901599500708786472
   -5.465182698326872313
    1.485667226096443416
    3.517807885555687797
    1.164807148334279896
  0.07797573214134290165
    5.118988598719825589
    2.588678272067278296
    3.153256999849558095
    3.439793715268231633
    -2.24732171503180389
    3.279609351992474053
    1.005803833659548507
    -4.77689734634573071
   -4.930714907026306548
   0.1528276456265424688
   -2.274656688277429062
   -4.493709803655240087
   -4.387565764834493898
     -4.5024617513527323
    -3.21397414432931372
   -2.171850922320351263
    3.214511894668020453
   -1.506654652340603917
    1.296915489414429912
     2.27921000837370169
    -3.61459562796231193
  0.09222519476349178014
   -2.519910270041294975
    3.783988177141979214
    1.127779406459946232
  -0.9338206653765753762
    4.672662053811251326
     3.78425621812604307
   0.5765774465847359753
    4.927012173415986851
   -3.488598801450242703
   -4.024634316513559185
   0.1241371591449704492
    -3.04876325227904843
   0.1369307825024352887
    3.733269411908974433
   -3.308656742724967792
    5.129317837682330961
   -1.653184500084313946
    2.626549535530403379
   -3.284534156905667412
    3.722915757631435341
    1.957462190331508367
     1.23647275197377482
   -3.762739726661800788
    3.450408030288177663
   -2.203352994503053885
   -1.726710481397383923
    1.551497503178276727
   -2.487684036246232466
   -4.168832462767822378
   -1.619645876891020908
   -1.704132067907347059
   -3.899511483660573319
   -4.189397978504438846
   -2.836505453332195614
   0.2506936258938944895
     3.23120279478779171
    3.293844887507783703
   0.8482154935946160101
    1.326231697461643488
    -2.40270687465353916
    4.401028937817963893
   -3.895017123101481182
   -3.724597731341643403
    1.793337980431192635
   0.2492582549530281133
   -1.067304503270730009
   -5.425607264384278317
   -2.754922433907349699
   -2.378092803653054865
    5.834645327123997305
    2.431252903444563351
   -3.959873469060778639
    4.856663286976846905
   -1.526900640734340842
    3.560421587046863845
   -3.385789988339884093
    2.952086023361110811
  -0.6648314363313323483
    4.704682812182007012
    3.148231067473432176
   0.7700386853088457828
    2.753100759185858948
   -1.573668607643434525
  -0.5344451124077014281
   -4.334824027662229184
   -3.822127089087025809
   -2.240004710909061281
   -3.630809575412575096
