0.1301282869577518875 0.1213940588717567076
0.209860122484410383 0.03547675722470298998
0.2035415111992352477 -0.08286027742985069278
-0.07424799320102619393 -0.05591513280834030375
0.01491834023946299673 -0.01821077834174633994
0.1057832280735194891 -0.118679424934622274
0.03022948739389644604 -0.2189493736542648117
-0.1478686531667544601 -0.1303603133883171894
-0.08492459672070508392 0.05605411207886429326
-0.01815032081912184431 -0.01560862191705595509
-0.1314558788467954653 -0.1330414283713579615
-0.1948606130397397274 -0.03984706361415839282
-0.1846512460655685417 0.1149599931137427339
0.05216117138790078017 0.08032001689307927128
-0.02348393829649087286 0.02750942891323712378
-0.110584023480833113 0.1210221017126291987
-0.02802622785749286222 0.2270098556200312867
0.09863428149647229803 0.1950045019335879537
0.08525595056595865195 -0.04755013865443812049
0.01848618355212218109 0.01457305338075373484
-0.03870913076419259941 -0.1747508686647057385
0.02094714141483428049 0.02094585148233278973
-0.04363099777848956917 -0.1695406508195173023
-0.1589656798405742477 -0.1677366096815865459
-0.2254208326884286351 -0.06091664067030651969
-0.1752535025862095308 0.03913948778663256522
0.009711561571491266268 -0.01188582675523239089
-0.1505942483614680916 0.01891461101979100695
-0.1911612661428441495 0.1587068631838692567
-0.05578259832951037306 0.2264848671621361997
0.04320117917200086421 0.1776693154522051288
-0.01107570495148076789 -0.009441481720856691878
0.01929023251431280506 0.1691071041273633224
0.1546752578246917142 0.1679732669818378432
0.228906961879130233 0.05513623144863100123
0.1801844947081768789 -0.04438221586770364074
-0.009276278237188902848 0.01081738668242124106
0.1304473976206023678 0.07403137858809832883
0.2019489853631971088 -0.1466418464117438814
0.04561514569248626555 -0.2303936946110761719
-0.2579856088084707122 0.1152066638855999275
-0.03267241360736822253 0.1737509926769380542
-0.05379814385518910669 0.04689302419970897001
-0.08746039262931082359 -0.05263363473533300835
-0.1436749979174627434 0.2033459415369824885
0.1173013785230307138 0.2542039339001018194
0.1691690540378198992 0.03219000179190846522
0.1099552269676347255 0.08680787577243087583
-0.0443565657847327724 0.05900593806674175879
0.1948174240245394706 0.1441752781988137333
0.255456677597727333 -0.1169127026486321691
0.03278551385186248557 -0.1707077066576974944
0.08586218311769500122 -0.1101878143877894067
0.06224147137070636798 0.02754090972603206317
0.1430368426028912621 -0.1965066876939999263
-0.1165686076413915417 -0.253044540206016022
-0.1776967070951793737 -0.04088148297944619453
-0.1003345893335146344 -0.06762464785436944625
-0.1220079342875957096 -0.09147515628347496763
-0.2037398681429805625 -0.1198479395278851528
0.01642942246382265645 0.2182700429323011782
0.1911293488791328821 0.2032586327965826001
0.2048036905340311353 -0.02724887349392390162
0.1468222989227081221 0.01247312969384278651
0.08907429141969398778 -0.006707979166885104025
0.208305104057737972 -0.004227645212271051792
0.2145595253292137683 -0.1930424509221955465
-0.03384358727258419963 -0.2026096547007575632
-0.04441840350652751651 0.02213153364308350149
-0.02943469095702512181 -0.09756646748129671476
-0.0183116992571324376 -0.209038607919945052
-0.1963759737919992532 -0.2117925360892135289
-0.2079681678060105177 0.0295511880583584248
0.01222705303742658775 0.05511171212580471407
-0.09614749478783128633 0.03082590473519390695
-0.2037139551254426029 0.01350588712924459707
-0.2155277089982671757 0.1896668567249049087
0.02472804636097950676 0.2170222487782432486
0.08819062911644558189 -0.02431053730453737807
-0.003302106711895896364 0.01239742953268516135
0.0443085733027281381 -0.002567142658772107299
0.1578697251537092561 -0.1237826306253489717
0.03847741915514688721 -0.2534915690601242111
-0.1173399540304293637 -0.1399804827261340034
-0.07174120722236494718 -0.0214370808483494088
0.0231654684192480545 -0.001958968617552415189
-0.1238897295072184518 -0.1536309949554263976
-0.2483147086568262274 -0.03527612341655555345
-0.1538166024948179333 0.1136600530765734807
-0.07138077159649386383 0.07130039707753749179
0.0002524866990076116212 -0.03374579159731726924
-0.1526413495680689347 0.1207888550090455981
-0.03782969858618067532 0.2468093265884615251
0.1123092087558994895 0.1460158449618173815
0.06769611860676433279 0.1046101380850658208
-0.02311271057658195738 -0.0009138038445733999643
0.1196148491915230566 0.1511587022639000466
0.2478980963281137706 0.03537018645692423247
0.1397946155238951049 -0.1155195686467460625
0.1078116281264598075 -0.06995363739061510877
-0.05374475040941523174 -0.02033416381127745032
-0.07247494671366065677 -0.03530433983452039431
-0.1558142637808376807 -0.04454674324340958391
-0.1477741906089220514 0.08843163774421590462
-0.03653874326046612636 0.1169548744876922342
-0.0299186831520828582 0.07521730615550892285
-0.03435154107359526116 0.05923203216250611663
-0.03889061845942951706 0.157159247394477869
0.09480077866593489277 0.1472359259720081581
0.1082373520343984652 0.03760800622809228055
0.06845465066853491376 0.02457732098447280161
0.06395494674293629445 0.02460860629089887258
0.1511978900305422369 0.04559593623808216173
0.1514483763206112277 -0.09520137448008780812
0.03834702000793196314 -0.1095483114431355237
0.02284364544447843592 -0.06578540336848069658
0.02438331053630925227 -0.06457496811957827432
0.04561014628483045508 -0.151171986655145224
-0.09465249072255967067 -0.1514772795222621704
-0.1120292804089840499 -0.0420150768916715614
-0.01854565870451939033 0.07963339732666210868
0.005402891629273598451 0.06689437378780628551
0.01438292496444095424 0.07145387073405573553
0.04561200071892116542 0.07223156188170970493
0.07144093445157956301 0.05255457278418526612
0.07883137930186061293 0.02104048450292509906
0.06705450104514125431 -0.001219041782622044563
0.07398736859891466566 -0.01567988740772610634
0.07224721736489435331 -0.04623955529255065894
0.05300246264962728271 -0.07325243143121221157
0.0178021261182600074 -0.07907165128314376512
-0.005136984352041208506 -0.06730009311592746735
-0.01910670355633362072 -0.06996688123531388803
-0.0460271373386956853 -0.07071521078267908877
-0.07388637837574850431 -0.05356679983290787289
-0.07940756595217338121 -0.01744212213290093419
-0.06763303721858615614 0.005884554539436545086
-0.06941237211048011113 0.01954213088752010732
-0.07046738042281089354 0.04648739235141305381
-0.05331586064912242906 0.0733815259179517454
0.02795995173924015198 -0.01427734131995558528
0.01968674832004567096 -0.01922364501084154395
0.0166670083852336684 -0.01845547311991951184
0.01313372494650370294 -0.02243838067907808626
0.005641488187191020555 -0.03040688749238936936
-0.01396613909249835687 -0.02834373888681176318
-0.01911236821610761555 -0.01970821128718435594
-0.01844710874410307455 -0.01685710422930073588
-0.0224224058871373283 -0.01317285450412623848
-0.03040667216154283384 -0.005407103384255700085
-0.02813020603056019461 0.01411597852656368973
-0.01963922622723176387 0.01950096398879850451
-0.01655842444668680774 0.0185716809079992419
-0.01281074198924848744 0.02267192565192352113
-0.005182936399536145454 0.03025948757692717428
0.01421773210423713484 0.02805055705907754521
0.01982044077501426624 0.01954634318731374512
0.0187376070565003286 0.01628742268017746228
0.02269866584044674673 0.01262993633166557134
0.03040010587742333209 0.005115706704176225389
-0.01601456897078196162 -0.03919809039724679589
-0.02956509646076991779 -0.03160978452871836264
-0.03574035165640378209 -0.02154980185688144118
-0.03386803476889047732 -0.006304861416186070128
-0.04372464645794738036 0.009931907309754385571
-0.03963460027504720623 0.01593067369689211976
-0.031705231000721458 0.02966218007596903294
-0.02159446897275181868 0.03569499398036018317
-0.006288967900943610856 0.03385382236500217301
0.0102472429253999027 0.04372364551883652778
0.01619331264544228086 0.03943588889888117316
0.02988825476495906089 0.0314300184540768357
0.03599569049671244581 0.02136691007321676536
0.03400286899345120878 0.006585110773650699849
0.04350432144295817566 -0.01085610830651783341
0.03890052700465065211 -0.01653056989522493428
0.03114742724811400687 -0.03010725113188562202
0.02112774811964280089 -0.03626664491254983497
0.00611675036525586354 -0.03428032070392604547
-0.01089474221631519732 -0.04340799666451672367
0.03039467770831267429 -0.02444041602690046402
-0.006088360228984543258 0.01051018205099144356
-0.002678542900054860405 0.01496600130828499089
0.006368728274944574635 0.0145064885962126397
0.009212748137444970106 0.008016971489960063313
-0.02557089016088071043 -0.02945474825365244909
0.01059113944655190251 0.006186410359456942336
0.01504310371099123675 0.002609229790273973667
0.01444810932623789498 -0.006411667044921745377
0.007998469036902591464 -0.009190314281378635444
-0.02950677827298799072 0.02556779363688352694
0.005945727138607964125 -0.01064024852091846433
0.002520021549598734471 -0.01498541548561063523
-0.00629689382637898306 -0.01456210107065303641
-0.009230559719820251308 -0.008143977690587561255
0.02451754547810991794 0.03063895720448537793
-0.01067296017259760851 -0.005522602143586095857
-0.01490990478543461131 -0.002381988599204291901
-0.01457531891318893449 0.006467985599716716272
-0.008021653881599248581 0.009570422844264873594
0.03672176605703682262 0.02002269330855275739
0.07094156323493756855 0.01263179122456898826
0.06857810129968094914 -0.03305685463993173617
0.04478013368880309764 -0.02779009905347009507
0.02935681939032513954 -0.03807522338617340407
0.02051664608609735443 -0.03615974124853500726
0.01231017692198243738 -0.07064232697675121297
-0.03306099428426850784 -0.06885415981106929317
-0.0280792347662254145 -0.04480745055062786836
-0.03822355675985891071 -0.02911554078190720443
-0.03629727212441914708 -0.02034954111195817414
-0.07083197105081728839 -0.01255254062317598743
-0.06810196833042755915 0.03388007957432481732
-0.04441849646941282287 0.02811014093317721826
-0.02881799259682869818 0.03770278693229049682
-0.0170546618390525484 0.04347583375707303466
-0.01349648387429086896 0.06987157788464172514
0.03408058888884534648 0.06800752325652299757
0.02843166026890624198 0.04385381360393336009
0.03852958945448382161 0.02880997487051801045
0.004883905965182222357 -0.02421514282201116253
-0.01507426816047073223 -0.01551000944410502874
-0.004099457016474511786 0.01612322736400808101
0.02590915361187115171 0.002325850630023492977
-0.01216975305232651655 -0.008186848805581044622
-0.02439044461874628061 -0.004730268134919179274
-0.01523680911130533347 0.01507631519770411509
0.01606687078128770166 0.003513481475187060429
0.001767755977717954752 -0.02603993093536872624
-0.008080299666955930576 0.01222586427469808494
-0.004710590549851769761 0.02436513123658136729
0.01515397113431504218 0.01532542209651142039
0.004105206158544355728 -0.01619989565535053661
-0.02574921386864971809 -0.00287385213961621885
0.01200545259515919429 0.008074834827601937853
0.02415011626098689801 0.005114875702529755354
0.01577077355494265615 -0.0149475670209199378
-0.01566894155294301996 -9.359097695524597679e-06
-0.00391531013738666972 0.02631456244902311697
0.007680095912853034112 -0.01198254601710842769
-0.02481771439309107471 0.006856425526999681067
-0.0299875146376878364 0.01000945960853005107
-0.01810573424104574766 0.03932688183445916252
-0.01057521945055022762 0.03372678587425477492
0.005766211362516991505 0.05501531138988213776
0.006974314007702344526 0.02519228211150449648
0.01017536909302780949 0.03008284987755169976
0.03928129262849510556 0.01800285012542813048
0.03361476055634981391 0.01055311139112624468
0.05499402967545877902 -0.006099235077703621041
0.0251139019560060045 -0.007060370783661615475
0.029956487231036142 -0.01029775567823281064
0.01780977307547107133 -0.03954437018817090477
0.009946824673895396027 -0.03414831403332282966
-0.006521652078283069441 -0.05488683427076480187
-0.006988843666741277431 -0.02483475069700927587
-0.01020921147443042305 -0.02984095333316060319
-0.03944383927880484864 -0.01824314553635927871
-0.0341294219703245777 -0.009614451486757059559
-0.05492161243289400002 0.00651981855724465334
0.01599570836963631545 0.01991217664581754199
0.02034604296822381184 0.02038455658368939008
0.02666948870955169332 0.01329654408771640747
0.03083836959051173762 0.007066618300848506902
0.02661579108579198785 -0.01118260304477992732
0.01996344693223571498 -0.01563416416209040954
0.02071655017397523377 -0.02048495280113269562
0.01330501884631479087 -0.02681825575096169131
0.006848066943848210401 -0.03089558669988339001
-0.01135456802530443975 -0.02650500630152957671
-0.01595839640622718006 -0.01989817615513815932
-0.02073304377820534353 -0.02034923160865570457
-0.02698343357348092705 -0.0128173060702050385
-0.03097753803980677137 -0.006301620387676370137
-0.02640666386488369974 0.01180989732866251189
-0.01973560419269440938 0.01623967083662278613
-0.0200554539502413344 0.02084295591024624625
-0.01224678293865261863 0.02696888923447531353
-0.006039723745380343699 0.03083963493625843308
0.01190410216989433272 0.02647352115003254527
0.02767963055397855768 -0.07721448667797455034
0.006722121910890262696 -0.06666828454918041769
-0.004648243275634639932 -0.06795757453869352704
-0.04188094760151314655 -0.07470540946300180396
-0.06749948516335829707 -0.05846185248009370949
-0.07678637564176218899 -0.02689126203043112201
-0.06711401985297239803 -0.005339171584937548246
-0.06824841843123334584 0.005363404602598178389
-0.07451830338147778787 0.04213807768779733592
-0.05807633147868901391 0.06756798207971824455
-0.02773818300359167863 0.07734747692471632963
-0.001755407916880733074 0.06778236634079756739
0.009228832627862769769 0.07182510853987539301
0.04315051074738968095 0.07448258700993962145
0.06820734705638650808 0.05617777666995195374
0.07826475165467688955 0.02713865313501327703
0.06848709126484546494 -0.0001643377771371918336
0.07182397277691715543 -0.01049760676245120074
0.07449009565982546432 -0.04380350517426386675
0.05586628611100483838 -0.06836994867415877031
-0.1728175405832205747 -0.03941298614606375539
-0.1228507529671957754 0.07698254676608051739
-0.05341503837096619328 0.0394590728545985564
-0.07588419874778525032 0.04068181055474912738
-0.1180236629883822247 0.08116896001231532765
-0.03284021659554167 0.172959316839494337
0.07867260278608834145 0.1249999473885585743
0.03897746272735304329 0.05634922756536833721
0.04046403029888250708 0.07496445290749845225
0.08149138640280227663 0.1174771349487954281
0.1735421243337946506 0.03298970149065347246
0.1241723112374674559 -0.0798516802244088747
0.07114968139564929739 -0.04103025550765239393
0.04357651610576279005 -0.008740778791242699228
0.1104764050372625678 -0.1016212170316102142
0.03741283583571936022 -0.1737054923494326664
-0.07919318594073615492 -0.1286296975643281548
-0.04153273933730907558 -0.07448147774097092777
-0.00773536898054991498 -0.03809812262643390984
-0.1014272958623538001 -0.1090745670287265323
-0.06340531686393229005 0.2034767093853910858
0.1137294557237497478 0.213905001929253491
0.1539423702254307247 0.06656932544665383755
0.009370789895243735942 0.002448513181868769862
0.04979571052072505333 0.09033256091522373632
0.2111726923066650774 0.06088389750901079811
0.2084781462298721244 -0.1253209147509060373
0.05774608737625214899 -0.1520490977547780675
0.00282867705250536847 -0.008382031333928454189
0.08848804015776713661 -0.05267478019513725102
0.05880720766997825366 -0.2091759697134680795
-0.1214663973641214312 -0.2109265378734038743
-0.1562594290562225874 -0.06402506933275141365
0.006632735920930044743 0.009267294740300408354
-0.1236716979410587419 -0.06482995929895472853
-0.2048993308486302123 -0.06232639682345814808
-0.2065945378085136119 0.1254773496841165015
-0.04863660647641673829 0.1493746291373049817
0.009436894838157716334 -0.006117939620797785763
-0.06735933529882581761 0.1283214127871432353
0.04264410118292190355 0.09550147230338464077
0.2379079163187055035 -0.05832678454489463593
0.08781120313794309185 -0.2601351560457921264
-0.06649883546054233263 -0.1325855000185842403
-0.003434696827073790634 -0.0566544704336237534
-0.009620745156499858203 -0.1769601669169248437
-0.09068867450979103961 -0.2420832105863859052
-0.2495884248821743367 -0.1028160255231652109
-0.1551450209394410196 0.04372179040832681329
-0.06779543777480243061 -0.002086362415907201499
-0.1721963746469218348 0.01154911444201966314
-0.2429743925317402464 0.08430209209324590613
-0.09775460777098071707 0.2572106614685262804
0.04378339505269551735 0.1592002102579105627
-0.01164163732193454655 0.07444317078485358785
-0.081411824179925249 0.04952012243547441322
0.06596790770157472117 0.2356673855924932837
0.2520660530968464874 0.1052158998151266484
0.1855745210308460402 -0.01702320952422736039
0.04250849283400400663 0.007390718349371477175
-0.02034516243027941276 -0.01452433505229526294
-0.1140336361433602619 -0.119578993967124167
-0.1336873947557373488 -0.1802312429143643757
-0.2718827505852474125 0.01815829388162030003
-0.1435421488707384063 0.1417314518432090664
0.03849029106786661103 0.004037189918018570071
-0.07637517400955982916 -0.07942836898611674301
-0.1896992635756133139 0.1316696868014552158
0.03856259742387648654 0.2850443157963556962
0.1511811952953683036 0.09117871083522419151
0.005972512365353156716 -0.0419463103592292233
-0.07789796707528780229 0.06846463732463521634
0.1345742796506846362 0.184819010227488395
0.2847001646111055884 -0.0185996556699562221
0.1104488651081273615 -0.1584438577339148946
-0.04150520249753149316 0.003864910839192494188
0.1209727187600904003 -0.1130156535862562317
0.1809906550620574706 -0.1150495131259017811
-0.03725674478687238111 -0.2805901680600625947
-0.1632380574781179261 -0.1051473777752337385
-0.08833212218014979689 0.2350434703834105021
0.1014695980195940844 0.03097920854656430537
0.01371356460485428051 0.05501379604294597686
-0.0002068225603138095165 0.2081414404932959983
0.1313758941666719471 0.2189834955628698621
0.2015136347822988894 0.04946530470926655682
0.1647978657108340184 0.02000040073778836663
0.09654147867650125781 0.006190140798947473509
0.2015106965717700926 0.01385516930481265133
0.2188675675108629759 -0.1089934983625694825
0.09744580312450105974 -0.2163009626360781756
0.008977816464745198496 -0.1279837920817623043
0.006199262012896287859 -0.08360138531724603528
0.01117619319889630834 -0.1994673930204126922
-0.1288813520027944914 -0.2190975397017315141
-0.2075785742335677087 -0.06405189323318409567
-0.09718528289129067799 0.0215092259589167098
-0.05558576975010807303 0.01452115834200234587
-0.1993327949860388415 -0.00938564258258293288
-0.2249444714795512112 0.09631344393739967036
