    11.60371471688907796    -8.780768522085329764      -7.6221826637196326
   -4.060058750976581976    -9.790722193841933318    -5.951738696858702937
    2.260965367342867349    -11.69131580096414957    -10.59565012200975787
   -4.829256948404738736    -9.576949449801180236      3.15347712211106268
   -3.448269405495393514    -10.99458250195148779     14.03464132343674997
   -7.688392871053753908    -9.027210203133618549    -13.24807171516372506
   -2.197082840960053574    -10.09920616992939735     5.098236191206091839
    4.806350675757217417    -7.129707799751066055      10.2978832036634067
    7.492417581581613639    -7.868689757967571197     6.012638390561762414
    9.128370773485027456    -10.26665741592986514     3.168926243025556033
   -13.77997533279889275    -8.294966087529058285     7.728721110836899832
    5.038949133391704471    -9.378247172304304158     4.508529098385084311
    8.637544493091617426    -8.087465411068830434    -4.907011116216211555
    5.879021079970357277     -8.53431291988609253    -5.619884799385180152
    3.002442659673099534    -9.889268005962476238    -7.826906004391159577
    7.162688812520858761    -8.332747277164880728     11.93445415052728364
    2.282713096422014587    -11.22147795978482598    -6.343596702221868888
  -0.3161342842906569306    -9.970155500234749724    -5.825234657073722566
   -5.941484374900743326    -9.064720005630285016    -6.557513863762942208
   -9.884853557920585843    -10.42309138871732799    -3.307937602911981578
   -6.881980833733654102     -6.02705781669687024   -0.6145794646643990555
   0.1583390463218307675    -11.02381375241352401    -2.754265144193245973
   -5.284904816982111342     -9.53232049589197139     2.044230633839815958
   -8.111285636075580285    -9.622028631272346644     1.263147616521596683
   -6.321892351099450025    -12.38122191737585531     2.293281634900808275
   -1.461100878071681874    -7.057240743448321751     5.756960226385395174
   -6.710741928027443848    -12.95615789252455663    -5.582082845945017802
   -8.412586604781612465    -12.45852885059295723     -4.33492912216757631
    5.561431245197409723    -8.318422828244933953     8.071377909544212415
    2.937723890673994642    -11.08509981753735829     6.266146576790040612
    7.845006682324706659    -5.848944118729149544     0.547115300740755095
   -2.669136819311161535    -11.67617116364089824     4.837106675370605124
   -2.861929418636400602    -11.28245247138642249     7.545757159878173859
     7.89309270236383842    -8.839699858151282896    -2.244159622821404909
    6.041035316079883088    -9.934702449250025325    -5.672621656260649736
   0.9753145696494711636    -6.279635978992819112    -7.876525062011357825
    8.714900812789798223    -13.82090109426490621     8.142197496303406723
    5.819967860105529134    -9.372285606472310349   -0.6381542490099921805
    4.893967270398551506    -10.04999206697436698    -4.780865166131995636
   -2.294191608073909538    -11.18133423844966146    -5.989335087862731832
   -9.257675458889508491    -4.438040938889039388    -3.849640404228928503
   -10.60956234943053289    -4.687904726865766314     1.477188378355740239
   -1.194612829123462561    -12.12013324411359783   -0.1432181307460367037
   -2.061845809712804289    -11.70071358391386696    -1.388191356936661958
   -4.897228146451945818      -11.111784416166536     -1.55930934447227254
   -4.321986531892392236    -5.345815961690743023     8.230483531819936971
    3.690256844785312573    -1.577077081435151351     13.38752713124004146
    4.284249429475436521    -6.862399632727312238     3.498275058115781988
   -4.008652125365529173    -14.38251844299792381    0.5833609071373734301
    1.383684718690147086    -8.503403992383896437     4.724651684470119406
    9.702793537917417055    -4.297546083147237184     3.540575345030631649
    12.96851533407594559    -1.860896999455811107         -3.3861928627058
     4.88012019195881841     -4.82011346858561307    -5.958675904586518079
    1.209155459231671559     -13.0671463252675899     2.974101189764243536
    4.668633218549665287    -10.14531733315140016    0.6354572962195900176
    4.068484486545541401    -5.171666408322662001    -8.815305387250161218
   -3.996346928143159172   -0.8419999874683069541    -13.84075428820164255
    -5.56918916747825854    -4.813928667236170966    -5.259191856028548884
   -4.101640897909454964     -6.50025774521337496    -2.496445772888556291
  -0.7632631134127612071    -9.965642618400794461    -5.549064668378263399
   -8.078332697485208769     -4.33439905186300134   -0.9076594470970725803
   -4.407728334441607387    -13.52932766527860409    -3.311069821573742189
    -7.79053911720192982    -4.458579094467773452     4.102803286786139481
   -3.417553192583707933    -2.391073982840519196     8.898651292663998902
   0.3247445397107018294    -3.570484032276291408     6.915061026468245053
   -1.242011387835718406    -5.141968672746654256     7.528775153859391445
    -3.50857584815954171    -14.00705602893826907     3.926400815721317716
    4.089412492555458911     -3.84281140439538893     7.164542574887557969
    15.21751512468536305     4.025109676677455006     4.856992629194785138
    20.45421330866449239     8.428399064085853709    0.7068112231654332112
    6.661950275026867985    -7.856982958032939557     2.056571692401322871
    3.767417078279288845    -14.29514864487868664     3.787771983903204021
    7.444285616235998937    -3.607770321747677311    -4.224504929706332845
    5.094047344292122581     3.947614459637327045    -14.80822520983182855
   0.6291644925681184608     8.364306145711042362    -19.66529334005559804
    2.008489612903570531    -8.044324057369880876    -6.255834385038124168
     3.69487537460827653    -14.17838263268969534    -3.903510306747393521
    -4.47459701987488323    -3.377885513323926947    -8.039931745756861758
   -14.59272012250991324     5.073697259025417239    -5.752512946958876938
   -12.21821204079916612    0.6021153189261819749   -0.2232195464095269588
   -11.01651272978302565     7.436904894875149274     5.197316734863785648
   -10.35746047848598828     8.997284814044334667     5.217081712507215308
   -7.138371706467713906    -6.087654751982884527     4.012354041383335179
   -4.478013668281358939    -4.530865587622439961     7.032047460011229489
    1.089872661353568084     9.905855746986633292     12.53280544206348956
    5.173096763529090758     7.692780684572146477     10.96330793148482741
    5.896579624124582253     11.74993484415354672     11.00631972559475003
    4.374507485311330157    -5.073343048256591992     7.707909373690657873
    5.697826447705927499     -13.2800130571313435     4.564834424465697538
    5.349772346111584476    -24.67541704594650298   -0.7865115143045461332
    10.55720595419517949     4.532647934682700885    -5.443591468142966683
    11.02058161385441259     12.48202922407769577    -5.996486094190229821
    7.722619207648317996    -4.924093638994236244    -4.438453406828759995
      4.3151535033885704    -14.02266872873641823    -5.163422698838404656
   -1.117332453404156878    -21.88810939100529041    -5.665379504853745196
   -5.534510134027707196     5.945020403807546039    -10.78427205100688013
   -6.011535978809507519     12.29995567270352907    -10.96325305785001092
   -4.459808024215278444    -5.155278216484365572    -7.768868114108155254
   -4.312983445653930659    -16.22473765979437843    -3.927598340902413554
   -7.346401551353938686    -11.67372783851965679     1.783552698197972131
   -9.517074409304246529    0.2180890107759763941     5.801116419512931444
   -7.765898940376019688     12.62791741478661933     7.869811945912799978
   -6.000357874414000037        24.11992395343119     7.463802185912946641
   -4.190960629143912541     9.578891473885095209     8.889390106523986645
   0.6358511512402390542    -4.359382831682792947     9.948378645942682397
     5.70006131499433355    -1.942815476347932835      9.58080084131787757
    7.944002444214940617     11.30362910398142162     8.100883057897693362
    7.476615379792381333     22.72614574821827915     6.171866628858866832
    8.957173268169031033     9.150936640161937419     4.247914748916087113
    9.027834559121432179     3.070991092815327228   -0.5831912946295206845
     9.56170655350501697    -1.820368077593981226    -5.687392328685538345
    7.952831835208034938     9.557374182344513969    -8.240856721140229268
    6.121972626264756911     24.18581916144162136    -7.541782417576850861
    4.227038057944053406      10.1844112072481856    -8.887005373024418731
  -0.5194162542444801245     4.286559449665721111     -8.86173072091458458
   -5.658858832082550805    -1.101046800256844316    -9.513717441947314057
   -8.275830887472894304     9.700404118522421015    -7.952739340188024642
   -7.622948691966580093     24.23268174047133172    -6.127075451265545425
      -8.783187179991506     10.29997046745213041    -4.162987079668476476
   -8.699155646530728703     5.519590571475601948    0.5780706163321027713
   -7.857786768717025971     9.299685163739807692     4.150448046990752538
   -8.311543081021207868     5.860874724557622706     7.760708860306029244
   -5.425248283594293675     8.622229953355930121     8.843432345651274673
    -1.74301942738103266     12.86464661551335631     7.332495965646292468
      1.0013805764325725       13.416148724934013     6.403975158479134677
    3.958464866686448591     9.876947430079239254     7.503561327119788515
    7.460123288145577902     6.720782708288410845      8.07744168195035428
    8.555468866029942276     9.324253777392966569       5.2822027176933668
    7.340007754945940377     12.78334964750473546     1.762463029295725514
    6.395855238551263255     13.31905600694401137    -1.024605705249579612
    7.827370786620059917     9.149797440181504982    -4.132050741823290352
    7.950864319808546021     6.540099574910298585    -7.491665980136609448
    5.580279955297785754     7.802268077923017131    -9.193201971711909337
    1.727204648846526913     12.70174686693828292    -7.366960713275254591
   -1.043337169813773224     13.38711947169323579    -6.368380825091300323
   -4.154715198440920965     9.146216619214433408    -7.856619861625395274
   -7.506458468020554164     6.556772546293671233    -7.950461808390163476
   -9.320730987176736093       7.5180156380790919    -5.659104358905271859
   -7.392702160223551644     12.60949182725113893    -1.718391137250756318
   -6.300771671859676459     13.50451851987942931      1.05935060793831104
   -8.973603410763359989      6.88254430746591872       3.5003827715750222
   -7.848138616348624197     7.218148619768935959     6.401069561455630108
   -5.448599764754200159     7.989067274865971235     8.303189747080180538
   -2.484152310340482561     8.437995900871559485     9.085897953369638458
   0.4744848516371754643     7.338541222202287884     9.222946873152750413
    3.486204403950885045     6.889800741076848034     8.915232274641821775
    6.325648289922924938     7.267614243283425424     7.769033961700787749
    8.253360975884154627     7.990795271931549593       5.4121717831576861
    9.074699907403866561      8.43578418270561059     2.478709330070565375
    9.153528458457532935     7.365683033107734978   -0.4797325661315948175
    8.899354899786805717      6.88036492882911066    -3.497206951783594864
    7.793035156768946869     7.182398858452700097     -6.37239685652826271
    5.429662858570014627     7.979441397308786321    -8.295707017140056649
    2.486042294655495866     8.430508412019060316    -9.115492626937772513
  -0.4817289426556798926     7.400654937425967361    -9.179775184669926702
   -3.499865344138984646     6.908227136360346243    -8.924746873355754673
   -6.382187576788600936     7.210489630783786019    -7.816368975431009503
   -8.306187897937878262     8.011375313933157827    -5.448983026031251065
   -9.107058854830201611      8.44127505648200227    -2.484430756440409116
   -9.220459024046004259     7.350312174909650054     0.485249802469493452
   -5.954178674748670019     10.64648893322588741     2.049509620861368564
   -4.984896333538668678     10.59256739838128247     3.933211066044903337
   -3.487814680839265602     10.65601314015675349     5.231378971095010044
   -1.927137829594650187     10.33516474029103804     6.498047646795782839
   0.2315162676449948609     9.747547838389225561     7.584867741508715788
    2.090689780204850745     10.61822756251040722     5.910948705836434947
    3.930193922638422599     10.55187971129868707     4.968544960398189048
    5.206451195303092305     10.63532720247055607     3.465056106119306811
    6.480962704375490269     10.32278545374569667       1.9169324536486676
    7.587530501096797053     9.718463212404733653   -0.2382029682120055669
    5.923767324758567376     10.59889216971873616    -2.100727903666122387
    4.975180692896792323     10.54509900088125995    -3.943716781169528396
    3.474217913425534654     10.64167496532631141    -5.226133983566748853
    1.897917654057360126     10.38991162531021395     -6.43847702717340109
  -0.2348270386538439114      9.76725333094581849    -7.599518372276762967
   -2.107124745332284554     10.60919243313184168      -5.9955472721801506
    -3.93339850257298318     10.61430983213504042    -4.995439466135256801
   -5.224488393309252743     10.71674649206346075    -3.491888639315797072
   -6.470650335340102366     10.39826716007080698     -1.92279152811503673
   -7.588884968451946378     9.792421996118994443    0.2278860878227687292
   -3.408067444668353208     12.37834008510602324     1.512422285068575345
    -2.55955938783155057     12.20108546338389743     2.560854012525224377
   -2.252576475468461847     11.56218401983231914     3.856407815269046857
  -0.9335392569527133366     11.69385483447229923     3.903704732720294057
   0.3869167207453752533     11.92794317467669352     2.987394996609337827
    1.539782069451063773     12.35727720990812628     3.397112847536880587
    2.587101060235603267     12.15202712810770969     2.587627334488794784
    3.862541276755240727     11.52542127114436532     2.257006276221360075
    3.891562597794098188     11.67666020420384676     0.927436815913592727
    2.981035781450631195     11.90977528192879475    -0.391169934057912061
    3.395016205476605098      12.3439859794737945    -1.543329794797039467
    2.577621095220600456     12.16910966820516471    -2.584948322202130555
    2.249298473903724727     11.55435005367688817    -3.860653532716514125
   0.9230735509281098317     11.70409265311313973    -3.887368607649409391
  -0.3950684869755063944     11.94725473049294528    -2.960537466222386005
   -1.549564821883434806     12.34394043165844401     -3.47202915483036989
   -2.577826554301978046     12.26390946305581586    -2.624617026351693472
   -3.818236185093140556     11.70695890560474695    -2.248993170595685154
   -3.901884040516807151     11.78684745362785513   -0.9429364130298896196
    -2.95088392314335124     11.97632268578550807    0.3867991946230779354
      1.8589182917343543     12.29000376233589797     1.805415551664342866
    3.154443338799779006     12.33740935383568527    0.5833081814009534183
   0.1966229357989557891     12.37195960457109933     3.752655467491404107
    1.917173028433449167     12.13933860660577224      1.24407401978863974
    2.197269487752422368       11.971737914580455  -0.03527002798175254278
    1.783972038089282508     12.26946051284708794    -1.911754547347772171
    0.616335630599901152     12.33695367493304396    -3.067601100095459277
    3.746596478189160528     12.34782867389894001   -0.1991007795632036004
     1.23137122084967765     12.11508605009151474    -1.944922375431478834
  -0.0303629505694148899     11.95805704204587094    -2.174407403323990184
   -1.902517169924506257     12.26414751661260283    -1.761144259081343533
   -3.182427642846517024     12.33634961561214993   -0.5713650230326833279
  -0.1667689412002621718     12.38124879803998724    -3.752505205767062257
   -1.902972635246720001     12.15826651268184833     -1.26809866086460632
   -2.152946692497573533        12.02066509436691 -0.004366105452788241262
   -1.857009183518027573     12.27944747205410536     1.292465290787171872
  -0.1840163412722213565     12.48979545032959315     3.773736136207400005
   -3.751901314155425382     12.52193774214171995    0.1358154951082371775
   -1.174526221707164808     12.32191296672925418     1.911321498905157901
  0.03564175807127914486     12.04146349802481808     2.206528902301674311
    4.207139760584874821     11.45305899538852223    -1.009146329165936384
    3.031921668232106182     12.06054529102723194    -1.634603220458650474
     2.41454029763950162     12.21492318309839398    -2.645243854379657922
    1.258144282100317923     12.23687611806774633    -2.740167904445366176
   0.2866625110801046539     11.98419890042819702    -3.013152727566282163
   -1.042700535094220227      11.4024483864772197    -4.324052048311092022
   -1.646522795185323851      12.0514698593706413    -3.040371297778281967
   -2.643779488774563813     12.20498675115108433    -2.410324190617845197
   -2.741389134026824159     12.21413774825492027    -1.260877533001803608
    -3.00252412888025777     11.96452841412062718   -0.2905331954162446162
   -4.326479465109127176      11.3838691764132669     1.041905683363675061
   -3.047417948952064748     12.04345351312587731     1.651867226004707812
   -2.415908061822146458     12.22367939511250334     2.652640147540206161
   -1.250140007927699415     12.26879347303946233     2.752839029733102461
  -0.2702356287467526097     12.02516749014320396     2.995277613717782561
    1.049225789425192845      11.4293243801794322     4.241858465371511677
    2.142477622280400951     11.70707887732162789     3.736794104286709661
    2.685447820942274522     12.42804140344453323     2.553991862635614396
    3.437193969782990077     12.36470435449753857     1.525734575283047123
    2.765221161931683547     12.13578237737079846    0.3486263317207202728
    6.409494614211311614     10.59939915618755357    -2.312900143740332926
    6.273110680747333134     10.26938892903407208    -4.678333749629296712
    3.668253208337684868     11.02968246007104547    -5.002916722357253931
    1.981806303188161644     10.55775976954507911    -6.194173599878952885
  -0.1043200308541724075     10.81046796011991695    -6.601335622526563363
   -2.272283210081996074      10.5603661882760349    -6.425170810469492011
   -4.681253354237237652     10.25619745305032104    -6.272233109459374845
   -5.012899468842313411     11.01650888489662883    -3.674462120215049588
   -6.224917344665040986     10.52291624728534813    -1.995285469361317343
   -6.582904058806930969     10.79703966043589247    0.1001944286403969181
   -6.399775691413431389     10.54442578950934717     2.264500943381746012
   -6.234991558344031404     10.26623540377112498     4.662372453015676044
   -3.655678747588114508     11.04153855192780931     5.002047137364524332
   -1.966114089740246262     10.61783443148557815     6.184046040477264583
   0.1118600612385705212      10.8120959474369247     6.635058660229998573
    2.273199931680434105     10.52621187047161122      6.41450627235719395
    4.754195800779635661     10.09501474787169606     6.395100453586729294
    5.029192874899779397     11.06687844576056179     3.760407302937454954
     6.23861875932974197     10.89304437151859517      2.02166975949808414
    6.330559050305946123     11.28608963100780649  -0.06098725241406646735
    9.447746710314893548     7.961830320810181938    -2.771827088565146369
    8.600133467785589403     7.712963598087803518     -5.79542641778591161
    6.028563698263695869     8.382744096940761835    -7.427801589859795328
    3.406933764231867556     6.795607186932778987    -9.085925989236672606
   0.3337491796108891795     7.658677124231942912     -9.19498696070423982
   -2.793131140591352146     7.743596142538916816    -9.561964408550714722
   -5.785473071502710063     7.675488915472469031    -8.585596236750635768
   -7.442951680315697871     8.350240756639713879    -6.037988993129092208
   -9.085996201158629049     6.788669533916717569    -3.410924786039388312
   -9.143135626289954132     7.693990580332232376   -0.3362297015673099687
   -9.493853930877040881     7.763422274242787857     2.777159312496196186
   -8.520410632724320976     7.697603938709757898     5.756909455801270781
   -5.929943802703841804     8.469465674825444879     7.351953113957045538
   -3.347786169543242263     6.997240088523605905     9.027178223559570114
  -0.3115597698830520623     7.787882769793883497     9.160103673955630299
    2.756338233095376733     7.847889404265315783     9.397415454074549146
    5.758150012706013676     7.738349157201900752     8.494689317589500632
    7.366179482360037056     8.572999984757204928      5.94233252831639458
    8.966960598362460289     7.474580325764049071     3.328434690899876092
    9.180899773162165545     8.052243433120535698    0.3272404495359326204
    8.325619994826087833     11.35891344596602259    -2.133337280303305938
    10.25825234031191435     5.559896364291321724    -6.197407693223963676
    7.638152368741407905     6.135120443185939187    -7.895627896063047046
    3.540251997245841498     12.15673935562401908    -6.278987436675635969
   0.8423291083764218312     14.14780013170709161    -6.013088875727063964
     -2.1458043506070128     11.28565502336544135    -8.327494823646382827
   -5.998896925999883223     6.240320485341473322    -9.926236590476531063
   -7.936748338587564788     6.158817549693197613    -7.624919948643929857
   -6.302598633213621682     12.16968236397630854    -3.533209318021159895
   -5.985343032108470851     14.21625907948653378   -0.8330330221506339061
   -8.244236677372638766     11.37348740084603982     2.145505761852586346
   -9.259639227699548059     7.741740121982926048      5.70316340216880846
   -7.342268140620969774     7.011960406949885538     7.799513388619301324
   -3.635371628548762057     11.41414016149090926     7.009235492256673083
  -0.7852930261278202595     14.44990753760101754      5.96132797423818328
    2.047492193645282565     12.08878997966756685     7.845676611854419669
    5.581920872977612191     8.512401890728989784     8.926385877893256549
    7.932576002916712277     7.070329220243971591     7.354449515036131757
    7.152164500668656721     11.54063081838672566     3.656751140288121427
    6.037544949105304148     14.54473777173702054    0.8003291537674580569
    8.951300238041280721     12.51115715696177411    -4.498548370178695244
    8.095862013762546994     26.33077455677309331    -5.886947770843963035
     8.38036382123184076     12.58478711897765834     -7.38114433195566999
    5.538156223226335939    -2.155237858886071223    -8.906997581609212844
 -0.07212213690619281858    -1.626399511709994972     -9.27755432482390141
   -4.419072917792639998     13.80829720584034348    -8.991180841562165682
   -5.818693541468373809     25.37547061823167027     -8.01381719405287285
   -7.590812636727149787     10.45535461782712439    -8.435195881775049642
   -8.912517656649480813    -1.912910876333856258    -5.526914318430560691
   -9.290451856943787945    -1.687391324895580746   0.08569474282396367937
   -8.967892396063621874     13.67561152761774679     4.436828885370873721
   -7.883442611227274632     25.08602513562419745      5.83294500956194728
   -8.270130522559757225     6.399212536167508958     7.815761338385091683
   -5.167881026033112057     1.305136375083298494     9.384340473755957035
   0.1744689469556516548      5.34942969061915452      9.00154714072365536
    4.412979755241607904      11.9507546372785054     8.839439257479781986
    5.860144190102792194     24.42758475494403214     7.758579124607337896
    8.000051614823618706     6.299233888916440094     8.161981369814673926
    9.524362236359969813     2.231485708907943177     5.203576853056270046
    8.943282332457291872     6.075029491236708878   -0.1402236587663346079
    5.940236486962485962    -10.39277302353529109    -5.266835740101159402
    4.825250672912285488      -3.1886283857010711    -7.690301599203310801
    6.042835010903920612      10.3277757590547683    -9.794828779943703267
    5.115300380213384734     3.039732134429225408    -9.709771749521193485
   0.1319600035987187614    0.8894413973653823025    -9.959143286538965967
   -5.347736497985933646    -3.850075483144716593     -6.77869508862385306
   -7.367392469578555314    -3.343289364813585962    -4.692944557377532355
    -9.80802999557142563     10.14414103278694235    -6.168936016144998646
   -9.584608853438522758     3.311671642531390791    -5.253236090657820156
   -10.06686151723944889     1.309103798249471096   -0.1547495542589547857
   -6.736836272821927096    -4.169858972413891252      5.29269336999944251
   -4.490663063098289776    -4.275281249614685919     7.295080191711935669
   -6.073767980996260363     10.23944310415756398      9.82713028436810454
   -5.557669530990598794     2.204306126218532835     10.09169744870683516
  -0.2957980093815125722     -22.8015281078559795      4.99370836523758399
    5.167166925341128092    -10.85714908843095117     5.700751042115627776
    7.599174737452764283    -3.375229362117242005     4.723157925041741478
    10.25884759295887605     11.29001114243335557     6.188453847118961626
    10.33948383012206662     4.715441300425855076     5.585793193173544502
    5.235955912646558019    -21.26762188870544534     0.412199388303105041
    13.01391870837656128     4.099340663377618377    -5.658122954721234166
    3.159753998523386453    -4.657760196644253448    -7.622922171316133699
   -2.907530350381701822    -12.51350112976261642    -4.111050907335433102
   0.1229288364930198607    -3.541513678560099798    -7.825151797207721138
   0.6866446697680276268    -5.052068726987519298    -7.149652429366995854
   -2.747675911420240258     -14.8850705743347298    -2.230461554558707871
   -6.470114440872887229    -12.40274743384782496    -0.194370090931614975
   -5.576700035633722408    -10.83609118282181072     2.261761224081176191
   -9.316545515451595705   -0.7694701543616486727    -1.003789144897210939
   -6.573950685341104716    -6.098502251808972652    -0.617279606077987042
   -3.334845861501719355    -13.27258674733091404     3.109387440133849267
  -0.2495846262893354484    -12.22532977770107721     6.582911658905906016
    2.842764207760837714    -12.10616947934029497     4.881398245902548894
    0.447953780368358756    -4.792920636954201896     7.915759805643536318
 -0.02045426445814655173     6.862645986564407607     19.18556766822231907
    5.050532340748561388  -0.02949442452086989408     11.05837932519498956
    8.115398148079231433    -3.344523805388268212     4.081742000378963731
    4.477606356112102226    -12.74140196463138608    -3.147177310792615312
    8.135843156957790256    -3.632165342542462483    0.1279448439894301237
    19.77660843484029485     9.159936948277833224   -0.3704500078797270946
    -2.39384646744174745    -11.95988066797740323   -0.9366618293251778304
     4.91896646435998175    -5.471251572358167614    -6.287454698558832433
    3.760392370843336884    0.2158399071675473624    -14.90280258412579251
   -5.812346462756193155    -9.877765944468860582    -3.933855460110472713
    -3.38392998315075344    -10.58691129495531236   -0.4568397022688491793
   -4.737901594050103249    -5.689282798616278392    -9.483889973365604575
   -11.22804177293378203    0.1224901143448777208    -10.86738423084960914
   -11.99138946017183471    -1.910214769080733621    -1.641673480701873578
   -2.338841530112488964    -10.76458340769563016     5.705377893559967717
   0.3644246799394701419     -10.8445909472811266     4.100853518254786501
   -6.041057334196732853     -8.71764595344662041      3.28823613991643704
    -9.92803176809190191    -1.106762130654706411     10.65639936229231388
   -2.647003394035402302    -1.056485491773757834     12.87313909493791897
    5.231763483274909809    -9.004819969053439621     4.798996223035998376
     3.48596296995936239    -8.767473456933620568     1.422492408007555831
   0.2499235900934348997    -15.20337736463200606      -3.5385473906621292
    7.659523630560856944    -1.857259883602113915      7.85239175269983658
    13.14290209321737812    -1.635246382465285864     2.315870435653999415
    2.224452982673141843     -10.5202476415477495    -5.625697230026391438
  -0.4958920557573156529    -10.31038274754200401    -4.559760142569595054
   0.8395462800434052575     -8.86432095512216911     -5.46469142689463272
   -5.580842446131990542    -10.57921801636406833    0.2279385677364566543
   -12.52452040973274805    -16.38900438732684961     12.22374386366587018
   -3.495663835655160145    -9.603248572664158544    -6.469534306669900481
   -6.583196004528232947    -6.790790044822833771    -9.750510467567076844
   -6.602071160618855572    -9.181192349486673621    0.3486910681142780244
    2.549867367192860002    -11.90380663131982431     7.665754751382608312
   -3.305456279424393795    -7.572906558590788428      0.82201205944260336
   -12.64919082218682966    -6.684124064796644227     1.231154360049865781
     -8.7989320457924034    -6.870887154606306169       7.3642195674815909
  -0.7753496446484947624    -10.03006655147517101     5.638579124730378034
    6.753025920652384606    -12.60727912874802392    -1.794088957702459908
    1.584776330107982023    -8.074518065132687994     1.985597845483760837
    2.238432951775071622    -7.692499749567314637     9.783549601938377194
    6.504519761223176211    -6.709273194222274306      8.91192363393521525
    8.099379049029129973    -6.777689982181144934     7.534312776714061854
   -8.398765240930220699    -14.47154896427646165    -14.40579776054474337
   -0.489129124254132408    -10.32608282806657485     -4.02798376741145514
     9.27197709607859899    -7.984298944382446805    -2.049197943695223234
    6.997890863152592011    -7.522613574803515668    -7.395735528812622306
