-6.678541811049325e-05 -9.518345656597919e-06
-0.0002140889177245839 -0.0001750787621166549
-0.0001896220928473985 -0.0002918246377328021
-0.000502156374224115 3.454327585698632e-05
0.0002114010141016744 -0.0002779779873096593
0.0002446113426798142 0.000304900788580556
3.275631957579683e-05 0.000357319959438895
4.501758620741111e-06 0.000409488219291244
-1.332414950100953e-05 0.0004384862390149869
-0.0003897104401433396 0.0001207843959191695
8.398131262615318e-05 -7.382109606213697e-05
0.0002479930792503839 -4.209335233064538e-05
0.0002377308359315854 8.148137105259852e-05
0.0004132112536340722 -0.0002256076442235799
0.0004038620780961734 0.0002417475548572252
8.264108366462449e-05 0.0002689424805536532
-0.0003222434410205455 -0.0005049305965820196
0.0004213588540318619 -0.000513169869419978
0.0002214426635909247 -0.000255716455092371
0.0001229076732696601 -4.140566751199666e-05
0.000288753787522079 -0.0001490283663220518
-0.0002240738944913174 0.0001350276682082687
-0.0002711179841135965 -8.917219905930041e-05
-0.0001764650685200069 -0.0002939887159090932
-0.0001624212469494169 -0.0001217830391968704
-0.0001048679925993789 -0.0003135290894503962
0.0002130928156906425 -0.00028183867774221
0.0002643164832261724 0.0001544157849363309
-0.0002600617613790175 -6.26283339468035e-05
0.001023876786649686 -0.003578703529607765
0.009155323788118796 -0.00226749747693141
0.01062220190708461 0.008680867745958856
-0.002001670960318609 0.01551081533236374
-0.01419221357245532 0.009933307345710801
-0.01816088345860659 -0.004417658714787883
-0.008776249977418325 -0.0170934118187308
0.006072313069376963 -0.01827787659185305
0.01902239221102834 -0.008297444312779088
0.01969968746852776 0.009680734507041157
0.004976986498609651 0.01874806455907758
-0.01163986944519068 0.01867653669023602
-0.02157513738122483 0.003683636585866129
-0.013277684429903 -0.01090171933391435
-0.0003738599700734309 -0.01539901556601932
0.01447182981083023 -0.01349552404042635
0.01847503882333042 0.002056482148869798
0.004868255232522839 0.008475793711804023
-0.003216939856052595 0.0102416445658784
-0.006557670716857885 0.00132868347794977
-0.007996072573537847 -0.004717916742245265
0.002982127146828854 -0.003006716719253238
0.003689229714817837 0.002564873687024033
0.004115306187121736 0.002879779031797425
-0.001258984111985011 0.004243181797238971
-0.004948123828896344 -0.001526834114850556
-0.001209934406733947 -0.002035136036538683
-0.0002051306334425815 -0.0001784853708310462
0.0002170196888526014 0.0001784250462274199
6.610477788526761e-05 0.0002660406999333877
0.0003346949190398272 0.0001949441447448568
0.0001770822592670622 0.0001879693355989659
0.0001553233411701647 0.0002078157853524636
1.980439293362122e-05 -5.462142576529803e-05
-0.000125839866528738 -0.0001349114479569927
-0.0002772564982751313 0.0003794135765271868
-6.477753412394633e-05 0.00057613026824913
1.528150817979223e-05 0.0003447623235394627
-5.281420909537352e-05 0.0002873154000051426
0.0004188629943797421 0.0001895012150121917
0.0001330695999363741 -0.0001897290645698867
-0.000302508825538041 -0.0001940766122864927
-0.0003092294921490893 5.680397108835405e-05
-0.0003993889671458185 -0.0001336464299459031
-0.0004217900135075227 9.860831344556188e-05
0.0001261425522792115 0.0003045287553100097
0.0004316810194866119 -0.0002766735890500439
-7.156925123832679e-05 -0.000379669368929974
-8.1031925903841e-05 -0.000299382939935333
-8.248298184168852e-05 -0.0003201783915451045
-0.0004242654589129482 6.646822401524212e-05
0.0002664288652740928 0.0003016275425883649
7.263938495669846e-05 -0.0003614389125253531
-0.0001947402059036396 -0.0003585700076811612
-0.002045578819847225 0.003710138327407783
-0.003326861648919308 -0.01688135807221083
-0.02185778556304841 -0.001245327287237107
-0.009166914444538028 -0.001825424036953868
0.0009538852399889154 -0.005383788835808949
-0.001028839636756537 -0.005778026299341846
0.01328637294863531 0.009163568317411218
0.00439951500161268 -0.003688559668860446
-0.008026507368918703 -0.003452863436021198
0.00967995001136065 -0.0005729766094991679
-0.01211633186667166 -0.0002263170762289802
0.01733635567844638 -0.006977485581017917
0.00373586944876045 -0.01127613553899327
0.01339617917267499 0.01006007281586993
-0.005181932465426474 0.02243834226796818
-0.020706665267581 -0.007292287437526294
0.0004301102557065481 -0.01117839596881255
-0.01335657946535448 -0.01169124558990564
-0.007711180464934964 0.01537037500801232
0.01059218472043198 -0.002544250652149172
-0.003191206729136473 0.01083509479307236
0.009039219450527384 0.001471904071546441
-0.01125900683128735 0.009404081013147738
-0.002902257480505262 -0.00846919449395995
-0.01276260061514699 0.005321039788586807
-0.0005475404328576459 -0.01605360640061277
-0.01467487026717656 0.001200291469588541
0.006275333357855207 0.0001331481413338696
-0.0001898782546882711 -0.02022521363113817
0.01164320038993452 0.01821161685692952
0.004432113296084956 0.007521621698630162
-0.008451048366126916 0.0131135928340074
0.006620380557568891 -0.002251878955195703
-0.001374270319565155 -0.0004265732099531624
-0.02207353465831672 0.001735443831785742
-0.0008603489720213249 0.01215199555934591
-0.003304166921379406 -0.009398740617170054
-0.01422476328002883 0.0003911225330227876
0.004953728834380124 3.946020292668935e-05
0.005300868298917149 0.004284893025505537
0.007815485524614404 -0.01051403574140893
-0.003281174722572976 0.00310356801421762
-0.01087871888919362 0.009944921706614283
0.0118887770785776 0.01259591904903251
0.01301568651799383 -0.004121563789117147
0.004670867132379201 0.0155975577160493
0.009406097673436609 -0.0003198966437732498
0.003004621534120185 -0.007395813873009402
0.001362431874420857 -0.02092275032251039
-0.009939452648458908 2.022442977609849e-05
-0.01946849386075366 -0.001394331844351163
0.008230015979792076 0.0006556317769281484
-0.007240789024318547 0.0171285072065744
-5.779583980745186e-05 -0.003726756307376428
0.002196774200627109 0.001322989681115978
-0.01146427823193011 0.0001715119891548796
-0.006782660878211712 0.0005416884817119367
-0.006764614570032436 0.002088460127922986
0.003711547662629319 -0.005517828529137909
-0.0001144142744201735 -0.002449785452417263
-0.0009949928100257172 0.007664556735903806
-0.002384002136103632 0.005577319096887304
-0.002650065537350828 0.005549079911020219
0.005530578184997044 0.008103001173372499
-0.0009068348926319057 0.004162620273892222
-0.001972545536421599 -0.004765959991391808
0.004340879469636763 -0.003833805698840365
0.001854078493217562 0.004104963263184988
-0.003373362072882824 -0.005045815705663288
-0.00141008436176838 -0.005018753820932698
0.001879132252359403 0.004054474025992237
-0.004399033546768997 -0.005293923082634567
-0.00238969489935527 -0.001571523032043321
-0.002507809946070529 0.003582649068033317
0.003891378461818107 0.007614462820854813
0.003902643705402467 0.002426000241721363
-0.001722114521377581 0.00508477355897527
0.0112299301590219 -0.001703301097932135
0.002750983009588885 -0.000247671354133228
0.00540492441187446 -0.003381492216086744
-0.002555738604601376 1.130829874355493e-05
0.003658758903484819 5.327658533142208e-05
0.00262224983823609 -0.004986804382380162
-0.001665435895853822 0.004759857423828247
-0.004562602197454329 0.003231126179003676
0.005942703789488493 0.002693104179143919
-0.004441872192405339 -0.008386144139543176
0.002871248434680854 -0.005634050763864655
0.006956304054069543 -0.001413318310738423
-0.01077995910442694 0.008680889817643292
-0.01146749479682638 0.0004156999807369756
0.003414843886704632 0.01165123762841456
0.004767294147034068 0.001437354891884742
0.01130590989743743 -0.002682246107044791
0.01232585196519466 -0.01013479725960031
0.005531633763330483 0.00559466346169596
0.00133933905867744 -0.01011533545472347
0.01189647073153522 -0.009241431886649699
-0.01059429049768609 -0.00586021609762227
0.01331370581534069 0.007309172307386918
0.01128969151359515 0.001558789158030762
0.002488750130908461 -0.003823265770799834
0.01469695197987052 -0.004448551136790574
0.005293354373869099 -0.01182697872863727
-0.01021498125805085 -0.003765405941935688
-0.01229693968377345 0.01072032344349927
-0.008427979182651419 0.01077303993077621
-0.01050151230082943 -0.001453544239032164
0.006391132089607096 0.001764205045175989
-0.01096023579459343 0.0117060859840738
-0.01070112403296393 -0.009187117735246782
-0.01899131141697867 0.001139816084150179
0.008323229990385187 0.005062090943728489
-0.005895107617656536 -0.009344198580106327
-0.007007395694746776 -0.01614203895316645
-0.002443008173635234 -0.006565058744333697
0.008563945672351504 -0.01474549248409221
0.005139152167860387 0.002759457422244653
0.005686200341675082 -0.02219812524313724
-0.01209193212226945 -0.008015632956401453
0.001236520025516906 -0.008304044698449819
0.0009111411564006438 0.0171289416389676
-0.006331980649332932 -0.003801023580208432
0.0123217948215863 0.003406257053011758
0.01043465900626819 0.01448230206099819
0.002819958720026867 0.003433631733374748
-0.02048798813036377 0.006970809820606433
-0.004313647112467765 -0.0004187053956596572
-0.00423441459511527 -7.445941745162007e-05
0.007395132774269938 0.004595149030949169
0.01121953366036308 -0.002294403968341838
-0.0119564928651629 0.006474385223768154
0.01231947912740576 -0.01566768134666791
0.005635008962016172 0.01367434569862045
0.0003298251478638299 0.0124818676397788
-0.01387884021766508 -0.01268207886661955
0.01384347127152562 -0.005996217575393256
-0.004061370323811654 -0.00164769906841742
-0.0005878596838509712 -0.01462480585415985
-0.001456212429824585 -0.01349048100562111
-0.009514720919467199 -0.01535965140909402
0.00254003921661082 0.008800556345258653
-0.005966442435831991 -0.01029087062012742
0.006266293694809767 0.009391336047706571
-0.01305606877798467 -0.00649371745949686
-0.003408786839448411 -0.006338921490519541
0.003546415623543994 0.009466393383863587
0.001103071009423808 0.009799224352358854
0.005607989878745162 0.01324555688843967
-0.002581598332678362 -0.01122555221366591
-0.01722581204030856 0.002315267718850657
0.01042230209325968 0.01224406458272392
-0.01348250182291071 -0.007797098195623508
-0.0003873192425418017 0.01547999024172015
-0.004933384575043094 -0.01249995283294927
0.01578277584932483 -0.005551477527190527
-0.01164448101952736 0.002829426010390216
0.0207155041435746 0.005039747503268213
-0.01660659123316816 -0.0004864137369603707
-0.006120015828710627 0.01723816939004902
0.01368574433819996 -0.01019508557939235
0.001585366486296786 -0.01878338912052319
-0.00930785371430435 0.00495675267055101
0.002055506505258515 -0.01023110746256608
0.01426780195235455 -0.0007824355587556306
0.002338717676568265 -0.004491132344610631
-0.002785953797647633 0.01215991808899639
0.0008882563811691737 -0.003326190528135967
0.001932903265181056 0.02189075432022448
0.007708014849216885 -0.01469125032241409
-0.0056309490722095 0.008479234179349678
0.009241334109406731 -0.00158402179391238
0.006135312242067904 -0.01337940776597632
0.02025155598000238 -0.01011637833213464
0.004657464767352157 0.002500229082407435
0.01630443520508633 0.004892945013825121
-0.001767134158070914 0.02035294988145497
-0.003682757588363428 0.0004920509856056591
-0.02141361678951264 0.005975326500587556
-0.002450696128680356 -0.01657160455193407
0.002102625065317053 -0.0165601838041055
0.02213833530214806 -0.004162138496458747
-0.005830508657239621 0.01913471036961365
-0.009224181418033956 -0.01605488068748782
-0.02257978828512113 -0.003138210499034228
-0.01479919910807592 0.01414683188594482
-0.008846975548539754 0.001705972029132316
-0.003125601986563367 -0.003034368135859039
0.01300066641076072 0.006998457330947635
0.004725074038713476 0.00323388496638518
-0.01052333224507826 -0.00351543581782937
-0.009017048608712296 -0.002349821867135231
0.004924970341068774 -0.00599594104645728
0.004562792397339411 8.069483555021461e-05
0.001627306005282566 -0.01687217326957568
0.008987151648596831 0.003649075303072228
-0.004721470754420191 0.008988761680301912
0.002889510424004907 0.004163461164558974
-0.01147131405146906 0.003025790956595567
-0.003550458646283875 -0.001756107191632687
0.006133811867779513 0.01996274676236041
0.01584173035561078 0.007031700553011465
-0.01296048582249765 -0.005293861160481795
0.006222637696792826 0.006850152473629466
-0.01067523370113336 0.01166496960336129
-0.01470161568508937 0.006702158421332997
-0.001235811401415091 -0.0184598482387491
-0.005982603417915238 -0.01895838457776499
0.003857203781973467 -0.0003470929742592827
0.004646708676659399 0.01958498854715093
-0.002081420787286798 0.01543443988237615
0.01973903658474872 -0.000345885065181207
0.01086655567271136 -0.004610229271765563
-0.003169304798284147 0.01103710296919922
-0.01427238646035356 0.01674357404130082
0.006108515682629217 -0.01630825038370702
0.01256812054206101 -0.01133503553319
0.01077118297273255 0.003049667370155246
0.02146732875313794 0.005481980138224613
0.01278380112310117 0.01499883773174603
0.0009190512735288824 0.002437811397833635
0.008466923354332119 -0.004065102849030568
-0.01213237311228955 0.01106996411425085
-0.01261993686178783 0.004178296286066643
0.00860067568657683 0.0067891878732951
-0.009634442211645822 -0.004636340109983348
-0.01265480938892832 0.01841053982497975
-0.00182774412667545 0.01928793917995509
0.009571064568505249 0.001926069278295147
-0.009467744060889243 -0.003211326941537485
0.005037121699979934 -0.004913407453367314
0.001754961138969634 -0.003532485608794377
-0.0009521343033659869 -0.002385930619941893
-0.002348974639724367 -0.00117777059886203
-0.00435650425975041 -0.00820906173183251
-0.004789858179429044 0.0003128767019507649
-0.003390380742990865 -0.004291684305984953
-0.005372968136892516 -0.006995290804859887
0.0008414216718839688 -0.005141828133364596
-0.004220415125378765 -0.001274492902504813
0.009103755775769197 0.009380377905281108
-0.00646391443709124 0.00584257266332375
-0.007161720874505716 0.01001147635007009
-0.0001591291859604074 0.004507907051460581
7.051258772149513e-05 -0.006195827923493569
0.003121209800272578 -0.005514223346268023
-0.006601325917741594 0.009018953646843849
-0.0001802494169432717 0.01779329667346496
0.0001323011327003099 -0.01066930129713047
-0.01551697331592215 0.007791854122220284
0.001703803727327213 -0.01500732518491972
-0.01469667625472512 0.001706797977771456
-0.01288177949807487 0.007232739283486787
-0.01524071931798627 0.004985734873497974
0.006448090612062678 0.01697081533934297
-0.008244043257961235 0.009991848054629302
-0.007079584750657565 0.0108819261905728
-0.0107947557529467 0.01926947293739601
-0.002769621967213678 0.01061346683193347
-0.01872421703490091 -0.006353735001121936
-0.002970141878559454 -2.547680787049671e-05
-0.009241596732530191 -0.01721861936944709
0.0006326212607939256 0.00243984620487998
-0.005308304925769743 -1.498464120108641e-05
0.002954712711812826 -0.004154326015455747
-0.004552524419205719 -0.004264659764357578
0.0162432482772502 0.003626013639689279
0.0143097675397582 0.01109993180606678
0.01939339698147774 0.001367754572887918
0.004563438340556154 0.0006898051090661029
0.004326396230257836 -0.01036417885297927
-0.01838210493110366 -0.0004305733195811337
-0.003533125794320933 0.00879993186096077
0.01799197015066877 -0.002381878540241444
-0.00306245898117752 0.02003812893451573
-0.002084800994303949 0.01427845130395326
-0.003147505862373191 0.02196245377722524
-0.0009811411452118276 -0.009992817685774771
0.007985065486261739 0.006113238701391476
0.004902746801490176 -0.006326778897110145
0.0184201638240173 -0.006821046344866851
0.009959856258687703 0.01461701881955726
0.01925423079782059 -0.002266937763716643
0.01897414982283843 -0.001741053928965084
0.0005252080902863162 0.01554141600451978
-0.01713952739193669 0.004570297269025244
0.009927159178467846 -0.001904759534778429
0.006864859232320168 -0.00136606089769733
0.0188107035414419 0.01199287922462266
-0.01272159419662355 0.01387719684122118
-0.004163335037971817 0.01680605914106417
0.01750733414276608 0.002139456211264696
-0.01479335142451108 -0.01356312543300718
0.002543305454814306 -0.003188078948397724
0.01612350139322138 -0.003189524092098127
0.005660228748782328 -0.01462577537055895
-0.01358787727439635 0.006237509225648759
0.01581344287239348 0.00475988162618855
0.0182856869059108 -0.0005695026791994071
0.01835096983200806 0.00132502227206355
0.01964254747150939 -0.01201279625243464
-0.01210233760649992 -0.00105280385861017
0.01132847799165868 -0.006167808537701251
0.01145362088203999 -0.002406950249571671
0.009108565369859555 -0.01210667727381157
-0.007551453717363599 -0.009321253151568971
-0.01217102053694441 -0.002184325055709343
0.004435520423787256 0.001527446826769161
-0.00253261566383634 -0.004718556069797498
0.005281440753269697 -0.0008065291240520921
-0.007548114265421272 -0.001853698025879105
0.003034340025100445 0.003178926065942671
-0.01725623765034198 -0.009926198112122022
-0.01473022090393133 -0.01802073916363832
0.01666237938756744 -0.006450351265752177
-0.008162704295594384 -0.0125400971206988
0.002463231566507161 -0.01323471060487895
0.007588967424386966 -0.01411516550640531
0.000450234066467521 -0.01074087913217866
-0.005575710616226442 0.00288684664272774
0.009654836675105961 0.001448068874541654
-0.01088564716592169 -0.002976726291546887
-0.02005691208343362 -0.0005966923868371765
-0.005248346900215801 -0.009030898341625303
-0.01450435170211596 0.006179508952696909
0.008126021029801445 -0.01630644880623042
-0.00453190476483205 -0.01441677255996675
0.0009538933787715062 0.003634901770062053
0.01764815199030548 -0.002530212158204199
-0.01385473643288252 0.006062878994354213
0.0227500977222285 -9.334532856180416e-05
0.01569410847415233 0.01354943158113052
0.00345508601439722 0.01943228898499848
-0.00612808124538665 0.01957872003965508
-0.001297242081709398 -0.01413346070424142
-0.005033879357065942 0.01720698931727667
0.01444659201555012 0.005466342088546581
0.01072328058807459 0.009611290114332774
0.0009725280369277653 -0.01776756155646874
-0.01877907491143484 0.008218726234952718
0.01541480685279361 0.01576541853490191
-0.009271935966129123 0.002616497176907029
-0.0004659701008629994 -0.01394284027522086
0.0006409334377972887 0.003792293101141958
0.01643035211868164 -0.002440588583817167
-0.004122804262599074 0.01393617312183477
0.01033581836609858 -0.005373873133181963
0.006423609978798072 -0.007720839527687152
0.004523638263983012 -0.006611599030763669
0.007203470584689342 0.0006318084545629584
0.01004525101918476 0.01142037762387171
0.0001195377777402639 -0.01341851736892882
0.003470994659381364 -0.008270926939009486
0.002069608798924376 -0.01658282032998551
-0.0068421095240377 -0.01491121059747912
-0.02129724206735802 0.004677809601864799
-0.02114846527340233 0.01056034319060958
0.01074794556413778 0.01727428210891664
0.005239656073163232 -0.002734192288152921
-0.008775007966478921 0.004009454998388102
-0.003506227121972906 0.0005347226508514455
0.01453703188081555 -0.008923494676084784
0.001384325059752043 -0.009763944145066088
-0.01243113440934317 0.01791963099794045
-0.01162052854589627 0.0006125927837178387
0.01158251679056101 -0.004415271109000684
-0.01583004642820597 0.01204071248673076
0.0007547075777016532 -0.0006905828562351222
-0.005912765399165962 0.002919671290189221
-0.01279721001403605 -0.0187947968146268
-0.008179459188584455 0.01966810188523234
-0.008286172401653517 0.02018279272084104
0.02054357270112391 0.01160896559129712
-0.01031224283294486 -0.01441914143513093
-0.003189231482336131 0.002315112392702182
0.0005052547787554266 -0.0137871779494903
-0.01285169914028564 -0.0002859997784473559
-0.001102675167014279 0.005007735095247092
-0.005151232525516523 -0.02028418087858389
-0.01048209070271568 -0.01072442809874803
-0.0115484694258865 -0.007055680144024037
0.01637736016867522 -0.009919730949956431
0.02194771625616032 0.001703049211189785
-0.02119070376133182 0.007134352540976163
-0.01620805597315903 0.01298579426084546
-0.01660372845451885 -0.01243047777215411
-0.003704206990245737 -0.01954491418784293
0.0111266349067741 0.0188442014672309
0.008575491829853716 0.01548531358047245
0.02181434809699332 -0.004636176639448005
-0.02174020406581816 -0.001147362204947221
0.01755222491682884 0.001706457053956301
-0.01222013626641323 0.006788712631488538
0.006044508915525394 0.002208015468038136
-0.01649043100044879 -0.01316696508376338
0.01271069697097539 0.01698821177082587
0.001363330527167939 0.004429967774302258
-0.003715183122983946 -0.01493315899675565
-0.001844608023165831 0.009925570632708306
-0.01027188514069743 -0.01962089757056723
0.005132946625936132 0.004144397833962639
0.002673278398102476 0.02110891801223439
-0.02103121971759169 -0.006942802467197515
0.004331590457373991 0.01266836943917001
0.01105919719133049 -0.01241956493108536
-0.01386603393877465 -0.008666035681332227
0.002397623341513395 -0.00324043591542422
0.00877782618598839 0.006444557803035226
0.0002874843737819351 -0.005725489476539644
0.0005559225909137166 -0.006139906158078852
0.0110523997368426 0.00371565013539048
0.003803711078037941 0.002660347223671799
-0.003343082252345705 0.01250941168728988
0.01490934113434537 -0.0003297869264856677
0.01508672562750403 -0.007744024423206497
0.01230887542584337 0.005906992196200504
0.00618114969100372 -0.01996198146523864
0.02067079282021479 -0.00435705450534509
-0.01154949839954853 0.01787269522919948
0.01467876940004062 0.006548471824364651
0.001434507153372747 -0.008394336324132794
0.004432443650177498 -0.001932168689572796
0.002788369432216184 -0.007332498272208188
-0.0009320092662428467 0.001199355160760524
-0.00572886963824068 -0.01220422299526617
-0.01267212303172602 -0.01437164561901035
0.01546461979812699 0.006597817674201013
0.008750044549312139 -0.02032140028365539
0.009326158017555824 0.01047238125074827
-0.004120508631263829 -0.01179166451318502
0.003114867483752304 0.01648564403398358
0.01039130002039464 0.00909946711510851
0.01922522445666723 0.004436386057435812
-0.01289681191489194 0.01087744578761703
-0.01643948378997647 0.01269109911283099
0.007236160815194011 0.01894490640768942
-0.02169644526020876 -0.002474910197021501
-0.009618627937754951 0.0183154563469019
0.02002197282014725 0.003380111093780162
-0.02218219151561426 -0.001078347287652463
0.002326471560584405 -0.02109858879485777
-0.02043383976011318 -0.00815869669633641
0.006179617283359713 0.002577653647387574
-0.01560173867954236 0.01721278940570651
0.0014188725077337 -0.02361196578607655
-0.007962952432817564 0.02217874187257734
-0.01427588955983084 0.01548572513843247
0.01646990299878 -0.01090366976292628
-0.01504460336533609 0.004876527586248724
-0.01688118770751827 0.004906347193776693
-0.01011955650671249 0.001033813316518657
-0.002577989066369433 -0.006182362680331312
-0.02046597795217143 0.01116516222770059
0.0177288030602421 0.01529639430679395
0.01507356482181794 0.01814995651888135
0.02198949131025682 0.007618371909657831
0.00397718566775498 -0.002658299795774464
0.001986207125185989 0.01828033059986792
0.009897979002195988 0.01460467116200316
0.0003840982179862052 0.01523821777241679
-0.0132347002412073 -0.005908547767653528
-0.004202194294299302 0.008631855203457326
0.006073300669812972 0.01562974915255547
-0.01653401190087449 -0.003376130168613426
0.01325076089681996 -0.01524559737711188
-0.0003921250808639794 -0.005311933520471035
-0.01054989076214767 0.01617973949760457
0.01195645017840354 -0.01850472954120852
0.01104895428997426 0.0198222454453511
0.008892730857010407 -0.0126718319845443
-0.005332032853377496 0.007091632811761035
0.001289320561621093 0.005354057087990509
-0.01639783921124535 -0.007865615670901429
0.003081007768494454 -0.002537200472571526
-0.01742798594666178 -0.01344127943029966
-0.02157079027283166 -0.003926259951321377
0.02005295347467404 -0.007903950365734356
-0.01766615389044653 0.004747745492301888
-0.002318789786350787 -0.009688557382353791
0.01676974695949031 -0.005681845487826434
0.01467401466789951 -0.01611250042228127
0.007843948715440677 -0.00919799487800073
0.01914612567021677 -0.01101272628536655
0.01545357378452853 0.01052398607707871
-0.006494218577895951 -0.01193670580035574
0.007071659012709138 -0.006936482432943421
-0.006159080973368696 0.0004039778969031913
0.001744754744325826 -0.01295071761154466
0.01560155750752146 0.01420229406107085
-0.02046067744651446 0.003861762789883714
-0.01403512845889052 0.01163746380386256
-0.01937367100167257 -0.0003397055641195001
-0.006518781762853165 -0.002774809732132656
-0.001273548445263029 -0.005239993110754844
-0.003597947373273261 -0.003416549541876816
0.01624138085414956 -0.00917197422633961
-0.002799438362508735 0.01213477594768514
0.006634742032398409 -0.009632891780780377
0.001292851703071968 0.005283856680463552
0.01067217246302306 -0.01978448029810695
8.248042774917631e-05 -0.01829502595423906
-0.0216273250865201 0.004574427534760503
-0.007538724483981556 -0.0204341922276642
-0.0127717455192896 0.01908403356541932
-0.00349462726412366 0.001500323440337907
0.0006565804795691875 0.01165136613918591
-0.02202035338799896 -0.00193476725048354
0.02277719916945025 0.003894120065040006
-0.01723311081717172 0.01432661620091388
0.006062931885405427 -0.007300435105388328
0.0001185347374299933 0.01178786053557141
0.006815407358309618 -0.01257008024793973
0.005515412497903165 -0.0004616091886032706
0.01785182890548713 0.0142344252884421
0.0007280429631176363 -0.02140821914874671
-0.006914035171940907 -0.0102026881095651
0.0229707562898235 0.005841477999562002
-0.01551459981848899 -0.00480303945883819
0.00656688292914636 -0.01693824997010923
-0.01873716203209103 -6.033178324738417e-05
-0.01805092130802519 0.009563401179574623
0.006589589573725217 -0.02249824780594966
0.004913719460009239 -0.01623280224707625
0.007619917194916941 -0.02181949219650828
0.01107585249602807 0.02069207989029532
-0.001557515376953776 -0.02124291578613346
0.02316810443426421 -0.001238799410613417
0.02064875248729826 0.005976814248756785
0.01636675546698802 0.01025935046856976
-0.0182092851291118 0.009539061768555462
-0.009153045080571607 -0.01823365379344241
-0.01615731351934978 0.01671915644513633
-0.00644100397065103 0.020870193301255
0.0008444627063731433 -0.002901496824600874
0.01520728890813908 -0.01359242613655868
-0.02193255001091228 -0.003011037625498922
0.01846566482359806 0.01413464153533968
0.01920230977729365 0.0003609039617782385
-0.02045072586824162 0.009576236584894704
-0.01349012760487955 -0.01916505747465284
-0.01217172271876081 0.005531610522712065
0.008181376117606829 -0.00485368459127087
-0.01389947505152165 0.005888386717096994
-0.00410475531107068 -0.001201241767254447
-0.007906995833497747 0.004432564452238981
0.0004272775200199612 0.005280482488814342
-0.003138493905836154 0.0008187723450670207
-0.01408569301359683 -0.009369217839257274
0.001760865753221492 -0.000614707584531677
-0.01643520374351855 0.004585780390818101
0.01578865454549896 -0.009235420347008118
0.005359170896092475 0.01908382387321117
0.003233219524374776 0.002650676625432394
-0.01167368824644378 -0.01259476359008985
-0.01951108144282901 0.006291106766746992
0.01174125963555096 -0.001109302014644481
