0.0009246284843400922682
0.0007570765153062225788
0.0009788079410864849398
0.00157312797390364795
0.001554784751532393202
0.001120199329974099368
0.0007662725120147024713
7.366677001140244118e-05
0.001096025457292069917
0.00155216215795611341
0.001574405303698609305
0.001176731833911827266
0.0008828298023594257672
0.0009599649366781189651
0.001140008803086224338
0.001562952965569754842
0.00183000069097139016
0.001650771198506889624
0.001037253599421101213
0.001519786002237538463
0.001448856410363500878
0.001036084135333337685
0.001647768857436660494
0.001721759018396238966
0.001059981985008409894
0.001744434599490330209
0.001475534500678427454
0.001193488708847044357
0.001377540877072324504
0.001154421550354004216
0.00135448474265206743
0.001435598859613035653
0.001125198368928928636
0.001320923950562423368
0.00118689248639529529
0.001414562870446427027
0.001063241247235775832
0.0009891740135007664764
0.001503910189083965728
0.001796932631761504438
0.001556608641083484816
0.001165854580064558908
0.001057530531044263353
0.0002340405084542511709
0.001401728903291938949
0.001326701928352327312
0.001749911197740132689
0.001774853323887902673
0.001648456952705448135
0.001001453043627351103
0.0002321915226738560732
0.0008736110326309532185
0.001936886234432605566
0.0006085777152533399653
0.00155107698649343791
0.0004433830871616072436
0.001882075391320686773
0.001158814748788871817
0.0009784357634641241072
0.001088809277923146997
0.001127280924120790994
0.001059841803492493411
0.001102525471213819082
0.001259429277817995232
0.001057056988215147745
0.0007981600133160247305
0.0004939305369302098838
0.001159258369735225976
0.0009339512587906790208
0.0009748351009807480283
0.0007564360458837502289
0.0007912633587157805529
0.001005560763909273906
0.001222651321809085185
0.0007034378937614492976
0.0008396646150430450879
0.001235931744205450095
0.0002272511344510552526
0.0006837133247077091438
0.0009717478093457924439
0.000595951334029268167
0.001318031754652426593
0.0004489336211394935649
0.0007237151658682870877
0.0007714265522842812112
0.0006130422588452484611
0.0002209707186588265608
0.0006779758631925857006
0.0005652065305375045083
0.0008352794416317163009
0.0006376663685656588443
0.0003482495924112487653
0.000768389065214711525
0.0001409738518014885225
0.0009321358501008635694
0.0009770907717307759748
0.001091652305833042081
0.001111293999858143939
0.001064151514648777747
0.0008841884970454028277
0.0007177341807735418975
0.0004217623926974670514
0.0009709590486271393959
0.0006474869315456308495
0.000403843098494249624
0.0003807816019975494241
0.000778807335538193651
0.00038256885569613999
0.0002385337935316930204
0.0009385367591431241366
0.001859429897402313384
0.001216392445736203106
0.001117635901687110463
0.001036228971885760821
0.001703406433564614089
0.0006951512297749620501
0.000777314586248642166
0.000368892751357017515
0.0008247879172183828454
0.001811425586664476518
0.001148889320247634994
0.001413658404603716128
0.001080256336253163909
0.0007013806193894821239
0.0006014234741293579718
0.0005122171828102482002
0.0003134460148842148938
6.305543537789317352e-05
0.0001709373033475457249
1.902763354333140245e-05
3.167252648757726697e-05
0.0001390033813346242615
9.23881349486022302e-05
1.935898925172737571e-05
0.001047643502594159228
0.0008651627953214279052
0.001184883661466283947
0.001067301725645365077
0.001256751619369052535
0.00111404480792292042
0.0009192156091344504815
0.00116796756085512949
0.00117770437710678277
0.001247804259685431072
0.001132809684001218975
0.0006670064702900397029
0.0008130649183406456681
0.0006973748957048910707
0.0002150270551305767934
0.0003750684519973852609
0.0005745404209567446258
0.001697214262761040414
0.001787272708512675518
0.001588891266986954508
0.002045847010245252506
0.001716530114267545695
0.001772423838904888882
0.002026327600216945232
0.001826982098735655501
0.001824133056237341524
0.001626607955408947235
0.001708979843727828933
0.001858346978169214767
0.001014149907452460827
0.001369465609537843425
0.001518777137859253544
0.001162781671625519623
0.0004111088064326546307
0.0007784297212259118619
0.001861411101343301904
0.001744845645020057408
0.001652474007007640909
0.0003568422369474436094
0.00193926093091161553
0.001468819723764537132
0.0007171721105999269734
0.001983350863158409375
0.001918545345913455664
0.001926175465747874968
0.001661469168613372016
0.0006858735583038246507
0.00193085970342096909
0.0005264328799505378544
0.001248621661639778011
0.001214960499021440011
0.0006941997410125968224
0.0004750098771217911922
0.0004250838634099382541
0.0003352805201154327396
0.0005255172085144118764
0.0003875704503023967747
0.000785484925060409055
0.0001988835939318138999
0.001954559219114358846
0.001107135360010173776
0.0003015203832786737185
0.001047837134471784649
0.001758593538375500349
0.001420890006610541281
0.0001116644865463662728
0.00191740919137595384
0.001885687123011267879
0.0002497051108894491754
0.001728516656030099855
0.001739926191022444536
0.0001521270170810966305
0.0005375675417464844492
0.001905161771881427098
0.0006252339506406947396
0.000967485904392275612
0.0002382670704206346158
0.0003415953097410344007
0.0004779980399869377381
0.0007916375176845305344
0.0002720554592484465597
0.001077656223247826662
0.0001012669872454053966
0.0008876974754808304984
0.0008975771068794628424
0.0005334790298309814412
0.001105467309388062647
0.0005324286357612723411
0.0008227419970803233513
0.0005198121417627424171
0.0001341139506466653862
0.0002267362342128905698
6.26378882638019529e-05
0.0001719213104892703173
0.0002736520658593635238
6.662739917683555869e-05
0.0005261648246461203505
0.001572001442589468067
0.001530442674668918085
0.00169340218053506855
0.00161465174812145968
0.0008567929207927987715
0.0001371649852600428801
0.001028778566120962549
6.177096473558270698e-05
3.037359658187296848e-05
0.0007063970827953978092
0.0009672966867874789685
0.001022470690089451661
0.0009718243836117652218
0.001088366323708111214
0.00117241197170869435
0.0007711639310395043386
0.001085825669307751481
0.0008527545381334284986
0.001013965398842633318
0.0006818488929622747424
0.0002094321367755557623
4.1751016467450593e-05
4.927378407376814545e-05
0.0002969335991629426606
0.001213128354764450838
0.001078116478933490363
0.00106415892098081933
9.024786886659453568e-05
0.0001223642266406257506
5.339316171779685024e-05
0.001197848087971488873
0.001185736106530883242
0.001216572789011282924
0.001051103348778048173
6.530899013048972876e-05
0.0001264276471693674946
0.0001353414183662172976
0.0004187271078724240782
0.0002296508727362760952
0.0002948806723951490766
0.0002773788002123380152
0.0003893669461166096297
0.0002154116632685905918
0.0003433775370274819074
0.0004609146591853961403
0.0004860416992249194375
0.0001228689933032738242
3.562441110410027542e-05
0.0002836456926964316398
0.0005253100382086340345
3.764915662363516817e-05
6.617094282800541787e-05
2.463722391221627092e-05
0.0005795586558789473817
0.000745210574773001711
2.87855568407532794e-05
0.0005745732064557231662
0.000641796379608826394
0.0006890513972362375967
4.267351233765174438e-05
6.096917453364652633e-05
2.438439496226881182e-05
3.039985988446855221e-05
2.446926110886719278e-05
1.947906091127365238e-05
3.696475788731953973e-05
6.007055600525489086e-05
2.207635611537743135e-05
2.504994806289768185e-05
8.93314128880446116e-05
2.340760346848305825e-05
1.673743426193631247e-05
0.0002182658618382897107
0.0001156326274112674373
4.347464133871151897e-05
0.0002070069274718267459
4.893054855330609189e-05
0.0003028151159331412406
0.000381596764813336303
0.0003726888965069847311
0.0005523300113514063251
0.0001570605761898662361
0.0004695941207710220252
0.0006079684295365135258
0.0002229832651579338612
0.0004854133479672187554
0.0003722394827292954591
7.132945167926920326e-05
4.347444239812026415e-05
1.733474908228650909e-05
0.0002884046146982217115
2.429442122879065294e-05
8.589132193711026576e-05
0.0004642610436065708205
0.0002068882013281812739
0.0001051357687036566795
9.811137891240806518e-05
2.038424768601921662e-05
2.855811325846612967e-05
0.0001796048800261544165
0.0004235895921376082464
0.0004457282191094906953
0.0001024350177993202496
0.000991110363370176304
0.0008644871420354881264
0.0004919643553255127278
0.0002616172772029480001
0.0004642672013714533989
0.0001616089581061185194
0.0004600100367288378076
0.0006992675976252942481
0.0006636429981987880446
0.0004407019420932940497
0.0003668918833060120957
5.433250013499833775e-05
0.0001100812474312849254
0.0001088804822690494714
0.0001042836641384199767
0.0003186282458153623679
4.266089172105313272e-05
0.000187435368182499527
9.735119165373899122e-05
0.0001190917755970279156
0.0002861447543479989455
0.0001226634265210595068
0.0003910868748409023193
0.0002133608293028553407
0.0002614568302198783307
0.0001083286600882562276
6.047511487934366755e-05
4.064671321700837119e-05
0.0001000055872583193546
2.782156523470180707e-05
0.0001022336331591412143
3.38959198640686099e-05
8.402912296599769984e-05
0.0001464333452094659514
0.0002075113819846997974
8.830613725237265277e-05
3.414953931440762767e-05
4.77820670109798518e-05
2.448279113426247164e-05
2.348069731823468841e-05
2.929380909285950229e-05
0.0002220229226890622226
6.969180515051149629e-05
0.0002478221906736156497
4.074922829168123946e-05
0.0002997886823443196612
4.188711536514332871e-05
2.120006201228559955e-05
2.10394077291551257e-05
2.563483538928836318e-05
2.363735859459266343e-05
2.725455350353447642e-05
3.911267696961121529e-05
2.351022013307600331e-05
0.0001196573206733620061
2.186388663133290459e-05
2.002594567360041418e-05
1.497591102354211878e-05
1.680731863879681581e-05
1.822205178718408833e-05
1.869209796497046933e-05
2.173912070349647669e-05
2.209870102079131995e-05
2.118752697844040317e-05
2.285763377744625627e-05
2.126424797924352211e-05
6.129950622726034371e-05
8.858541251929582876e-06
2.015900635811282903e-05
2.062988737032166772e-05
1.741145416925252609e-05
1.308191736111709535e-05
5.378792618803321488e-05
4.329581825585240271e-05
1.352485323496112687e-05
4.156749214363108835e-05
2.036458957118242568e-05
2.7664416915212841e-05
1.482431332958763002e-05
1.675550881496335251e-05
1.053963090942415604e-05
1.502014538202859506e-05
3.438087979572864681e-05
0.0001274507512152145265
0
8.803179247513371052e-06
0.0002561459488856996096
6.129687620706273364e-06
0
0.0001074950525444913409
0.0001220914564258701964
0.0001947225147143239886
9.703962999142582476e-05
0.0006924501630411015064
0.0003519682566729361354
9.858681783228605885e-05
1.875821950620208984e-05
0.0003236553582970556572
0.0004022131209603526346
0.0004987712505922482992
0.0006112843094185823603
0.0005240401466912155207
0.000237291070457443091
0.00082188932376142589
4.704758624666877597e-06
5.622783687603802766e-06
4.190987933475970195e-06
0.0009497199723517159818
0.0007702061325363545631
3.226642398651129059e-06
0
0
0
0
0
0
0
0
0
0
0
0
0
0
0
0
2.308822060947505248e-06
0
0
0
2.744613860737621526e-06
0
0
0
0
0
0.0005265316711802124324
0.001159926953783370135
0.0008246318842668721137
0
0.0005632259443444329354
0.001250933886578932093
0.0004810300017999259519
0.0009630078369582010861
0.001490631634082484943
0.001373825456744348682
0.001728305191875203952
0.0008396846199714802332
0.0009291193200406693735
0.001035564243816501813
0.001299059670382125657
0.0002553020099369724717
0
0.001583249042493865312
0.001447587167841018173
0.0005355136773203739891
0
0
0.001842948646450938638
0.002011823808050712103
0.002053302592499690708
0.001167889613619239701
0.002050598032779549738
0.001516649070158728558
0.001790533996276516115
0.002121055483354858471
0.0007518233217108618227
0.001724789465362512424
0.0004360515618482147253
0.0001871158347147445491
0
0
0
0.0001015767643596064836
0
0
8.832055500705570273e-05
6.602971861231949919e-05
0.0002045522451592532659
6.140706318983262879e-05
0
2.127012128558194455e-05
1.368652927282790741e-05
0.001644996516181148304
0.00149867339115829592
0.0008821608011621287146
0.001582640088426009095
0.001284909394274758119
0.001037358401873328829
0.000984989909294345465
0.0004878605693231428367
0.001721172890465848173
0.0007375638833405712613
0.0004061096734381797711
0.0003937763113065593937
0
0
0
0.000750303056771022903
0.0005504775996928980503
0.0006634349731875652202
0.0001446148068155599401
0.000189124482714266007
5.429195700119302589e-05
0.000120598780525594325
0.0001292976265716766558
4.435944577009150733e-05
0.0001035240378171349015
3.957238584291872501e-05
6.825973613175257142e-05
5.175797839603420636e-05
2.707365114325294012e-05
2.712896046237036403e-05
2.297636481228069717e-05
0.0001618204407671903708
1.907584961119117707e-05
0.000200806794347735282
3.101497270160055855e-05
5.847826972773146085e-05
2.671944478579542712e-05
0.0002278147688484328474
9.100274058417335307e-05
8.463114306593846003e-05
4.508793151088547307e-05
0.0002768447533045779985
0.000329300929845758694
0
0
0
0
0
0
0.0002369243478218814147
9.154986495993723897e-05
0
0
0
0
0.0004641078785611342235
9.766455109354570813e-05
0
0
0
0
0.0004776978426284393718
0.0009017659117990758141
0.0009609395910533794806
0.0007940857388448425503
0.0003420310783115621152
0.001482890462463970277
2.957269298664795857e-05
0.0002053734543807530892
0
0
0.0002101481138743385149
0.0003890228446986779103
0
0
0
0
0
0
0
0
0
0
0
0
0
0
0
0
0
0
0
0
0
0
0
0
0
0
0
0
0
0
0
0
0
0.0001440772503295302401
0.0001556485855343893779
0.0003040188978950175897
0.0002484921769008552436
0.0008774286703396654789
0.0001317762225358757471
0.0007787671396248329421
0.0005148192267027262717
7.324821532503255814e-05
0.0004358240053905186183
0.0001412714459786102393
0
0
0
0
0
0.000529342818829417602
3.394854445641070913e-05
0.000515408063813812059
0.0006896316971749749886
0
0
0
0
0
0
0
0
0
0
0
0
0
0.0003615971167949994674
0.0002921136148830215471
0.0007086684517953068668
0.0004393479716590939304
0.001287729613051977933
0.0003127910673900277834
0.0008989122105461341047
0.0006153763546707747894
0.0004593928831398035105
0.001422117795313097583
0.0008401913285000094274
0.0005205983058038836722
0.0004265717880186233285
0.0005876244540840778715
0.001472262771486263985
0.002127578079526807209
0.001607059304200548957
0.000178705556646725544
0.0007411251888024383404
0.0005771945102174652316
0.0005159064618862968998
0.000689385785783691845
0.001959724861849699608
0.001314535109700238399
0.0009765542246981882531
0.001966648473073159733
0.001314178274212393291
0.0003855702259527161286
0.0001716157606537252174
0.0002517299995354025949
6.635552845991604263e-05
0.0003860668327423475311
2.51631230314495601e-05
3.864325407614005317e-05
0.0002670091737726522103
7.895856530218811544e-05
0.0004728651372402499736
8.67948970878783027e-05
0.0002696305638757088533
0.0005932209860130970057
0.0001653658713355250537
7.329011816575322193e-05
8.55727548979484052e-05
2.424872764173736613e-05
0.0001695361048804241945
6.203287513110676001e-05
4.576328020371174369e-05
3.600008000020014345e-05
0.0001387459523710363228
0.0001410695573483621381
8.941767726899333031e-05
6.967268992947884274e-05
2.974266466069518957e-05
0.0007215080832865028481
0.0005964366331881152143
0.0008886140299524600272
0.0007079821416706348711
0.0009611877144137886096
0.0008001389357373937545
0.0009058937961485781162
0.0007831794219488986226
0.001039792544566277809
0.0008686534564476554353
0.000506534611096850205
0.001702678823157659444
0.002155798939492457791
0.002201703473538996376
0.000993657456389992642
0.002088677931237873427
0.0002769224917572431915
6.985861283379648037e-05
0.001279875083501466138
0.0009722978190576993815
0.0006960705627338594241
0.0006276698758673277456
0.0005728323770300014104
0.002144059360533684313
0.002149546483846157593
0.000869072275529150849
0.001826803073833097729
0.002085121324705183424
0.002135878387549895296
0.00212443110169483005
0.002088966216848047158
0.002095057969186309762
2.337349365387479834e-05
7.855592330691934665e-05
4.262241043731952034e-05
2.279616531028026553e-05
3.341163355566808819e-05
5.609576814356353797e-05
0.001038775497279579955
0.001331479081295050982
0.001053208167630434846
0.0009592247287724940154
0.0006453449123262237431
0.0008546306256261239267
0.002185119905492605066
0.002166927966386491579
0.001712210268766365751
1.009911264547025536e-05
0.00128111883786412588
0.001095591457567228607
0.001440797761789156884
0.0009966903397435257928
0.0008984580753700294273
0.000738598965922497401
0.002141820577127562762
0.001215408740609271029
0.002149083716872713518
0.002222170092607968477
0.001981319830084605268
0.002058531545165961582
1.612331116636817253e-05
1.654805893851964447e-05
8.485001851121104656e-06
1.308202874398454963e-05
1.487459310258533495e-05
2.226930461326463858e-05
1.974823598919655577e-05
7.152742075415549692e-06
2.501582287227684532e-05
1.529792672514317055e-05
8.098426836242189359e-06
7.006249864665063058e-05
2.892496685230875502e-05
1.843283974493433082e-05
0
3.683331940071161298e-05
1.650216197946502997e-05
0
5.237863218676736432e-05
0
0.001695574144160377685
0.001903214347070448413
0.001924223523509891983
0.001518375755801916905
0.001035340382354922074
0.00143488694673982696
1.714130106646468392e-05
7.379932261002986602e-05
0.000584460753789852773
3.706241942332410709e-05
3.074750649704142004e-05
0.0009362643864494921099
0.0006750870566097485689
0.0008222409830595476263
0.0004145718507719405531
3.581709859441149736e-05
2.799948151559599201e-05
0.0001161151995418080668
5.058103611064311718e-05
2.380896072352612367e-05
3.710376158855902267e-05
8.952875816852271483e-05
0.0004168879989720153064
0.0001937368495506885219
0.0001689799074037157882
0.0003635249079848810734
0.0003646402088251165467
0.0006977407871430224996
0.0003047145095078031729
0.0001783537253099653185
2.82420094299226952e-05
0.0002740654944249990292
2.980336018568962951e-05
0.0001782950685061237607
0.0004293827212047815131
7.483362767785999839e-05
0.0002559976393076859955
0.0007584775013953647029
1.98486086158149554e-05
7.971711935313442721e-05
0.0001107096964987937525
0.0002881328872685705441
0.0006043164055815284643
0.0006029404189655903539
0.0004844728029495807458
0.000163681080583265152
0.0009209800626976703602
0.0007746994217602203936
0.001143117449808360182
0.0005931462116634835229
0.0007375537633149019043
0.0008674473643160010095
0.000983023881856860942
0.0008567577802743323251
0.0007310982029159463196
0.0001956234916748065481
0.000992566442680198769
0.000610556019023222288
0.0003133275043340544622
0.0004068443555870773169
0.0004990845889305193768
0.000459747684294952504
0.0003265385093173358341
0.0006252625366586889687
0.0003165134799001779022
0.0003761535582883310941
0.0009584386808601505275
0.0001456657149352919391
6.97153302057618553e-05
0.00084674218625595374
0.0001397979299247557601
0.0001851486052974235898
0.00125405690358423535
6.948492550550993156e-05
2.761182889201656526e-05
8.869656335006500798e-05
3.534852720277072526e-05
0.0001790411070727633439
1.67373607303416267e-05
2.725735644542283333e-05
0.000372061979049191627
2.270748643851141732e-05
9.438013848021527871e-05
0.0004049983362165979119
2.026710821414026595e-05
3.728851025048928033e-05
4.145670154005984026e-05
8.003928771461741383e-06
1.493163692839137964e-05
1.103334748602004798e-05
2.996988859798765568e-05
2.092762298352626179e-05
1.300253361545272311e-05
2.212585773037018471e-05
2.304327552325034263e-05
7.749783013437089166e-05
7.209181156076875381e-05
4.671053837838807612e-06
4.423109695280372656e-05
3.551366722748688128e-05
7.200914819303513533e-06
0
7.811298226035711111e-06
0
0
0
0
0
0
0
0
0
1.013703845725287634e-05
0.00111398611383770464
0.0005799849290559413052
0.0004289046351580282491
0.0006756530147404522573
0.00083134803109768474
0.0006038828995368005458
0.0002461356911888412701
9.375093143605307149e-05
0.001772729549530649949
0.0007937564598703238496
0.0001618077826409378475
0.001281960375190335571
2.922848532210292518e-05
0.0005815923978251493669
0.0005431360087069816945
0.000792128824600086363
2.656081518879328904e-05
0.0001289343686180976166
3.225179148670027679e-05
4.960827869690187714e-05
6.499550554653753145e-05
0.0003337022655682354367
0.001000418338355694254
0.001117736463177394909
1.91633439693087034e-05
0.0007073290848347458127
0.0005837849743993989019
0.0005405072670660297394
0.0006005149426086538005
0.0007018949355760135782
0.0005517285709023625213
0.0002858128524607398357
0.0004555583317676001592
0.0006560465960625331801
0.000442235730799497872
0.0007515277683969281064
0.0007966393860216619289
8.6069841516363488e-05
7.335402684345466724e-05
5.170871333495969128e-05
5.869435480054125271e-05
0.0008675148270527720815
0.0002339885214276423255
9.909196796614871966e-06
1.021737686452498311e-05
8.713333822446088365e-06
2.902236417756476697e-05
2.184866378934729829e-05
0
0.000266559889535600324
0.0002381939119435234236
0.0004439367502551393456
0.0008003186731351463138
0.001293498559342728298
0.0009475732796502834556
0.001011485907992952429
0.0002585237918340494248
0.0004014681559825736311
1.445928156994608852e-05
0
6.430379236935929843e-06
5.901253931508920693e-06
0.00193211351219736596
0.001329493373012477844
0
0
0
0
0
0
0
0
0
0
0
0
0
0
0
0
0
0
0
0
0
0
0
0
0
0
0
0
0
0
0
0
0
0
0
0
0
0
0
0
0
0
0
0
0
0
0
0
0
0
0
0
0
0
0
0
0
0
0
0
0
0
0
0
0
0
0
0
0
0
0
0
0
0
0
0
0
0
0
0
0
0
0
0
0
0
0
0
0
0
0
0
0
0
0
0
0
0
0
0
0
0
0
0
0
0
0
0
0
0
0
0
0
0
0
0
0
0
0
0
0
4.567728507456342895e-06
7.389845692706591607e-06
5.007205253496417629e-06
0
0
0
0
0
0
0
0
0
0
0
0
0
0
0
0
0
0
0
0
0
0
0
0
0
0
0
0
0
0
0
0
0
0
0
0
0
0
0
0
0.0001222647172605894033
5.77449731857926482e-05
0
0
0
0.0001216807519763447865
6.011488390664290738e-05
1.879805760214552175e-05
0
0
0.0003793376223493445209
0.000739774160791474328
0.001222017484141653355
0.0008253481203883381327
0.001198246136574203802
0.00123310000765977602
0.001323128736939456528
0.001131164375391862601
0.001422410347794183681
0.001263829078246590798
0.001012646304795553022
0.00109095798802579815
0.0009785568130590777472
0.001570123009801071938
0.001311580090016290119
0.001160293649324334927
0.001448265900414270717
0.0008343090625258962282
0.0007699146816230171587
0.001422151658228278928
0.0002751528681971083059
0.0003611993622260219997
0.0004603208282117942415
7.132502954487101102e-05
0.0006401037442745494827
0.002305053238426357266
0.002105586336587870425
0.0009514675550682313984
0.001709212712983733569
0.002244604055436985168
0.001857709555947469841
0.001250390360925503121
0.0009510293092035330487
0.001302791358894627967
0.001464045204546852302
2.541292334400847733e-05
2.640569977972242468e-05
3.653380167370991649e-05
2.191820469471391318e-05
0.000166106940251881845
0.0004603321704725276786
0.0001728000417514279974
0.0001078391786233587346
3.260984326842096494e-05
0.001125743658510537778
0.001653553565655123533
0.00134001389094038823
0.001485987781389429318
0.001418545721144863665
0.00133824322963830341
0.0008879251251111140893
0.001452304823841096219
0.001592342292686021099
0.001587945101090140927
0.0001824811107328012277
1.562516276214917705e-05
0.0001072111567309666659
2.161909587022276869e-05
4.67457726484690636e-05
3.152623075778456711e-05
2.528353805222420265e-05
7.113134402264374007e-05
3.198316769369802064e-05
0.0003471772549034373876
2.008738804639766693e-05
0.0002473681809246062232
0.0001621097381656462456
5.245585594315382995e-05
0.0001336410637911679487
0.0001282102238281710251
0.0002526073398278847609
0.0002854902055482095354
1.814945477754365899e-05
5.016944779270303059e-05
6.548846068148373107e-05
0.0001303201176063796714
1.715976790943213754e-05
0.0002056037470330013251
0.0002309682343964048618
0.0001077414235779382517
0.0001936989081065748966
0.0001669230014039640498
0.0003398221217934466794
7.526129482436416445e-05
0.0006788704003040249915
0.0005881018761132636961
0.000517206843140521357
0.0005541280068504484627
0.0004243370222664429752
0.0004490294697699836416
0.0008678989058089122289
0.0007835691032165074087
0.0008138838932441379986
0.0009291974837578224162
0.0007937373785541185873
0.0008880517843772585103
0.001018679217834393518
0.0006824052400589906671
0.001128365687572183747
0.0007382589306529734052
0.0006228988057167765937
0.0004753756059470783156
0.0003173866177040282946
0.001047944349312935003
0.0009452522558079817262
0.001123757825857578472
0.0006213771781613471089
0.0005341519999223145066
0.0009480627135892366955
0.001199956746356489051
0.0002827151590404796853
0.0005533588139672371417
0.001034411923387378984
0.0009465626651478954972
0.001065707733035102392
0.001094493867922287844
0.001286794410316462406
0.001210365630456365421
0.00117348637723000966
0.001367924193731460741
0.001072747384062702194
0.001243976661405086235
0.001211708814960190837
0.001216408559105732617
0.001203117357383553382
0.0008765569703944976277
0.001448039821674566635
0.00104230619048844707
0.001348912651297463515
0.001347415167161412127
0.001128830868531697021
0.001409857868178000231
0.001341906298481857418
0.001118072805351646819
0.001605956969537841684
0.001488597723602314276
0.001111117094349223971
0.001142504221693898614
0.0003630633675156232977
0.0006122430735308963777
0.0004490180289884814044
0.0006914897686511156227
0.0001933231751693238623
0.0007184028031481535983
0.0002424482746942486372
0.0008128926930370764664
0.0003986114421977378407
0.000413909996356311594
7.031221824511662709e-05
6.064312500271637084e-05
0.0001515087803055852967
0.0001881588909648434171
0.001295544172509776682
0.001353755379340934855
0.0004399423216268863891
0.0004048458822087979618
0.0003202482769830096898
0.0001598047250802924282
8.01019112708554169e-05
0.0001890559287577400251
0.001284152943562038175
0.001248189541034743074
0.001310633943390015045
9.800507946553026033e-05
3.549939854534416754e-05
0.0001153123310214501423
4.825629361419002915e-05
1.492695646694784493e-05
3.65674482392613284e-06
1.206460210362862145e-05
6.828738957166093966e-06
3.033142881523942218e-06
0
0.0001524859885383871082
3.285269786674029687e-05
7.587126592201020724e-05
2.592064511387878918e-05
5.408635854704678576e-05
3.796116382365743032e-05
1.482318760458145693e-05
2.419237381410162268e-05
3.173883526479851587e-05
2.320310276062179046e-05
2.310328320034541621e-05
6.098636846064624608e-05
2.93639537229659886e-05
4.563572995386031242e-06
2.053649144060031945e-05
1.786191971696751235e-05
2.10713790408472004e-05
5.106051133571364161e-05
2.32185741203638058e-05
8.09800087638818056e-05
2.424548129009056804e-05
4.921321263299514609e-05
6.367125787236786239e-05
0.000279976823756602892
2.836822376407467606e-05
4.763279854812551347e-05
1.91886577218464824e-05
0.0001787896986739533805
0.0007904464435187126287
0.0004015049055600450377
0.0007009641521628786438
0.0003070430452944884368
0.0007716395457845024071
0.001046045489435810244
0.000957712931029211078
0.001279024003925266495
0.001083913382963986195
0.0006432200050646827341
9.808645398723622077e-06
0.0005515405358220662902
0.0009199316433676303553
0.0001661902891768149058
4.481518184742061948e-06
9.579469631455320855e-06
0.0009174677992276866799
0.000318489843942477242
0.0004710488501231974308
0.0001072617961591212845
0
0
1.462453886863463126e-05
0.001424068011604895335
0.0002274729150859150224
1.301461708261150168e-06
0
0
0
0
0
1.592958264495431312e-06
5.583729479565993663e-06
1.986092276470118051e-05
0.001293229597932546481
0.001453168608908736274
0.001325514019339363086
0.001423871038957635242
0.001448654642820304322
0.001071541057354857048
0.0004385601707860245935
0.0005257606024101474894
0.0007649774267771148597
0.0009075769648491018721
0.0007314199725579982993
0.0002762159305726131185
0.0004140687402109892033
5.936474320001107767e-05
0.0002743722676706604794
0.0005537157729831477387
2.154483657637864201e-05
1.057485998049970566e-05
0.0001662089584142182599
5.851916021899292576e-06
3.33279388780987281e-06
1.126587609654824176e-05
2.294657820728742545e-05
0
6.480048699286962427e-06
0
2.34493877877636368e-05
0.0001004203649094653468
2.330626911211468289e-05
0
0.0002588978998452941011
6.927664454208634832e-05
0
0.0003109966103289456556
0
0
0
0
0
0.0005718312925860548519
0.000524720449751241028
0
0
0
0
0
0.0001986557628216234961
0
0
0
0
0.0005818798491134049037
0.0003158939680898947941
0.0001169833210026760475
0.000422046045292818247
1.590950813074176745e-05
6.312129595137695184e-05
0
3.808819592159583321e-05
8.139631536498848205e-05
0.0001655822889228646924
0
0
0
0.0006652728850247381295
0.000858172214691447382
0
0
0
0
0
0
0
0.0003827058998514969754
0
0
0
0
0
0
0
0
0
0
0
0
0
0
0.001030910481002483836
0.0006844696745849361379
0
0
0
0
0
0.0009992029855115298377
0.001168320993082838221
0.001204745943295746973
0.00103946772288408297
0.001406149203837042498
0.001234174495486746459
0.0006028256911125664565
0.0002206466077230712357
0
0
0
0
0
0.001518313822774795428
7.54246934970620648e-05
0.0003390593885725643234
4.887805358504280411e-05
0.0001648682417431464233
4.446958419094828544e-05
0.0001819865666106544751
0
0
0
3.368312980340719507e-05
0
0
0
0
0
0
0
2.121816639628672241e-05
2.198669734468297751e-05
0
0
0
0
0
0
0
0
0
2.067878744891814508e-05
1.743100863529350596e-05
2.369869876935311944e-05
2.270997188368486088e-05
9.924701180279363994e-05
0
0
0
2.334979919937979411e-05
2.63328322686247633e-05
5.58342225249239103e-05
7.403493976227804951e-05
2.634457972402447234e-05
3.731645037119081423e-05
0.0001182470553384584061
0
0
0
0
0
0
0
0
0
0
0
0
0
0
0
0
0
0
0
0
0
0
0
0
0
0
0
0
0
0
0
0
0
0
0
0
0
0
0
0
0
0
0
0
0
0
0
0
0
0
0
0
0
0
0
0
0
0
0
0
0
0
0
0
0
0
0
0
0
0
0
0
0
0
0
0
0
2.879226569856344325e-05
5.032733483873004377e-06
2.427262055927535522e-06
0.0001514158630041946227
5.306162202576966333e-05
0.0003372382412913080729
4.614505376490703604e-05
7.018396295646702257e-05
2.732303200517182393e-05
0.0002328231682136124221
2.553182670980733788e-05
0.0001588665452857360996
0.0003534189705591249137
0.0005354065496678926802
0.0002069763849593703891
0.001027970641069925889
0.0004568623440756346197
0.001160025712125220413
0.0008901972624643695892
0.0002281122400242224899
9.210407325560194028e-05
8.589899842641197773e-05
0.0003981916507911160887
0.001308458368933093901
0.001050533030240841277
0.0009215469344836421358
0.0007025553529249324407
0.0004873457572713578477
0.0007546473685733938105
0.0003830178230580423841
0.0007705838753133712957
0.0003676829477487148293
0.0006149787966996744055
3.298190185235616936e-05
0
0.001276970515518681447
0.001445064243236575657
0.001249569116342225637
0.0003622506429722192455
0.0001161735169164895528
0.0006361261158248996805
0.0002221681092945963949
0.000307311195692033703
0.000631898890371016919
4.135747256625545902e-05
6.929172005487793044e-05
2.209867284414914135e-05
0
0.0007950130795083568342
0.0006670289727197357705
2.795933334268815005e-05
0
3.142216738106687725e-06
0
0.0001256451310615541272
0.001051669157197826021
0.001495953507901203686
0.0003583441561852087785
0
0
0
0
6.58524076986582188e-05
2.028126773059262718e-05
0.0001884567977958581165
8.264229045221586673e-05
0.0002225497042332096162
0
0
0.0001632525433355896157
9.411378410039770016e-05
0
0
0
0
0
0
0
0
0
0
0
0.00121010272934439023
0.0009962471223569065257
0.001059550371472350958
0.001148358516665998544
0.0009025651799113567839
0.0008632340967535592074
0.001084309725991001137
0.001218299236936987119
0.001089645869468724429
0.001190346943785583218
0.001173147331956817972
0.001156539693190069846
0.0009420928992284944604
0.001119626493862251526
0.0005218395911834799528
0.0005274569555970732996
0.000868665780633705374
0.0007411578953947526921
0.0007415070990465057795
0.0008601715687749927767
0.001011319038106992495
0.000967221413484431144
0.0008368854439456693915
0.001026089023944183219
0.0005471088665364452807
0.0008556469241481679845
2.642629472099064828e-05
7.402219516584338324e-05
0.000123055810212683572
0.0005118495205706967768
0.000423071363202400083
8.351154542659865513e-05
0.000119438126338863122
0.0004814990679427014653
0.001005437828459304281
0.001110845255847528121
0.00120975874454036644
0.0006945257996425252458
0.0006017513627107190771
0.001052943044506554886
2.588466856389126512e-05
0.001013687610477050517
1.178655983426822964e-05
1.151247180091691198e-05
0
0
0
0
0
0
0
0
0
0
0
0
0
0
0
0
0
0
0
0
0
0
0
0
0
0
0
0
0
0
0
0
0
0
0
0
0
0
0
0
0
0
0
0
0
0
0
0
0
0
0
0
0
0
0
0
0
0
0
0
0
0
0
0
0
0
0
0
0
0
0
0
0
0
0
0
0
0
0
0
0
0
0
0
0
0
0
0
0
0
0
0
0
0
0
0
0
0
0
0
0
0
0
0
0
0
0
0
0
0
0
0
0
0
0
0
0
0
0
0
0
0
0
0
0
0
0
0
0
0
0
0
0
0
0
0
0
0
0
0
0
0
0
0
0
0
0
0
0
3.742084585729907366e-06
0
0
0
0
0
0
0
0
0
0
4.846857331460185838e-06
1.337575053661579893e-06
0
5.452337744999466684e-06
0
0
0
0
0
0
0
0
0
0
3.640156181241134347e-05
0
0
0
0
0
0
0
0
0
0
0
0
0
0
0
0
0
1.014433020397105211e-05
1.678536401384090302e-05
0
0
0
0
0.0001026243876234864756
0.0003377678269008819079
9.113538601474034174e-05
0
7.284487278297972746e-05
9.804050757797206088e-06
1.483549734897574024e-05
9.309298990386094454e-06
9.683224957436242824e-06
4.407640373108510608e-06
1.848064332726565142e-05
6.924175017497144843e-06
1.567578864927343126e-05
1.190179738020422339e-05
2.079079095185596147e-05
9.956758493288008356e-06
4.648620364895203309e-05
2.022115156553118791e-05
0
0
0
0
0
0
0
0
7.481451441262784984e-06
0
1.917598808876635715e-05
0
0
0
0
0
0
0
0
0
0
0
0
0.001411794747964034095
0.001537008421546152883
0.001545751060677276944
0.001530485149342032929
0.001344306969594886124
0.00164007925651089956
0.0006370860946524731748
0.001688227104119523593
0.001645482779463565068
0.001692435109890570765
0.001540186633992537534
0.0008840443009240822646
0.001419964191293519341
0.001680293161608801449
0.001669781738522062905
0.0008642312664737801346
0.0005374149959993826343
0.0008975447190003325902
0.001606832779419368334
0.001624147888397810225
0.0003716616549466463058
0.0002965802576565549557
0.0009687246496442252592
0.001264667954112706511
0.0005416101546586473119
0.0002109608118261123563
0.0007410630163740953603
0.0004121268658522084715
0.0006840355229302198976
0.0005132629311306956656
0.0007955048633792419525
0.001016487533542442595
0.0007337870980282621162
0.0009949849059419017643
0.0009147441920541271544
0.0008640008271093308628
0.001091922560113051588
0.0007993449091249482923
0.0009901320468314869436
0.001173713878097631773
0.0007969411797039483488
0.0005648079289104980701
0.001118574514078986412
0.001001982776447461884
0.0009208190811232726172
0.0001877935275442169517
0.0009323717892690277197
0.0008729279346057796079
0.0003249932412117635455
0.0003518070989556842379
0.0002983437130220132445
0.0006982696266362455571
0.0001963578504585747429
0.0003051938977024835735
0.0009497026171459186468
0.0002262541781572263635
0.0001393728564595962433
0.001444952830298486864
0.001712797615708677463
0.00104920737301620725
0.001813558497888102762
0.000952668594967934451
0.0006355934977384972802
5.373869012138200361e-05
1.827535090987465478e-05
0.0001310067974855378921
0.001395566973428833627
0.001160527027708101394
0.0005160936082308182704
0.001768063777901745896
0.0008145996267285005293
0.0007986445131537034956
0.0004936496359582975011
0.0002658988789852960422
0.0001509640662196781377
0.0001359701534321519807
6.639075221377059403e-05
0.0006156887169710939089
0.000782493956078895189
0.0004169299815840118995
5.469873831659226825e-05
6.945689699173176665e-05
0.0002383178127417529284
0.0001375632532965740881
0.0001939217561250262544
0.0003446815246039375497
0.001593046791075431595
0.001137678045781935574
0.001547267409106251436
0.001550071615533527448
0.001598112119019205572
0.001484568014429877561
0.001711839915906987345
0.00153355546384227083
0.00170047237872336123
0.001661054027926864513
0.001622776669480993899
0.001732164241075132092
0.001705177253727662573
0.001659751712000929027
0.001565087899826907809
0.001506604130345916715
0.001634152765078570203
0.00164069301739686881
0.001573038951366969706
0.001425692168836067844
0.001592502346152886283
0.001490613363869371707
0.001604318865619823843
0.00104173784161298898
0.001009374983180302962
0.001127705212775074366
0.001263496455999327294
0.0009031875043468605641
0.001007205850796750709
0.001038061977639441035
0.0007716378476111044986
0.001434734964348973515
0.001419597839277616461
0.001460203843624196954
0.001519682860825787886
0.001324494241831573492
0.0006023639909106595896
0.00050289455679394259
0.001143895943683934406
0.001281523676147578806
0.0005268791877249053447
0.0008568585025335744877
0.0006051057298233635147
0.0007870873051550685397
0.0006935595970314024569
0.0003743031359981405758
0.0006096601150993374374
0.0008660314436966877515
0.0002870418545918826977
0.000368058000150126702
0.0002663971546153087061
0.0008056883949240643047
0.0004584234407709521925
0.0007228009769434050845
0.0006507976609642233999
0.0004941755824629242644
0.0006816914586672353799
0.000831336729320045556
0.000379333198759784925
0.0004995351683998900142
0
3.890821459956512909e-05
1.951102243826483197e-05
1.45234220804883545e-05
5.931756762741515859e-05
0.0001404349890287316519
4.068897739279105818e-05
2.206639305966108771e-05
0.0002769049796555958661
0.0002611930500829387773
0.0001079760575450650377
0.0005280809585708334938
0.0001534975822747198658
0.0001572243247626651358
1.270702987301482043e-05
0.0003406429942534669334
0.0004572197765416846074
0.0005773860653945408474
0.0003212530847650318759
7.083344575719592974e-05
0.0008426938607612320838
0.0007240921125400528709
0.000605745191130598634
0.0008540220972941998945
0.000736450535781397477
0.000988617069870644221
0.000622067431844226088
0.0009450489223461119035
0.0007195006137262373444
0.0007408617201838797565
0.0008430462392214587959
0.0009123551961963764214
0.0006589924269324098438
2.074618129785549302e-05
0.0001838375170523415432
0.0003802640585899349905
0.0001893950347021211393
1.696538289461874424e-06
0.000870648849894620192
8.753001497425490609e-06
0
0
0
0
0.0003366474252995205131
0.00137701820558437161
0.0006728592239766190879
0.001549469029418711541
0.0003208878986256179342
0.0002477965637004214076
0
0
9.732350213193834078e-05
0
6.280164808474783837e-05
6.654581345798607755e-05
7.323210556227626594e-05
0
0
0
1.091669071160626457e-06
0
0
0
0
0
0
0
0
0
2.361242974307337875e-05
0.0002941326088591837283
4.437175107695765977e-05
2.390068576269859164e-05
0.001522104718357927865
0
0
0.0001156802659005645641
0.0005091801884163665208
0.0006140029242402623337
0.0003585404601540661835
0.0005857985166942987878
3.824070789612474795e-05
0.0001425749725689574106
2.52384555292410823e-05
3.590929961453841808e-05
0
0
0
0
0
0
0
0
0
0
0
0
0
0
0
0
0
0
0
0
0
0
0
0
0
0
0
0
0
0
0
0
0
0
0
0
0
0
0
0
0
0
0
0
0
0
0
0
0
0
0
0
0
0
0
0
0
0
0
0
0
0
0
0
0
0
0
0
0
0
0
0
0
0
0
0
0
0
0
0
0
0
0
0
0
0
0
0
0
0
0
0
0
0
0
0
0
0
0
0
0
0
0
0
0
0
0
0
0
0
0
0
0
0
0
0
0
0
0
0
0
0
0
0
0
0
0
7.888983155251678232e-06
3.589838691820793328e-06
8.066395796814953233e-06
3.575201242737081444e-06
3.729476163459230419e-06
6.482423885299599053e-06
4.992330227221245111e-06
2.282642749932702292e-05
1.225036567780159679e-05
4.167462995693827253e-05
0
0
0
6.105501351683831465e-06
0
0
0
4.09740580940994038e-06
8.894019353149067739e-06
1.987691271759067216e-05
2.564899515353921363e-05
1.056923961043860368e-05
2.642417398932877306e-06
2.089600160465145624e-06
9.400522791754319492e-06
0
6.244363214001660665e-06
1.213641802810704393e-05
6.215347497125046043e-06
2.448641386977351737e-05
0
0
8.916615174073090139e-06
1.89875691778700371e-05
1.427936208502184713e-05
1.242630843743556461e-05
1.238425373445974857e-05
0
0
1.437868956782328302e-05
0
0
0
1.057302512205085808e-05
1.335162504478755598e-05
5.832245825621544663e-06
2.168687803308368779e-05
5.766180768042809536e-06
0
0
0
0
0
0
0
0
0
3.198112752925139145e-06
0
0
0
0
0
0
0
0
0
0
0
0
0
0
0
0
0
0
0
0
0
0
0
0
0
0
3.636190563328999903e-05
1.725652526560854779e-05
1.27065862765794724e-05
2.957928260805101116e-05
0.0005786887008324833551
0.0003435064480564527126
0.001389748031049995586
0.0005788013149300596681
0.0001089304956793375707
5.356543822175421942e-05
5.306213287486635734e-05
2.868777781501378769e-05
0.0007432236875721822365
0.001637959287760346614
0.001860586436215392377
0.001080440618828673203
0.001818845133660312342
0.001828437754330972283
0.001889496455149190747
0.001912573708811701918
0.00193946778414256062
0.001844195706163557612
0.001934564166844784678
0.001127445316496925812
0.001768310776800309991
7.713504821205567131e-05
1.949989977308258336e-05
0.0005442442393158465879
0.0002199716807616923639
0.00042143002396844738
0.001323179809466300044
0.001085965126177956472
0.001374073638103325348
0.001237367760091771926
0.0013829876464000199
0.001549131516299778136
0.001034691370417253637
0.0009285029177161241171
0.000986734037945311785
0.0009872688029280267136
0.0009430379695666403841
0.0008399059037174216999
1.19320327731391629e-05
2.433398710672150849e-05
1.35955816447568212e-05
6.72207026684338248e-05
5.366094810284892017e-05
4.05833331219115532e-05
9.915402560222209713e-06
0.0001079462832517146041
0.0009281840797419210493
1.55089129168114632e-05
2.204406024855504057e-05
0
0.001568762766285438769
0.0006911570189520501849
0.001567338020748109328
0.001165829056055911386
0.001474409892206982216
0.0006605485444455916431
0.001358009745557302392
0.000182883053942997371
0.001381947680026742722
0.0003962469144481666579
0.0002247859770483935497
0.001356330146391720136
0.000353052686203220948
0.0004611228521173669093
0.0003216487047534897863
0.0002244554080750805949
0.0005611886351022587691
0.0001180064578678309789
5.875435266179090385e-05
0.0006839289401296807982
8.920382931976941234e-05
0.001380329153736277632
7.32193340410535712e-05
0.0001615199664508516352
4.08688891235026901e-05
8.435073455193231812e-05
4.751415904003143545e-05
6.26682586810057917e-05
3.799242243911299887e-05
0.0001660367825189849335
6.928676045121760806e-05
2.542237905873838568e-05
8.532632513098932709e-05
0.0001821741039224243576
0.001153018193552258651
0.001296960203297533535
0.0005869889652631843629
9.039143380863034387e-05
0.0001591998564074677605
0.0002300792450132481924
5.161093949952087973e-05
2.624724850770610013e-05
0.001225026114172244295
0.0006259474662517946217
9.596645340037919427e-05
0.0003794865079904059845
0.0003459735687634953559
0.0005585237451185475974
0.0005040280733164923151
0.0005462279789910202358
8.880279544488275359e-05
0.001237394721147277912
0.000624959837287328247
0.0001903111294905129045
0.0003182587960773303865
0.0006856124952176502474
0.000111357795596579175
0.0005902659568815399067
0.0004080428906979790302
0.0008639219024049311869
0.0005830660650381113211
0.001305375023730948741
0.000229804382201104191
0.000447712139363277712
0.0002222594066068804769
0.0004839904198597408391
0.00129465862339957845
0.00131372815920290033
0.001359253158928936354
0.001462514060547666101
0.001420586437871496164
0.0009403425664484660849
0.001239349202747001963
0.0007931720838886327767
0.001395009569975560028
0.0006973767374309126519
0.0003814342506962480972
0.0003413605203435222555
0.0002061499614729068596
0.0007469278856416896369
0.0001425048099091807941
0.000347341932529687022
8.186758035794478743e-05
0.00040740906858705028
0.0002795163664315635302
3.366984799758560921e-05
0.0005919433571601654233
0.0002233351100678967072
0.0003194056403344383414
0.0005804963489805382675
0.0009371861599606207127
0.00035538735143197253
0.000588401962485914109
0.000227488472582262468
0.000447036263317012177
0.0008995538446226491493
0.0002071881718096401325
0.001540987546002577091
0.0004303594411506762147
0.0008937162524916700615
0.001308329111781711277
0.0008672635622072256056
0.0006137921125277755576
0.0004230606748559434852
0.0007710894197121646301
0.0006656437387669109779
0.0002471528545340954974
0.00140176556208497765
0.0008627384023834732676
0.000661640739980056845
0.0006240531041377227065
0.0006785655424999519764
0.001165061795008072399
0.001019514550519555517
0.001327233901752081354
0.001175223303712806403
0.001152237613648170438
0.0004665094494555656899
0.0005171127374734980865
0.0009478040467055064405
0.0007781689533404321851
0.0007285890503872325535
0.0008349206814501057171
0.0008218498080802726568
0.001051346341917718192
0.0009793540359984750227
0.0009721425290590253801
0.0006314972827297926639
0.000603583762476989083
0.00103559510570832734
0.001043287217286563038
0.001074969258777373499
0.0007928915747571910547
0.0009519471251934126825
0.0009683498552710940403
0.0008984263130551519176
0.0009604577994606388128
0.0009791673129962642948
0.0006478711228332958939
0.0005189702303884042092
0.0005810882129305568709
2.854220491271906163e-05
5.729907567446264224e-05
0.0001851668888306037721
3.705848902101418362e-05
0.0001122003941153368046
0.0004234135070786214762
0.0007425809706356414778
0.0002431722479510805613
0.00022253453267591036
0.0006401218171028972854
0.0001543587100332991392
0.0003076042764712063932
0.0003682127762090759955
0.0006317950440384722957
0.0007316127882754946575
0.0007607454001372681088
0.0008909285155020973132
0.0008482844070391461341
0.001027837728034413549
0.0007255172588962318855
0.0003158746817527842768
0.0001546043202358500979
0
3.152922234271208829e-06
0
0
2.232127284323078844e-05
0.0002193766397103219545
0.0003110363784425934468
0.0003942951282799666917
0.0001429982735177880919
5.731965760510875194e-05
0.0007610216860375408664
0.0005185237791294799092
0.0006478217065298850835
0.000527245385311158059
0.000177146217078214468
6.233995610595913499e-05
3.251902155203931937e-05
0.0005123597681517907563
3.022247819946678304e-05
0.0002217793324080579126
0.000224657652946056314
0.0006195524354038615044
0.0002673920522816138567
0.0002714499658221563509
0.0004903904726587430358
0.0004294321597497637011
0.0007792876240704986555
0.001526907686381576016
0.001090315103452201353
9.744685906550315665e-05
0.0008778090346744097305
0.001236598692238944546
0.0006020385718114812466
0.0008167833560726217622
0.001018202969143797935
0.001000058873012635774
0.0003589602919195477985
0.001951184929454637292
0.0003782321280231814046
0.0001801132811766098833
0.000200022925949722174
0.00155844279558386067
0.001334050356153368769
0.001968828632780620595
0.001289351834081025813
0.001856783777162531249
0.001156697278179301576
0.001870360013102012045
0.0007164456547125188073
0.001890236248032872018
0.001849228996188111021
0.001916110920643727218
0.001787302543226447493
0.001885231400673022988
0.001960270143050870262
0.001656835164490960081
0.001764514772174519651
0.001844431374500524017
0.001846997360610310021
0.001629075464972447491
0.0006775117563514329805
0.0009393247712374823595
0.0005338951923352013105
0.001117970915282933677
0.001281435385995450052
0.000339402723879636721
0.0004141582428645096728
0.0009480507042261732305
0.0005255693202324224298
0.0009124110223109697113
0.001104125566232216568
0.001522747545348833876
0.0004753301933270007206
0.0003329488213705596861
0.0002189659521806167444
0.0005828760667408866558
0.0001909437493793780544
6.712835934062581626e-05
0.0001223492204855815648
2.691624812920079116e-05
2.826288033761828174e-05
2.947959483056896291e-05
2.70561649808694402e-05
2.305140964983616787e-05
2.244336931449081535e-05
0
0
0
0
0
0
0
0
0
0
0
0
0
0
0
0
0
0
0
0
0
0
0
0
0
0
0
0
0
0
0
0
0
0
0
0
0
0
0
0
0
0
0
0
0
0
0
0
0
0
0
0
0
0
0
0
0
0
0
0
0
0
0
0
0
0
0
0
0
0
0
0
0
0
0
0
0
0
0
0
2.965822530332672862e-06
0
0
0
0
0
0
0
0
4.398028389957191734e-06
0
0
2.827281936088233441e-06
2.73468804531979643e-06
5.201488368782083554e-06
0
3.48473545050806764e-06
1.363064499211679413e-05
0
1.004473752388937316e-05
7.891062978817381596e-06
1.195745998436127731e-05
0
0
7.402083802424355182e-06
6.322034399410977575e-06
4.973079135263247774e-06
3.369141372817309254e-05
1.395168127535063662e-05
0
0
5.131005877344459201e-06
0
0
0
2.000079199612762095e-05
1.844987916272981181e-05
8.534299121388065878e-06
1.887997335148046342e-05
1.133455322326029673e-05
1.550128434205861922e-05
5.033100082538333035e-05
2.246881299927813106e-05
2.409001824465290768e-05
0
2.456789805942462325e-05
0.0001084486495140364024
1.345014228266923654e-05
2.145272692676453456e-05
1.351275583073477366e-05
4.094308410923364733e-05
1.251411282767491269e-05
9.034081023549094951e-06
1.108609230606300938e-05
1.98744238789919851e-05
0
7.667730004973441894e-05
0
0.0001266867462600052474
2.213579794220184652e-05
1.731180434893413514e-05
0
0
0
0
0
3.041536254987616726e-05
0.000153967261988505324
0
6.98471471639192993e-05
3.226390839175226013e-05
0
8.420510935662836463e-05
0.0002146871236188691826
0.0001796479035719889146
0.0005208678992080170191
7.775218031581936095e-05
0.0002836631432265046288
0
0
3.030859105064839456e-05
1.844096620168649545e-05
1.523853318327583932e-05
0
0.0001288170389703959039
4.957404156391533782e-06
8.117706644645234307e-06
3.074095631555397493e-05
7.644951162678339206e-05
1.818497725967146858e-05
0.0001505880580558723405
0.0004897748937686666106
0.000125894497589797502
0.0003979451324218144254
5.696347246720379819e-05
5.870317721847077071e-05
7.232497082561303663e-05
3.224838653945882741e-05
0.0002982641332778887956
2.175442867551683195e-05
1.823184530795451529e-05
2.127999445168980908e-05
3.720160567893308575e-05
1.785088480079532791e-05
0.0001294486907838420723
0.0003908754746141352657
5.526645929437211608e-05
3.983740155802061836e-05
0.001035964291094881818
2.63893802296467125e-05
0.0007984037646705064318
0.0007846635984109907955
0.0005182613807184378992
0.0008834932407957182777
0.0006618368233607557251
0.0008924332069837313548
0.0003635944471562941585
0.001068718742795341696
9.932694598946325421e-05
0.001295549319392511577
0.00025243804480968153
0.0001077713609545124634
0.0002387579989664806944
0.0003058410193635274386
0.0005169144881721649551
0.0004898804819493995976
0.0006114721661952415453
0.0002969837073813403651
0.00134367546964652188
3.513302680912115694e-05
6.569253650324864051e-05
0.0008277291525612402549
5.059000080421601636e-05
1.908950103545132751e-05
0.0007073677602761446444
0.00116793556584117897
0.0003766945554196385131
4.485939486106117801e-05
1.947526781814240451e-05
2.431696063184178927e-05
1.971809057116034327e-05
6.047434676132016935e-05
0.0003965159384450177207
0.0001572113318885964763
0.0003648511350149536651
5.40052648994340486e-05
2.948536789682419039e-05
8.561113410578424798e-05
0.0001068525806972691868
0.0008079621349391670048
0.0001820108554026773754
6.759971974926722667e-05
5.457996279149422876e-05
0.0001872447213496245216
0.0005403837921760139881
0.000252097045767558372
1.128531133116412777e-05
0.0002131828184178578096
8.020708975188333388e-05
2.03898465859022018e-05
2.114335774580305098e-05
0.0002329674685333742829
0.0003574787366576802719
0.001417819062785649143
0.0007997283124168032406
3.073498233481629512e-05
1.939004821949830902e-05
1.76509376922051554e-05
2.995527827189085483e-05
1.984287426988752784e-05
3.485073408669551748e-05
1.429285877500858219e-05
1.435430524632446499e-05
1.790715570574644947e-05
2.42697842147770814e-05
0.001545602653486482245
3.03919603387569701e-05
0.0001119044389661327213
1.968272548348391483e-05
3.980028791540877071e-05
1.708091566347607823e-05
1.030236313016024647e-05
2.987800055532003918e-05
0.0001458826961107476409
0.0001931734412351032932
5.596827296228647832e-05
6.57164726636369007e-05
0.0002327855530646661688
7.3652383322743656e-05
0.0001720535897927886104
0.0001103542711253174764
3.824595207383772695e-05
0.0002408814220794171527
2.115497435693077194e-05
0.001702829541465039143
8.896207464050085844e-05
1.721270644537661366e-05
0.001101429603930062767
0.001608501310786925953
0.0007972604230323675385
0.0007544080502109573854
8.173152100025976043e-05
0.000227018896327010227
1.694377894141264315e-05
1.16490422223005898e-05
0.001287236168342604375
0.0001302002782772118412
0.0002256098187642281163
0.0002515836756085303226
0.0004766782589691829228
0.0004313150519677630326
0.0006832766287774881065
0.0004415338969705732584
0.0005752670043671281527
0.0005929043738554848732
0.0006156121250235141928
0.0006072014261421919846
0.0008032911976190072354
0.000803221811455883403
0.0005995622729934805672
0.00072893194878173508
0.000805186832013413188
0.0007141037428447934935
4.086602753627958321e-05
4.078040536943581916e-05
4.441238686495217682e-05
8.141646752712178824e-05
0.0001157618427959052542
0.0001034160896978653061
0.0002273860763513843835
9.108589373352081074e-05
0.0002627085596741441666
8.580698724126121905e-05
0.0001088882457438676836
2.347601326929680453e-05
0.0001260574747343696568
0.0004863810135627612426
0.000253719138686058312
0.0003360719355423811552
0.0002284978860047470316
9.93224443893402358e-05
0.0001366898582210870569
1.391904008460092179e-05
0.001065673658868645244
0.0006467861761010859677
1.460430962851862289e-05
5.038642325702024076e-05
1.647992338969421846e-05
0.0009234174684681784734
0.0006784180570433885355
0.0008481319491221579439
0.000470299923615890886
0.0009274018918547916306
0.0007887085585918583676
8.748754936988443402e-05
3.077079708527127302e-05
0.0001171052355747412169
0.000112396604115070305
0.0008905776553991264985
0.0004103878057158336372
0.0008877915584076534212
0.001003529488714052049
0.001114147915034734192
0.0005663317878479794511
0.0009371136860753586859
1.294582619098356632e-05
1.855367640071047669e-05
3.467190803787028512e-05
2.460356276294431259e-05
1.097825277039876445e-05
4.88468689251142949e-05
9.842276839853097503e-05
0.000439596268880980683
4.930689234390298493e-05
0.0001867020902582255785
0.0001814377997180618236
0.0001991643539979515772
0.0004923889163298187342
8.594746989592242032e-05
0.000239941191702706415
0.0009999345717082407103
0.00104281298403608824
0.0007930681067342135529
0.0005614578020561600009
0.0002362025631364349438
0.0003873925154659454474
0.001253644592823720608
0.0007208076554751987079
0.0007437354567402225001
0.001140684213922106907
0.0006355240962174629749
0.001301479495861789914
0.00161397780986434437
0.0008126754730727042816
0.001782720092965560388
0.001700309137277219648
0.0005899390320896530284
0.001062095478994163223
0.0008722313866428506616
0.001129073153259581644
0.0009289725370620734385
0.0009671710707682082018
0.0009899273845689713237
0.001215406889962722696
0.001119414494119283683
0.001134703187556875773
0.0005727313042789726125
0.0005967813770363407377
0.0002982547711704065796
0.001230287755766785356
0.001815137907601778325
0.001773744266342216569
0.0007314875567662351783
0.0006657547541647874326
0.001128724783373865129
0.00136645047350626909
0.0005233116949213720108
0.0002106239718418380759
0.001870769109514198265
0.001857363891149274495
0.0006853066831735909418
0.000786965761822397197
0.000716279848626886215
0.0007471174320724855876
0.0005119647405278856004
0.0005938159993859673524
0.0002736515532805008141
0.0005222684133752484139
0.0009859666607687619846
0.001014328687200794638
0.0009792069413357624205
0.0008543361014222821672
0.001195622604533888144
0.001100982901328870613
0.001374291268723832607
0.001292414508761153625
0.001454660817293459453
0.001221249583500787824
0.001217905199114120403
0.0005447209934714472004
0.001750857216251368352
0.0006530466188210596159
0.0006148952211239621995
0.0004104352354315435195
0.0004567290987153769209
0.0001901108855270292888
0.0007637580521339499499
0.001309344252703903422
0.001268718330662777167
0.0002888925695493255738
0.001808692956601507841
0.0005223283968778545455
0.000492811344841616642
0.0003563436161294023939
0.0001493398173638527766
0.0002537188151039654425
0.0003836255027415007334
0.0003659081289561259094
0.0008983373540360514806
0.0007093617413231530786
0.0007814785695151291222
0.0006272806333159116742
0.0009361684894596571842
0.0002736583795730158962
0.001211550642722418079
0.001798806640623230478
0.0005092541534703750802
0.001129671085887701525
0.00178226343264983292
0.0002996096036763380276
0.0001703279266534338471
0.0002077860642143316932
6.319183187589527489e-05
0.0001232151963524499025
0.0002008568776185901215
5.201532185646246426e-05
0.0001317193774722040783
5.821084620488593418e-05
0.0001063137381709311426
8.716514526840198605e-05
4.885726267538405152e-05
5.303526993747354726e-05
8.661092040410376172e-05
0.0001534565619737405487
2.153240594989159129e-05
7.364488421814721641e-05
0.001846110367366389244
0.0009533421409662883733
0.0001045741768684283016
7.62899956788604469e-05
1.08254639030870216e-05
3.073023158409164424e-05
4.335434396747561497e-05
1.02560300463303442e-05
1.632397315608860339e-05
0.0002481349373684148285
0.0002342956253842088613
0.000351397117353681389
0.0001595532179369052526
5.30112268776337093e-05
0.0005127889285911761989
1.383943445701325348e-05
1.363648899224420097e-05
9.13593969799312788e-06
3.685257747500672956e-05
0.0003712548054488775231
0.000442407184526468183
0.0004689186253824679509
6.290961675666148625e-06
2.295477212603587599e-05
2.567071117990090903e-05
4.751973271254678787e-05
2.213788601320637389e-05
2.75354646009689705e-05
3.417844368592399645e-05
0.0001508248787336651832
3.270035622879798081e-05
5.678191981133903093e-05
2.852705447087788127e-05
4.568571046436220758e-05
0.0003596662404844552883
0.0001516443212336978589
0.0003248823237948507653
0.0001173151317169440305
0.0005916154110372935909
0.001145395276462050525
0.0003889687867564980647
0.0006599670894819211322
0.0001786023045239029834
0.0007962012085215452615
0.0009347424359724313498
7.702797603632272039e-05
0.0006882291215941187257
8.906563603093453261e-05
0.0004128308287488024293
4.558521397784650735e-05
0.0003379900787730508887
3.810690266388810492e-05
0.0002244584117625450926
3.936555074262191776e-05
3.760316410452965355e-05
0.001388826103428775433
0.0001630161518579805217
0.000281301081072141807
4.423717619543783461e-05
0.0001291057775447673056
0.001454938752623563319
0.0001978898833676770506
0.0005914081843798713696
8.790740399470639197e-05
0.0003196544387113417224
0.0002110341425178389465
0.0003030344928318662854
0.0001133652911077372909
8.452247599126882192e-05
0.001091642859834099193
0.0007120209013054885254
0.001630179377579235069
0.0006833541007659752657
0.001468914850046952733
0.0009945732031704217907
0.00108715778137832321
0.000852022757998138671
0.001276241620080948835
0.0005734484217392838519
0.0005266726833600859133
0.001806465876370491304
0.001705574482174832679
0.001611614320788505497
0.001685901185454388024
0.001340833815067069218
0.00150394470385567156
0.001667526745543946145
0.001100020829978129574
0.0001298478658136266505
0.0001860007381842007179
0.0003162861026268676571
9.334047281146239691e-05
0.0001983158286824991006
0.0002450958600896756116
0.0005003597959051300217
0.0004658780249169320979
0.001741438840862010763
0.001557346687308825773
0.0003743400232329269998
0.0005013111240405022061
0.001573983632011839934
0.001536844143973317527
0.001873361169866646827
0.001789947500022637944
0.001818248616975586245
0.001620831675501132989
0.001080062562289678049
0.001699247463941550842
0.0002729311570538701459
0.0001716319627471725082
0.0009641678127027114836
0.001315227009743132492
0.001078649030625968876
0.001428607258166954752
0.0003416740842312070603
0.0003883031185288525304
0.0003996664404820058692
0.0003174807232757891171
0.0001331119737179042872
0.0001619615153593372805
5.324862473214630706e-05
7.100128546878837175e-05
1.381012019561171514e-05
2.936565595212832231e-05
1.449672902959929762e-05
2.830989896712943844e-05
5.29695290313161914e-05
1.515055259546786069e-05
8.122166295091251022e-05
8.222147675953245813e-05
0.0003233470177979991104
0.000940154098479941986
0.0007877516172031917129
0.00118958818456013941
0.000619521176167581655
0.001085734391998197665
0.0007720420623848955541
0.0005891696427394902758
0.0008206237340798671308
0.0004363192947948836076
0.0006058071801030020468
0.0002797688262687703185
3.364777491765043863e-05
0
0.001136563148212861194
0.0001213494324024865987
0.001129338021468025404
0.000722052629852323229
0.001053611022505208722
0.000314648812977816523
0.001323735027301013159
0.0006006132514670596903
0.000179823008779207927
0.0008604301668673061329
0.0004108761774022185809
0.0003123698521422990561
0.0005017139307689115826
0.0001580462693860408834
6.028304960977773737e-05
0.0004630049876538539248
0.0001131978989527764154
0.0003156651681727964563
0.0002275010037138689096
0.0002277315383844680892
0.0001807420957123747241
7.356598976476839925e-05
4.23714666587168617e-05
3.497948015991465495e-05
1.877869966250686804e-05
2.777573386686533872e-06
0.0001744942955035605047
0
0.0001558220018946008905
2.544663089735655362e-05
2.747249663565243363e-05
5.754074173396800959e-06
6.813195361181998425e-06
0
4.610067782323636401e-05
0
0
0
0
0
0
0
0
8.675984215570010276e-05
0
0
0
0
0
0
0
0
0
0
0
0
0
0
0
0
0
0
0
0
0
0
0
0
0
0
0
0
0
0
0
0
0
0
5.316389171044483879e-06
0
2.049526179169087912e-06
2.226486187057809747e-06
6.001373994500959155e-06
0
0
0
3.379706899197648098e-06
3.427103739339097663e-06
0
0
0
0
0
3.402887634581544757e-06
2.917471294253358427e-06
5.730738326132238299e-06
5.780423507365958465e-06
0
9.143712833523725213e-06
3.559565826695904584e-06
0
2.820333018578909795e-06
0
0
2.536709547823225187e-06
0
0
0
0
0
0
0
0
0
0
0
0
0
0
0
0
0
0
1.192332820044956576e-05
5.508190949836853451e-05
0.000331945501741619871
0.000162450870299415479
0.0003728817719044612853
6.974024244338727203e-05
4.939627148636355431e-05
2.248687200698579907e-05
0.0001501482196774249728
0.0002550622217802633353
1.821170055397048487e-05
3.655859832124137246e-05
2.263510209202761739e-05
3.281594438305080852e-05
0.0001209826987342547293
5.98801187675725006e-05
6.21010621027347459e-05
6.786969629000206585e-05
8.421139942306523078e-05
0.0002686714438121626963
0.0001710573400617182178
2.357202271373117527e-05
9.595014009266552386e-05
3.401281692824661984e-05
0.0001745554626627290494
0.0002483455337955941199
0.0001569341462180752576
0.0004735045387875871621
0.0003017783387250380861
0.0003840155054612784391
0.0005169613795257872344
0.0004769474479471849594
0.0006526444026475700924
0.000559807870208157434
0.0005910217967883352403
7.463078252536295746e-05
9.646763713933510277e-05
0.0001993125524906889598
0.0001858537494339612976
0.0006388852968270021656
7.290100822112926117e-05
0.000373121387530415548
0.0005534574689034428042
3.634020753203163372e-05
2.421175394639764599e-05
8.021561141915504165e-05
0.0002443478820044978767
5.394739720958322866e-05
2.946687059585921672e-05
0.0003112196285996597948
1.81384349640806308e-05
0.0003523228971431690724
1.904065854371610764e-05
0.0009852207760775882374
7.949991657276361595e-05
2.125633946174627074e-05
0.0006024490904495597527
0.0001931267590396222057
0.0006379180162015936828
7.825922190068444295e-05
0.0002807261967731110655
0.0005415411615178992999
0.0001286724917548050392
2.60354992496695907e-05
0.0002674920956380158238
3.924921321394500394e-05
4.360834797377232124e-05
0.0001191194648808789727
0.0001076445154529229132
1.573924891367620323e-05
7.682168581541953876e-05
2.301740307236540173e-05
2.417657906499078903e-05
4.762923704625800323e-05
0.0002494768636316954495
0.0003940226854981687568
0.0004990977023367210033
0.0004521739972045462556
0.0001233141930395642517
9.038400940544959823e-05
2.198889506717425466e-05
1.347492821081564359e-05
0.0003228793941562706476
3.925150887611840228e-05
8.191312089790727226e-05
0.0001412982814620575333
0.0005549532520188498646
0.000820509979279015274
0.0002574329083371607345
5.704705584932036474e-05
0.000723863863508005705
0.0004235843891465662235
0.0004631095299125547685
0.0001229418039287630791
0.0001538381358319844947
0.0002676120180663433146
8.381679938214450201e-05
0.0001016077728391689408
0.0003643330450957921684
0.0002237608797333847581
7.897115221787361387e-05
0.0001722408192849001125
0.0005210643445603593132
0.0003865554539777738994
0.0006099857946768434897
0.0003900493437124983014
0.0005445207500081214154
0.0002482149978900661711
0.0003963015710262311276
0.0007712056308565118454
0.0002219650891400492577
0.0008408848125140320432
0.0006322374809631328306
0.0007260029114249503829
0.0007682629525877850444
0.0004375398717655416174
0.0007430005684934406444
0.0003409161503889512651
0.001033621026375940687
0.0006689271396747330841
0.0009175284477619776976
0.0004243948136917456313
0.001174500147122242103
0.0008699157301015705314
0.00106707669774529874
0.001219617109880003413
0.001149911180931881011
0.001059606808426502437
0.001115777253319815083
0.0007778189892233573072
0.0009755690277375941464
0.0007433090377624823174
0.0007353127585465963137
0.001471376859941042571
0.0005413354456313674125
0.0009096051796887189445
0.0009411762956608017792
0.0009869338658306488817
0.001160718417983192799
0.001949475990723640055
0.001831973445136773557
0.001659392840074264044
0.001690461234665205327
0.000967247931492106177
0.001062643978371573478
0.0008471415102371343759
0.0007696944831930357337
0.001854212716633069774
0.001914606940601106238
0.001039852841733007478
0.001602490376832936634
0.001739753160110951106
0.0008390536961684226915
0.0009547304948713028873
0.0007223655688850170965
0.001038456701601172226
0.001053252196030612063
0.001247728599531992225
0.0009450093205042399197
0.001149012163551796925
0.0009580344765076358356
0.001121928293941384588
0.0003698550460188612362
0.0006967407645759461209
0.0004213153543989990395
0.001338102642041839917
0.001877002840541269627
0.0007874985576031635947
0.001550790994624417574
0.0009852750135416670028
0.0006822079126241580981
9.88111156848670946e-05
0.001405325016890579667
0.001094539345526130553
0.0008539078796962655885
0.00107646133209013178
0.0008195082813477104705
0.0005163919530959065014
0.001381558256547904409
0.001186933667565835985
0.0009453270363862913703
0.001528921203729067179
0.001125088102202254038
0.001495860295959886921
0.001182311443965960041
0.0001414090876916863514
0.0004716261259250957094
0.000500311014921484107
0.0002146689565128218546
0.0003243167464446155396
0.0002845228203091696014
0.0005100316774855583046
0.0001847560259338611828
0.0003995523080530814287
0.0005202979561928589101
6.431346052837889232e-05
0.0001502761955376093748
0.0002690347270993187685
2.936618669498267125e-05
0.0005349586285281135445
0.0004258172862358544555
0.000539708540305786728
0.0004520518091546507525
0.001230936815214266501
0.0001479119762938950391
0.0006507961057934982373
0.000224815961440944824
0.0002928643018844104208
8.975602301189760312e-05
0.0003174858964860665343
0.0002844937952862106132
0.0003939823639555229697
0.0001333935682697550253
0.000656988426644034831
0.0002362747929126552608
7.293749385022655122e-05
0.0002954336716795194604
0.0006528142244392452255
0.0007980415109527145851
0.0006042832632802968163
0.000736497800930967293
0.00064637636615972314
0.0004332055083145542229
0.001148249790135227703
0.0004716096058534896139
0.0008183750966022152514
0.0009480265775359700362
0.0005291670937035981414
0.0003597410081583001635
0.0004885920885349922041
0.0008137196189177042707
0.001176546993196942977
0.001267407927536678015
0.001457126094530683622
0.001555216157565451895
0.0006556619965584058749
0.0006510143981022259874
0.0007946683693410648954
0.0004529629838077612811
0.001308092591295541892
0.0007861102845410170709
0.0009742841341407785204
0.0008190568018949968832
0.0009885849501255715693
0.0003368049206485600015
0.0006093770194494039236
0.0003894655567906065395
0.001647339703130437823
0.001159318127515232858
0.0009409956360031602107
0.0007256526291140272819
0.000803487581745921265
0.0009445189203207210926
0.0009723705841842535591
0.0007012561735560670154
0.0007494039731714296658
0.001605118231565001979
0.001010931286453809743
0.0008485601176288183004
0.0008965376756108460075
0.001502118260597882235
0.001546170652790922369
0.000955114303491194595
0.001331472086590374188
0.001509946605186438581
0.001226398490955233787
0.001615207615154518918
0.001319948587111426791
0.001465553600459703091
0.001386155774362726094
0.001633408296224341536
0.001590536652087911696
0.0008621950550582712638
0.001228160002702858179
0.001154516744549968516
0.0008855192765198691531
0.001553260890902273062
0.001748754600029559392
0.001611671663580083094
0.001524552567845556799
0.001673697490840734409
0.001488667711156684264
0.0006117236879679502923
0.001341343993679602192
0.001734095682432040949
0.001314496452401161522
0.001492171772531151715
0.001385009457497667984
0.0005007663434000793508
0.0003567528533714853494
0.000433033703213004848
0.001533907070176884421
0.001392222393397376558
0.0005235698859523846846
0.0002713808776591673951
0.001283068998492470185
0.001204228949570477483
0.00133799760139772855
0.0004386932325139640109
0.0003513771683988050395
0.0006091156692888642643
0.0003131513359577976167
0.000872290289064315519
0.001140976558224635713
0.001087456629481384001
0.001310848681576389386
0.001193744398482105441
0.001120019271832869024
0.0002862409161771797459
0.0008070820082487552847
0.0003184612467634126811
0.00057245101251867281
0.001108004643446340587
0.0003407751766558513268
0.0005863785555034712682
0.0007551944268580532919
0.0005918213956393513289
0.0008775165186431314315
0.001189123701570613933
0.0008597813832860070997
0.0008919018928285524749
1.5708179435013715e-05
0
0
0
0
0
0
0
0
0
0
0
0
0
0
0
0
0
0
0
0
0
0
0
0
0
0
2.549790127515561851e-05
1.842975285744222967e-05
0.0001511379527604641377
0.000114112297895103558
0.0003148653641411669284
0.0001380623773530284028
0.0003351247754299555557
0.0003769145673794773886
0.0005438671055093868877
0.001801683995627786049
0.001508356848684273225
0.0009432460092634023432
0.001230429413185054862
0.001399931591486308809
0.001150736836986484104
0.001454978192953274886
0.0006642139297225845961
0.001232784565807222045
0.0008812455151929541718
1.618572633381887716e-05
0.0009689259611677087216
0.0008369297995275299393
2.045801019182868352e-05
1.255189183019826866e-05
2.404434305900167283e-05
1.608330736529152519e-05
9.101450572429335456e-06
1.87408991521275368e-05
1.75139496392033399e-05
3.265935278298882314e-05
1.576633245932815183e-05
8.08447935447861567e-06
1.256186390350524159e-05
1.157472874679258079e-05
1.354447403592745917e-05
1.984550484470333146e-05
6.013059002936835604e-06
4.704078913128486051e-06
3.923997535957761426e-06
0
2.267243543535078332e-05
1.577372426759633608e-05
0.001156110955911993131
0.001331338086054491927
0.001352457729045767384
0.001274333753149658197
0.001111145125608514707
0.001037613552518936149
0.000558070323614697026
0.0009338079124927160845
0.001492829886062810568
0.0006634448198946637848
0.0005658204211913845857
0.0007518058518800981764
0.001006878964055484211
0.001340815545497289676
0.001229065753489199742
5.98201340119670303e-05
0.000138021255479346119
8.498939836165539862e-05
0.0002838246732701807753
0.0003165326593118979485
0.0005269126373948204494
0.0009106007373770459408
0.001026013404731852081
0.0003135415164277990962
0.0004810975629254541806
9.15737018942323097e-05
7.789305420963306046e-05
3.475464078920132251e-05
0.0001564759410193597336
0.0009266750951380510427
0
0
0
0
0
0
0
0
0
0
0
0
0
0
0
0
0
0
0
0
0
0
0
0
2.585205223042384928e-06
0
1.078618542308317643e-05
1.484937702099261816e-06
5.328075454670845828e-06
6.886095706437029516e-06
9.922007686898634375e-06
0
5.454516151847000623e-06
5.801449793220563722e-06
2.458946139268981975e-05
3.769978207614293434e-05
1.632762764110335746e-05
1.517754918880243335e-05
0
0.0001183504016081961518
0
4.614604449923505477e-05
0
3.760972092154244589e-05
0
0.0002000642611535452824
9.849008068889529034e-05
0
0.0002596992171198784539
1.649022792825713949e-05
0
0
0
0
0
0
0
2.2639615917278308e-06
4.392774100147560769e-05
0
0
0
1.469974167595562568e-05
0
0
0
0
0
0
8.696620767028276518e-05
0.001622441351158796776
0.001705576522315654367
0.0004357956060019572172
0.0004206313749100801724
0.0008498640613849362847
0.0009144113778228659404
0.001362330948860820349
7.16689077640254125e-05
8.098275224903676189e-05
0.0002594129440788051923
0.0001172769378962588055
0.0001244164361028397901
2.986067832692386199e-05
0
0
0
0
0
0
0
0
0
0
0
0
0
0
0
0
0
0
0
0
0
0
0
0
0
0
0
0
0
0
0
0
0
0
0
0
0
0
0
0
0
0
0
0
0
0
0
0
0
0
0
0
0
0
2.111990478470188496e-05
2.308620735721415157e-05
2.201097875058531336e-05
1.626679860365991655e-05
0
0
0
1.684511877739819412e-05
3.433317318447589987e-05
2.256858943661216809e-05
2.292978144410184752e-05
0.0002231375075851980093
1.897843967143403987e-05
1.756816760619828724e-05
1.908410128325705211e-05
6.561074080290430735e-05
1.835074448877550433e-05
6.491842671684948168e-05
2.16717347028741442e-05
1.258572943660465372e-05
9.83684514242760702e-05
1.398715521156124143e-05
7.494179095060373211e-05
4.273688008047773129e-05
6.853458332225714701e-05
0.0001410123307036446015
0.0001219196674649140237
0.0003355491819373998606
0.0001134539322330616192
0.0004219958081918231854
0.0007895610202061283675
0.0003379481867828680597
0.0001438689557958247687
0.0003022656987751896418
0.0006739747263274219625
0.0006413110221224228033
0.001148297246601734638
0.001048338678141573499
0.0008023415128231444447
0.0005013976203893186906
0.001136576664339799354
0.000755920597825788642
0.001418486377526552607
0.001280615246519967989
0.00121798578954648417
0.001164086448439955032
0.001488619370947185348
0.0004855888225994811668
0.000440248562003006487
0.0005834354629199536586
0.0007199694034670491493
0.001036582804023576101
0.0008424450272530181359
0.0007660034133830733415
0.0008231483676986199247
0.0002374329792900022116
0.0002202309039326906591
0.0004254058805910377076
0.0001589603091644587731
0.0009872492626575961328
0.0005382513320521804638
0.0003128166320710882263
0.0002584158626279354576
0.0001714849629858632108
0.0002531859205419458481
2.080856685413769999e-05
0.000683212010001213281
1.191677513029842006e-05
1.462563239817933148e-05
0.001374585611861233771
0.001289888180209823945
0.0009960055322483921721
0.0002147313346229418919
0.0006814436000128780337
0.0003848945541472197475
0.0005225498106557327277
0.0007452911379495490585
0.0004791307949549373558
0.0004151076446103421635
0.0006817061864553598544
0.0009285951808751075846
0.0004999331085856766228
0.001045672128517302797
0.0007432209326415388159
0.001157106216137684549
5.827181450205988554e-05
0.00016590135866816839
0.0001370223289719204143
0.0004996764232461266275
0.0003811496224078615843
0.0005072157026480947524
0.0004747230441899483872
0.0006165342081837098167
0.0007603128331390503376
0.0002093703354889581841
0.000245594697197284626
0.0002630821683491220094
0.0003512822900921699193
0.0002400508549528668917
0.001558462940519410875
1.275259721556332799e-05
0.0001363882021866141402
0.0001452995365675799648
0.0003147890287132339366
0.0009080736156147888732
0.0008057368745555574608
0.0007036153647275482847
0.001137373101169518626
0.001507170353122652597
0.0003661277899803808611
0.001160267107444680305
0.0005449372758017651105
0.0004001487306500595706
0.0003733290757481979054
0.001525352744649349345
8.402428262635460506e-05
0.001206780949901261777
0.001112017955070256255
0.0004474750658058815984
2.61487893499352968e-05
0.0002989745627366804698
0.0002792041660112551632
0.0005324009924826987117
0.0007722294118382980925
0.0005064952784374162796
0.0007944890231352659494
0.000882478837392329323
0.0006828295223496035982
0.0004509756247060082751
0.0007150898475577106709
0.0006960507548554727576
0.001429850669066792508
0.0008922089344854700369
0.001234986002108205954
0.0006854093981880995685
0.0009493296075614749297
0.001052092779488685102
0.000638759059493244994
0.00163027466004958912
0.0008347024903820874676
0.0008842290206257904031
0.001415078605469896394
0.001534709078138782757
0.001465284795526293569
0.001474944746085045909
0.001440616516091768311
0.001599333087275414851
0.001687812080159374921
0.001044068930915925718
0.001520001508014957566
0.0009691398021629372495
0.0009007871719989592445
0.000343957087608733514
0.001038624703451593995
0.000583401232708211418
0.00145856521782604517
0.001744041683870182265
0.001200926376442563916
0.000565639817425826405
0.001529664940123692893
0.001568750592243090556
0.0006988672907296050382
0.001041130368435185492
0.0002883895601533718813
0.001455738210315128201
0.0007025130390967336503
0.0005104091023484269053
0.0001933449640792216442
0.0005521137125035042396
0.0004011831306184558276
0.0003925013109424109405
0.000177890642632841248
0.0004971070867318917383
0.0003594331763430803689
0.0001120970867265257354
0.0003619326786808429466
0.0007289197968195814184
0.0004300077822159189818
0.0008027998107555452557
0.0009227648466582040118
0.0006023755792584005149
0.0009382631290432749249
0.000870692260571576419
0.0008863199771284393548
0.001069809943798898317
0.0009370789126633932535
0.001176795043171933921
0.0007804868540570178643
0.001288017228040011595
0.001557231629653162358
0.001201946383846101349
0.00153822247072396231
0.001492852277934127126
0.001469470865938042256
0.001441236099458002634
0.001522176935201497924
0.001322391654487271037
0.001480309478935723944
0.0008713543923108969498
0.001334548583313740697
0.001262993774268200784
0.001521538140509884124
0.001532801763022719095
0.001004040655298166088
0.001386317711204151752
0.001419292009604771572
0.001464859177746815309
0.00133774477375271845
0.0009854619616031054952
0.001206207825264441142
0.0007536249264851677121
0.001074210467361178976
0.0008431336013323530859
0.001144650986758686574
0.00077973673102380665
0.0009406998060457355017
0.0006112795128126488446
0.00120220209269669199
0.0009381986812458312361
0.0006475763958789498148
0.001141138275738470126
0.0004778702302835670943
0.0005668180854131924353
0.0009104482910543386246
0.001299970811437364251
0.0010825789764608699
0.001000802102454539932
0.001392355814530186423
0.0008316936066796610377
0.0008546763804931343557
0.0009360506139415483273
0.0007344172796463507933
0.0009730134125633653095
0.0004489609903073607305
0.0008605752101635764624
0.0005081536081739543515
0.0006302338395209175275
0.0002079312049660089127
0.0004193963631872977757
0.0002987263008440880032
0.0003040743218533483784
0.0003787036471196353121
0.0005981770153298553074
6.846908330070446689e-05
0.0001972740909596680699
0.0004742123720951089082
0.0001838543816087884111
0.0005244059131923891432
7.737745793794410386e-05
7.933776357018218343e-05
8.906298145718709606e-05
0.0001148563590501819603
0.0004604555201250300905
0.0002265949706151475197
0.0002000276717964901015
0.0002986237329147588076
0.0003116048314439816367
0.0001950127590616504447
0.0003541277386477021728
0.0003078644985834541777
0.0006199004667064804798
0.0005164344826097588739
0.0002646220325692215185
0.0003418151973041488011
0.0004351549066808864451
0.0006749269559324324501
0.0003184943208850884696
0.0006853018596400768181
0.0005317190589829859718
0.0007457017840277793122
0.0006438549671437729643
0.0007978282404751859801
0.0008204521060561629272
0.0004809333620175447509
8.761765703711061617e-06
5.115379480361270512e-05
3.760805448597859149e-05
4.315411872914334546e-05
3.575672212237814408e-05
0.000909466889962127047
0.000576588073251164848
0.0008139691936697136202
0.0009083612094973325668
0.0009746237547075975059
0.0007312131911282686823
0.001211612217439736287
0.001073711881169909371
0.0005056813934997608914
0.001080856854135327184
0.001117449514835805241
0.001512808773919380439
0.001190753847417722489
0.0001733245152835113988
8.256163445177399295e-05
0.0002838801506217811872
1.831349417274527179e-05
1.799517461570661862e-05
1.500468687194236059e-05
1.001353145925472124e-05
3.490052080119297466e-06
1.890854145080197557e-05
2.5502094240164623e-05
2.63914671766071041e-05
2.312540331323002129e-05
3.390626853040232464e-05
7.129606728314082684e-05
0
2.629688742457985236e-06
0
0
0
0
0
0
0
0
0
0
0
7.76778429189971698e-06
0
0
0
0
0
0
0
0
0
0
0
0
0
0
0
0.000179078551103172668
0.0002660397699558565915
0.0001029404097279371121
0.0001381929882544624569
0.0002447752908737790833
0.0001396951136619146614
0.0003783154161831645901
2.922468198316989816e-05
7.150306932955145475e-05
0.0001481718834222970141
0.0001528543169977593515
6.604824741421547337e-05
5.017642242114250768e-05
0.0006562308550989042789
0.0005261071997316079307
0.0006224945278701469195
0.001025330374871387049
0.0011839800389893487
0.0003559489044264458734
0.0008788796486878687735
0.000857198952594873196
1.062402523430660317e-05
0.0005068590283983577961
0.0007452722084398573366
0.0007742977835272455431
0.001624802653014905231
0.001647214295227872674
0.0002222469511493908563
0.0007454627707551461343
0.0004808202968154222509
0.0002507416831894432405
0.0006392737534357629875
0.0008595516872489461849
0.0004901839810146973661
0.0005840702853805634833
0.0003740357485206620577
0.0004864327609415615189
0.0004971046751998519243
0.0004505169388751363081
0.0007925292274654529819
0.0004495691715585044138
0.0009966125503044068797
0.0006866837814856834553
0.0003562097806309910729
0.000220070669063800997
0.0003345014337367085652
0.0002281635992791366543
0.0006845767193879246639
0.0009257044059942882768
0.0007949471357912872354
0.0001288266355413642623
0.0004321103480235451307
0.0009925682421160948472
0.0006948084373274262182
0.0008243986436834037281
0.001006230961221260892
0.0008819462172438244808
0.0009341198432068283271
0.000977646332636768374
0.001163790708684221166
0.0009590598200154578333
0.0008810312089168204769
0.001552029109726889376
0.0008775084900869683374
0.001211217371067917388
0.001024249263302532851
3.353488061029794671e-05
9.188382370092177537e-05
0.00111865036355928457
0.001533008853059491519
0.0007073104630956678811
0.001504123345227513899
0.001164620121079786713
0.001135537343012084713
0.001252950122761609109
0.0008653115284657888259
0.001152498783310953274
0.0008814598707523424274
0.001245859241488406948
0.001293666556392064539
0.001313838319509296956
0.0007917311785236318036
0
0
0
0.0002526920690434062994
0.0005522563965951942863
0.0003840009152764888327
0.0007760077922085008382
0.0006697788344138772909
0.0004128644792112692277
0.0009121606302279198402
0.0003610060628587440676
0.0006459959070726996235
0.0007739160462196015321
0.0004366485288593973941
0.0001541447564950349024
0.001823342933684728422
0.001213040910382798742
0.001794309544969689826
0.001286246946947014946
0.0005449410106290918576
0.0008243368887832616719
0.0002259231544903298969
0.00042683557527813153
0.0001745434222926739594
0.000638276827126767806
0.001821042702195452105
7.884033557404497594e-05
0.001697973822445641729
0.001154224892424690055
0.002024448878566661135
0.0009470209029173796674
0.001855004806319131196
0.001934672323539705788
0.001890461211198341549
0.001828197266617822593
0.00189080502010849881
0.0008161295161640476662
0.001886399562467336788
0.001905606579377426037
0.001739693495073473158
0.001374871343912956656
0.0004307955655706132759
0.001431153531875478451
0.001252316940817800031
0.0008314335076174596967
0.001141837793644326837
0.0007720402939596609625
0.002686476837799783683
0.0004377841941855520596
0.001905730203106021379
0.001901482453791286144
0.0005330979659142000325
0.00119614549388312192
0.0005095648455548561695
0.001880338446250763183
0.001858752412485612697
0.001784597556441533655
0.002107271605684319076
0.0005090381710072213644
0.0003533271776055918684
0.0002974935000568384048
0.0001991523711160508609
0.0005784000110451660483
0.0005766174990330390389
0.000961934858704864169
0.0007831552295715425542
0.001838256205614007942
0.0006574358705394045023
0.001172051675601556162
0.0005956367786615198931
0.001722509548492688874
0.001531081248290595874
0.0006734786116446094505
2.752522691988993373e-05
3.800967371311124709e-05
5.49406019618184035e-05
9.46329216654325501e-06
0.001375297670462981943
0.001547959721206969156
0.00137627630379112448
0.001573680999219442258
0.001513531735688309352
0.001538297382181920761
0.001518305717322534013
0.001451331804655643914
0.001537376342099039438
0.001101581591050650394
0.001451098901767563891
0.001326332788433708023
0.001139707765500972293
0.001308127643966545094
0.001010069867580709472
0.001232470379821971884
0.0011849294820997394
0.0006373714317465709695
0.0009262526767927823203
0.0007640562324593181158
0.001520577268336532634
0.000535844385030407027
2.564804560478719489e-05
4.46672610337739057e-05
2.1391907773537247e-05
0.0003916228642001685651
0.0001403095953590748665
5.103463325698448142e-05
0.0002809166146109949428
0.0003129086685650940536
0.0001412767570756296928
3.792390334541025716e-05
2.526671498159641441e-05
3.550900398131575351e-05
2.47779402185825727e-05
2.608103620108281797e-05
3.012592486084336003e-05
2.345228999681332489e-05
6.553210279147160533e-05
2.502331138811859901e-05
0.0001967303047309087961
2.212910372684169557e-05
2.018779599159638874e-05
3.71224881456047091e-05
8.912312957009035474e-05
7.541542463340376575e-05
4.85868974265098668e-05
3.00027932152687523e-05
0.0002168657709309522463
4.163416505428508071e-05
0.0004419035452423214537
0.0004753728950054629185
0.0007300615002865314422
0.000371008536310273463
0.000149947178517358603
0
0
0
0
0
8.977742491172297206e-06
1.62110465968212818e-05
0.0001081288024782524739
5.511576650132692464e-06
0
0
0
0
0
0
0.001519814967369205114
0.001536192603477597131
0.001595297885027060396
0.001373535845227337286
0.001480274032873097646
0.001673532506452900378
0.001885303607229151792
0.0007638848636508772071
0.0004856533624607350984
0.0003167003213236589242
0.0008186220578421529118
0.0005111982479964014437
0.0004283040363516332489
0
0
0
0
0
0
0
0
0
3.480307283628282755e-05
0.0002730927538799747837
0.001333085641977547423
0.001554139526155229583
0.0003084564622608209055
0.0004735928754537973477
0.001025733975299379479
0.0006994188993557194992
0.0008177170797622425238
0.0009609147093035925275
0.0009891258408767813863
0.0008807635089989119311
0.0009530763636108830145
0.0007736102331418495638
0.0007280936446188169533
0.0001774792595027965836
0.0005930068914908369695
0.0004235461372215391582
0.0001725671266619100352
0.000382026326655489541
0.0002684854690561944948
8.753864186263467196e-05
3.77940635774723317e-05
4.199532414333322116e-05
1.180120881022599788e-05
2.545138387988025996e-05
0.0001107324751794048671
2.288818330865782579e-05
3.37899485953817942e-05
7.706520461733354257e-05
0.0002136674470103307546
0.0003471929569066833595
0.0001640479290522006326
0.0001470237280576677883
0.0007583641850857586551
0.001293503381445303396
0.0005779602949410792391
0.001018267844555462024
0.001133071079559054475
0.001326498567437408432
0.001147345848532712979
0.00128537443010049812
0.001237053449739019791
0.00156504906585995399
0.0009953885025953143704
0.0013903562791895566
0.001113585398237827749
0.001338246707416656037
0.001380663760399210033
0.0014168326116709097
0.0009987748225612057967
0.001351477365194187191
0.000882208873154438503
0.0007349028976626259318
0.001557119154368772577
0.00055086953715172398
0.0007672839400620631379
0.0009410970177547013605
0.0007307149397354839116
0.00100420524436142084
0.00146576261391371393
0.001539883191521853201
0.001528564768649254757
0.001492760435948967557
0.0006203046743910804305
0.0002482420772607640022
0.0002055464533117581124
0.0004449150377816315474
0.0007416291120253020635
0.000543742585863049425
0.0002839701551590009701
0.0002412357219506866416
0.0003925292717943837341
0.0001635253311413773164
0.0003820496798147303614
5.525565752653154586e-05
0.0007407933760794657534
0.0008109067154231923858
0.0006627549484265742464
0.0006643065794557875305
0.000455672982584769961
0.0007192118195552261832
0.0005271977309385484853
0.0002052427888336485324
0.0003437881434231151632
0.0008799116420915935842
0.0007328761906782438459
0.001484177312816433933
2.296319978112753749e-05
0.0003839019123465381845
0.001227467883196613815
0.0005756490868785167679
0.001525521582256156652
3.785233354179750323e-05
0.0004087693465586242619
0.0004268241435225400083
0.0003499924921388988938
0.000633355468923966331
0.0003857924404260229447
0.000764395878462223715
0.001430874155518468928
0.001948748892741290544
0.001482656668179704439
0.001863851669171689551
0.0009970632803234301227
0.001595809720800062548
0.0008991051320310877552
0.001816983166599007472
0.0004039030812727050358
0.000721715910989194397
0.0005646322179240378892
0.0005377419900586007497
0.0002792062549812068264
4.761412168607624277e-05
0.0001516872508936588891
0.0002801135284201497792
0.0002314261794883012459
0.0005194321504645555386
0.000621716177355779282
3.008560867094871999e-05
3.082245475576629839e-05
1.169243667322784297e-05
1.108771086388368816e-05
2.899797311453359487e-05
2.952180416652846985e-05
0
0
1.577761202360258901e-05
3.149866526257112811e-05
1.598168539866377016e-05
2.732101608768279605e-05
1.394589728254661307e-05
1.564874441035742899e-05
1.96767318278438688e-05
2.070790676077804586e-05
5.431908040091053139e-05
0.0001192820028665343354
0.0004258145713861378394
0.0005730135046385771659
0.0006579303024283348006
0.0008489383362770298045
0.0007973009156758046299
0.0005874342187678262966
0.0006197261640798132354
0.001445348445517864082
0.001628050617789863781
0.001274774121394111996
0.00142638582848125155
0.001424612643088926526
0.001684333845775526101
0.001532931997386039174
0.0008952678220128247166
0.0004067549704856576048
0.0007795140692983226456
0.0004118770078102661604
5.227052110929406844e-05
0.0001518947148617105097
0.0002444109831190177532
0.0001292843764125749283
0.001931368500521443449
0.001879565303975063145
0.000662155813840614141
0.00117608049321060921
0.001322899417290475388
0.0009486568843763849282
0.001052496427006713395
0.0009632796620373564045
0.0008188785781770223067
0.001029725052081707868
0.0008833268283847302022
0.001002224742230008051
0.0003943408012919328394
0.0003583389937646468907
0.0007870554978310888988
0.0005662012165859286713
0.0007514170575579857134
0.0004089198444213449604
0.0005784888040331797113
0.000840775567759654706
0.0003772302485122425685
0.000360680352579339147
0.0005749092633788062531
0.0002956218477987412928
0.000262280096696278415
0.0002377051357773049827
0.0003483006409157699554
0.0006338244354345899233
0.0003451760304193034049
0.0007351440425373438397
0.0005300103141486432181
0.0004492854288752035855
0.0001229156450192678404
0.0003131365471063338071
0.0004740870530985869316
0.0005107624008598610384
0.0002142609372114576908
5.122707323036658402e-05
6.308267804940715208e-05
0.0001126697687010566129
0.0004015274944970351092
0.0001454991354622341463
0.000165117426166157212
0.0001282614204951624095
0.0002838307310666456952
0.0002706615424695343018
0.000919193547026805587
0.0005819274647593696481
0.001101788797850881746
0.0005492716762790638297
2.012456407977413414e-05
1.807003167151424218e-05
3.723235359440343705e-05
4.243753720371740325e-05
1.488802038795371247e-05
2.889255174071691683e-05
7.601581635191531692e-05
0.0001180318128227659581
1.733375542256277232e-05
2.819125046215383289e-05
0.0004121282087283289412
8.437937536162676332e-05
5.86953635456788307e-05
4.207334110178129633e-05
0.0008877688721802463618
0.0002780353394975050227
0.0007105923601687178914
0.001275227515399616736
0.001703750902300051485
0.001645014585758621277
0.001648764337644005032
0.001580374678467372836
0.001607019708740477009
0.001742754756050336707
0.001028761338643588213
0.0006103655558356409433
0.001738933586200290581
0.001766371973808595697
0.001581627304585107082
0.001577441903928471743
0.001076037549873081053
0.0007535062255592018827
0.0005312821722168027758
0.001655110186333364972
0.001569908051627102183
0.0005332274292109739954
0.001761459775277733446
0.001078251625001934227
0.001352045796210196802
0.0009700133724582087362
0.001580353828166170026
0.0009037711701412113859
0.001091476795224028632
0.001013312703105001024
0.001510163993477986206
1.693920144820574401e-06
0.00145773388737125884
0.001244872450108602032
0.001186345216608881113
0.0008361279404281638222
0.0002833817101874091821
0.0003644741108045209343
0.0002152733272159545921
8.372339671298721978e-05
0.0002001251846453947305
3.968660473183701335e-05
0.0002515410572052365697
4.452523710663442081e-05
1.22470306758130519e-05
1.025866050622992648e-05
1.556463016351096782e-05
0.001496733860001011034
0.001734850136606562888
0.001629520526520924486
0.001614195583152704637
0.001619606338453671336
0.001755227563916403636
0.001702689404397090319
0.001699014279112853916
0.001460100959907136399
0.001455635705559361415
0.0006576736334714078196
0.0006770681213333802628
0.0009826613020574473216
0.0009167488616520192649
0.0009677796142634202854
0.0008758821958364728256
0.0008818578173708217392
0.00119335735217868436
0.001149034015153342506
0.00103379463323022649
0.001453904850352105357
0.00150345643773622771
0.001499361005651932317
9.342050633112510894e-05
0.0001461919239947519374
0.0004631822644597345185
4.028272445811473246e-05
0.0002240043791939712314
0.0006087992805330324966
0.0001016473954480001218
0.000325314274928178201
0.0005722835441500076416
0.0009765330590145666944
0.0007076117258081438639
0.0001959632415846726571
0.001333732450208298392
0.0006940349341361968377
0.0007790546099711669449
0.0005583288505858021757
0.0005233555171276308435
0.0009096595178076714687
0.0006684638202486052573
0.001025219118835487631
0.001401649322188881731
0.0006145859359177965626
0.001765900608500930785
2.832540818714343914e-05
7.566471500101203682e-05
1.23068024293272358e-05
4.291605444964323348e-05
4.161510212320773829e-05
2.561354384631895839e-05
9.678260310278044033e-06
2.540737190675336168e-05
0.001523366440666987015
0.001469542618679519838
0.001438131828699811942
0.001676256891480493692
0.001500622441688008284
0.0009703889047044105421
0.0008540991726275720501
0.0009295644293334089049
0.0003868111670107649523
0.0002219293418696902131
0.0001899403328608839712
0.000202436374565671351
0.000275877631811062942
0.0006231218576651759936
0.0006457786543228854342
0.0004024188268713056738
0.0003193262006440546327
0.0004067912334875289958
0.0001926752371847531824
9.122439693676280244e-05
0.0001121786012330376083
0.001578198222605036675
0.001731249922387068877
0.0003860490805446122834
0.001621890978529418915
0.001558153961635388562
0.001573753556687421638
0.001275127689739778128
0.0009783505509069314113
0.0009474526909802759213
0.00151955019546651921
0.001099501989849889028
0.001178806565196972465
0.0008193333612214709176
0.0006360906769017988984
0.0005703997763425117324
0.00134786279232983002
0.001094491223339513286
0.001147870852430097049
0.001254695669744648528
0.001245058970139457759
0.001090450604159016188
0.0005471701805151495211
0.0001235526235948640862
9.545891676376931602e-06
9.605180966421735742e-06
0.001662650797377648176
0.001596709838946578633
0.001511107957534214711
0.001561214994364427825
0.0008143889975756460949
0.001040066386701776584
0.0010156132402213264
0.00112411629256044753
0.000943949272190864057
0.00129942507381844278
0.0008553857645153537578
0.001135532649118507721
0.001034004509473674446
0.001195963955919613188
0.0005912851574032134978
0.001346059290303166633
0.001377190366400623308
0.001415896492444793098
0.001287076254917918217
0.001564744290620476109
0.001321918478652369311
0.001467986868162520506
0.001261928623222641514
0.001609148428903495317
0.001617889199650384508
0.001704460528907095294
0.001663680664380136256
0.001365913410641808384
0.001310687840742509082
0.001700108942796274948
0.0004034669821773670547
0.000409480141332385346
0.0004224317714780182636
0.0003098445567496796536
0.000871595653566044023
2.082212905615706577e-05
0.001545676017825753628
0.001559340173650562451
0.001255665207171343875
0.001495429878254440903
0.001188613513900719544
0.00109397202465713432
0.001407229128417315919
0.001336348574646366088
0.0001023139009343886779
8.487427846445178838e-05
0
0
0
0
0
0
3.646971710330029678e-05
3.247564351227893542e-05
4.592841470539767862e-05
0.0008969520778779377281
0
0
0
0
0.0001421622615319351993
0
0.001285496295518243895
0.001327429937201669331
0
0.00197506208009919082
0.001967264665089648104
0
0
0
0
0
0.001023110698963465483
0.001297870092348897856
0.001210024894887414037
0.001122368251190841238
0.00103363810176952545
0.001130177863410974015
0.0009909798742443909781
0.0008832017477929828258
0.0008671430361887683602
0.0006602271900774179907
0.001284931041251471647
0.0009801632240449213284
0.001422439685913059809
6.538200299992461407e-05
0.0003364298190604047461
0.0001161451214707860734
9.572159350503670256e-05
0.0002811653937995321501
0.0004547658605996430224
0.0004263469179139272409
