-0.4559441779023268 -1.695778947365353
-0.3685650158666888 -1.673732677059861
-0.2581617026924107 -1.642659778965938
-0.1828888924450788 -1.578227309951282
-0.193981444789887 -1.500792399308143
-0.2870242294222259 -1.466932961092419
-0.3794777146168832 -1.425841227489035
-0.3901131093063155 -1.513237873863361
-0.3340844951802009 -1.628552189514601
-0.2376816296933637 -1.728089564635991
-0.10452551481448 -1.729811921308271
-0.03616038251163051 -1.696452943672814
-0.05986121662236332 -1.629806807800759
-0.1587768723280724 -1.603952587564382
-0.2372577692865537 -1.602068212646347
-0.3062822813645428 -1.613710261338139
-0.3224082080560603 -1.640755232253262
-0.3375787998256413 -1.681650456325581
-0.1959567106344081 -1.583433549437384
-0.2024926000378696 -1.577880114305776
-0.1510379994722686 -1.592794992619394
-0.1782512779156885 -1.633952375784137
-0.2164481575506441 -1.560283869643282
-0.2189653859246641 -1.620997515088014
-0.1815342411356016 -1.648620589647404
-0.2072186894790111 -1.58728048571406
-0.219774619262871 -1.64689733876786
-0.1297356327251338 -1.680762359698977
-0.1729508348598133 -1.60301239740812
-0.170172112838908 -1.55359758669057
-0.2809442350578851 -1.601709949302375
-0.1213552484914844 -1.635634441710423
-0.1681617729361659 -1.575962190466264
-0.1818837542332675 -1.603509131099133
-0.2367596273584052 -1.591969006653459
-0.2058366557087543 -1.529955259832249
-0.1810544872332913 -1.567744378551143
-0.1312580698939663 -1.608903576715434
-0.05601931539491697 -1.775734746185675
0.08627497530485936 -1.778473878789999
0.2091265914664947 -1.759657096260094
0.3417940580101078 -1.720382813071413
0.3334251989528185 -1.72894290220892
0.1347354447554531 -1.772230195355726
-0.02845440188563875 -1.781207106570095
-0.1917920750785801 -1.772055271730925
-0.3406890040238797 -1.738443134798761
0.2166530527335108 -1.704549752089245
0.001908761071392706 -1.752137335819398
-0.06760587644857441 -1.700001343942457
-0.3101392023185525 -1.710342200955515
-0.2610338469226082 -1.694679710012355
0.05018601077950868 -1.658163639787372
0.1043587606125368 -1.709588178172169
0.1842136293880961 -1.741398727758587
-0.06477597097910753 -1.656247902673558
0.2510124054759579 -1.708060783764474
1.086657559121863 0.2519754367816006
1.115219538498808 0.1547752829189195
1.150235218260403 0.03448238582168672
1.185929374349251 -0.1163455235532994
1.203442932464359 -0.2835508621495669
1.199104181227907 -0.4736655946458994
1.17172489549086 -0.6942531535940991
1.109768953077536 -0.9389484233029965
1.01628554623395 -1.161875333160475
0.8948433480313699 -1.345318631695323
0.7466822058377379 -1.501793375892376
0.5913674856695119 -1.613265258636075
0.4591811358840351 -1.683556744696161
0.4134885189226274 -1.716638779163316
0.4089962957109652 -1.735588938906448
0.2331540088417701 -1.793162812055111
0.1008982442061503 -1.811219284019715
0.05324945191529581 -1.796174891357341
-0.1762969598497832 -1.783822869141526
-0.5249351718782861 -1.734743058924368
-0.777246385165095 -1.650871308142293
-0.9461113915234325 -1.553804316627154
-1.071767597491749 -1.442859782521172
-1.189488219086438 -1.312705483917756
-1.2684672550703 -1.178326970726
-1.272755892891368 -1.053066282947263
-1.236579127123584 -0.9391739622009592
-1.196762181016578 -0.8628167602841985
-1.088518725736747 -0.8205938280478373
-0.9662358001314864 -0.8316812621561076
-0.8679704959530355 -0.9351300266247683
-0.7939510650229689 -1.10418358663276
-0.6933709236767568 -1.281958828077404
-0.5882207606319881 -1.42932003484676
-0.5135876931164515 -1.53295104021639
-0.6478225857107686 -1.449224112435299
-0.8446352768132308 -1.201933521703697
-0.8981176249250515 -1.021272446177297
-0.8268231865141391 -1.052920473092969
-0.7886030382310922 -0.9997708141489936
-0.8275343718094637 -0.8691971008498949
-0.90873949675049 -0.6993765571474888
-1.030071327523968 -0.6585367929395215
-1.122599325847432 -0.7240413531777372
-1.135761149523061 -0.8690563280696548
-1.127057119822721 -0.9813117364872272
-1.118036369236346 -1.058423898346181
-1.093532024901114 -1.168877290571053
-0.9995443595559147 -1.335346372209105
-0.8254137731008535 -1.509739792380555
-0.6307382136428941 -1.654442720902613
-0.4394605766696806 -1.75684438963394
-0.2455652338345973 -1.825653305792012
-0.04830680383677039 -1.856649891455952
0.1223240099094735 -1.845957120082423
0.250476094824878 -1.804126237149487
0.3079332513872384 -1.737654246232133
0.3048683324031431 -1.652003809115083
0.2453383521698573 -1.58397899949686
0.1866285726480972 -1.556652278016037
0.1994678917085236 -1.509118460139092
0.350171715668917 -1.389142741503505
0.6224352697268224 -1.126820008224407
0.8193893591627117 -0.8246385874402605
0.9278445322439243 -0.5398006533062332
0.9361970049846946 -0.5484867919034933
0.9037763355290661 -0.6776316333558697
0.869618043248906 -0.7951900890869288
0.8277596754396331 -0.9098272232745345
0.8146603783930499 -1.04788271568285
0.8332167586195551 -1.169244432087181
0.7677022549828769 -1.249316561739286
0.7382694923885047 -1.157498237888194
0.7667473372276652 -1.076251870338846
0.8077601794028378 -1.000339221327282
0.8400621907420792 -0.9246267295622712
0.8881696328760368 -0.8888547940263041
0.9212207536080121 -0.9745308746854737
0.9916778721194863 -1.001592034147957
1.029300743310867 -0.9428031933982812
0.9866814142880062 -0.8440758400760917
0.9586340813318475 -0.876701556335863
1.003346386088105 -0.9341311329338842
1.077545468397891 -0.9657153524138895
1.181447566598641 -0.6673597844856443
1.209602605218558 -0.3142077081827135
1.153478884917311 -0.325603813421738
1.088758886738785 -0.2969337139800178
1.033184345558045 -0.2757066364716644
0.9790877591449689 -0.2789140149099204
0.9587674105614858 -0.3306986561731549
0.988332323093555 -0.3530082308993263
1.027070718230548 -0.2694846818323684
1.045361827607756 -0.0991549440016633
1.04721962526847 0.0753329237775604
1.028444177390084 0.2268536848081848
1.017291152061515 0.3254787423812079
0.5281560704660884 -1.829053650186218
0.59212469760852 -1.807727087681123
0.5230884255710477 -1.811984570771912
0.3797019371975848 -1.829049080004292
0.214572452287766 -1.842033599520739
0.08703524939050979 -1.835747129425443
0.05596214024854895 -1.825810969857102
0.06204800400015555 -1.807459188773062
0.1190588063673901 -1.807645930264754
0.2502079881076469 -1.781382483274089
0.3382728358056078 -1.746195772642354
0.3072069114813371 -1.73752798624453
0.349522809298363 -1.696217694906984
0.4390134377065656 -1.614462224475178
0.5101788635757092 -1.506197292466774
0.5467310882114247 -1.387367376151367
0.546200674478136 -1.30469405207182
0.4766097915256921 -1.315455411620408
0.3611909042053706 -1.387697313232557
0.2847461733716334 -1.449817356939264
0.2578313150184333 -1.535384094464526
0.3195123278605441 -1.714370094789492
0.3926793799758675 -1.599680210863922
0.4639296645511496 -1.665524727131955
0.4199735777218297 -1.756118058597267
0.3480066077281883 -1.822859495271293
0.2806330765761367 -1.847572940935932
0.1888080800993548 -1.859549637427822
0.1399084047392123 -1.843597497136779
0.1610252014867692 -1.821553043733824
0.1726790540696582 -1.808602548688417
0.1609538018329258 -1.802570238643627
0.2012204421828459 -1.817469613799674
0.1999554953486568 -1.886672385458361
-0.04914716905330488 -1.896203329569922
-0.147910815767743 -1.773980895336404
-0.03384193271418862 -1.704615449924785
0.1316315136058727 -1.629726546704752
0.2447787775314021 -1.540169884243141
0.2853326647040945 -1.465948753293309
0.2535017308000698 -1.453110353680664
0.2476073750695689 -1.456675862530032
0.2800611510695173 -1.475488609435821
0.3354343824613473 -1.52690946213629
-0.2398875095131194 -1.518063899905445
-0.648307162343011 -1.273922399429239
-0.7766677207629402 -1.288838184181722
-0.6419880735611342 -1.097905754896447
-0.7938389005437716 -1.419854522425795
0.1487472882938645 -1.804668245524379
0.3844342553367608 -1.74454986500681
0.2599154251596507 -1.77933722448745
-0.1253977817512616 -1.814767526437614
-0.9279602783842427 -1.474701321472517
-0.3236720981701524 -1.794559717676478
-0.0637614024511709 -1.819585987947602
-0.01476176463796028 -1.769744938346418
0.2042984113683928 -1.800805761312279
0.3426814578888951 -1.761723279704225
0.1964774210422186 -1.816097215053003
0.4412552737193616 -1.843166066585542
0.4817621932877536 -1.63853044215603
0.6173765997450363 -1.52588532476644
0.8006554981422095 -1.201149549030284
-0.1090397046850064 -1.841024422928677
0.2523947758498075 -1.84227277093792
0.3641700981669757 -1.796523223057512
0.287477745490737 -1.869571118298094
0.4035109295807021 -1.74838918632287
0.5741299869671643 -1.311067650825859
0.2608811528150443 -1.521546991955605
0.2233593345719905 -1.462550056603636
0.6860670102095803 -1.088326036011332
0.7081101138477429 -1.220740477349282
0.9268019788301896 -0.5929866598862386
0.8470016353380357 -0.8844246120637984
0.7843409689687378 -0.9362978009112879
1.037332425052615 -0.693794059289437
1.124110112300547 -0.1738134849025329
1.109879195979423 0.007088479796984792
0.8107003249712825 -0.9611355426935013
1.038380877530046 -0.6355370228770638
-0.4112756711699756 -1.499913704834571
-0.1765496094793963 -1.540016903091514
-0.5660329689847503 -1.262987474073951
-1.119396814771042 -1.013750702985448
-0.7356334211944255 -1.178500147938569
-0.9871887875997329 -1.052936074654739
-1.063264178562377 -1.216119096355275
-0.8021122952185251 -1.066964361430961
-0.5586245082995065 -1.23842079313993
-1.012706822364977 -1.290227771534663
0.07346728278963438 -1.842736554768258
-0.4803875383028417 -1.71533395049896
-0.9126867182924374 -1.565764652520237
-1.101148980327121 -1.40662074468118
-0.1073484804891489 -1.823794517315311
-0.4394037525427487 -1.760042257074765
0.5262519499098938 -1.84005546668049
0.469521982610737 -1.805612800736563
0.3245293822055906 -1.844695050443044
0.3585952294023357 -1.787223172827782
0.8908584634778509 -1.222734751108846
0.7157841011514962 -1.374734175995789
0.8755025220729242 -0.9449098692113678
0.1313820512407387 -1.858118524417062
0.03133950191526198 -1.857106506737039
-0.2530437817124732 -1.813645571690725
0.2296535034575302 -1.907234396326037
0.3645804151142469 -1.822597896781257
0.2840419316503205 -1.576863454956933
0.8580329081995579 -1.174260786557757
0.4539755996570348 -1.283926014482685
0.4540600010006796 -1.330808130333262
0.6406531831007241 -1.093994934461183
0.4761026566053804 -1.407205167935508
0.817960936951117 -1.018668008209538
0.8766905591705348 -1.123223166846512
0.8887541627282312 -0.7730711259208491
0.6474467287871588 -1.154325785243409
1.091367386722541 -0.7610400838347346
0.979714074099876 -0.9906896951257768
1.108372273533601 -0.4736668111020104
1.038039500504778 -0.6817354310509147
1.104573413218665 -0.6992071481383298
1.011107364934977 -0.6677211873962516
-0.6058647305370284 -1.320088379096462
-0.6976764523613334 -1.135722765939479
-1.257535984439013 -0.9670904531038542
-1.164232005446548 -0.8411868180979895
-0.7899300600369856 -1.112514387650823
-0.7832639817122905 -1.05831075943022
-0.9900546501335893 -0.8403854671887803
-1.127970547603725 -1.019079831819002
-1.129860533660256 -1.119885276329059
-0.4941926489580723 -1.336972108027498
-0.5482541832660632 -1.200344783945472
-0.533732806769151 -1.437096109891751
-0.6450962194951395 -1.636931948547376
-1.004034394749861 -1.51398719719963
-0.7830156997749359 -1.636697608022683
-0.09079518013006424 -1.793749289903083
-0.1559764247737745 -1.819040260884897
-0.607573051851708 -1.707663078060362
-0.303541773286448 -1.76260542447219
0.7418733943691431 -1.158327584070828
-0.2405427343399621 -1.806545852074799
0.1290126147855641 -1.647371689426705
0.9768972675685443 -1.053778515862724
0.3273683078128169 -1.400193290976273
0.5053459469035486 -1.461378216509259
0.7906785804561101 -0.9922590070502293
1.163330019961461 -0.5586868036092122
-0.878123499368618 -0.8483108691254124
-1.100643549484259 -1.180331894124597
-1.115144566387359 -1.131047113917512
-0.3503300958405875 -1.776565375805522
-0.4152962762376528 -1.751858508203215
0.9805499531294908 -0.9818907050518432
0.6483614475454818 -1.089508001124049
0.2901804994622764 -1.568834410034468
0.9058582568962872 -0.7149184688447641
-0.2212655893243212 -1.795495175431464
-0.5288076906382617 -1.733453936383272
0.6381397841825064 -1.130165638212131
0.8968722467365787 -0.6483290757272869
-0.2683931223273412 -1.473712503120382
-0.4707843561361492 -1.497744100955342
-0.5260960727566841 -1.631743150935253
0.2646383250043129 -1.778788659321084
0.3589831897302587 -1.738583009870522
0.2305798037022455 -1.783539058536237
-0.1139773713737485 -1.794894455759403
-0.7081716283306801 -1.643778884918275
0.09124433475356239 -1.833007447171165
0.2346315398446249 -1.498265577726043
1.109544221974267 -0.5582013466691194
1.044598390079413 -0.5415780841995543
-0.4446888809795289 -1.440425341669004
-0.5548641835648717 -1.325607097088953
-0.6819216315567462 -1.292877220709104
0.08719103845596259 -1.829318368094646
0.3408918366468044 -1.807148856176195
0.3808286103115723 -1.76457962730664
0.2550756926084448 -1.785103891925586
0.3356618641001124 -1.377222808900215
0.3899306294230901 -1.339448180068205
0.6339121299066222 -1.219332245825494
0.8536660730082211 -0.8402955964832393
0.876416386251881 -1.036133719713914
1.051114264932823 -0.4249128761599066
0.9707359351851415 -0.6467371429539436
-0.7432449942597562 -1.121368124015161
-1.175813011026623 -1.201804520044873
-1.272286432615937 -1.107930666316793
-1.23009273002626 -1.24294214467969
-0.6747825881680491 -1.184891736494589
-0.7064491313793997 -1.042241101750469
-0.5882918768553482 -1.141995445325683
-0.6319345388275484 -1.156838072115302
0.01866503150187876 -1.795454574905662
-0.08995533189490307 -1.835520839646115
-0.2511149741978377 -1.800059007118469
-0.2727845143889399 -1.77882018411322
-0.3565681654434018 -1.72402019727406
-0.5897976099394837 -1.62902004016106
-0.7965426600796814 -1.512563965098122
0.1508798603346986 -1.511735571095795
0.2132327203260525 -1.499004623026807
0.1604351453785524 -1.621477107945337
0.6963079698317426 -1.29937396770989
-0.7913279006842091 -0.9759532862040838
-0.9749899450904855 -1.295574680814846
-0.774095259171875 -1.320092967292134
1.020308781846341 -0.7780365601500322
0.4927056656309232 -1.27535870516724
-0.5149613968414859 -1.747142000818685
-0.703097373492183 -1.675466748770715
-0.4247352627534455 -1.357624311202359
-0.39550809886434 -1.587179360239975
-0.4030857379201099 -1.667575945212525
-0.5607220934095447 -1.659031893495658
0.9203224594118904 -0.9283779252139706
-0.4455775947719815 -1.37720799574312
-0.6856276801496589 -1.144926143968721
-0.3903562821508007 -1.447511357988546
0.03643338225215895 -1.807536708544469
-0.00394733941059397 -1.823761901634567
0.2297023111767788 -1.797599099314371
0.4979758438570082 -1.261694863771686
0.8219544924676444 -0.8479372910544278
0.8797525497333409 -0.6983772050296059
0.9550219182030053 -0.8670166626359366
-0.888627075493864 -1.166149511451029
-0.8149941377850674 -0.9705222252521672
-1.191491069873798 -1.100446898231068
-0.6745289922700125 -1.541587034425713
0.2475561866121532 -1.453780220317111
0.3545953438097196 -1.383566953041485
-0.02913036033332667 -1.74007298868366
-0.6564642016938509 -1.306945379598948
-0.7081645310836264 -1.39858920892408
0.9888457689792165 -0.8613597580735147
0.9910509788248723 -0.7378460785992957
0.892421963678761 -1.069081509779937
-0.2578063717642116 -1.509044695096379
-0.5428617033416796 -1.401020867090927
-0.7428704902607502 -1.356237232075256
-1.02553682116449 -1.230213110364305
-0.9604745922235478 -0.9784114169250182
-0.8406416519289402 -1.435898261110537
0.1177959867064778 -1.616119587949845
0.01933063086154735 -1.690438043926978
0.3543137201783859 -1.473359148497152
0.5887644807807809 -1.196384619240062
0.07778377593991648 -1.595914213732187
0.7364720007801968 -1.253167907229326
0.7638853464989412 -1.117906557859371
0.5389277369928491 -1.419731976159059
-0.3480022488437245 -1.481164332384297
-0.6874745017781837 -1.538303958464912
-0.865446475888519 -1.411593849648655
-1.083504920588312 -1.331260430123314
-0.97021272407148 -0.8493695324871262
0.1777327562836484 -1.522594673232966
0.7889916169616237 -0.8874078759297795
0.680923661728289 -1.33542026032369
-0.642960788149026 -1.488083241455397
-0.5045396364757407 -1.624406242417939
0.6405977588047073 -1.09084263642472
0.6480390750845395 -1.074749859688601
0.7961861646424997 -0.8167646094856903
0.8546011984191555 -0.9070292343896875
0.4978786398974269 -1.255776530493712
0.9094443297038434 -0.5235529291083547
0.9234578457941538 -0.6304334601180095
0.9679254496446966 -0.7236859070929774
0.726106667743933 -1.041839853290939
-0.7734327438939002 -1.229933687956553
-0.9096839332030284 -1.538878988274378
-1.250990677108638 -0.8815180619411821
-1.096259661074681 -0.8340137142738659
-0.9683664865715619 -1.240263276137783
-0.2913488685172441 -1.798315977675011
-1.013479360276758 -0.7976652690727398
-0.5019729930454053 -1.713193141163041
-0.5674481296224121 -1.547712716974237
0.8927650614424654 -0.723203305637218
-0.9130252272365862 -1.309050450658661
-0.7255442260854739 -1.267892074222154
-0.8665948680779484 -1.285241892774641
0.26486794238482 -1.779064060100369
-0.7298046799321153 -1.586906204353114
0.7640864945903419 -0.9305205474830253
0.8557229224699819 -0.6906792787986606
1.008176164796436 -0.4747258896758503
0.09264922396048392 -1.803114308664993
-0.8160005024426813 -1.035305909667432
1.081762393524963 0.3004986724169715
1.088257614262094 0.3559797871234204
1.130988815056588 0.3767265339842608
1.213828495781733 0.3575739821291308
1.327365553495469 0.3011467909645561
1.443848740068858 0.1969234303253575
1.538581255715074 0.0460736114336045
1.597977347328097 -0.1438985509849318
1.614485849443942 -0.3567415753115942
1.590536470338843 -0.5712429505186289
1.492963679587067 -0.8089921634988335
1.355083628966188 -1.017619170969048
1.242077675030104 -1.162710408683999
1.153038175304017 -1.257676831505157
1.006637641506041 -1.309564717642115
0.8741604814473454 -1.285606196705613
0.826252456009219 -1.22433986447894
-0.01241837837847541 -1.831339656395843
1.434951571085276 -0.5130101731386996
-0.9348575442536373 -1.346634654090043
-0.9770190295307362 -0.9342182739842061
0.9692482165734143 -0.6318645553632177
0.1815637860613061 -1.653773541416967
-0.5512910496324193 -1.747381878349509
-0.8189156428222188 -1.563647065579601
-0.3403089912278513 -1.796329988258569
-0.004594268319536271 -1.818884051255544
0.4312852395621984 -1.767652899765914
1.340449761789121 -0.4835713904562565
1.37819994161036 -0.09284689446531563
1.307893783022187 -1.129380388795877
-0.6664630227401774 -1.539949404868088
-0.8733099523237026 -1.237961356888321
-1.069575071872729 -1.03735553503753
-1.122489156332643 -1.232168569282289
-0.9467254536715807 -1.099934928271913
-1.027201591317054 -0.7778869403706781
-0.9279246290767745 -0.9346905617859786
-1.056941063238759 -1.073509581084573
0.915961107487184 -0.9021142352948321
0.9326334659006179 -0.7034404874045053
0.9608593474006388 -0.343172349258773
0.210496227975275 -1.576773363441036
0.1516235393633153 -1.682031867300928
-0.1939259291243904 -1.811247529011804
-0.3435186567569911 -1.812137455558999
-0.6695939302000721 -1.643209205703881
-0.9875488788653395 -1.465548516615337
-0.4090734656137258 -1.780862693764041
0.04554529638856951 -1.809449891467952
0.2303132951102865 -1.790013139525928
0.534005806639325 -1.710128789345023
1.264699910737971 -0.4364063936636519
1.272074336615115 -0.6418620732775127
1.30052052020815 -0.1475960697621571
1.214988954540926 0.08895093503350215
1.001345679229418 -1.496710825745756
1.212900964458596 -1.104776587704795
-0.6347473559017329 -1.534742806200815
-0.871943550003367 -1.102643181619056
-1.100472004710122 -0.91149118146784
-1.194379737230226 -1.073778424219495
-1.214520222954492 -1.160165933335592
-1.01258847793471 -1.157978809774462
-1.064075774860309 -0.7282607281889013
-0.8512935001849244 -0.9837342060349468
-0.9664586690291054 -1.020334878950236
-0.9453809808849537 -0.7207588061832684
-0.9904353417738893 -1.075643522780048
0.8689927171612378 -1.013825960624855
0.8881710331165313 -0.7756277031931978
0.8932605711633892 -0.875313273146892
0.9525257939730318 -0.4797584469754415
0.9068826450522107 -0.6144682110484725
0.1613469132803479 -1.567827673828395
0.5906150438203925 -1.249632183125231
0.1906897570457086 -1.664043493422451
0.122514559679697 -1.631602287743122
-0.035266728103422 -1.83492132608915
-0.2482710679448003 -1.830227386403118
-0.4603526319455453 -1.755917339759647
-0.1235269226550671 -1.840711918341913
-0.6073603634828993 -1.677713684743054
-1.002035729893497 -1.494841579680558
0.2899071509430519 -1.779619321304334
0.3928014520836376 -1.742244109015108
0.09139614779535982 -1.805217394394228
0.4753180885349456 -1.706866280791107
1.228637253240579 -0.09445217301523035
1.211681503742932 0.01969846575665568
1.27712546948964 -0.2678866559109503
1.157826511352895 0.1421589823959397
0.8178868396413501 -1.56085233732808
0.6034818984660434 -1.659539495833436
1.125650364800414 -1.078081543167166
-0.5869179039804128 -1.518157371844546
-0.9936791767910786 -0.9763976133899757
-0.7633823731416036 -1.300939410834852
-0.6546731596841238 -1.434541819165876
-1.079073087276382 -1.162187984365316
-1.153773053095475 -0.9759903006654584
-1.055863501897789 -1.211185462040315
-1.080223043083745 -1.057876530552277
-0.9903426343570875 -1.340557599911002
-1.001633240905641 -0.6262567585166502
-1.108268130875312 -0.8420666330205688
-0.9055355708669408 -0.6573391637033215
-0.8701412849034489 -0.8339540618034393
0.8796892214677585 -1.08585219678453
0.934960640439834 -0.5517394665501638
0.9244212240085871 -0.6423681585140411
0.8988936734612725 -0.6191781713320906
0.9460257649796576 -0.4282003458886008
0.5675249757382637 -1.212279289651368
0.3441624118229648 -1.437742320928488
0.7819729985705007 -0.9041621234393314
0.0650967469982936 -1.837841399063771
-0.8760350770168926 -1.583479365046
-1.081739226494079 -1.40240745302315
-1.146830568851166 -1.288316243767765
1.376810505427936 -0.3310508087803756
0.9623914524278715 -1.416643230180358
-0.6643696132781364 -1.496077705457643
-0.7236849755234558 -1.459768064327205
-0.806651425585736 -1.53571690636963
0.9598917175055069 -0.5448721714616638
-1.00318498667977 -1.386474658154324
1.009967536275182 -1.463187353375984
1.107562082131994 -1.322279619714143
-0.8194817502107838 -1.410849728013178
1.059688153311389 -1.245103111431126
1.337517182866216 -0.80839962712466
1.271431731455433 0.09146127580790719
-0.1040611034949776 -1.811254439712509
1.376414104502157 -0.6603203663586932
1.171809293626286 0.230774235534525
-1.007331393982395 -0.9728913302565307
-0.5963962497909773 -1.709071733138196
-0.7149101992555582 -1.618860653902703
-0.2840170918863286 -1.82746674565723
0.393692306835233 -1.762548380112968
0.1167412518607367 -1.812870147963015
1.299072272600266 -0.02732120678149436
-1.029604131772062 -1.009665881071867
-0.962194735432342 -1.247902243747398
-1.106316700386571 -0.9344897692252085
-1.075063302467129 -0.8356148639969236
1.148674513420937 -1.046077310768349
0.9498348105459051 -0.4252768465594172
0.9027765682875131 -0.6922107395014241
0.4027274704578379 -1.442146483980044
0.6914056060267157 -1.088788919763494
0.7633248713025064 -1.020447954712737
-0.6636117544702833 -1.70443654681235
1.383452539888299 -0.1892549463654562
1.489025370060308 -0.2901697587049666
1.450865286558474 -0.1827473205023535
0.9664999379777777 -0.3799323687587365
0.9597993936253655 -0.3619222660110133
1.023068273170277 -0.5210996868754542
0.9660681417447036 -0.3574665362133531
1.221068474970056 -1.261365656502354
1.178368563444175 -1.35719285470926
1.115824595359498 -1.394527007531242
-0.9754502523269653 -1.192178697934278
-0.7350029997539756 -1.512090113025203
1.500548004508244 -0.491358299189495
1.430479543149463 -0.8576087296079442
1.233454218767021 0.2543669959033495
1.41268180658254 0.02911300285470353
-0.114764790082262 -1.825917705661136
1.50434188550835 -0.8220213331590347
1.309814276889844 -0.8615111199057186
1.204033173241737 -0.9004170695188533
1.17656808462148 0.2858715908650462
-0.7941367017201623 -1.522951623971243
-0.1713679446823135 -1.831306129613135
-0.4359200192576465 -1.792131451468722
0.02063212726667418 -1.823555499512868
0.2536471596882694 -1.800628749673536
0.2773409895759584 -1.803440507953812
0.3073839177120201 -1.79874243343587
-0.9955241769011847 -0.9244726305417674
-1.074240626157155 -0.93448919955638
1.131953231506433 -1.172146981784601
1.032640003450917 -0.9679513587742553
0.5292647144107598 -1.289756553473826
0.8245707500136685 -0.86219630484597
0.5330294918641713 -1.498124819556022
-0.7325056838720579 -1.650217360937578
1.343028560705895 -0.04214118984448928
1.487610989844086 -0.3499960688265383
1.535356560580393 -0.5982329988040664
1.53068420057472 -0.5563359099620953
1.532302954039666 -0.4516514939122003
1.456618766145496 -0.4209090071392758
-0.7575539291516949 -1.523601369669641
-0.6867100348202995 -1.544215032510301
1.555378137340618 -0.2743610765936064
1.567441704230258 -0.4758358689539516
1.434669369426208 -0.8807947775142814
1.506179780564391 -0.6841427536933135
1.20416307382715 0.3165056277945766
1.281365365094536 0.2685076079503033
1.462275471276095 0.07250132299065365
-0.90560520875443 -1.388445683011153
-0.8556021889634663 -1.311785803367602
-0.831501243787144 -1.409707016255587
-0.873115682052797 -1.243417610398584
-0.9315025516988643 -1.094544147886298
-0.884747451550747 -1.18985785418776
-0.8973994071260608 -1.214563369830521
-0.4818226090407362 -1.76979951745746
-0.6299762475773497 -1.723187534373576
0.7231235032511238 -1.672777366760777
0.1311646194004522 -1.823821472584269
-0.9993786987533666 -0.9793883757287526
-1.034581495206216 -0.8825725366063661
-0.9620834780356959 -1.024652170258475
-0.966686896119995 -0.9839817469362444
-0.9716201943339908 -0.9925876295578233
-0.9471460013464993 -1.11203562787185
-0.945188206710938 -1.076314718713886
1.336574922619617 -0.9896046897828754
1.024772609459002 -1.069563980738162
0.9788288320156897 -0.9473814877576594
0.6006106810256109 -1.324227812902402
-0.5508115723701532 -1.744509619594546
-0.5074825465884967 -1.692521651473186
1.407537181818761 -0.08190563393722178
1.540576104919078 -0.6951671474901102
1.447064786551673 -0.9021103699229787
1.509245817231045 -0.8114604994658414
1.378253759828615 -1.098916174417673
1.468386531813237 -0.9345506783312945
-0.8650884028785509 -1.475349905268288
-1.015124621728593 -1.322102377977384
1.433131791091592 -0.716947084616551
1.492119621476764 -0.1054991515849265
1.359236834242584 0.160997732985507
-0.5930790436443576 -1.747670862071341
0.5577533461349058 -1.73889729627836
0.1291333492906125 -1.822983372990472
-0.9125919738339554 -1.122388614311788
1.238560277213012 -1.069823117174608
1.359094796096865 -1.00837281789429
1.265099280343236 -1.117899895229788
0.9683846027593432 -1.201108967819499
0.6405080524646592 -1.231132883043791
0.4797963068104132 -1.401791368965696
0.8387658781884031 -1.051597322277904
0.7435453112427659 -1.134083625554489
-0.6596497960688847 -1.649507965729438
-0.1685339386651054 -1.80100953799154
1.383126538573621 -1.043052409066269
1.402292755862361 -1.034802089365678
1.542223398487592 -0.07780069179335408
1.418541252559212 -0.2694388970126882
1.331293680739132 0.09819625865639336
1.379830567247785 0.2102494945067508
-0.5692548029916468 -1.748730618731117
-0.4597381861415948 -1.780388053847097
0.4195265665352099 -1.778920907353521
0.5194148902996854 -1.747820750827025
0.6673737151965796 -1.678826179030256
0.7260517263242402 -1.642188064647482
0.8813649311780902 -1.571536117590518
0.8790603196547797 -1.577324126554395
0.3031366151345385 -1.544997580975197
0.4456675704939799 -1.474455803437631
0.86677701428863 -0.8907072037491768
0.9755702697413862 -0.7031067476646652
0.9539200769621279 -0.5908446099917375
0.9230587269009445 -0.8436478213673162
0.9351170755067946 -0.9589542085843357
-0.5328507848280335 -1.735003383414496
-0.3514663906370077 -1.782817755406518
-0.7950627120262089 -1.454105843425149
-0.01687158108990885 -1.823600158747246
0.03725752275287239 -1.794934974391165
-0.1778601060570929 -1.820293710914133
0.9457388803313294 -1.440393827752334
1.455620666666554 -0.9223773324596869
1.439545908217051 -0.886628670789845
1.496944107912885 -0.7323979213025014
1.414948248820448 -0.1154269819703204
1.483278332809853 -0.2780582977583324
1.343723847042392 -0.06433422545624928
1.280655311875836 0.1889677398174426
-0.3126707642758528 -1.813533150355466
0.04272658161193427 -1.667526512261821
0.9909143843685317 -0.4486654937974906
0.9541019611507553 -0.4554061015700781
1.113977895061987 -1.066482156807007
-0.3337704726237087 -1.757059894019623
-0.1764506455872832 -1.735273873055365
-0.3310977870849297 -1.71789517018484
-0.4847724039987664 -1.731056710986185
-0.7978696925951464 -1.521690124469178
0.133293550093085 -1.814153825534996
1.175527048895353 -1.285252412126209
1.356099583518479 -0.9782882187766089
1.409824980807485 -0.8014414754451022
1.455263616100716 -0.6539998505301019
1.362990978411207 0.006288955528698792
1.305094662243646 0.004786393947542655
0.1576690107353106 -1.628825571542736
1.278785695996349 -1.020584575039806
-0.125169571008875 -1.761714573869856
-0.538419540505978 -1.612672297490406
-0.6502034639778689 -1.618404833780097
-0.54016365323508 -1.640446987147341
-0.9458035962813672 -1.369050146583013
-0.8758001570179914 -1.472877153524776
1.292010229230079 -1.173431174903693
1.250721865502911 -1.148431677473256
1.137099524909504 -1.164334518203937
0.8901498070078447 -1.304425965275541
1.021739100854325 -1.197776031500855
1.318930216340638 -0.2445600200070457
1.279115394823712 0.0009534122883535501
1.30761532539436 -0.1127324353651439
-0.01165393553001826 -1.743615986925987
0.2679344185696736 -1.588183055333462
1.356131531079774 -1.00461046074385
-0.3566120679137332 -1.690561875454299
-0.9269756206893626 -1.35239141520992
-0.97569188540152 -1.414407926231458
-0.840247748611047 -1.443877860353901
-0.7701440061227198 -1.535695967685953
0.9947468684727565 -1.041896471263864
0.9645301740311067 -1.338159007027256
1.29236890582741 -0.1306384575025434
1.28770062507356 -0.2306986156502949
1.394212609000888 -0.2675336326707565
0.05967749416588952 -1.692801490700302
0.08634312341782097 -1.729710092034119
0.1420096391893014 -1.743298910952965
0.110708156666066 -1.809275978098415
0.3340409629076641 -1.53470401171865
0.2055862917595225 -1.750462901772704
0.401330954675536 -1.543897665889394
0.1987518978049668 -1.681090569076613
-0.3300105407606954 -1.774212620027904
-0.9326596258349842 -1.435295477060459
-1.047981613438521 -1.392085924647158
-0.8348328386877593 -1.275923019608623
0.9706941302661724 -1.169608587924314
1.038243711625965 -1.09175349932818
1.09477277363483 -1.302598853797642
0.6089108612944837 -1.586912666254165
0.1971014996850297 -1.633122206119388
-0.05410884119263143 -1.69942880671753
-0.3898339139057465 -1.707591927412134
-0.9541630817200056 -1.462581103280624
-0.9203512171615662 -1.300325792147984
-0.8854770711260542 -1.317724211952015
-0.8060080728929768 -1.330176867492939
0.7912659424428302 -1.498136590173695
-0.1792419718848985 -1.768265253586851
-0.7165794822082675 -1.628778951790552
-0.8190376114248832 -1.373530155175196
-0.7829676336478381 -1.43329365757773
-0.7120153217059771 -1.515275314467095
-0.8068088825413301 -1.449634595720303
-0.7293300840784911 -1.499689619812595
-0.6916178567832909 -1.522520977943684
-0.939223865156493 -1.340458276028453
-0.6924786495869812 -1.506187029273537
-0.9432068705598572 -1.272761470458276
0.7362052876639253 -1.456553910582796
0.6232627723949554 -1.679597640765977
-0.2682248917647135 -1.727563127260344
0.2061188009978757 -1.782446351425702
0.04661591211515959 -1.765434837925377
-0.6103941403252269 -1.637399659807447
-0.9196481713848373 -1.297075060313146
-0.7768106429858077 -1.477939906711939
-1.028428215078919 -1.190474756757108
-1.003943589224249 -1.100812003492302
-1.01944020568089 -1.06171891407031
0.8484892430954618 -1.406457156200379
0.7908667538605343 -1.570025131062219
0.001538101804495522 -1.831938918732936
-0.5599114832481933 -1.713168786924757
-0.7807992355996515 -1.445204338044127
-0.8558820301553496 -1.353362063760077
-0.9975012367914782 -1.210633656632955
-0.9163431414811181 -1.351843397902722
0.6203178356979412 -1.637080046683374
0.9512870139447327 -1.520116884546559
-0.1343514717664602 -1.811222254277668
-0.4319528221723116 -1.786915559878338
-0.7082488228734516 -1.687908919162942
-0.6709554444887216 -1.555809169347448
0.4259786917898535 -1.692471468318148
0.307100390546904 -1.789833698933046
0.9418582732298943 -1.495079064370695
0.7877162785027859 -1.611227032370927
1.083239466428244 -1.39947671382247
0.4544030499952618 -1.759663614018367
0.7550400619515419 -1.656380214341127
0.5923269651426715 -1.714533097399397
0.7893275584933546 -1.632640091813428
0.9527454578063473 -1.533389993369877
0.03627783461262053 -1.801725202462929
0.2361569329939866 -1.797068010501673
-0.4059354956013879 -1.780917446662309
-0.2254615039902546 -1.818056442319927
-0.6643675111574512 -1.684524302450576
-0.5736134317969538 -1.739797449753787
-0.7910297729460959 -1.569829221584415
-0.63551536273308 -1.727058499783387
-0.7415501096798033 -1.616814550578043
-0.7687848183374375 -1.54329148066715
-0.7161153217837026 -1.502438217100464
0.4593200781602429 -1.608798863985814
0.4546873285260974 -1.730435621496724
0.2692489123913943 -1.771647323476721
-0.05368878377733867 -1.813869200853807
0.1217410964679503 -1.813671383847537
0.1025068254354969 -1.794034497435759
-0.02450104954459778 -1.77365645892155
-0.04407418614373386 -1.831112296720253
0.1593149303249918 -1.823676258280094
0.3665324217828057 -1.789607646238804
-0.2425866327169732 -1.814401475753664
-0.4525437355959149 -1.757416939399681
1.053968051229105 -1.389904196208157
0.6452384705377372 -1.706935809066291
0.4716532018312993 -1.754719098523871
0.0671245115421146 -1.822044736316248
-0.2772340784958298 -1.80254619615007
-0.735631714805647 -1.550562399852778
0.4820637206715066 -1.630492625967873
0.1307286535807077 -1.728868353651841
0.3271137528744249 -1.678703381906807
0.4709613890157062 -1.750800163214454
-0.2699997276469402 -1.752929074846146
0.3540968277278905 -1.771166716417174
-0.213429237914314 -1.794975702319392
-0.3556811581038195 -1.740441106174847
-0.4632037031187229 -1.735300443678531
-0.549621922915778 -1.75587234849897
-0.3024937652298118 -1.717463209739226
-0.4295456339077753 -1.767356108191931
0.9425926212571535 -0.7724850026161914
0.994127902860269 -0.7456238187112968
-1.002248628810658 -0.7115828315747709
-0.8945623190350257 -1.532664738835687
1.157378568446704 0.1928085896804521
0.2615972415170835 -1.593053186814654
1.01044348617176 -0.4587033508649669
0.9786886731593634 -0.4738238896662127
1.247050827840963 0.1634859126858604
1.340988154989281 0.02144825120152349
1.293024460226938 0.05076237693978314
1.258320273228849 -0.9551564768155972
1.140199805642632 -0.6198737226636318
1.366352977932978 -0.8784217539395598
1.221331788362489 -0.8085612198372496
1.123611257191798 -0.8384000506650726
1.293426211562433 -0.5566043880197964
1.167581322690224 -0.9394491328928243
1.311152871643367 -0.6932750108077017
1.214963453261553 -0.5929050586275035
1.381053103512233 -0.5640904358567767
1.44207854563112 -0.4240389448658904
1.080473469588931 -0.474060800800019
1.438953033714497 -0.5784527922672271
1.388628856997458 -0.680518486097817
1.128477388365664 -0.4444694236230209
1.051004792912187 -0.493578197011684
1.139067936289952 -0.4746013657865644
1.196548515504935 -0.4528673741373427
1.246576051542257 -0.4315480498852222
1.25564528368385 -0.4106821991395783
1.198416651683586 -0.4613320796158162
1.144263740231974 -0.8016322932350948
1.167826203614438 -0.639761864512493
1.258541281612374 -0.3121623888500716
1.294814672535829 -0.369671350063568
1.348649576697559 -0.3701729001532637
1.103880693673682 -0.5868624738537186
1.288130685288547 -0.6400156211646408
1.261660867026565 -0.2441129428186054
1.380041195751495 -0.3898620127506986
1.354114454053774 -0.501045491726486
1.058746009981044 -0.5644855922260976
1.029067640393209 -0.4683779463809586
1.036894890466706 -0.6754702801910937
1.247166570926445 -0.5948091486871699
1.303073804079419 -0.5352674264009674
1.296797718150524 -0.8631668695708083
1.336804248645195 -0.6581394188397626
-0.6872343853969298 -1.684427530481674
1.225870857739515 -1.308064438416974
1.099416716363892 -1.412221193488714
1.234683544440092 -1.267408456042024
1.294633450818355 -1.223450557309808
0.6882329652300473 -1.686800486353466
1.059340626883614 -1.460366354038293
1.040084025795252 -1.474083029208082
1.179181817071441 -1.358390958364479
1.1047164307273 -1.421371033930698
0.8782095069604384 -1.59043786863648
0.5643701474044857 -1.416855476259221
0.6762468458857359 -1.368424731947541
0.7094546752337574 -1.255443127527635
-0.696792797183581 -1.564198637419179
-0.6635374868083369 -1.561062259267744
1.351475910625218 -0.1823190853111551
1.411880035767441 -0.1557800702514028
-0.04867222539736926 -1.805714891659105
-0.1117957513040793 -1.780367804624156
-0.2763278763934037 -1.771087585108857
-0.201353926850824 -1.711428308374231
-0.05565520046022032 -1.721707560611584
-0.004121556469444815 -1.769535285735226
-0.9061149658216924 -1.271443979005677
0.6068435849369328 -1.721579234041973
-0.8322507318602616 -1.46648582702969
-0.8193266088499759 -1.467044934218634
-0.7805631029925626 -1.581979048436366
-0.7881958245204147 -1.527063293537208
-0.7989914639809738 -1.568920931975956
-0.7789522935564751 -1.636487870212345
-0.7384379773921391 -1.688961809510151
-0.6665736801190421 -1.719629622144844
-0.7509605777475986 -1.656159785894049
0.2123850480557449 -1.81713879124348
0.4303951807048071 -1.771208171527657
0.2600955214257854 -1.777241960875176
0.9952803101053798 -0.4147055924433279
1.002840694507633 -0.5643874336799457
1.24157927464434 0.1151729080375237
1.087387603779844 -0.9678365296857872
1.047561633009526 -0.8699827538003005
1.074455518365367 -0.7230829387362867
1.081728603096486 -0.9474198877446114
1.183363567456556 -0.9212471568789041
1.077821873646709 -0.777559531183232
1.206956737468593 -1.016302535979906
1.112850052830149 -0.6961505970067976
1.067887004185108 -0.6358883394119798
1.024653434790965 -0.8663277742116813
1.010951784373384 -0.5857465508043215
0.9999031248862117 -0.7620557627024249
1.409832516336719 -0.7196666725742086
-0.6511369536334281 -1.690278015489782
1.341408130481835 -1.17583721214043
0.640049310468262 -1.46703774952551
0.5200843469405634 -1.551460321873448
0.5771655508908474 -1.555082890833161
0.7792206813699772 -1.336643624492018
0.8104003220033107 -1.19864542281619
0.899690815771011 -1.177548193806271
-0.8926659918154027 -1.278103300586269
-0.8458670956209272 -1.267621161445382
-0.8011875872271834 -1.345726176526003
-0.8675494368243213 -1.29839961686817
0.6112951468090353 -1.719914718945234
-0.8586081460557685 -1.360847387663995
-0.8266927762186892 -1.462482406700572
-0.7476144851325863 -1.600797503630085
1.242103195245827 -0.7468510770113264
1.479734830816332 -0.5825469502734193
1.41182038447979 -0.5480897256613039
1.387228958964702 -0.882333248936833
1.480461821640299 -0.7437688086913571
-0.8681101894612202 -1.36823210468798
-0.8679984020594027 -1.315859056110332
-0.8084530413239788 -1.449763861770943
-0.9378223803192427 -1.184945186716239
-0.9568124263159803 -1.20414451743996
-0.9173606502775749 -1.229985669455932
-0.9707967829716038 -1.10431662739373
-0.9689145011964559 -1.237837672190574
-0.8860436000256516 -1.364288782770834
-0.9871791927021814 -1.155942811782874
-0.7911889209773939 -1.53252727524658
-0.8189582335741968 -1.440746794411503
-0.869174577745238 -1.31933804007931
-0.869855505434587 -1.334805176241669
-0.9120791094253627 -1.197251518409487
-0.919182789150604 -1.188692562556611
-0.9680450627791881 -1.049518730768136
-0.9842864592416181 -1.019556891689895
-0.9596479542048517 -0.935232410095663
-0.9693947683212919 -0.9078002646983248
-0.9967058590169064 -1.001995721108545
-0.9964029677596635 -0.8365474428038695
-0.9700535856626227 -0.7794471945621531
-0.9588034541546445 -0.8578802360452082
-0.9536962337575057 -0.867642317701241
-0.933572887418634 -0.8150321801913482
0.37941068503623 -1.605834094226798
0.1327906330404764 -1.788115313790925
0.09548875516667374 -1.77968776999619
0.05784338252962892 -1.774763612506043
0.03739443193894629 -1.769178975989026
0.0601984957160332 -1.756302195066965
0.05962900794078951 -1.741048940783441
0.04589010394150675 -1.75341876949996
0.05236455089358699 -1.771650580731011
0.05807469325059839 -1.794256346816015
0.2774206264290444 -1.721636364981338
0.5942055706598708 -1.543262653726018
0.863373282390812 -1.286165114175392
0.6770560862035695 -1.375456794350139
0.5833753251503769 -1.49072899862325
0.4767940277014588 -1.599672101702831
0.3539307587450914 -1.684906067793809
0.2314445443758474 -1.747752531247071
0.2860669859747327 -1.669757625231719
0.626295662169941 -1.438608810063884
0.6383881835803165 -1.342040834417789
0.5024274966304267 -1.522570280054543
0.3787548656556693 -1.629426188832022
0.1147338768582405 -1.754303958940502
0.6115739741988044 -1.394591114213071
0.2275393732564819 -1.689719613298169
0.8885195728462032 -1.141585381320246
0.9036847360571352 -1.080094151462541
0.1611538079294925 -1.719717829226242
0.7802237565900529 -1.254871247488239
0.1416517295639645 -1.726187188329143
0.2066280806920458 -1.729074766715517
0.7785186497902123 -1.137791693870017
0.2090812680630394 -1.717602165941207
0.3110914060663915 -1.643120855223695
0.4885244927836793 -1.510998704867115
0.7708328695114439 -1.333018195266714
0.1739439156837619 -1.714403112550019
0.747158680898276 -1.258829546457103
0.5502436715483283 -1.480385996931247
0.8746049904832471 -1.037048558462888
0.6129339055948295 -1.426902787600345
0.7928098976785858 -1.18649101332823
0.6924966801085513 -1.383573115104062
0.1949863898436964 -1.699504551534869
0.3461595143929868 -1.62998510527113
0.4088228961147846 -1.5832146515206
0.4498077364100072 -1.565786654836765
0.4437046405440029 -1.569246606855915
0.6880759389405982 -1.290327862871397
0.5204157959057814 -1.505084227505118
0.5971261601681496 -1.389958807734258
0.7034391120047992 -1.219699967375748
0.6567860400846868 -1.309785225151657
0.7610626619322379 -1.12788279618575
0.8219765950421831 -1.256904972523512
0.9871262816686501 -1.043358190077913
0.5361417292160759 -1.53948666102068
0.6928770801797839 -1.360279769628886
-0.6047156604061327 -1.775193287822034
-0.8411748346968863 -1.727019072032661
-0.9245875206819751 -1.692857863530892
-0.8471082610186469 -1.71347352071656
-0.757147980920525 -1.740513311360325
-0.6702469902399191 -1.782871830669142
-0.5406326044618753 -1.832838213597898
-0.3131309106732967 -1.858978057213398
-0.06069827889164869 -1.831929016487908
0.2158508879732646 -1.734588149464847
0.4118290128168027 -1.613851554525751
0.02235453966360429 -1.884591025231129
-0.1840517383010335 -1.867031407316506
-0.4010393215300212 -1.833377531133968
-0.1827583275950377 -1.760755980192647
-0.487738783319 -1.818326850493333
0.3019491944698416 -1.561567739492797
-0.3883394224532467 -1.714450400448631
-0.1998121404118317 -1.818915189118187
-0.2695448968735756 -1.86694915035824
-0.3386463167019544 -1.889549565927942
0.3274116533705947 -1.61102149626612
0.07018345955588601 -1.727271805097234
0.3839320974853935 -1.49879929594559
0.1716959176164865 -1.544961149363357
-0.07135000276957321 -1.651727987158556
-0.4330204784153663 -1.819968371891166
-0.5929586487944515 -1.8308169592142
0.1777905519337713 -1.511261471051542
0.2978824425320913 -1.480176393508418
-0.4657029422865452 -1.763623243970053
-0.7006964715898218 -1.738731809485228
-0.7295648615850718 -1.771284379223956
-0.3732549878791289 -1.759330858113715
-0.5308362044272386 -1.758515301977396
-0.1604518992751766 -1.713680215271749
-0.2741467100157526 -1.772165123000597
-0.08177769826115078 -1.911515472045804
0.1522408747567278 -1.613073832394422
-0.09367287855924961 -1.661405319536544
-0.5656098539488918 -1.737928285254623
-0.3134956270441949 -1.724575474958678
-0.1195733302856107 -1.650086074889035
0.09281646299791235 -1.574138253854732
0.09233450795072956 -1.550697634744774
-0.367656187826832 -1.730531947689658
-0.3162909015124908 -1.709992462949197
0.04120261014062093 -1.826617550599631
0.04960783300650734 -1.846045649714642
0.09240301627190776 -1.849643227467279
0.1505202339160265 -1.823778315621093
0.1580087479004321 -1.827250993514107
0.1496756626868526 -1.819906116279471
0.1344142029556571 -1.810215652006689
0.7580045682322747 -1.368710342448962
0.7900983596286786 -1.449193610692134
0.853683914602238 -1.489974556614516
0.920453478954271 -1.488665609610587
0.9836624790684693 -1.457468501357709
1.044595368876687 -1.406097921585721
1.10388950098162 -1.325967482915293
1.157120548340908 -1.217915538121361
1.172344569824437 -1.106594646431813
1.147966086914926 -0.9860417149785707
0.4861935844328785 -1.691149412127962
0.4410620919369784 -1.759059670931163
0.5785747485217481 -1.625504879302762
0.1582079218714739 -1.814538577861144
0.4908390575242774 -1.741467470431073
0.2952917541680113 -1.799027475257863
0.385783648317397 -1.735294726616468
0.5459036441949785 -1.587923741449313
0.3088930388448766 -1.751269139433641
0.3467169498397654 -1.782086853115951
0.2503361820549315 -1.820696459691541
0.3271712426688825 -1.730500782265927
0.4476009270151637 -1.671844667299624
0.2418386495430024 -1.774534475483095
0.6571113877555357 -1.507031288386448
0.1195132322815343 -1.802712763322025
0.1423638411338285 -1.839260486789975
0.3392645287518761 -1.799715010755029
0.3421266852397122 -1.772773976454236
0.2259315962507784 -1.802019597047499
0.8279665909361504 -1.515309729200621
0.7450362845934544 -1.484687427813578
0.6211122039230579 -1.658342768662014
0.7186682070691393 -1.650474931948594
0.7141909351745307 -1.566036403487117
0.4999689542155125 -1.692582922337702
0.4752682651875751 -1.727611845030217
0.2439848114719128 -1.816110240952173
0.4040047969657863 -1.780756137990814
0.5664021847507955 -1.721573572346549
0.7167846987869805 -1.641149366619606
0.5385298794024216 -1.735956526685127
1.016293656659914 -1.344486943722181
0.9625924491683295 -1.326586255465096
0.916652438883222 -1.476312044412927
0.5977587419666724 -1.66924975466465
0.7855474637658628 -1.576812134685831
0.8713434485571487 -1.552071389542553
0.8946480499534463 -1.52746262666384
0.7088612823124549 -1.644501582567653
0.5666981501934937 -1.709592002904143
0.8590768931878625 -1.552470960347909
0.7067230524941375 -1.626625203566097
0.4897406627317928 -1.654482294864495
0.7326306054602167 -1.553250889335505
0.9804040346187148 -1.22111875436411
0.9663035899428591 0.4399867754662835
0.953250195018845 0.5071459038126048
0.9738499552054174 0.5435038400139559
1.036904087769519 0.5507426413457484
1.142615496091648 0.5366924767383372
1.272178024404709 0.4901378354669079
1.354650117697354 0.3478421064238905
1.359469380782604 0.1186146334505605
1.33314332021509 -0.08628129321796502
1.280110596626451 -0.236729453429349
1.556442811170865 0.1779503672067805
1.212715777845275 0.4300368435698069
1.324059259468511 -0.5252170768762002
1.024172252364185 0.4155681683261069
1.041057861358275 0.4493686541853836
1.474639154869081 -0.8056149698203487
1.103739468021433 -1.323947935002091
0.8827344158235741 -1.391394048608152
0.8261541919496759 -1.351713869530303
1.503480847364044 0.1950146414692375
1.377288578191776 0.3289287146510003
1.593955072792398 0.009506259917030413
1.459284117413889 0.3185838201809533
1.524427497392949 0.08493822018937425
1.435901086949049 0.3481015266445441
1.292270887559234 -0.8727261631682988
1.483579286369935 -0.5016502176692205
1.398121143095201 -0.6137130267273987
1.405444008704271 -0.7968795745478598
1.422124583027585 -0.322245211112172
1.514264956860198 -0.2139248389404939
1.649097564540568 -0.2794622033791295
1.334883523468162 -1.070573896746184
1.569551562028782 -0.6807515540593273
1.632757761527478 -0.04677845022417754
1.276060811300707 -1.022358250466695
1.29356641823929 -1.076847415893168
1.645492720698545 -0.4154370577638465
1.646724620767352 -0.1946509960216304
1.197417537098675 -1.244336360915228
1.44739934906704 -0.9086653876620556
1.345641697895522 -1.063972671287398
1.600845434026316 -0.5233987376210335
1.574253226821436 -0.3928656456532138
1.464808402848556 -0.8948971229480404
1.180121507157909 -1.263417529575834
1.24438226973683 -0.5633386767695655
1.09827655291978 0.4580074806259531
1.00030057755018 -1.391494834968126
1.296061896184173 0.4365858777506808
1.606281352122183 -0.1709806966028012
1.248297139975399 -1.175964002225452
1.519431182617067 -0.6108747629784077
-0.5326512989537157 -1.824811229350593
-0.4957290979792361 -1.804892853747208
-0.4807361886134475 -1.779560468777249
-0.5159793950336485 -1.754744088911806
-0.5571114330345136 -1.745313955991193
0.0151505954627541 -1.880851896352218
0.2295054065406257 -1.803799102688946
-0.1167944171675567 -1.817900637935001
-0.1172669154035731 -1.877927099713658
-0.01603497756143446 -1.866083771649743
0.187810458748851 -1.865759549365773
-0.2963655996827368 -1.862438384621337
0.02167900502168082 -1.838505454121755
0.03798666177748397 -1.81714328348946
-0.3265709938844809 -1.792637357337212
-0.3431240542054432 -1.873231127511677
0.07023034749385994 -1.863412834670007
0.2102007336321279 -1.846321850748832
0.0551717510879359 -1.841113938299987
0.08129405759289894 -1.845882177764857
-0.2404232036721915 -1.842772889375229
0.04794609373736301 -1.876966117157424
0.06560368346064116 -1.817640749126689
-0.1737444787723301 -1.887459145526962
-0.03166908362959989 -1.834446758798304
-0.2530080172017917 -1.81395716760377
-0.1174444303869237 -1.874180393874831
-0.1032169928102661 -1.884470768824688
0.1803391658734979 -1.868256920658167
0.1256224825471328 -1.864409588065519
0.09759837849850828 -1.8299033216773
-0.07896272917419966 -1.84904432201054
0.4242346488203522 -1.672969150770545
-0.1362609733713668 -1.819514378096305
-0.3588215813356529 -1.803908331520339
0.1071148627549122 -1.777908504723599
0.07894439586393595 -1.826764052426656
0.07009931701992239 -1.844265897400181
0.1045837903615938 -1.760648514852869
0.08866271353480948 -1.763939620126136
0.09420925607082906 -1.789283532872431
0.08593667166262625 -1.784315047526396
0.1145245527705291 -1.785068724598786
0.0679055113477747 -1.806851422877828
0.04898019082707941 -1.80098467389718
0.06733398554826592 -1.817559273439444
0.08987413765229826 -1.821089978031777
0.09136744373039765 -1.769523124882267
0.07109310412242012 -1.821049724096179
0.1071861624895628 -1.761866433774175
-0.9152675815436015 -1.649319100721661
-0.9827155737143166 -1.638092387304886
-0.8255808514770461 -1.673236661535365
-0.9567069513388227 -1.66883575192328
-0.7397141054617393 -1.676372471096792
-0.7120558560381831 -1.728680165064173
-0.7526677461318936 -1.755798557138881
-0.8612629874085742 -1.715095194911557
0.3610679678508091 0.8129557121523108
0.3152485302385704 0.8213440573021289
0.4303444133317446 0.7829613535622837
0.6099568414420464 0.6925082671195236
0.7684095622982015 0.5814725828085002
0.9025916732827306 0.4586473167253007
1.140822330961502 -0.00157200305149785
1.014630224984407 0.2571215715698043
0.8528625873850474 0.4625417669437583
0.6907484863269562 0.6141556766995817
0.6527017851891416 0.6183551584393447
0.6238685241601287 0.6328429477066271
0.5865206528201425 0.6700655634672179
0.5250736662698213 0.7158384271443123
0.4354845648031068 0.7574496876926388
0.3904651062524893 0.7897460847501202
0.3834156611291897 0.7938202317190992
0.5508222879795224 0.6914551873344007
0.856706080614358 0.3166655133151038
0.3696133518124722 0.793273549541293
0.3884946508724978 0.7855162115749059
0.7814758612280245 0.4957809709239656
0.7756435025038271 0.4519243922646654
0.7827032941589211 0.4645028838109334
0.7438204580273926 0.5000228719696813
0.5949677367349752 0.6723513512320725
0.8636300203195939 0.446617106253418
0.5385514283400301 0.6978682979739586
0.6233049009271177 0.6379361473517478
0.5552147176514 0.6864822641255655
0.705157313114647 0.5505135589283408
0.399687840437545 0.7833383251268962
1.012969050913967 -0.01509527157252649
0.942370143365696 0.2458323390428596
0.9327496832630864 0.1481802267512763
0.9118261529368525 0.1530030477586955
0.9258822854106943 0.3382882892637581
0.7227772629216469 0.5882009324599347
0.9563982793654008 0.3558177935583194
0.6577055117094255 0.5941523213145452
0.9709834316659918 0.1905451698241671
0.9696563894189359 0.2811443905656344
0.9926345543804438 -0.1008731591157299
0.9577448419282646 -0.04259370827874404
0.9817397123305837 0.04916499522771617
0.8504390270959898 0.357206033942453
0.957267300313281 -0.08147781878164953
0.9585050973471673 0.02397838500812821
0.774623458976516 0.5145071873359697
1.095036312386255 -0.0853628152595044
0.8838787769119002 0.2474717207727498
0.8378780645724684 0.3580476949106169
0.7049841939367445 0.5435125308354103
0.8635380894532572 0.2912376731194533
0.8215898071897092 0.3737793172920588
1.140637803020291 -0.122415280000485
0.7001019314087018 0.5665570053390583
0.7132747915817464 0.5338530407204595
1.065013426979423 0.09919953317397529
-0.2154211117762983 -1.843740362018135
-0.2247570050094078 -1.814620295278143
-0.1689410017559393 -1.769533562119014
-0.04480820679983338 -1.724283879304112
0.2140046264918086 -1.643842267476288
0.4515161303037019 -1.603300126689903
0.6199365877194091 -1.644028789137471
0.615591598269597 -1.696518117345884
0.5783374090082064 -1.763023336089341
0.171985088196352 -1.766072615647232
0.04266592507581984 -1.792035236494451
-0.0574103427297899 -1.816297801686278
-0.1441758820236962 -1.831054182926805
-0.05446127885672769 -1.749049177200789
0.1196544435073769 -1.729112281265407
0.224995683151662 -1.525315524167636
-0.08396734122659505 -1.792459102542518
0.2046653166547613 -1.594517533525441
0.2262756394350221 -1.713050297319895
0.1007420722090203 -1.763406038117259
0.01128544998611539 -1.778549412096683
0.2928985407824667 -1.502650719718577
0.2704568187662574 -1.46914225394962
0.387524660559954 -1.481422132567255
0.3216484429448035 -1.47427609644347
0.0434658241577659 -1.645807697542163
0.1763534446228307 -1.559389877585267
-0.1368030290816904 -1.762055596323406
0.3004291002614273 -1.561140419202072
0.077643628562374 -1.641070406744521
-0.1695505118853554 -1.805511060264526
0.04373507341282218 -1.731043893987533
0.08859052389896793 -1.680310550512088
0.01802127768637729 -1.681682529980427
0.2818753108546822 -1.461113938280046
-0.06800802382237214 -1.697146016109005
0.3522414249546922 -1.563967028634724
0.3560369074787769 -1.623729628757274
0.2913001307514258 -1.507024738418027
0.1150430281143704 -1.591475520632975
0.1485202341901247 -1.59692362110387
-0.07979658528958 -1.717135757711383
0.470874755578548 -1.663320633520474
0.4675258711439001 -1.615763771156871
0.2777674308692545 -1.606083197950321
0.4614326367542234 0.787582397295604
0.5388390014269346 0.7651546920333424
0.5768337017826179 0.7443330693196223
0.5636221616317317 0.7187943250110408
0.5786232697446545 0.7123754793744611
0.6166207687117862 0.6946382387069688
0.6663196525286751 0.6550638546595823
0.8751099735830354 0.6561357535346319
0.9515464944894826 0.4776569155411458
0.6693353965940145 0.704005719411827
0.7227786871224242 0.6625607550014218
0.4623763151043059 0.8175908803284964
0.7786932453985695 0.5934959656851924
0.6629842108389393 0.6806162227066507
0.5075761103320097 0.7902698213598932
0.3298905254645925 0.8315408082683985
0.7819542785227187 0.5618564543111473
0.8320115531506185 0.5994477775479903
0.8171004710649393 0.5841977065726159
0.3285147690151166 0.8261526133831579
0.4535768296260957 0.7890831443549825
0.6920792795819588 0.6673952256842212
0.3372595372888649 0.8260240933057825
1.120968947078923 0.5047966072619263
0.9220205701409936 0.6755120839960992
1.095713409369242 0.247852553336663
0.8396981237764393 0.6191199668780165
0.7376769576700943 0.704512122004359
0.4981329480655154 0.7918615336994019
0.9400113022415639 0.5530207678908059
0.8214227550210784 0.6431833650703008
0.4014045271210728 0.8154017457925897
0.3751534382069385 0.8293789775987418
1.265750231726186 0.3714404123599408
1.159588528083402 0.5472422524465984
0.972336605962896 0.6388791910509747
1.248098280880573 0.2620284512936897
1.101881668001799 0.4389018923964417
1.196976581534945 0.1974047371269259
1.23251380164645 -0.04887322113853887
1.081838436826154 0.5972749982639987
0.8907713754027615 0.6600195208481123
0.895683740274406 0.623531262360238
1.072140427454358 0.3875737737216394
0.6479501677564203 0.7580597903028999
0.5650172011735327 0.7902674018991989
0.5558868106388735 0.7657156406595589
0.9229651787239519 0.4419487021923325
0.6963389887447058 0.7286988732919745
0.7546873483081505 0.7375594567083769
0.6523423251862283 0.7671442211896848
0.4580922311280172 0.8155927853958356
0.7688519776838268 -1.652307428562653
0.7480497452620748 -1.701534383117583
0.531112940921445 -1.78890793388973
0.2559137133738609 -1.842357999903533
-0.02914252989951345 -1.860570039857843
0.08022761028710493 -1.83617073882665
0.1047358530179664 -1.807260702642075
0.4804274421425358 -1.807066314268378
-0.04445933733837551 -1.836310410549855
0.1383528153163356 -1.815024251107697
0.2736179366974677 -1.828496387262673
0.430561911523958 -1.817448142559547
0.1871662281161511 -1.837467400468408
0.6440468345221041 -1.77830202002031
0.3234333729551012 -1.833327896443544
0.1897724254008081 -1.82199324300768
0.5358335289279312 -1.811250685900619
0.2388875940775501 -1.842308047796715
0.2142129904842884 -1.825996418033432
0.2602732879916952 -1.831931132848592
0.6527312783101379 -1.75065783528667
0.4383806151897941 -1.812145896616799
0.06208078785928074 -1.825027605161504
0.008615935611953035 -1.822314167438753
0.1256539411806496 -1.812812245884433
-0.01967789165615787 -1.850929537175649
-0.1375418127758694 -1.849054204241687
0.7067082032850007 -1.743656578539305
0.6376918932155244 -1.790142378864454
0.3581083513344795 -1.826699996982056
0.1218860813238097 -1.845211216062385
0.7719804508481574 -1.668681813949177
0.8090136980394929 -1.67811198115065
0.08282301792847035 -1.855828887098788
0.7447645067783616 -1.726160825658945
0.2019338508498345 -1.776349840711875
0.6404942173896115 -1.76646627172752
0.4999784845395835 0.7567904319008061
0.4974596797746215 0.7335776193788721
0.5251704870492506 0.742347350494819
0.5661551349016117 0.7384156767397159
0.5645166039114548 0.7193370316077657
0.5773783163853305 0.7008835396612134
0.5063818449957901 0.7316432388676659
0.5312589200878222 0.7538545786425401
0.5243366830571152 0.7442639475735
0.5737717719677945 0.7310817922518811
0.5327172234492681 0.7425286776315032
0.5732074007572767 0.7160325041620095
0.5437668125624733 0.701549225565105
0.5193276102250771 0.7308475673536835
0.5456543441451299 0.7487906364435385
0.3260888088950634 -1.773500280492074
0.09452369064333904 -1.738467350559579
0.409061680865408 -1.664866922166205
0.6033020101967372 -1.712856354939593
-0.03293469397030205 -1.824903473384614
0.1998626184481282 -1.837063176181262
0.6004020603991607 -1.644380842564991
-0.1154003353528877 -1.853477074295741
0.5039583653935232 -1.780967273783485
