-0.004585198428494597842 -0.007033240329880072542
-0.00441892387346640679 -0.004495165940830293631
-0.001604959988734774379 -0.001937340781395058319
-0.0001073413529800189807 -0.0001970016768909158022
5.262175754989927197e-05 0.0001806641734295848516
0.0008597320482444068294 -0.0002895360029768500091
-0.0008271442982270631964 -0.0018039165639861382
-0.003302440334883956739 -0.003486494864601386717
-0.01069564529256632895 -0.005912629081314431725
-0.006068061751537030118 0.01087481705396231742
-0.002410490367430777586 -0.001432970417102983436
0.002646163546243917274 -0.00328982825063267809
-0.002527739764964682945 0.001997233548097211882
-0.0009199396790384834714 -0.001673129088605992314
0.0002303272569801529019 0.0007457400094792724548
0.0003911781530510525184 -0.0001695253967380222504
0.0004614943592939006311 0.00208113196424798523
0.003908528642188145198 -0.002447660456354864428
-0.0001132304579049238971 -0.0002633234367690031664
-0.0001859016084152884541 -0.0006889645874107269653
0.001413855771061334893 -0.0003350089257025721883
-0.001027956254928185775 -0.0009218194041509277219
-0.0005088522250456127462 0.0001139726932924621077
0.002131230021230510422 0.0009712055361786839673
0.002754389424679527971 -0.001698615747573231291
0.0007835064134987338455 -7.494876655705253582e-05
-0.003665940479082644126 -0.00278501877737446276
0.0007005367081659603099 -0.001458126966818182497
-0.0005901263621283188215 -0.0001445151949427016919
-0.0001013029200341442336 -0.0001035132769530416462
0.0001835556842411520059 -0.0003506035409591471102
-0.001143080550028384478 0.001214261323231007397
0.0006027605639761319991 -0.0002126666752046079095
-0.0003900774653521353109 -0.0003944884397522491768
-0.00172450307829940478 -0.001584395329261368982
-0.0002579025247426495722 -0.0002769610720218733759
0.0001244075903172215812 0.0001983432635027982435
0.0004154020008529064954 -0.0008130707961052114231
0.006666349302996259392 -0.01007484186453684594
0.01395154342021476777 -0.004678063425801112785
0.0007887872810996263183 0.007143315274960241115
-0.002505742751338791135 0.003134850132054577999
-0.0004253868075093805256 0.001362156657288473649
0.00164141711095575093 0.0008235769534385994645
0.002562028085074967518 -6.014941329398783553e-05
0.002582221284307299487 -0.0002332761659542811406
0.001586834590643419231 -0.004827053174657809469
0.001294022291729383847 -0.002270549734584882684
0.001407211584768130845 -0.008082184234362304806
-0.001264204362983888932 -0.0007102069707863020503
0.003265389188189261101 0.0003817653462333386047
0.002027551945149282456 -8.441078930431893937e-05
-0.002573829488559325942 -0.001748791983538190318
0.005170425624212649646 0.003823166930886107585
0.001204924913462550404 -0.001246826551243702735
0.0009071344156651838918 -0.00142659779462862412
-0.004377117055873211253 8.787039904608782713e-06
-0.326424325511100899 0.08644683510788840619
0.2213813529643607336 -0.3820479741796857232
-0.184933737031809986 0.5013704485624022045
0.1633166968421391196 -0.5919970217760619491
-0.4345368580539746839 0.6043247414899206582
0.6734348754703538553 -0.5214007356114128688
-0.8172044350076140828 0.4387574384730743016
-0.3516442754435430418 -0.9930635684709414601
-1.181263013945913265 -0.2618067209544143736
0.6493744772910657881 1.081964844489070376
-0.2577965157286401521 1.258693475018251462
0.7635306875344891608 -0.8540071433606657436
-1.078227987121908926 -0.1216998199097617667
-0.5606649040368807402 0.5874316550349100163
-0.6367489374380251865 -0.04941471656454157063
-0.451283440934230673 0.4231766388128926915
0.4868104681885705443 0.1211260005169373516
-0.437996537636684502 -0.07912094053015200634
-0.2969259196489274499 0.02810123931369035155
-0.1626113531641477927 -0.08782142709612411613
-0.02726704197536962068 0.05771949898562275805
-0.05150249789394501648 0.0185082705255355702
-0.02411297806585994616 0.05035965130948353435
0.03162693137828555962 -0.03807071821308768977
-0.03464987384905886258 0.01175284545905574095
-0.006246285867885571427 -0.0192485878102020419
0.0116383175087211941 -0.002222029039594748852
0.004079896702144958018 -0.001060169443798957781
-0.001473597898390391911 -0.003982990529715047488
0.005076312679056608178 0.005170137495704298786
-0.007316189275870040205 -0.006789371098527875736
-0.01250042952955035189 -0.002176616080752369342
0.01179135427546175972 0.01131469506264065443
-0.008066028241813877342 -0.01402550658987575249
-0.01551263063815671965 0.004028825791854432486
-0.02208902736261885921 -0.001858946670967235757
-0.01833598758577152654 -0.01082152945347125
-0.02385974589967045784 0.004708866759905276644
0.02005156074258165888 -0.01438268595570745684
-0.008014832215820477321 -0.01944759265907382642
-0.0113437986628926752 -0.01622570211970498361
0.0220924856095520393 -0.008872895533984915747
0.01228077137707439016 0.02758701029367156138
-0.02533157164522271618 0.03017899455171383846
-0.04568743551649927931 -0.02462123233437464587
-0.02695796092576788552 -0.06259405794528448419
0.04692527711806810525 0.07916159288851165599
0.02814928511299060951 -0.1113242136929719073
-0.0535198178261459892 0.1099880589198356934
0.04288738770410269185 0.1243235086607963891
0.04899764050264043824 0.2293210012125060093
0.4966748086657470362 0.1288814678114874879
-0.06388017024922144904 -0.7608209425801202297
-0.1163029946880551752 0.944584799929261032
0.7319807886515822259 -0.7483005475086691449
-1.0474883022552961 0.08662078985824782362
-1.013304171549943344 -0.3740029391625545041
-0.9792623357541758722 -0.3868002767810335696
-1.051848880023942057 0.1263292658427358217
0.7156162887991304178 0.7577501119064715684
-0.7078974424333600579 -0.725591521499644676
0.5854859113807704407 -0.7571259760148740803
0.2862995742716519243 -0.85500361419361115
-0.4206818381021780739 -0.6264711002188784184
0.6451482646018913414 -0.02454857578615220887
-0.4499135221318287248 0.3424505448460345991
0.4348363296499311303 -0.1960413985517508173
-0.3747580612943957057 -0.08763555122419035281
0.3292481238610840966 0.08855207095168980691
-0.2522253711047960922 -0.05485719272352650167
0.1767670201894797344 -0.04638663247265123468
0.1259364040806036367 -0.1033911990326253361
-0.1020138858757750622 0.2003549609114564645
0.01552068421958587019 -0.2628432652250077273
-0.01156275920717183929 0.2955110008750074235
0.1742751017258056534 -0.2279532622792350971
-0.08174329081952655396 -0.1528320409703961269
0.02757539156784585832 -0.01436541144050282326
0.02603091750794673045 -0.01088735877290888422
0.003472493946895048155 -0.01645516755833875341
-0.007398155378196572159 -0.006162032146841888054
-0.00693464509536350672 -0.001268598808917197887
-0.006590050594071240192 -0.0009767114090839905394
-0.007265905415660047634 0.001686630545446377678
-0.00470123994489848613 0.01009683902791333292
-0.005068856609672386417 -0.009041200636239660887
-0.007333983697698377886 -0.002938650981728787789
-0.007406054664620652372 -0.00068675840803399937
-0.007070576232693462013 0.005622540488373761226
0.007557465869651803017 0.01257094871805209367
0.01210963400336120821 -0.01771241793321493008
-0.1823309199862467866 -0.007010749467110798973
-0.3608833792787061179 -0.006944835966637077571
0.06196127400973184401 0.4549340990403561436
-0.2040231908333250965 -0.4010556319954654558
0.06864764192846341262 0.3926443624680214239
0.01872528398141963535 0.2983471005270915133
0.001350040123061034504 0.0002681520985734815884
0.00095206160022913574 -0.0002183090288694903484
0.001014796373670418059 -0.001581380058277950026
0.00123141271382309187 -0.002876709948433973148
-0.003664575313767336976 -0.006504807720558713861
0.001430618504981905504 -0.01893244289947365946
0.03979834128592193293 -0.1084460067348220202
0.1871035420807757033 -0.1162025052547805831
0.3206967479823065181 0.0556523770688165248
0.08715545533001384237 0.393537951928161045
-0.2756417752812653221 0.3570400412465128404
0.08583231015422326804 0.6501221801813987788
-0.2551985175342810774 0.738553600325741022
0.7694337341399724028 -0.2358299889177078723
0.07939156955122494974 -0.6914664373129149055
-0.07429407167319791727 -0.5073503340339012846
-0.0788917314140505227 -0.2740879638950585728
-0.03456186163443537851 -0.1012511350526309473
0.01055933133274584643 -0.02026890842292371209
0.007248700184183450891 0.0007605042928397907822
0.003223045153591961101 0.002919837328806429346
0.002034244051395821783 0.001751042988524538447
-0.05958639486242834488 -0.4291989477355363514
0.004950344775387815338 0.3433251389969296796
-0.5660127261472281957 0.07621697077359891603
-0.1280099709717905931 -0.5437118285463445888
0.2784721407171923402 -0.3249482052269112575
0.2217707617248994567 -0.1309565738370225552
0.08413081722640360083 -0.05621718331130143298
0.002242485496467072539 -0.01510455787650403538
-0.00831076127708054932 0.0001203900186656083971
-0.003242315805037270741 0.003137651512662729524
-0.002242619732251892751 0.0006153321414191899536
-0.0012369733253581555 -0.000408965526611986506
-0.0008074122157870960645 0.0002376236883125377292
-0.0004898962758729395912 0.0009701805533303225993
-0.0006664233948449075013 0.001633548350829355225
-0.002259120620252951742 0.004182648431015947507
-0.01733670738212956045 0.01703761624306285652
-0.1068980451092676337 0.04963905616448276159
-0.1965853318260834537 0.1912677204361626915
-0.07342885910080666767 0.4448021206945580452
0.5562468318934695732 -0.173662734360227583
-0.3213196467861036965 -0.5007724086433320565
0.000268091942477047989 0.002115809858157126702
0.002515570359563346937 -0.0005715772221838348946
0.0006579794608745398628 -0.003531026227947898447
0.003005234014936092584 -0.005139273752993861466
-0.01187486629639725698 0.03929459170487323988
0.02292533288537440886 -0.0113220568495810605
0.001303523302597988775 -0.001209209487528588181
0.005093373879531916046 -0.003204200247367898664
0.05609851081508548248 -0.1841334901804642099
0.00934169336564647998 0.009936054952979490179
0.04375790484650645545 -0.008478765378094853256
0.002498161895099894423 0.002185366994359456104
-0.2795977440905332845 -0.00350817522852234524
0.07426821748712925109 0.4247302623689899193
-0.2250830861377364489 0.4340756775513466281
-0.00244332686379722646 0.001275591247518517799
8.420017526597968103e-05 0.001029496172193193919
0.7898918325696230314 0.5405739504294242437
-1.048924951453102272 -0.114038268450817673
-0.6732358218312213261 -0.4214909209925400413
0.1020230085786409252 -0.4189164992238041396
0.6623737487646855771 -0.3368046760564754605
-0.7259648434940633166 -0.305160472345744227
-0.0009288061824684930171 0.0002386135600258513362
-0.7707971086230792634 0.08846402429709462889
-0.00147062689962551953 -0.000879392215587001592
0.1600930248576354908 -0.8271075238489541404
-0.6708833385535627469 -0.3170788245271577432
-0.2509664199037170418 0.1849706053002226069
-0.067828880437749553 0.0237250676801116292
-0.05285332202112968253 0.5417837088225027076
-0.3340893445621710423 0.1366841799993289419
-0.1711728596719769291 -0.09035317647427844323
-0.6993445806980106427 0.03059662318047555798
0.1875498016416553559 0.6045879673432165147
-0.5283419078396635049 -0.06104886088879163397
0.2844162478900458257 -0.1689707133283076534
0.006461899348453315796 0.002872634950786698282
-0.00294231428199111765 0.003008919878280412463
0.0009395431172289152007 0.001070859796617266687
0.006303335865901076723 -0.004470473703773372894
0.003947442664272175251 0.001737823569536668146
0.004693058196457463964 -0.01196343141483784643
-0.008924121242711276561 0.01823367791763410781
0.03207093569236630498 -0.001504618613307253609
-0.002664135801015776045 -0.01222898772514436141
-0.0006412540599874039975 -0.00517719448401016049
-0.0660355517871751424 0.05313138523648434225
0.1916198083350260928 -0.07635278803738053399
-0.1189480413750412108 0.0327824500108012673
-0.007527662962392009036 0.02689723134538841987
0.01233270614806966127 0.02413767972509208923
-0.05109427136373566325 0.04176521685106147908
0.005454931317459329326 0.1058163783568233374
-0.0001572673650277146764 -0.001042521121399347635
0.0001785856088494832121 -0.0009208295849416013026
0.0004416605989687292936 -0.001250561850335551398
0.001437264876757337467 -0.0005825062467322614625
-0.5598810947984362851 -0.8931502494382647095
-0.4941664967619553428 0.7677827913284200889
-0.5513254996847932743 -0.06686512262674851326
0.3626831795624675947 0.07111579039775720035
0.1140262943752856362 0.6097532047954487
0.3433198498064447546 -0.3631916817756319915
0.0006560816905161845781 -0.0004426408972778168296
0.0008759817476046159778 -0.001300949470029783136
0.0008401856231036517039 0.0007766872429520417032
-0.01159897643037365901 -0.00357612309018837983
-0.005077469808167083855 0.004531565985805642398
-0.2280479717115330152 0.01834225677922051226
-0.6000893624098844192 0.08560148992627822362
-0.03127348350022735729 -0.01096089668349807013
-0.08869708747599802656 0.04462905562306102719
-0.03047407270969532123 0.02023566008728980292
0.1063630543058285277 -0.43185148998786832
-0.1337998986845070348 -0.1506792993678852111
-0.8110916288181697631 -0.3127626035445567054
0.04358927488971513914 -0.9092624038968234457
0.7256402418457820191 -0.1578036885184949112
0.002234241715967617749 -0.00707131295351777836
0.007920329205507010972 0.003249175130267171595
0.00655441178305792016 -0.00171555488421849746
0.007979924648521621172 -0.009522139841927689669
-0.005642699280965629387 0.008355511596474138672
0.006988989305014634348 -0.008689560235564251084
0.0004830501585213167379 0.00303620331710874455
0.003436345115435601987 -0.01776021888048185185
-0.00568898239937058129 0.01406445731962227552
-0.02303994934067760472 -0.008304052868460727946
-0.01801404394591946817 0.02891264757358237569
0.0607148310500539648 -0.01699085208348814421
-0.0007291540953489053989 -0.00290863680646279198
0.002208758630866902457 0.001892288942521087652
-0.0001835659084596820282 -0.004096005176854997445
-0.06129394644725466579 0.08086386209420827476
-0.03202249400549280617 0.004340222945284647783
-0.01565533005437215117 -0.03954670214122939231
-0.09017571572113451672 -0.1110875226981736241
-0.002051146878859514463 0.005032817304603526623
0.002514405831879935969 0.1103031274463460026
-0.09935020279862780135 -0.1568707715058758612
-0.3546000290837085234 -0.4113392690537289176
0.1550080605818936752 -0.2968117780770239689
-0.001563367911342966338 0.0002959654556984919922
0.008209233293958862268 0.01755302462321588208
-0.007160582398189858228 -0.006466294191524918356
-0.009179797258347676542 0.0001136789836805863319
-0.3140270189658280198 -0.1627340625595542489
-0.008179575559874663684 0.004446234443144347903
0.007020877890513817221 0.0002299145012886141695
0.04236508655523998912 -0.0556908996380666016
-0.01394416997512660725 0.04308383975776042957
0.00620998251657521854 -0.008253365675742731222
0.1607481068388847412 0.2325714602226998107
0.006167773495436774597 0.009167834782799358026
-0.05539553986346017894 -0.02827619128109287727
-0.003328661095602509102 0.0005335165851543891826
-0.2509346627103300476 -0.05251398297944707971
0.002428929337769320136 -0.001445981066986244288
-0.01299516354693249984 -0.02817509801402597741
-0.09027733059739806443 -0.07720162670971784935
-0.1063984995458948229 -0.02667791855930657513
2.681834054678449382e-05 0.0005472270840054992364
-0.0009424638535193918202 -0.001770915803951493561
0.02875465353066319202 -0.03199866863788718846
0.00163505552419760487 -0.003922105356036917345
0.003025829491802467519 0.0002371198550119177296
0.008557670139200642193 0.0007971161531926562087
0.003697432099522572537 -0.02462601545567155367
-0.01656637107912209417 0.009609960017630257353
-0.00403031629407399946 0.0008704108580814003777
-0.08518896724798930009 0.8298961613738833343
-0.005950504658040499384 0.005235978305932341599
0.001491623297092093629 0.006769314432349508859
-0.009481018466830032007 -0.001604504564369572646
-0.0006901443955629546359 -0.00399737784275980626
-0.009270679040542469107 -0.0002851042521425592186
0.07993886600325413039 -0.05401711750239345661
-0.0002839535499388363689 -0.001363108422064711334
0.0002431148970653073489 -0.0007235541094447941069
7.389583646842093258e-05 -0.002739913402208864809
-0.1453897972679999706 -0.4869838156936610041
0.3284146495059348525 -0.6815862338440233925
-0.1381866668676482723 0.04894964342090336179
-0.1636825824527838869 0.2349871633400215654
-0.4622221625189665839 -0.5503118400045088343
0.5276832163425789757 -0.137308728950075648
-0.4586173911238498047 0.02986390708402916067
-0.001184443373738075728 0.003929560846178120972
-0.0154038203490391816 0.005160893710130841014
0.002356658935418993756 0.02176385938095578773
-0.01046919595911108974 -0.02659407856984073726
0.002233049738058866598 0.00379025799506700449
-0.004009743703721996982 -0.007511861950372959035
0.001744156436059074444 -0.004868790256681490743
-0.0004630608654732080759 -0.006349937444315688351
-0.1282050492827581656 -0.1419971243600622046
-0.2007273868244971171 0.2357949572881895273
0.1734437404378286474 0.1264021748210023
-0.06828565540141107171 0.08288574376883550698
-0.04257635068232359932 -0.01454062355043833112
0.0527552890365042132 -0.04648674802661900696
0.06154383347162240003 -0.0128346055888549429
-0.001380644633496549588 -0.001565750945043298693
0.0003539558530452727473 -0.00418556547374772988
-0.0008356180064794524942 -0.002072110632475019677
-0.02908723839922962642 0.006849995686626739189
-0.005132677638101066329 -0.007813728445610245571
-0.05138590118043509514 0.02667613541095720936
-0.001865756317669130249 -0.01281503457560715688
0.00356060015706860522 -0.008417694915695014476
-0.03876927365296518185 -0.006678795296371272533
0.05944601009851258056 -0.015488664058482874
-0.03122824556505968477 -0.01966552458434742481
-0.0006846486129399978514 -0.001604536682086474047
-0.0001832816857761026348 -0.001030958483738807262
-0.0155593920530554819 -0.02255963751377457888
-0.009834867384092801576 -0.002883519334357074332
0.0005281653136288840759 0.001404211013430216185
-0.004763566451467819186 -0.001914148061616194633
0.006377180620944178542 -0.00109274238268251573
0.001668202642694304383 0.0006253953316247656781
0.03644364741554447645 -0.03442966946353014784
0.07082997478638000666 -0.08204893633809967612
-0.001407966213879366336 0.0009785049542186756953
0.07282456594129221861 -0.4200583337125228245
0.3567826064724506363 0.2853322707113581935
0.5178710152036231085 -0.2652444794294256392
-0.4341117650564378372 -0.5118555869018377447
0.001344346879376043724 0.000775149549775048987
0.005495568050917778828 -0.002834626019530145109
0.008753586958155940706 0.007130655684277011422
0.04706677884442833637 0.0084820408554085059
-0.003998459494739945407 -6.432676512597485961e-05
-0.002718837672642939601 3.476925475586108567e-05
-0.0001501024102169815251 -0.0008464843933518103204
-0.003407081455391674195 -0.008221428173748721382
-0.01579237218776699536 -0.01184835277811160763
0.003951846039899178757 0.004213513946527433149
0.003802357864584633186 0.001838856889630860339
-0.004050124866253706352 2.482569226674910309e-05
-0.003253921219560248351 0.002386048617834686612
6.266805752752074182e-05 -0.002970336337054111254
0.0007134807587758279284 -0.002399157746791860408
-9.862669296050702414e-05 -0.001194701333570477499
0.002295151442779825874 0.00292697014111535864
0.03596701651928656263 0.04883132230276335251
-0.0001046068673653928146 -0.000612644521217792855
-0.0009277700003641762075 -0.0003080834719192671847
-0.001294467765688439402 0.0003050886664412481787
-0.003535767395644135065 -0.0003527619731814513786
-0.0007629013689118105705 -0.001166957485744341168
-0.00106220790376805531 -0.00107245865942774102
-0.0009423478348405912516 -5.539296928510078507e-05
-0.003244193242542320679 -0.001669990528513297465
-0.00309969757583711562 -2.351387314902967854e-05
0.006976275559432303965 -0.0005735003343365218005
-0.0008540702909167753295 -0.007245379412637276487
0.00269356640954809606 -0.01599537890330076512
0.001340309276949387066 0.004605700286770377308
-0.001259374943136370387 -0.0006218989526100134014
-0.01143372988681682842 0.007517498771958123355
-0.01063808620305626076 -0.0001223460099869117803
0.001392493766807296335 -0.002501192389081656389
-0.004823047555193178335 0.004132205512679441341
-0.01053170165893069221 0.0008056535911061491959
-0.02498688603598731364 -0.005259572800659238247
-0.04936616634986741581 -0.02320463611320732963
-0.004328041674893466986 0.00173507640020823797
-0.01557754842315097962 0.005609748132765201081
-0.01162115253105987234 -0.03147904400156815302
0.0007154568512901635265 -0.01532141636872671152
0.003630945010853723308 -0.004558154899251307124
-0.004557013692335555588 0.000580357585615025426
-0.001728104848083888111 -0.008959584191196579006
0.01046883204280378045 0.01693405793468894319
-0.006775553275578841128 0.0004439686400716476907
0.02628075528170867661 -0.0152321501463548864
-0.004323917848268269901 0.007525483479816080443
-0.01035890201111150724 0.08414995892882606854
-0.00258030908058485154 0.004357335480220361247
-0.006321370889588714959 -0.00899172425928792228
0.02599775840056191972 0.00625887788478241263
-0.1452387606959336941 0.3757012182829412295
0.004254315160014539646 -0.03037354141745787425
0.0002029005132061192289 -0.006258537518951062459
0.006297262453982164013 -0.007675632615109955967
-0.001053841637923746402 0.0001111413546299700009
-0.0009352297082198572035 0.01259344256881404951
-0.0984014509678981103 -0.05154485066126651693
-0.02639679815091745818 -0.005049160456179198168
0.008552320177080708144 0.00527148072620036573
0.2965456183096721876 -0.1910114819720832025
0.01581843142262948781 0.009240169354171394803
0.1252207912391841982 -0.2355632970499662859
0.1778389036724211947 -0.04131119314675782417
0.1120613908094724859 0.07825274095464217206
0.09070379817147364299 0.05489827631985724071
-0.05880734202559895901 0.06145367405303681085
-0.02366994529181049023 -0.08084364698017804107
-0.03939774899262053071 0.07653897215052314629
0.07710869161050901144 0.03643783289310598833
-0.02558391408807813433 -0.06560194633057303548
0.03844747751812507136 0.0443722026759984442
0.01172074297223817986 -0.05507837783495949519
-0.002999589950986494401 -0.03037091295971870719
-0.001014468844541819865 0.01548019829968454511
0.01423848193257096391 -0.0162359084145967808
-0.02867341380443856266 -0.03364129046009962237
-0.07902998039291579679 0.01070054744586508913
-0.122997503205476727 0.05363369673596309756
0.2668963514790689273 -0.9269390587735349962
0.3518917785498737461 -0.6357216063448941634
0.05942548834697602977 -0.04612969012428818488
0.01242883523838875064 -0.08164185617347248514
-0.1741826471260365661 0.126925605165573413
1.908590395704290898 -0.2593537874442569668
0.8875325356264516241 -0.3906164258069201312
-0.266601503925492811 0.04840086239885844216
0.5354704264400134139 -0.04559231138349936069
-0.1381612421549750225 -0.6408727830714266993
1.62886179738603265 0.9069601525142847454
-0.03886181777301877388 -0.8257789515271615199
-0.2101526795237384504 0.2577495718395749202
-1.118541351850809829 0.3586421064635166855
0.01693546729665066503 -0.003628386824022509019
-0.005270303932470752142 0.007498678223539918287
0.002748101695936489182 0.005248697820308820955
0.005892079325926761861 0.01809087339431171906
-0.1147622219499721263 0.1717857727711755156
0.03505291905643238837 0.01290854929963696114
0.005676613515331658047 0.02604522203672272537
0.01514955819618369996 -0.05501568890820593416
-0.1902806175758764984 0.07323296925927987033
-0.3122421370429775411 -0.03112144218858276662
0.4544493096235616147 0.1107213635009547392
-0.4717990398343565039 1.395637576056987905
1.327167199100972583 -1.138192644286784461
1.635095857848793077 -1.160407968311327753
-1.11779933790206587 -0.2114659233039572483
-0.5819710836271788645 -0.2085997097609451345
-0.1293267840317238182 -0.04275950814979875836
0.1023679744121584051 -0.3272173132635282644
-0.01874287205336967743 -0.563371228058082596
0.2783969140532885356 1.069491826623986785
0.8051063254626324994 1.15349850555136535
-0.3823940901750312316 -0.75194670139695996
-0.1331603577805806626 0.9184077813901360132
-0.07184836847395786874 -0.5422870056577757669
0.2357850122784332092 -0.3216156513926475835
-1.486139653871286326 0.4942762805505016011
-0.7956771392734792725 1.004491232117951771
0.0006550349046042623505 0.03877112333271152261
-0.01209545330994440775 -0.003786608467659741996
-0.001485048496379488174 0.002814917731623768193
0.01579385625584949979 0.003173952168372997252
-0.0003755487096436573306 0.03086416431657524814
-0.1226273623340592978 0.1564142702555420816
-0.0158145589998878594 0.04221350866207739666
0.01347010067554116342 -0.02241414960202253726
-0.01574487139474067127 0.03333306544315877556
-0.004157124035185931314 -0.0133293881148494886
-0.006579725639363746652 -0.0353124740107693888
-0.1141947595385116726 -0.1863066858625992139
-0.1742394057551926168 -0.3101591190253302766
0.2401948953609767679 0.1820361708077350149
-0.511773868443031632 -0.1109614924695608851
-0.6898823748683408086 -0.2010444419763796897
-0.8833685462821248002 0.8617960206006534118
-0.2968561393012842942 1.098969300796679871
-1.289499918974017945 -0.5984412084651599129
1.365940965491641457 0.1269261524892526527
0.7680370863510868062 -1.299746287757035601
-1.011451045064955423 -0.05783012893045941238
0.7301689397648823965 -0.3815508291256000661
0.6605457522052325947 1.102190602585101376
-0.2639961817024388813 0.4224660956448630378
-0.07880553246188894134 -0.05071449551737802069
-0.3480708683576024809 0.7543646882093844042
-0.1956573719415281576 1.074028017662483681
0.5613069530505411242 0.5197564384220624278
-0.9051867976824055084 0.6563733552157737794
-0.3870388398029403487 -0.4291910821009191634
0.1879119827020147293 0.4566757818551188119
0.2480672439552267794 0.6601397426510080546
0.03338530252065939619 -0.405145709206988669
-1.410430455621244361 -0.4363347028093723101
1.115493262991598566 0.624678292327097151
0.02002930725578571172 1.209937298524824678
-0.008734099960331819651 0.02390350240874032292
0.00707872833685601905 0.006915271034297327743
0.02039963493682329237 -0.001166469638525199351
-0.01750375281223243498 -0.01591756986054583892
0.01942776434253430315 -0.01607956109759249227
-0.005043447807541848876 -0.00205566572176835204
-0.133713764285210146 0.08867825668974990694
0.04596241413974609669 -0.1261455333157981973
0.2284831375757362393 -0.01054672460132534233
0.02888884753547980161 0.01225261992100324694
0.02046581405550178603 0.06253503397356342808
0.007452245336948866948 -0.02014257244141961709
0.01340478823995498552 0.01108030564474036909
0.1300756704726241941 0.04393698456231504706
-0.4724147823765985077 -0.281828387435348493
0.3721776690717340519 0.213847048235029813
-0.2030307433972044218 -0.7025945993661960598
0.5715319766374615806 0.2642718561753507611
-0.6893946247593969456 0.8532443523333863578
0.2068468598292926564 -1.209055271669316811
0.7546246466185949631 0.4878609211503945886
0.2743920740900463451 -1.257154367730148214
-0.1168513750441875082 0.1140328487457718531
-0.03406628758093784709 0.07573533432674822707
0.0002088281679700591538 -0.05970778580565489629
-0.1426670189747424045 0.6370112278477779721
0.1980951690174261037 1.423751930071399441
-0.02013685370293116089 -0.01567508320373807787
0.02854511383491426316 -0.02199874513835114315
0.1275465832958867785 0.3633563366086782209
0.356626103560012897 -0.1264435369826611144
0.03923660845647544693 -0.08411612089915701529
-0.9119317728035333248 1.250225969258698555
1.415329219018113038 0.3695854789358332115
0.05271994957801131448 -0.03806453905224263523
0.4594217805519278386 -1.298957637976563717
0.3617640167838586107 -0.2730359668636191395
0.0809682162623591023 0.05598673699959606787
-0.4522694097968206206 0.1665890123300263204
-0.2310979322851822726 0.8204235017489075465
0.2362076792804581882 0.05985048006142271865
-0.05024601647191220127 -0.01219343818677954931
0.4990232787294664463 0.6641427857152747416
-0.643154746751600559 -0.2585990264789578275
0.1953516612266729124 1.340042997538491543
0.8071910240048572049 1.291044997229436664
0.9494120296252054336 0.4731538409762385267
0.1567349811602149201 0.380448695983723939
-0.06687303569970000361 -0.1361921444518210678
0.1621194697584293354 0.2212585567504612993
0.08499565792071216153 -0.03557288648743115594
-0.03515035489316452322 0.05598269603141162176
0.06374783706285602758 -0.0903109638427828515
0.3034435310589017054 -0.4915173385696207653
-0.3365189877686604047 0.5302584738066589143
0.07680418628803005465 -1.443960388792580263
-0.7890583724024498036 -0.7140540815586937651
0.118585522210806385 -0.8590706921273996155
0.1127243027760734678 0.170661655756108005
0.1905354184993509614 -0.4200825337787204017
0.2873302104572539872 0.06040126756996132273
0.080578660917445602 -0.3090004894735393637
-0.3601517200330590085 0.2500477074483072881
0.2936094427200569013 0.4465640321966217186
0.952492924968858512 -0.6434294645801186263
0.2775955750578025238 0.1753534919291362126
0.5933856678527653639 -1.288207807291414264
1.509409325534713853 -0.4738789762621025692
0.8544574835447102945 1.284292495944042711
0.02422585062124909747 -0.01961756982514580028
0.2191015157397373236 -0.164255544712183843
0.06268723467261828886 -0.05819120923160742143
0.05611546083335575141 -0.09712670197030943975
0.111889158792915569 0.09869977777778976558
0.1151428611115814654 -0.1563095293653050111
-0.5717735372065717581 -0.3045960427347275123
0.1389385472198270965 -0.6349184552486281108
-0.5464780847903002448 -0.8452991501827938903
-0.2903174596810226826 -1.034071884530918917
0.1608690119685076414 0.07148158907339412227
0.5367907940107343734 -0.01279398863435876957
1.607085432258487101 -0.1705399594972907273
-0.8637714750453470147 -0.7368638266637546064
0.5684576963587405496 -0.6457990271437478169
1.159988694103765816 0.8352438496135642376
2.684335116880192995 -1.450375401030030709
1.938413226154427793 -0.25403313418426543
0.1068881398859460041 -0.09208258778611348727
0.1112572483385442512 0.001970103857730365858
0.004349142822040806371 -0.0421125482370687601
0.1109558793246362696 -0.06950853608410723083
0.78197965978416073 0.937009623142383008
0.7514922150579733673 0.4105530513037194407
4.127268735242471287 -3.181353727219254246
0.2355129402073427025 -0.1535405734889092322
0.1700858691636796538 0.004388740853851809051
-0.3606385283329425206 0.3520810014855683123
0.2907616038180733664 0.2218063840390828434
0.5433146234095141969 0.1690323445151539483
-0.1220865801372496839 -0.4065983107919932671
0.5400778574680302757 -0.4328032469278950134
0.1142764665879600489 -0.08533107431140027344
0.09143706164156571725 -0.0596748282234582858
0.08324853035533347212 -0.08254229825301336032
-0.03905031696493164312 0.01538071176617969958
0.01173739987519777268 -0.06469102929967814053
0.08765853897111877679 -0.02734074950129954454
0.1033973189689310901 0.09263941143961790248
0.0853629752791541796 0.08973351058043342598
-0.06047731784363929303 -0.09133841210043969205
-0.2672840899232036271 -0.2761449545918010506
-0.2838194605453053243 -0.1208732539453742649
-0.2938685400504445489 0.3529018821882639045
0.2714382432874632434 -0.1621610815511358994
0.2071105309780704729 0.04567541482215010246
0.1956078985966179795 -0.186006881861091683
0.2351192460088869507 -0.3315043585536223691
0.2265419951400609033 -0.9767273609644436805
3.926236271513362297 -3.208362583114452438
2.622634648367712984 -1.906391067841036735
1.471152692937937267 -0.8800027158682718342
-0.08085229841632871062 -0.1180720126970631334
0.1001009847944391573 0.0265145302675267279
-0.09168146555105745332 0.07051568375391908949
0.2695823401342719583 -0.2136631070123309883
0.1786868367857150919 -0.09799447819992658515
0.6873414450678331233 -0.5706092246882470409
0.4280669992826640069 -0.3211422173612751285
0.06590467163313079579 -0.04038975282309530124
0.06658538582500451997 0.03531530426990749788
0.01077370329490974846 -0.1241629915891091923
0.4563106470017253002 0.3008670289509307039
-0.3501078137342635843 -0.02037369956242960148
0.4286612281926061585 0.1627625653509325032
-0.1100220836512459111 0.1947921375394596477
-0.4797297380012705559 -0.006049233116132729515
0.9343939444202604694 -0.8961818554040462681
0.07634525861532327762 -0.6316128975807684398
0.1078906333312450311 -0.3897695323313646876
0.5846415654349408353 -0.01073020961167226242
0.09803762129875800979 -0.0776310558726583666
0.04605306723699792437 -0.03844816949270048884
0.2292148085507755007 -0.1628817941708140815
0.1222008671634950971 0.07642314796797612664
0.1331984660708684653 0.01389167788254794082
1.339092254741530708 -1.121238198502753747
2.830999690031313243 -1.573557227244995804
1.187898356112367715 -0.3538770710748688209
0.1853142383395260384 0.1218260459594602829
0.06110904993877714492 -0.004571014727815263766
-0.0115145721975693522 0.006620052029131751233
-0.005554717962665406406 0.02181844752322947834
-0.0155756672069454153 0.07112969961629916904
-0.676617613455237854 0.4634760053460529328
1.317169091578709983 0.2756747086189974549
0.9989187192914257274 -1.09357493206738754
-0.07826038810543742286 -0.76174127693327498
0.3541660726823757654 0.01101099884747494713
1.178013356809819667 -1.188415699476856435
1.3071299584407019 -1.150286932204904966
-0.0201848248878225868 0.715499353763845658
0.05637126397986164106 0.09083346784944859587
0.4918395945055388241 -0.3587287149703364264
0.1828839735766327745 -0.1139424233753359578
0.1063526218050123845 0.01872861842473665453
0.9702583306001786312 -0.322193960236207666
-0.3855237347462855957 -0.7023665519487936049
2.78033123527106163 -0.8143767705600054585
2.308923551466159907 -0.1473472992734116693
1.727028761981295624 -0.5355201054559948215
1.121155552989209436 -1.022678774148156888
-1.072776716418115672 -1.19313827507290493
-0.4074884288855974979 -1.467246033380307235
-1.693103196784971454 0.1352538529050137384
1.949121927664714704 -1.110488100066259198
0.6453247283624902186 0.03979756698631843614
0.4715188240373002215 -0.001528833057056342565
-0.3221696472349420137 0.02250687195301781865
0.590390045307861655 0.2257114140212366504
2.004736092097309186 -1.248242672659881203
-0.4425031869357595737 -0.03747354376607079512
0.5352992614671724381 -0.5586005224811395609
0.6987320046374715377 -0.6142701474834924014
1.131283054319177417 -1.187143982852061797
2.602933826883897073 -2.081039585496429645
-0.08264481229206596669 -0.8612600204473240817
4.989401596429829056 -3.978011291435471275
0.6396143969638945492 -0.2360171363752807949
0.4844401762944117729 -0.6056148667190370816
-0.6586044030958793094 -0.1515068817395289202
0.338527585884836113 -0.230592700759717717
0.2604777009423863143 -0.1853043230199965807
0.4377027403994456778 -0.3175635736133762266
0.1011989848631926203 0.08997477846650427102
1.140100072246321927 0.9761133831364967595
3.216668449873810509 -2.776690656903396004
0.3569944575677067578 -0.2332679924207211042
0.1271109277608052368 -0.4403329021728438764
3.340039433066668728 -2.603489300929300754
0.4337671683769991349 -1.081687923939228746
3.499377987989218397 -2.823690196946944564
1.965715134138624753 -1.632335192188534512
-0.457045906578915917 -0.1391259643526103762
-0.1612934024521854304 0.1063347608159736501
2.398324297860590981 -1.696119043389902048
2.985193261303761059 -2.555709011215712589
0.9889696362481705805 0.09378355525378068158
-0.6872024536645424675 -0.5012857885316481799
-0.2400625104702099888 0.6920961128827676223
0.2845624882000449829 -0.2134482711825848034
0.3082955384665245213 -0.2036788289998760493
2.122012164266540157 -0.8076129784075631868
2.476980857950252801 -2.033296116251383179
2.374497693725816205 -2.06901497674192214
2.830277707797525633 -2.291045149819227245
0.3574949965076094638 -0.3491666820207014466
1.550538041393030753 -1.228549385617618395
-0.008250841084904382214 -0.1513581745405864765
0.1355971341156527454 -0.07221143183699921253
1.758030970166253537 -1.636639213901833978
2.644597642479455946 -2.224976157519751307
3.583343209541242746 -2.868330815434260384
4.521209031491824071 -3.521630473366197833
4.000558023615496062 -3.124699616600604912
0.7416961292077834944 -0.5597934352080089493
0.1663839526238677091 -0.09086317254483708417
0.3675101060016623955 -0.2733579067403621998
0.5288281040027109636 -2.258259170556117024
2.667584684887047253 -2.222389158036595092
1.792804251268969251 -1.537006514035437643
3.118368658293687812 -2.507913449177205045
0.1988097977667691307 -0.2456016172391778385
-0.06720083054720024651 0.1073461553045590572
0.2485280925018517884 -0.2263319373452297167
0.1666490874222776586 -0.1292463944679700938
3.076149726661210781 -2.282131169594344478
4.721072445904479054 -3.736321943837530579
0.6133645044456352835 -0.453214675240676379
0.8096576119377403291 -0.6040398796220737276
0.4767547054697255371 -0.3584056747547210153
1.391290228701830944 -1.769885788950974703
0.4618125143454678838 -1.969518285873802066
-1.513660135446011523 -0.7454606361317572816
-1.092926866467279767 -0.9287337669773552129
0.8539814111569429267 -1.726959202200984977
6.579344133061375999 -5.238115090026720821
3.517843294800921061 -2.688366072906730686
5.299237853974116952 -4.259878589021431239
5.469319687434073707 -4.334901166207335343
0.1741836996451065489 -0.1039257106050668761
0.01046547464295225632 0.0982449787876212427
0.8309525487801722177 -0.6744063529002582991
3.765443128428401565 -2.890179620929968607
3.462515826348454784 -2.653500781853298296
3.961175226434488827 -3.216890672802074747
6.06936793616474457 -4.775533064107448489
4.226905797397395581 -3.4263816310752091
4.949376415391141038 -4.096230637236114802
4.310221564789030069 -3.437436324909671992
-0.02981147471521290032 -0.17036601072383456
0.4265303511090760002 -0.3979082016822705903
0.7240340444101953654 -0.6255214981456946877
0.6993978934215187016 -0.5135966635401379987
5.6911261574864902 -4.485017371385459306
4.883462091429980667 -3.862967157652902106
3.979070151648275822 -3.157156125550437675
0.4667199569508453383 -0.374686040183286051
0.2787726953315433631 -0.2009665390849464939
0.131727909643968133 -0.06678807319794902164
0.000621334910998115348 -0.09106560990224983609
0.06856135106552628533 0.0413887671528919629
0.01347873518191304229 0.04318420116048633794
0.08023156452912123815 -0.008867036556839619568
-0.04071683971313671407 0.005592252459900211477
-0.04878604888394130756 -0.01403022312390950557
5.271386790656139354 -4.131224985565602914
6.440306673148761263 -5.035285022745321193
3.99529332758840372 -3.19143306490644818
4.982986309583687046 -3.792819417580710173
4.127687861558090532 -3.242930898562898623
3.818326836576700245 -3.047646034823028316
0.4418563664475512187 -0.02626985283358328205
-0.04227790435246885081 -0.04587768496351714298
-0.06374149857252249529 0.04713341264023408056
-0.09502694191669536217 0.03631686989960926371
0.08304883732353693371 -0.04129242492670330555
5.116622301225197234 -4.019653448235684046
5.825540497680491647 -4.590510491895852141
6.694294766981850664 -5.255075005913736774
4.909286850297315041 -3.902762826468676227
2.342693155978451625 -1.874416226962288379
0.4613265020146465889 -0.2566342294054247963
-0.07161809441794679543 -0.1021558137676322614
0.02049615271438128342 0.09462111815255322411
6.441610004503337983 -5.065331601483769042
4.208763297933531433 -3.310355873694667217
6.069572848661120901 -4.774881260383621928
5.893690513505927875 -4.708475077091140548
4.246369525362224451 -3.373779108046746522
2.891672053938064924 -2.323531750082560521
6.624430101123885528 -5.229262613481513888
7.052211017723157838 -5.532476881428345372
4.811075030640387773 -3.834827602633968269
5.547609747840650307 -4.326872411224806037
3.465177609921750612 -2.890177381645173238
5.861355094416521361 -4.432911164813302385
3.987624936845125312 -2.894547588624155843
6.146594449313504072 -4.730650381295677498
4.879047483506456118 -3.70522379328768503
3.236201596557430005 -2.3349412860107992
5.49406449281504905 -4.274188199172140656
5.829907380909036263 -4.467681754160188312
5.77977818853878933 -4.590961398666016713
6.458025576100771659 -5.117820095986353124
4.476391276491353821 -3.554252358679717005
5.178522147745176163 -4.124272445164227641
2.768275867986707439 -2.153448771644528303
4.866004690132824884 -3.903192717082761387
3.625016560407595456 -2.857552093261797044
3.171511050408355459 -2.496103007822016995
1.969118268547981554 -1.618476229563869939
5.550572234648464054 -4.373433374471244584
6.880228487721147701 -5.40354256326610205
6.982044559569304809 -5.517976393364777188
6.761235500122057651 -5.395646825838165128
7.059465793030416769 -5.581610676083372802
6.830157174418111765 -5.435914356754388166
6.275808908919522366 -5.056389455064262961
6.907894688522850934 -5.467880885970141769
6.998685721014004102 -5.487117984287931627
6.747994706126523745 -5.235251020249715559
6.463547767816295142 -5.166720318828078362
5.475828904989307411 -4.441047268441494111
4.107373069944526556 -3.347448628765853584
5.243211845365199686 -3.928530490513525653
4.62111476645902286 -3.293914448930893357
6.22547530836382812 -4.847642199433711774
5.997031093877637886 -4.746583497072814239
3.203373023594911384 -2.547251573329089691
6.022005704721299146 -4.748971048444595056
5.921649387091480143 -4.760810894795145742
5.991452883442570432 -4.75864754030463466
6.769272962664642179 -5.278525164239657563
5.358954696846936372 -4.411038912545239832
5.131106363766192224 -3.825026399659889886
6.184031911550030181 -4.989731437897528821
3.195205637607700933 -2.811024167674289753
3.998532141636718329 -3.385962808235589705
2.436525967029199435 -2.158616738215521025
4.245237504736253165 -3.62515113833625291
2.308920678610738353 -2.182220210825244422
0.19255747449236435 -0.1589989263068464498
0.1734066276543934082 -0.0182579681286710524
0.02929020842855232371 0.009773238589036569585
0.1044839394870435978 0.1953785619446159749
-0.3229296819841064869 0.05999636918723068313
0.1879670390416814663 1.663406689572163089
0.1066735987750137421 -0.1617063074815598689
-0.01763380936451280911 -0.2579086254595948091
-0.004499111331279005178 0.1704494387131759159
0.167550055412322707 -0.1875260024494519728
-0.09508136415709077249 -0.03566626763865314576
0.2077011427161176704 -0.157514083695090068
0.5759601859897873766 -0.419882665676214184
0.1878544002842851002 -0.1528417999589024578
0.4569310659565219979 -0.3439262271590600162
0.3134269274484478562 -0.2462893307798439124
0.8941455824777899686 -0.6663458677366175253
0.2395506132338230953 -0.1930866748844656255
0.6063134367025525551 -0.4517981562348999391
0.8007221890015266963 -0.5925932478689643901
0.6003178771133724778 -0.4469614460209164197
0.437989367812855801 -0.3243550201836393754
1.054004934628389289 -0.7649898777584049903
0.3504471465573334998 -0.2620405806460504028
0.4304757752581897523 -0.3202629523411327783
0.9484831385786441915 -0.6927005285316353289
0.4441791596038230372 -0.2859756674478862726
1.39628845529118939 -1.033539286316638606
1.16522901048935501 -0.8665190252579555441
1.403043246760069529 -1.063618706000239111
1.180331130300022791 -0.8853129480313522981
1.510283213848967465 -1.135005440103900032
2.356074204906527747 -1.778916514467006493
1.87981623096514161 -1.411043675712299272
1.067679314093080922 -0.8034008168823254525
1.142762428949344322 -0.8697274729345908506
0.7963426276753809985 -0.5929240346050096422
1.552498278534497844 -1.137850614432336371
1.771959843047171912 -1.366284607087241643
0.8848142850776087309 -0.6653879536705725739
0.8880493756307217268 -0.6814393401837118835
1.257090332477461381 -0.9672419846444005875
1.184638244986953692 -0.8493755412652306269
0.65076548579516591 -0.4739485406089465891
1.600869331789134264 -1.09105777698450046
1.740720367808614277 -1.326827798736838204
1.518731843606234699 -1.165313653540228866
2.177007983199450436 -1.744558342757510649
1.628857971990029352 -1.275525064406869191
0.7509468232053121417 0.3362851452345751446
0.697336689014478428 -1.308433267874880013
2.621511948299308781 -2.208305210433993526
1.508936655708749353 -1.686968518398805017
-0.1929259347759146315 -1.210054985253880666
1.842038703738018812 -1.408248029503923915
0.6689774283832067292 1.470922337886478193
2.024596602500847276 -0.01420241868355430134
1.139447403254857605 -1.26855951439002812
2.050212285509861232 -1.430516253149857864
2.441375552427600848 -1.679648811897044292
2.621375163737334812 -1.857352862459301202
3.453636859110873036 -2.668093523462307992
1.775387843628651874 -1.43971682929314504
0.08671282984118397485 -0.3987266752109058787
1.413696087840354387 -1.238301416987220627
0.5971410921327929833 -0.4385815096958182724
0.00297995791265766698 -0.1771800335394494164
-0.08755897194308920328 -1.848502173596400011
0.3872465765687478911 -2.277863563769206401
2.247319292659138323 -1.665660404357572455
3.268562538160117104 -3.022880931309238406
1.409838116532540653 -2.556764199458517517
-0.3079534203417838567 -2.055283498285533472
1.507874906734476772 -1.18354941157684479
3.822022127789825419 -2.603703373252463038
1.120131353998719881 -0.4659423085595577607
0.5708811910967883652 0.1852317168176312867
0.620382063922495175 -1.079992506327355439
0.4708099982985490817 -0.4048405034087608767
2.032487733988264988 -1.590225279504808187
3.151936121356815335 -2.480393236335318718
3.565219822560548923 -2.833032877921483728
2.43248419873312649 -1.874189856547256561
2.160387648281548501 -1.673104598740932092
6.556358793952957953 -5.083849729676535922
3.524965367072021127 -2.133453773493245276
3.906592591298339023 -2.814822692168468254
0.08362309682114198173 -0.015865561170975373
0.04412459234807788316 0.07190195968426872641
-0.2224064059952813588 -0.2160361638709207277
0.1483414292515792821 -0.1224472336670222178
0.0975713482522970188 -0.1513423982932647072
0.3272764567125719393 -0.2307376397602393381
2.882439845324997751 -2.174185905802958008
2.728128334612477168 -2.118627425089473437
2.163420302043287613 -1.576701180129377766
2.904446428463856034 -2.308906108066482332
1.947237093952430387 -1.437585667055498284
1.602080091639388026 -1.146467658743972828
2.274609821777824337 -1.606703857465092034
0.996228336408613746 -0.593134444887087775
1.488868924996702869 -0.9199193366378156655
1.215208291945190533 -1.005329174094041544
0.3303519563534336734 0.7391121320220411794
-0.4749983189254299853 -0.5832648117932416332
4.699952924127278386 -3.665124110405508784
5.019091256777240773 -3.928784385894100506
5.522335626965100275 -4.335655360682864945
4.164299194177743857 -3.233779729114944601
2.738096255400452872 -2.1427045818053716
3.484446781549288108 -2.645503127065187865
0.9085121606521031623 -0.6392448986657079946
1.225546000440790317 -0.9580244731937077596
1.416641158477643936 -1.153048520555070899
1.744671333813743841 -1.374005338872646531
4.794408931587640588 -3.490305976978618663
0.1740139915073814492 0.243414983414168784
2.037625657103319554 -1.496978933200838524
-0.5586294785658890705 -0.5284819037163788202
2.138439051391664236 -1.649564351174404475
0.5951491994546580511 -0.3523760695052856051
1.038606384966699103 -0.7966898342135222411
1.49953141089382358 -1.301434231761709803
0.02282427755769696892 -0.3094743578118319127
2.023419254765259634 -1.600748387038596565
1.734488617994502713 -1.378706363446223548
2.557435248783123338 -2.017573456917294727
1.026409491094229409 -0.8510717110994876489
0.5848578690906860444 -0.5332069450566071511
1.172952436719225 -0.9328445159905784934
0.4797898982766771181 -0.5179907923150950388
0.1860618852426165482 -0.1752010361666093141
-0.008992692996727837465 0.03937987372425932886
0.01962565254323940175 -0.4170110500763084538
2.834223443463907532 -2.201907658245721766
2.396989011562362659 -1.858261270885528837
1.586021224215286463 -1.200870775201649643
1.01099811833302855 -0.6354301280155646436
0.8585972853641542502 -0.6682935583741766994
1.093190415002514015 -0.8796865045163416719
0.4414476989238248494 -0.3797829288041507101
0.2363448620273511658 -0.2140860323280940058
0.146225767253065686 -0.1249106444311153113
0.145238987318403151 -0.1064598319797577936
0.1273809110126433441 -0.0782796469705850928
0.08410368439031983001 -0.04157180635287272691
0.03868653352948316776 -0.01420326706345025752
0.074625381887115802 -0.05825632185640321203
0.01374543993470728025 0.01286706867032295226
0.01796751709597735683 -0.00702891739668928036
4.937921873701262676 -3.895656107322006623
-0.001964917427426654453 0.007623955848637513528
-0.001719793726022137217 -0.004633400513118203501
-0.002342293051344841639 0.009247434343503179582
0.006283923960256632309 -0.007800495935938599364
-0.0088390590540506353 0.001446374511845004585
-0.001395058127759106481 -0.005139968450855539502
-0.003128910800464100323 0.003465030649480846728
0.001147743086654880217 0.003325593003085007028
-0.002305098056650994008 0.0008695372244229583863
-0.001599811709397744135 0.001575634876229075861
-0.00156108669869002765 -0.001677040442420203422
0.002833394574912149935 -0.001034929754972688286
-0.09283630814208222726 0.03051193612969163929
-0.04123538852734669191 0.00838329029652674397
-0.00274370553100089249 0.02988517278252246848
-0.003052494457653440966 0.0219372145611121741
-0.001475939737949389426 0.01407555007717369543
-0.008830520877609663449 0.02495767432077583559
-0.02095608753370918967 0.003097012955968292923
0.08671298124795902285 0.01359504696687927928
-0.003394869801395790018 0.002114737258234788801
-0.004447935629420658038 0.02948393976167389824
0.0009317365879354520168 0.0132614662285532401
-0.0186753563565921557 0.04260520652278147746
-0.01133719918017757518 0.00050889283686508845
-0.01067720775204919828 0.008017061608733456676
-0.0402891390386734688 -0.01215153974923794018
-0.004083035023080884909 0.002352351319119121674
0.003415916824050997756 0.001216536501706998261
-0.01347013030821358689 0.010630868519405378
-0.005100286854090089333 0.01548916340668948614
0.1324623865666617328 0.04413590401831878063
-0.002581851053647943751 0.001914734241672965678
-0.006951845565431907792 0.002086608623988145655
-0.01642422076307490861 0.0486246624810514616
0.003139647931619688262 -0.0006585749532191365312
-0.007792949828075195623 0.01194945507918772354
-0.05638913728868397146 -0.00420816178782066827
-0.02730391666767403164 0.01544721452545858367
0.008401343202457441789 -0.08798702409417936965
-0.008284547585924582902 0.003622430562132547809
0.001852142520251183477 0.004859529337655074492
-0.01573041496140522091 0.003258851712736059083
-0.007607797526318667812 -0.001185150406270019628
-0.01704851492885410547 0.01524774500088689824
-0.01713781560873370996 0.02731002992144733466
-0.01319985214088636484 0.002488237087296936087
-0.01885797503339000161 0.007517527518348567604
-0.1425600742766659768 -0.01373886544102983186
0.00488640999185448871 0.03398702559466202505
-0.01291503752989068068 0.06952148980148604995
-0.09471210824494392944 0.1582655637301534635
-0.0616771447265989578 0.09965727575346486344
0.06612500807056440055 0.199399056302222849
-0.023894750051329159 -0.001338397738817124517
-0.02247123639151688002 -0.008685143194491366792
-0.00260379557939323554 -7.255354753185258836e-05
-0.03209061680228297853 0.001943746438527494151
-0.002336440682968299928 0.003242678472704450376
0.002179506634777736342 8.058576360377438415e-05
0.002333981317023289728 -0.0001957136044627325001
-0.002753404989930068568 -0.0008140163501232563223
0.01257593077514551801 0.009674858721724778621
0.02149843009916001593 0.02295005008653592388
0.02178653833623830222 0.03081449749246318454
-0.05878280660132359503 0.01870476505982719001
0.08437050907608434347 -0.01856325085405229405
-0.02486546730000512365 -0.07543688077894929178
0.03545607068185272631 -0.1164609586701376848
0.001294036039035065255 0.001531834482102212465
0.0002778295678652413199 -0.002761184278124568375
-0.003056397111575167701 0.001516490403574609173
0.05384344994442254867 0.005401716701162100585
-0.001843210342692014163 -0.0002313574780113470449
-0.01855004078563830816 0.01885980630361484833
0.007846428391878200806 0.01745168929222170456
0.03686584256799579906 -0.05447697273935478424
0.001447879498350648298 0.0001263166869868812968
-0.0007569462358481748518 -0.00198876475771587102
-0.08561696585642655788 0.01111331196426801338
0.02808397279238387945 0.05650958275959570842
-0.1009709056916122671 -0.1971949651503542289
0.03504069752519510528 0.1293180212058519241
0.01518303618654761288 -0.0004608690969993210458
-0.05113932048495077598 0.006998272425666488862
-0.000348584191105361606 0.002096297813095942576
0.02953036449534768293 0.2347813799302562177
0.1355267451372329512 0.1128689867407375452
0.007002599951681890388 0.03821371851359994104
0.002249843622194988742 0.003284537184050395717
0.0008416507212659996105 -0.002199734075432140199
-0.0007243318916403570758 -0.0007676675098263065862
0.00266157320288202973 0.004033683872817406604
0.004361975421473312554 -0.0003806971253954249913
0.001688106825565062908 -0.0004593907919605089499
0.001314618250809441178 0.001076782865497468919
0.03015969581652472656 0.07374626443259439668
0.02202794908770256549 0.06374054007717308568
0.003883641382265836783 0.01194460841368230435
0.005956036975615062318 0.004077283460880020902
0.01250380317933614052 0.04829264592418514718
0.03080907143921749261 0.04597081011252215216
-0.01786252998785951493 0.1153736997972392431
0.01087160515470697066 0.03810120454846404464
0.0111303513823284711 0.03654758857320467708
0.001520562700219166329 0.0001310407162831493221
-0.0005465493713293854408 -0.0006286625814469035296
0.0002005843788923589643 -9.878733697119216196e-07
0.0004367073787155631871 0.0006550083533758232872
9.325123023138562459e-05 -0.001600764650311428585
-0.001332458522390860293 0.002948745121344595842
0.005245526974961414908 0.001921948161930868816
-0.06090488021803897034 0.07640561965872361139
-0.02816160088073121903 -0.04615826782425098279
-0.02123763169000126433 -0.01975724226586599366
-0.01116737527850864865 -0.009169084656589977789
-0.003493070721810278244 -0.002836782064662358733
0.00763807861392552627 -0.0001071363921984614911
0.01547521893201927318 -0.003260764646426139377
0.01830480539413029129 0.00613812444773716246
-0.01073774624929949885 0.01362904534290923855
0.007028338222976141317 -0.01048283845926132468
6.871243888384915832e-06 0.001137340985626817064
-0.003989002175932879549 0.0001723486226862780662
-0.02261026477873156332 -0.003373779754766626296
-0.000625324128827503805 0.0006214892714212660223
-0.002332911178360311776 0.001805074880085636574
-0.002345939608133092071 -0.0006455223092008617906
-0.005064999219721477708 0.008161992255574497188
-0.02980290753359250006 0.007496573160649964117
-0.0007312800807236942814 0.00124523200422617256
0.000397984501411489792 -8.123983003384441747e-05
-8.954495497088026861e-05 0.0002895656338911360705
-0.00274683969179809629 0.01440876868157030602
-0.002408479081731533262 0.01867127660439640499
-0.0008515270599580624213 0.008748941362311255313
0.006135342817117400011 -0.05070868425055840428
-0.0004199975704845737763 0.001649993717033374288
9.190025395281047906e-05 -0.0003841438942576293029
0.001177376978722121954 -4.414827912307261467e-05
-0.003484428242555176816 0.003860514762760526401
-0.0006189117093668270895 0.004691150264615177694
-0.008389949748018411813 0.001431921003958707772
-0.001323652421016487113 -0.000892014343280835508
-0.01221198803275258538 -0.006017723260857733847
-0.002480041268126135113 -0.003792471763757458269
-0.01734398310185347389 -0.0222186086728963679
-0.01078640524420845445 0.003264117705524695497
-0.00724117259288749749 0.001449943566572872797
-8.207305321626453686e-05 -0.001327270377396186319
0.0002438303701873987758 -0.0003256346883731326856
-0.003323858859859701517 7.076980855475198731e-05
-0.006763223117227414038 -0.005029996016967403297
-0.0005521262587393036426 0.002822441431153950402
-0.002746366955985630152 0.01270534206305113344
-0.007017642906789093617 -0.005500808023189474906
0.003641094930754432395 0.0105099661098627447
0.003222055465045651004 -0.001931475638012904649
-0.01296630314839170711 -0.01162870924789632943
-0.0008893879815776925546 -0.005072897455980539608
0.006020677616904073284 0.005385022080420990773
0.00605637199143572915 -0.0006362301173781404091
-0.006826538112452261962 -0.001932942337305674271
-0.00718747053624074414 -0.006839464201903986545
0.006216385920428403253 -0.001605417634084137235
-0.001231865556760066175 0.001041426419252035026
0.0001695884790397301687 0.004366110142214637072
-0.0007299204087456157009 -0.003628614023392338472
0.05200393237270742319 0.1636654925883364586
0.09433586001643579078 0.06133387962567123791
0.06346921672083127852 0.01534694129510729387
0.03961331531089865715 0.006164904488733258421
0.02400646179586093942 -0.003139033928269672775
0.02006636414139365693 -0.004757396195053466975
0.01949794098949908516 0.01512220297736430186
0.02530597988076627863 0.006018712368941576789
0.01222868490251040677 -0.01816090165247156302
-0.01453433497774160067 -0.004767929040307208703
-0.0354004687473713775 -0.01915318889622498813
0.03468594080934950946 0.0113561830580769102
0.01957990165767176105 -0.009436104938715664942
0.148714226500676866 0.08258623527255221086
0.1116010456351351349 0.04623335576129829899
0.02919174742523185026 -0.02384923804506221615
-0.005529765141714052673 0.003468471844649741523
-0.04037542956469782757 -0.01375697556505591813
-0.06963694101304881978 0.03776718013201826873
-0.05222257879434348549 -0.0193837384839926942
0.02566645023628567543 -0.03757320791559543016
-0.04220109008641105552 0.04787980687116540068
0.01088439111659818791 -0.02542851973481890376
-0.02127765607856604499 -0.02885709611658908783
0.000361436593749768617 -0.02084752045470225981
0.01087541189214779984 0.02032161597061483624
0.00194815814151648968 -0.03626227121648855495
-0.02129033405080932306 -0.02006071000621241843
0.02224853863304341803 0.02287317042019083174
-0.0108437593834820184 0.02630930601917087427
-0.02026930347440894509 0.02982376146108935838
0.04803538667668018347 -0.02431796965293607504
-0.02500133884612669444 0.000441382913740439903
0.04474854320686127984 -0.01943364167912861942
-0.03723040871723268946 0.0345094651415401299
-0.01402178507985386846 -0.0183985436858192207
-0.02477634707519750165 0.00124513954591934763
-0.05935626794977447857 -0.009555385559340406898
0.0636287138913665673 0.01626643871859991333
-0.0009697150918878981235 0.01615549949753677592
-0.001433781779390208263 -0.03626133360270519107
-0.02170262440162323836 -0.01228987867393524502
-0.04240491958069871059 0.0259495265339294949
0.025486588363090288 -0.03647496655482994343
-0.001279260175630855508 -0.04123153228782142771
-0.005958808738452114895 0.004705504481919848755
0.01457601327937657447 0.001439782368906030851
0.07676766245088907648 0.03543762538478566898
-0.01611363608162983199 -0.01526692258440280614
0.01931429183576359107 -0.01154403303409140893
-0.006832791861192639288 0.04381807894404753101
-0.0129758587296868351 0.0009971711846221930058
-0.03304730171697015106 0.02472792061169059447
-0.0001696340145224664228 0.01812631638521470731
0.006329339555808457217 0.008949819855488615195
-0.01590853289640525164 0.004076423567670618871
0.01189933764170104068 -0.0003080147770657636866
-0.003828147950553005292 0.005382408766202143383
0.08881526100264895696 0.0171182458195486692
0.09637289368216517271 -0.170475010324545484
0.002631395128481294528 -0.003070119328855216555
0.09284461131259981459 -0.005956256124040920814
0.0663157583628995323 -0.05684391944428972276
0.1498303067352499407 -0.2579651993638603091
0.01063171889430517339 -0.004021906341555765881
0.002533912244793951312 0.0009662147622383447784
0.008830390541336692947 0.0009870395579875800712
0.007926966026850222266 0.002047844784512773374
-0.02272777511386716437 -0.04427539382080734887
-0.1422157441493416552 0.01384923123914985101
0.1273952385727399605 0.2788318471630445439
-0.1061956215691420152 0.03396196655679731974
0.02996278674684896975 -0.01002636128471327652
0.03223406813392735992 -0.02560863880396530706
0.108913190958592046 -0.1114893019321112344
0.002812509446808218825 0.002390607373895200713
0.04132018655885735109 -0.04167035812563441022
0.01220942465840648902 -0.01650258230935438414
0.01654528480428882689 -0.0154256378766441625
0.05666083622828512606 -0.04611213044209486883
0.06237491374364898672 -0.03905299764294496712
0.1767447255969335773 -0.2024157886871685574
0.120248985739463618 -0.1067792093090910027
0.002458588037505658134 0.01375054418868883709
0.03291406175655808147 -0.02690490382880053946
0.1689335525685956296 -0.005211623422625172135
0.009795134522661352178 -0.005862870906477607447
-0.003634801800161355147 0.00282994883966179115
-0.001357939847108808945 0.002962316346589006187
-0.001391810960244392516 -0.001044655225225413426
-0.0003641968316204241703 -0.0004091693974616948215
-0.001932653154770534168 0.002935076208827931948
-0.001716567637820782524 0.005857352498754700432
-0.0004786869407286584144 0.002420912008405370474
0.00121032875555774906 0.005825269918475519705
-0.001368442391046746512 0.001929542885015271807
-0.001583366167600566135 0.004910317338922370184
-0.0009444129186497261103 0.003540110013424818073
-0.0009813760565794682738 0.0007527445330323683133
-0.001003068236914384133 0.001150430820559071891
-0.00794559876545502565 0.001789121416400327484
-0.001594860646641612246 0.003507527881294384992
-0.001667474664980916638 0.002541514854453655759
0.001108280585645641256 -0.001642482919534137649
-0.003389661103658023981 0.000449158534161250237
0.001406410495935237186 0.003497401560480439212
-0.004596615407656223957 -0.004163768992047613311
0.006417151575126240313 -0.002544212754952183356
0.003214169918999004293 0.003157719581000219961
0.01603542299859155029 0.006402030714384028022
0.008089283374792772402 -0.0117475276773482476
-0.002790717679067659159 0.0009858427925012569048
-0.004424128747033099704 0.006651026152372833088
-0.01653703739894392399 0.01115454768505736924
-0.06696858164428569349 0.02430232016059802672
0.05561109568620906107 -0.1270604869624213928
0.06957925608441004051 0.189676793064803173
-0.005080297973930565647 -0.003576933704552438548
-0.000690782003891359268 -0.002982747991014032558
0.0001502515573689827905 -0.00231432984411647372
0.0006635820051705510706 -0.001501880457425579761
-0.001783113810790892557 0.0001108886166973407222
0.002520498518131070523 -0.0003612156592323879879
-0.003201588966691849836 0.001529792254213844073
0.005322057677735532455 0.0008636752422480117441
-0.005992294999937578491 -0.001664727327199453906
0.006356415123795777257 0.0006156614131296778061
-0.002935713080501857735 0.002800723948841254453
0.02827719600068291303 0.001697844043293486637
0.001936015142006661336 -0.002347348538197088427
0.01156219011042701646 0.002784123537371195178
0.006861838596839521694 0.001971172570444583699
0.1299084579180539711 0.02863730733917207658
0.02099882336980954736 0.009187621563278958181
0.0005781802485852058837 -0.002924363913924120546
0.006244518455176931854 0.0008194676846519164792
0.01981874861647128436 -0.01559035851039844954
0.06204124657984363272 0.2159403395925004188
0.01813923801241805467 0.00189688511185274241
0.003619073760530321874 -0.00324048965347767089
0.008476328289723559367 0.005311690174052034058
0.003213487122299945892 0.001070426759673800401
0.006770522450588154634 -0.00507628761087495009
0.00156792061795934883 -0.006017946611381674166
-0.04597730403239781022 -0.2730192313726794162
0.02130372675427861032 0.03668063572698728597
-0.000209561588074809235 0.0004214350061539017759
-0.0005090683193344161138 -0.003300964925512041553
-0.00366821424307637407 -0.1196338092039612444
0.238836531378162048 0.1799655154431644699
0.01888203462484745049 0.005442948394731039058
-8.441398211383930293e-05 -0.004350864675307620881
-0.3212566194424785193 -0.09977903091958378878
-0.09054427795511231503 0.02936062310898083366
0.0158605729498161041 0.0218301374058666002
0.1550701211547174385 0.1273282307943185421
0.06222591843613320406 -0.0003105457496708727044
-0.0005764656738468705187 0.01082865801899571614
-0.002477485935939862261 -0.005272835113898399415
-0.0004562101698510850987 -0.002285858456699901842
-0.002111513984247575127 -0.006034625566243942418
0.01682175351061082277 0.01498255262583518196
0.03113756123401540538 0.01463482685310949286
0.03499505565318989514 0.006617192309359708029
0.003124860535623329681 -0.0003078828733254083462
0.01004572408596602663 0.005032795430927054087
-0.004794195792149301243 -0.005079777245584953145
0.0597438714390661138 0.005976841563703443397
0.01301304186671635617 0.005097096190868584571
-0.002204620979542763759 -0.00436174565539562166
-0.05946043150165934016 -0.01743894765039429376
-0.01614979744041006651 -0.03157024320257155459
0.01024433759643255185 -0.0180108786791693988
-0.002913293952399958336 0.007130984284667597588
0.0002700649359592000986 -0.004788281368391693153
0.004650690177869202732 -0.001367900123911740913
-0.002808757238883230738 -0.003476830665471819775
-0.0001583938011477412186 -0.003395142314131955556
-0.001550310644607627098 -0.001638661484443757485
0.073468768641335086 0.4678839352513183836
0.2574163709100692476 0.1100887199286767065
0.01087175272167743324 -0.1724262423757643159
-0.07751637667225071138 0.06791082623413201291
0.04996554335228580584 0.04354060196435876468
0.1902112460754589174 0.1991474742681847432
0.007635790191149531038 -0.01155664853975790253
0.08851985888588609352 -0.04332899660598134306
0.1516279972321969982 -0.0985616248062024386
0.2107064101026617786 0.4902201744962650931
0.3037770205535053614 0.1526540091813821942
-0.1156522955024855137 0.09440932841526822328
-0.005622411845300183918 0.0001079773339591073974
0.01022163994037758074 -0.02321291117277229227
0.1630430413314055416 -0.278081159381278753
0.05103319059970603394 -0.1470888936349821208
0.04563942084979831504 -0.03470794818227710549
0.04449209916439995915 -0.06094744052638192272
-0.009575195368150163019 -0.03608117005209035555
0.003088075591009310089 -0.003797736554533425162
0.002117487740743210188 -0.003750170015188824743
-0.05535563428426053256 0.02543135254284096397
0.1171228732022669417 0.07878401501236306781
0.1525119953780922077 0.005365584865845954461
0.07628422203358450893 -0.02368496747846846398
-0.004190223132677709829 -0.003308082203635880243
0.009832408776180958862 0.003877125556356171131
0.003570334218874068703 -0.003604472054238615393
-0.004075739538304705596 -0.0005401949176887905438
0.00446961464761430876 -0.005797980250092704679
0.02315893919336495244 -0.02574022952878536954
0.08041792022284069419 -0.07216091926751516672
0.03237797468898284681 -0.01912582508035618259
0.001955430460898593785 -0.003158436782352731353
0.00164211762279475198 -0.003980104733234722005
0.415004223086187396 0.04490746462825625368
0.0008988743979017341582 0.002280108685218362827
-0.00134373275676953445 -0.0004040417571462995988
0.001643666782183696076 -0.0002906036731358515928
-0.001830717540453159157 -7.587822942719747623e-05
0.001694483228804403042 0.0007248156682102684404
-0.001181952607886970364 -0.0008972194884127878507
0.0009790131601936078766 -0.001039747497381234226
-0.005622042754445433915 0.005115119611060687729
0.002614930340821595891 -0.000356105699812117333
-0.03866394683300052731 -0.02134660429795813552
0.002485743204493288516 0.001410520126120410516
0.002216691848336780398 -0.0001735070476704210951
0.001019338906517732032 -0.001470236669683960612
-0.06441160700842925302 -0.04342585201523423144
0.0008915692656734795687 0.001513906221682494386
-0.004450529023622189218 0.01016441583380870914
-0.0001186305478773999091 -0.001673437291088044352
0.002393252051200073054 -0.002424366215883565212
0.09091061392340764324 -0.0440278279438214154
-0.007911290072175244589 0.01468336927616031157
-0.01038796504347531784 0.03599967306798500938
0.001669196705594825367 -0.001426398377918297947
-0.003319111396862530275 0.006458698759980936385
0.01319653398655369625 -0.0001721893684375777568
0.009035924093866122206 0.001696609740729325064
0.005238459688131806742 -0.001229259100900599415
0.03208456740670833501 -0.03690245750823729215
0.00969192090463460651 -0.009630747281206419527
-0.005335604561667592512 0.0005515090437169670526
-0.005450456907442015851 0.001636636846172541447
-0.000232801299857546463 -0.004711008915395529378
0.001224128382937564579 0.00260436282671848993
-0.0003251809822342513999 0.002572703596670893218
0.005298626913086543731 -0.01815908693941399588
0.0006167426903434658622 -0.01396168359602937593
0.005096539776420587302 0.007399677484864807496
-0.008449159921002331181 -0.0155340337473819784
0.01085585877579350357 0.0008708221383653862516
-0.01304987220868666052 -0.003072669131904646588
-0.01229051970416486332 0.001825699748948883018
0.01533320880568532496 -0.003492321943363939103
0.01868654408422191701 -0.001960717198775563126
0.03238927652108539862 -0.004097049299182558245
0.007319212529676931075 0.001825430937601309591
0.00676763728837431397 -0.00281578903885609539
0.0006469627690620492365 -0.0008410766836698275193
0.00115961366188513707 -0.001494100933837304518
0.001524268920090144112 -0.001622731372819597329
0.001169718808841993096 -0.0033865795540599067
-0.004042329153179036183 0.0005168482811955786311
0.004980269217256852975 -0.0004420537075262038888
0.001433678083620712647 0.0001898978157210048912
-0.005667543315887879803 -0.0008304104497185257243
-0.008476184201113829905 -0.003559578022022618846
0.01476707696558318857 0.006800933210345805335
-0.02404802193368007351 -0.01881931787853693624
-0.03736772834260265741 0.03352562586191336347
0.08557741249785266735 -0.1073892482100629597
0.1645955353769987251 0.2902899989322529906
0.01458922165235033291 -0.007718057513984948742
0.1286093110899842185 -0.07908293213085532125
0.1634714017270782194 -0.1422237281377242424
0.0484959967314402135 -0.0475318055860545971
0.007977277968752950754 -0.001117833482565118658
0.03738520070187192207 -0.05127020592875423943
0.002405939715717176665 -0.002281164556436031821
0.02415061810237257439 -0.02191965558235037595
0.09477253076559841172 -0.1015508933920995088
0.002440988106866006334 -0.002064706393453584737
0.01555661824038856618 -0.01345209030511643027
0.07619857662946794008 -0.06315363779053193016
0.02141454900046984439 -0.02087310983750341464
0.003403130773292408276 0.005686804003423664294
0.01798057207671539121 -0.001385724735797587643
-0.229638527228667122 -0.005805185288116782201
-0.2372995679131624791 0.04478793053194114748
0.06238321005812102332 0.2990082973086345408
0.08377243576275554549 0.02908854728558010749
0.05150476706200813465 0.07609249962996920968
0.0001164330942645461214 -0.00273246715269014756
0.0009757541680675946814 -0.001741948559870581861
0.02596978287442754108 -0.02035647104262639992
0.04109324907714940328 0.03181026157594071813
-0.001094485860232336828 -0.003761168863104598272
-0.001959430558538143106 -0.003962391709528003195
-0.0433564059649652403 0.01312761069154257457
0.0005776453713791864127 -0.003057792674065067367
-0.05047826264153987275 0.427252043953219196
0.00471344784356200492 -0.002007083950628104664
-0.0004967802428985037709 -0.0005072959767404446561
0.0006067428224553332887 -0.001137230809131993103
0.001291701816993279153 5.330886385229430182e-05
0.001172511844210314281 0.0003159038744901775109
0.003272310357540986897 0.001273311289702252266
-0.0009913906171589987985 -0.0005037718743948798239
0.002710356587909920102 -0.002435167711725911947
0.0005112575366049347363 0.001661442273824795908
2.217033874908002852e-05 -0.0007969989018931760696
0.0002519719574469633772 -0.0004316404609413467854
-0.0007185899802040657562 0.0001734240720254382514
0.000350198094721081534 -0.001141393727894882701
0.001607150879567614387 0.00218956344784432223
-0.002317541381789049813 -0.0002450902238458071785
0.00138877031733637365 -0.0004294468605804834427
-0.004866409511634536313 -0.003398256521655709187
-0.001980684176993839207 0.006868555123982504965
-0.002497306184150880227 -0.005186106012868650812
-0.007314159594148487119 -0.002929770001500944278
-0.004300394170224717053 -0.008222064267421126324
-0.02044642320628660415 -0.01229623235274476117
7.855837899144434968e-05 -0.005591369574682375151
-0.03496423355482520395 0.00104744329818329718
0.01248504588329570585 0.006327115811014724471
