   0.7743447543394116339    -2.617528598095453241
   -1.269438632738467243     5.135371762345100066
   0.4432925015138196034    0.6886135946731373192
   -2.335927533744551088    -4.139291830486521384
    2.188393163085173843    -1.642087007526790376
   -1.713095115196459295   -0.8957282332851930207
    2.176365569164910418    -1.750693049705289051
   -1.295172979189662454  -0.04029355378041377111
  -0.6696894913339214161    -1.496686138830233048
  -0.6486882433676444126     1.283150582825025365
    1.779739102443894438    -2.480939582560174994
    2.498637799659866765   -0.3646486814624308459
   -1.663684968709109535     1.955042252862644103
     1.29355920826206372    -0.895341897609142956
    1.756585095805660801     1.288645817885913925
    1.641755387228779339    0.6106599793721982916
    1.199587075390688984    -3.730017179067020461
  -0.1053682904764496053    0.1298507216649539553
    1.530606606915150714     1.701717772900331882
    2.633553443919318227     5.889776420371655163
  -0.2257344331372609092   -0.7031749159722159304
    4.985491492951307002    -1.180290937325390699
   0.5988253988465530586     1.485561631364387125
    5.498980660243966589     2.953812529860206926
    -3.98349037018995622    -2.865567416714613902
   0.1207996329443317834    -1.199888844488893325
    0.776527697779585413    -2.700790337123169849
   0.5373003043133174339    0.7383238585061659975
   -2.405598378197085108    -4.203525926257555057
   -1.656040421978373312   -0.8285253196010038401
    2.067990150456467724    -1.528725628406030657
    2.201195585462475623    -1.736786237912436803
   -1.100581027850106475    -1.429462270623736986
  -0.8233144087825261526     -1.64465118256243481
  -0.4268707740107766657     1.477131715437020931
    1.770786312814522034    -2.588902174458932226
    2.583325365079547353   -0.3138949934601730218
   -1.666180054577171887     1.887757272558262756
    1.426998382916226493   -0.7462882367410326179
    1.673689244508020257     1.196344696698550258
    1.601166163865004988    0.7250078423044129527
    1.291303695260465068    -3.494997176554170082
    -2.44343654534528687      1.65756580644887852
    1.597591976727197771     1.661815794462190521
    2.623079592724224973     6.206800428859233776
  -0.2563426437407915759   -0.7764661144383935287
    5.050172775050038254    -1.192248571494479492
    0.664591089530338186     1.482568824628225812
    5.726652090734017264     2.918383907318079284
   -4.059337715061318796    -2.874012101207635617
   0.2424057306462481798    -1.198685278668407683
   0.8144520410467249727    -2.659927531524953537
   0.5944127446019555894    0.7617919472202604458
   -2.344727407260719154    -4.166985302173570105
   -1.632571405818770138   -0.8439909459587114915
    2.091799669642042225    -1.541132656462406159
    2.196513668267295216    -1.745132949912964415
    -1.32355795856227143    0.1975104308326424141
  -0.8602944439726375458    -1.608430462112239168
  -0.4735561315455016351     1.442392071604507553
     1.77214837716518403    -2.591553662624143772
     2.58457086754339338   -0.3283787992602025807
   -1.642470975006131706     1.924240727285907004
    1.403816516457719432   -0.7548452242261299849
    1.680583980269163558     1.206915370486403516
    1.586184203062963594    0.6951250202430062641
    1.296883895562901623    -3.502233810534921776
   -2.426993512035281242     1.638046490523999976
    1.600334399234905947     1.625073572290026913
     2.62136323130211446      6.21730151865070102
  -0.2676045564289228906   -0.7760769170771588676
    5.077487829455895607    -1.197524411096336783
   0.7073523186769845594     1.472989336573115482
    5.773048205495622476     2.901753368633036789
   -4.045868361144033365    -2.884535722150419534
   0.2775529455484496144    -1.207335742709035209
   0.7960291833952740648    -2.672025770965496427
   0.5992466372256748386    0.7524022174748135061
    -2.35571206208981998     -4.20560264867315059
   -1.643756833180787691   -0.8786857088425849005
    2.105675890873057288     -1.54533532404667695
    2.151657007270723287    -1.815209884283214059
   -1.329792904181423596    0.2272565897851315797
   -0.876636209904114061    -1.570227801946532553
  -0.5329796349109238163     1.416547128233037967
    1.770707958168926233     -2.50446300167382141
     2.65468618365312814   -0.3790006164268395761
   -1.688961719238557091      2.05164915973623696
    1.302292874710260895   -0.8381848447878986752
    1.623663782344101136     1.300641406077321927
    1.512177322286463621     1.089649050272280206
     1.47995863427783636    -4.022535961701579232
   -2.325805021877317191     1.665771010652445039
    1.741925413313013093      1.57780128919136442
    2.747744572634751137      5.98630219627899951
  -0.3119922113142395981   -0.8053957384371240869
     5.76343109375396967      2.91165507300058124
   0.4245145804017384505     1.402246020887859324
   -4.080488444156368466    -2.858805796139620714
   0.3616444182127629969     -1.22577279821170837
   0.9451850956511345103    -4.282355110865188941
  -0.2988337293246438597     2.976831110766889665
   -0.175417622214043667    -0.384032916062974905
    1.526694831396728347    0.6719529095187888323
     4.62280496854050682    -1.179492205087154577
0.0002212766509576492889     1.345523961414152536
    4.446138427412034133     3.019165581025120115
   0.9176613543628827641    -2.671959204325353276
   0.2891655114562201589    0.8749090240322014989
      -2.225014000265642    -3.227588588743211861
    2.206493151135930475    -1.654399974056241618
   -1.696598817619176414     0.855863144459185321
  -0.1779143250878452431    -1.434355476783480965
    3.048055825345093783   -0.2466286835505460129
   -1.666107844481116373     1.812447192690685105
    1.170037191742289373    -0.735993098322908601
    1.025598020827301671    -4.348548786263581434
  -0.1995004122168194671    -0.390297578038637405
  -0.6709434807341564388    -2.840410720103581088
   -2.975162714043428469    -1.969485952921048888
   -4.285730290807546972    0.7944670413711019119
   -4.442373678355312272     2.511625154209099708
   0.7994201222181772648    -2.547138787884628108
    0.372078538778687129     1.091393097056558847
    -2.39731341487257632    -3.156326033288004762
    2.186204116994009183    -1.700177500992213986
   -1.682958956602651934     1.018785072237179179
  -0.1550561474050431154    -1.455963740918090776
    3.080055613871392151   -0.2645679567197248838
   -1.629803389764737487     1.792219878266236632
    1.151211230307364053   -0.7541955108823753529
    1.022321121533089627    -4.742300714023467201
  -0.2153302383806593168   -0.3803979311006809305
  -0.5619872230607452224    -2.463031860407949747
      4.8073745683166349    -1.263273343829133477
  0.02623515237471843106     1.717095858824097432
    5.499666453893331308     2.923028952956932436
   0.9291348730017646718    -2.604297583181818254
    0.299471627480404623     1.078699955578005021
   -2.301679965211778978    -3.221117505840271011
    2.151837869543639759    -1.751774645468253899
   -1.691759665134378032     1.010762682244277455
  -0.2548602819570669475    -1.503193602879742352
    3.087864560444965267   -0.2938642821728589816
   -1.617041777947577419     1.788095330740498312
    1.125597006061817229   -0.7728154937915548972
    1.030193318358995969    -4.784730952642960666
  -0.2355109229127476111   -0.3677545408001539062
  -0.4971579901573980331    -2.416808963421544831
    4.823864938271156255     -1.26906926415389254
 0.003300741867964974464     1.615703641499979026
    5.519620387384128968     2.960401980485254381
   0.7902311972386382166    -2.574294059242727695
   0.2819605989051159889     1.031196886106227284
   -2.365305230745013976    -3.214895812500759398
     2.17936945204146193    -1.685677071911616531
   -1.676325187349682055     1.038441428249026854
  -0.1571014294321025073    -1.449907227191625569
    1.077673135596944221   -0.9439752351923053064
   -1.661198145632756695     1.786577927314765502
    2.766202660903945176   -0.4397048766205906012
   -2.207900680785138459     1.838415581821769562
   -1.757465026057321023     1.708312854226440303
    1.209603445282920298   -0.3207332720924223057
    2.733591712085770897    0.3796734715462856125
  -0.4146766655015334813    0.8033745841202554194
  -0.2948893915746010341     -2.82652817898132902
   0.4822927896645169965    -3.766313936045267763
    -1.08840695511790897  -0.02956719871250734419
  0.05745429337413041765    0.0603417736024923837
      4.4191377630893518   -0.9898863600307377109
  -0.4261520915944073673     2.814361772331285039
    4.855743050560130669     1.488928982105086174
    2.057966989177426598    -2.031281224820372433
  -0.2507280080741795536    0.4207669864461480169
  -0.2260655917141396187    -2.085390926303357872
    2.511491980146447034   -0.6836814522544285566
   -1.781178985778694379     1.793553931474323626
   0.9306588879770405498   -0.5074082559781104562
    3.164006035955953422    0.8878255441895300804
   -1.252134610274959092      1.60561899735557434
     2.67598492521559006       1.5503423809446224
   0.6155615515064829513    -3.592410009886151112
   -0.266070488259955773   -0.5932652255530048713
   -1.318462823295817321    -3.183351138391730117
    4.411805146630995544   -0.9856695255612730744
   -1.113062804008481121     2.629952589217965375
    5.130184978368548698     1.437856755786796947
    2.055363725334317326    -2.034091660454635964
  -0.1826475895624535828    0.4220295474235989941
  -0.2308450647426862068    -2.091327852311950508
    2.613281255115614155   -0.5641444646728588364
   -1.754529471296476517     1.767685409540130204
   0.9631007704898196797   -0.4839221962466541127
    3.090001492226478685    0.8720661572946336593
  -0.9797652961871913257     1.450907889615212554
     2.71965132629362083     1.525377466549380667
   0.7531306467748429823    -3.745713355598399907
  -0.1787055082800701189   -0.6323423146222362234
   -1.220503492369802157    -3.023060387667831694
    4.457534144397617304   -0.9951158433261582115
   -1.106845237174418406     2.515588686361550863
    5.257953813622286532      1.48310693786244685
    2.010937912495666779    -2.066330105003454154
  -0.1761912965422461619     0.453728394910402788
  -0.2881082125529418891    -2.158577694582915374
     2.66748471944588994   -0.6536375684126823904
   -1.769424098128963729     1.815570072476065944
   0.9902936344567437876   -0.4727741516001499611
    3.057482609037282639    0.8484148746886049919
  -0.9706814339228270194     1.345539142205936844
    2.606663656323093825     1.349526101694865643
   0.7969370891050234773    -3.744847105920182884
  -0.1895747162329170787   -0.6034757199649652959
   -1.207457706394375885    -3.056288340672997705
    4.424712871035969997   -0.9980691506489691722
   -1.119794150065228644     2.470180497802184849
    5.311406645364443513     1.501229644482264813
   -0.230077096038067419     -2.09788640626806222
  -0.1994601410660011842     0.417462503988685063
    1.680779835061559924    -2.095876093295786724
    -2.37882431428872021  -0.09556969429620124079
   -1.888885011624280352     1.806368277205037343
   0.2147130023431104706    -1.057308499951222114
    1.693756904142517117    -2.665732269717065783
  -0.2741322735506455666    0.2429391132828683242
   0.8189593274336335327   -0.5315474537417558265
    2.769405603643309899     1.368904840049144811
   -1.753498387952607152     1.832184312882861432
    1.812690871528437775     2.024311458118841056
    2.230473853483554425   -0.6628412847422698873
   -1.501181646443675799     1.551329377026823941
    1.814779123121193827     2.933928193542991725
  -0.1113977838155193884    -2.361453591782081585
   -1.208164239403250573  0.003489547042581511195
   -2.628245123371924841    -1.977553938071217043
    1.491022852983142633    -2.164775318090292888
   -1.942092585379858294     1.852920646131742677
   0.1772638343535400396     -1.08059219533513895
    2.779684037486682691    -1.295219218639491743
  -0.2545772557777233325    0.2554950233464707843
    1.017480891887128758   -0.3367521921040437793
    2.582267807147291538     1.054846725543419073
   -2.573199311500800501      2.50823701476520089
    1.353375245145766792     1.447685551319996211
    2.949243956184311344   -0.6259663781005718741
 -0.03950157700690663104      1.23706873744993251
    2.303531428618657007     3.148357189459221495
  -0.1132918475277012171     -2.41032663956698201
   -1.168222265902214563  -0.02237667349858930843
   -2.615979930572803536    -2.118933184573998929
    1.501114562642152483    -2.179396161774217244
    -1.93176283254955572     1.896504481640206352
   0.1934386088189433139    -1.102716070123368919
    2.781637622844418178     -1.34227074782339395
  -0.2694439271215565146    0.2860736586615202359
     0.96740778217361445   -0.3814315508942523469
     2.63348895479779177    0.9614776152316339974
   -2.577593513658786861     2.514651153906803938
    1.326796978156486784     1.386106485808109579
    2.921090508268133767   -0.5592083613608151982
  -0.1360044473695491141     1.252699438393745757
    2.334771126075221748     3.089946429531257088
  -0.1617729683301851185    -2.377662267290108655
   -1.195642098344443349  -0.02839960123509271614
   -2.574709230042759422    -2.099374474510952826
     1.50889163904426149    -2.173833473811129124
   -1.966740835286920452     2.005040837192638481
   0.1706033755908003269    -1.064246160802027275
    2.770329504936163811    -1.397145163100048215
  -0.2630812945230230904    0.2772896836079505878
   0.8681418196285423106   -0.4612116979323258592
    2.590997825789451703     0.885264739015059865
   -2.588557307597747492     2.528046216900732279
     1.28811347624388417     1.197873772409739246
    2.977763296764897483    -0.584055222277368169
  0.02838328527355084632     1.230129074422067204
    2.283883767086932526     3.064155990929981588
   -2.582016056265801662    -1.990317140055461342
   -1.019259505509572561 -0.009510870269479188358
   -1.043569379099842598     -1.68344015192420704
    -3.19352615617741975     1.534289015903874454
  -0.8012523221491250069     1.475674982128561297
   -3.434190544497188302    0.5783529686752150178
    1.107924829337051387     -2.61188298727931878
  -0.4045669158418545575   -0.1924269177431544575
  -0.5280180743455021863    -1.029095395308472494
    2.577494960181003769     -1.25340893636769013
  -0.6247195342549040076 -0.007911812589404878041
   0.6668891485553457565  -0.02805525204429877226
    2.533823839955777757    0.1648612202856280795
  -0.4507280540654668433    0.2686553496508840011
    1.209495766474647516     1.352171591010925766
    1.743949713985100569    -3.104018234675315568
  -0.7100908130877122693    0.9496366457379123993
   -0.862466154747926983     3.885269611433073589
  -0.9977364519968298096    -1.715343999180296564
  -0.8190874599587063543     1.395991194038399774
   -3.327055064798353445    0.2516260949286061033
    1.172326329363788222    -2.535501085648139696
  -0.4414848842840763954   -0.2327140215049469663
  -0.5419339163669298909   -0.9900381140896206134
     2.65565401069558904    -1.092432903535085487
  -0.6315690167727077142  -0.01261077100256805146
    0.703647656802272814  -0.06706119439500467239
    2.510353808342366655   0.06389413482049915993
  -0.3388359471923843014    0.1324430963939381978
    1.227518395370315485     1.130053400132939423
    1.673567917291690188    -3.214231848011608328
  -0.7985929041628181402      1.01887619401056817
  -0.9842831174773061242     3.992749128993924312
   -1.088286971194930564    -1.695806800711778362
  -0.8172951537156284418     1.421956587912622805
   -3.422491851610659719    0.3151657680246202076
    1.162447758133616116     -2.59049524163162781
  -0.4522406324384373733   -0.2237459682769269986
  -0.5264108986868549778    -1.025631311856739281
    2.633327754495931927    -1.160642786114319813
  -0.6195416669555214861  -0.01716466770100808295
   0.6786979327077832247  -0.09537230641323976577
    2.540423409573106195   0.04042722620942892225
  -0.3482537407853736333    0.1491707131252761054
    1.240166424895982722     1.092789251048711607
    1.704573985711843376    -3.214239912912197905
  -0.8058100798250343866     1.027338064086811498
  -0.9210529359259178594     3.983807365129687472
   -1.175032358352746442    -1.654870086737429524
  -0.8520294664093812642     1.388332186810959268
   -3.536346537575772331    0.4355176821607056326
    1.117067643703567148    -2.608067357143372345
  -0.4631741840200913063   -0.2597423524360985558
  -0.5546921808960814104    -1.035054082922586938
    2.555692038975238223    -1.254349312781815051
  -0.5864645323137642752  -0.09089084330325734873
   0.6403211944330189365   -0.1539361368769841532
    2.658727641140661291  0.003009959794655621673
  -0.4302922869221285085     0.262778694014865366
    1.328069678201000858     1.127848334769237182
  -0.8029502604717002612     4.287669715308388696
   -2.650261880462275066     2.464198772532648629
    1.479546030241326138   -0.6221841942680031989
    1.067540767163042803     1.717667107794769832
  -0.2316157488701244827    0.8038815872219223779
  -0.6322040638234421861     2.436427492709049236
   0.5113312284394848639    -1.905493955899609793
  -0.9987194273688955182    0.3507322591801996237
   -1.086180486815188528   0.03113769674717038402
     2.04867080995382489    -1.587843706684891165
   -1.101021791251554305    0.3982361154114567592
   -1.047388248474898198    0.5845019552436344634
    2.649205397233280301   -0.5366669445018235063
  -0.8006240153020675043  -0.03881643245551930077
  -0.1814604645079372358     1.031217518243055187
    2.106625809706260899    0.6527442869305269957
  -0.6166631112950299309    0.3851857149526971558
   0.2906981645841517081      2.14951887105323669
    1.279321385220609564   -0.9483657426152701797
  -0.1598093840024660817    0.3560272354736256917
  -0.6357576866047393027     1.780583953439514699
    0.400980785147231511    -2.045011960343800173
   -1.162588637277892856    0.3575294841444555671
   -1.214633997607587945   -0.1133532700207900423
    2.127336466966075257    -1.541887177168954182
   -1.084856673623865619    0.4983693248562617306
   -1.115800318394609247    0.5719126620508654391
    2.508981614824870476   -0.6952564538684886664
  -0.8020531171226761291  -0.09101446372527681461
 -0.08875874318971022081      1.07047550089004484
    2.104913714192443663    0.7375191343973058755
  -0.5381915759880270267     0.520744580649292188
   0.3179414823318887362     2.136582747707305607
    1.251537708886300893   -0.9032100569395600242
 -0.03232108695294892003    0.2825484492671584968
  -0.5545541202511212742     1.702069674502498575
    0.414276693837139165    -2.002346403580046008
   -1.081734980508614941    0.3464698370221681034
   -1.211726625829683712  -0.09421239365305429658
    2.076099132435184735    -1.590603650456380969
   -1.070769765022528075    0.4296432371146471363
   -1.132197138594325247    0.5207044522441278689
    2.520448387024698089   -0.7264485248825954811
  -0.8092783551306624856  -0.09399362763739398108
 -0.08117671588058010534     1.036327614840732103
    2.105035716848648875    0.7321736790015985763
  -0.5095593456118592268    0.5296189375229914953
   0.4040506449372672781     2.006510965788213419
    1.253897698585149545   -0.8780851677769209163
  -0.1521674187031919201     0.271450654407397074
  -0.5330646646188360593     1.573425263152459452
   0.4114285086495148014    -1.958164493992479382
   -1.066267875540017007    0.3780249938024122791
   -1.227082911989015201  -0.04549593087631582933
     2.02418296324202851    -1.678759942119899762
   -1.083015612183440224    0.4323850069107539884
   -1.152428490121649052    0.5523491171138023015
     2.54519581043249099   -0.9009704011167635196
  -0.8456747538341984338  -0.01685817199893500234
  -0.1730492707418040954     1.004825527196457235
   0.2594432743766257876     1.989219531309863287
  -0.4176116848475248111    0.2406202192499930781
    1.485212982060507558   0.07921550396422284701
  -0.6754951909176163394     2.025434203782155773
   -1.504700782126149328     1.317468017762486454
   -1.341300909651603757     2.054705640693562874
    1.359086514235750442    -0.625762613628540687
   -1.150728463018104275     1.190385091078896673
   -1.192083794752880177     2.545340956952979461
    1.622875540334341338     -1.02708771905297791
   -1.532752378190438414     1.505657403731017752
   -1.165932207222998951     1.796760390836260601
    1.895820465081133666    -1.245867714273026783
  -0.7243785019381954182    0.3387114965170308634
   -2.334361990156256894     2.516157735541886264
    1.981517662147444847   -0.6719353646434711447
   -1.890305856587875422     2.222707239418789893
   -1.729103365443250162     1.649864823494948229
    1.263324664658733054    0.2556080356435227463
    -1.15782044440631271     1.052223883643394142
   -1.499925674604344339      2.05453995166436254
    1.133776712401383779   -0.6273965136245099883
   -1.370920871554868858     1.230939784421822836
  -0.9949285695687545283     2.124926909199515546
    1.589199377283902592   -0.9896264386463314855
   -1.331724630673231102     1.175454367556934443
   -1.119322657725539516     1.725682429235798621
    1.927099673389776724    -1.185273014393540825
  -0.6713098812362906509    0.2418639189018697011
   -2.377101236855687638     2.746458671439069299
    2.124888555235532994   -0.7797851133907383048
   -1.755077790371429414     2.117825918192123957
   -1.563551069639382396     1.684459474738705387
    1.400761458622034938  0.008154617793600126008
   -1.362158352006466844     1.178547009023972914
   -1.981549172897546729     2.993763181691328157
    1.162676684916103209   -0.7078802438059258462
   -1.954868582299913671      1.70764808862624351
  -0.9303946399680206314     1.867922530279676696
    1.598224878161192741    -1.027248567937031343
   -1.284519558168216724    0.9668243304060132326
   -1.235760788852907632     1.861152266636629138
    1.908060831076484609     -1.21221482494707522
  -0.7732845409541044823     0.285373568353662177
   -2.438167259838300183     2.936844548074668548
    2.093973654770330484   -0.9692340166355842834
   -1.764698994187973158     2.151485889744261026
   -1.557745330938961503     1.681742886582457741
    1.398005493563311052   0.01526119060696945473
   -1.397057552782997369     1.216996132080399251
   -2.014501191021755844     2.965716221542041175
    1.127636149246406871   -0.6810596771801442628
    -1.97363599264613665      1.72351459420923403
  -0.8906658387481631856     1.874503430565668927
    1.596050112130426024    -1.016267257024308091
   -1.230320776284498541    0.9944126456045319085
   -1.231317794793622689      1.86423829064745572
    1.917666150780807488    -1.203800514465563021
  -0.7591642620056741064    0.3068534185527412861
   -2.385743397013571521     2.819929997090635965
   -1.647530943068569176     1.760684154527869083
   -1.769364415093072962      2.16860725431926582
    2.471046165269807471    0.3706281055966072491
   0.5275102239439052321    0.8853419196364799015
   0.2737910309660416264    0.5832737064243330716
  -0.1100301260239999607     1.353532641720774921
    1.506605309526312553     1.134904111377704083
   0.2237159495799242448    0.5719896788995767478
     1.27226309137874094     1.502120329179811087
    1.511089518996863168    0.2430776076916452144
   0.8041633332123776512    0.8415108010645896419
  -0.5050325574698361075     1.444358074739162223
    1.031557226941480332   -0.6873504275253619067
   -1.260284116977681279    0.4702706684936820425
   -0.414833442715772216     1.365201823074492449
  -0.1209915841111505602      1.34844362382583971
  -0.4351789738846171263     1.352857785866503848
  0.02354170082497208938     1.703854637244121006
     2.08806388634840312    0.3041747650139254855
   0.4023334786888991821    0.6378247031326580441
  -0.1100676624438638868      1.10970247265447064
    2.992625223061718298   -0.2755189738215285122
   0.2186396677268116484    0.7024966166916162269
    1.257242374102765181     1.700557818675452637
    1.738118647571750497   -0.5014067279783157582
   0.6872494987995827476    0.7161487691796932786
   -1.516396809617136743     1.109215506914295934
   0.8951290163634388897   -0.7264535979680512012
   -1.700217961798803135    0.2767626815993595168
  -0.4104450513629380182      1.27553993062597204
    1.281432007992318045    0.4477645941056827561
  -0.2921347234311166274     1.268338932902704164
-0.002983310084656102309     2.300439078707468887
    1.406889759048571831    0.8204694861700491115
   0.3108527470906227719    0.6007483636187342935
    0.266917177694353247     1.300908285197382774
    3.724439562934913628   -0.2077944123178057101
  0.01990896754178902994     1.011651004250973207
    2.632174169869726299     1.761169374961804923
    1.576106075923614958   -0.5211953764466065175
   0.6698971550052988944    0.7649568074282344643
  -0.8722861567650121994    0.9369966154165870753
   0.9255688707598394016   -0.5160038934602388938
   -1.102734903474757555    0.3252137124701918736
  -0.4570236213265045366     1.474148034185979839
    1.232293362292358418    0.4450469641341209259
  -0.5016043541442691822     1.363792185065137552
 -0.01624025679992647381     2.305821433959366118
    1.471873029778121067    0.6990520542085048028
   0.3017481314419834248    0.6035765354471578359
   0.2658983089823248047     1.316246447643776518
    3.616516594962105202    -0.171071919210664114
  0.01255910725021992976    0.9997448992145364643
    2.657820442151971996     1.717631260496471857
    1.672731688647878689   -0.5292460803950891357
   0.7796390755976885245       0.7207238284877584
  -0.9590134880420453367     1.238093312246913769
   0.9056336805985094607   -0.3883811306484679648
   -1.370702594253147666    0.7959037385202790693
  -0.4638150656280201067     1.556250288313491881
  0.08294843009754064578     2.266039105831382017
  -0.4630396965421255673     1.356664297689891496
    2.142919006004426308    -1.370902420495055285
   -1.443685810000528535     2.120649793804292305
    -1.75222169322998389   -0.3727623137869723879
   -1.693397702433436569    -11.99728022014560125
    1.906218264263463746    -1.070461193975092984
   -1.550653683332328114    0.6543411047044798146
   -1.938965458018865107     1.229531436427172109
   0.5140428287235814242    -1.258196247412428193
    -1.19203336713051522   -0.1134666253803490316
   -2.810550027357082037    -11.23852352640617802
    3.408246817997435674   -0.2987561563405854437
   -1.027408136128975302   -0.1649451883134988028
   -2.394594967816353837    -10.43478870816008985
    2.209601071327777166    -1.011732514553675966
   -2.237172145213178975     2.217317543792828083
   -1.885286498039431935    -11.46381956458346707
    2.074918837241935154    -1.345955933340778454
   -1.858340130701084947   -0.2723788430140620664
   -1.740698921483838424    -12.65806079822905872
    1.852358751449290297    -1.192680817608473109
   -1.764412456711233146     2.334120992195343192
   -1.991084245228566418      1.09062504264273108
    0.132726508176259389    -0.508983466410042884
   -1.152701971749239274   -0.4192471962774402261
   -2.738859326439512909    -11.33620198346198649
    5.257276342875507602   0.05703968955137415919
   -0.316289090623919078  -0.08122564450605058994
   -1.698213016668964404    -10.48344053049929236
    2.199399018078352697    -1.083957142145088648
   -2.301867494820621474     2.328644830264193111
   -1.956417259224223271    -11.52023972486679071
    2.314103238566617371    -1.273513401502001541
   -1.764285113270178007   -0.2642635661537754976
   -1.634411514780299557    -11.97478065825411342
    2.040420759647746607    -1.325140007213671201
   -1.617954725998972165    0.6590633875060519786
   -1.939050521369561242     1.044931783165282901
   0.4760530666665922506    -1.741840129004797122
   -1.212492597164292585   -0.3223162141759080002
   -2.846610981138238294    -11.23514570211390229
    2.679308560184889831   -0.5569529456006441226
   -1.571221427737635068    0.1506014675635527489
   -2.581421587319357336     1.432862519736641804
    2.265973793214651089    -1.030547251867308667
   -1.987396223984088772   -0.6973273698181245983
    -1.93485448099394719    -11.40478029680569882
    2.324477298542196202    -1.267990987427362048
   -1.777706594029488496   -0.2873010796539260392
   -1.618493056745976766    -12.06998223872919773
    2.094860026688754484    -1.324476590381174823
   -1.612715991093368384    0.5681450336562405834
    -1.91457877941563237    0.9725418322289978157
    0.201239169773366644    -1.360487614839416048
   -1.247732714373196883   -0.5110551165304549892
    -2.90689815066626922     -10.4413873129050021
    3.173238011221067634   -0.4370793552336505461
   -1.441790403034672874    -1.033591053193993803
   -1.024043616221042896     1.150415888473648396
   -2.076128431983538469    -11.37091453217062842
   -1.880568319691273471   0.02741957033029726598
    9.584157170456656161    -6.271109319621356093
   -10.25614405121407557     2.195078369090870396
  -0.2486912839438415179     1.785130127971162661
    11.29196338604196015     2.637031154070489603
    11.09698997566432688    0.5124477801525170184
  -0.3831556298814927652     1.987551724274034592
    10.71783627329456756     3.731900953092976536
  0.02045164106109084723    -12.58414304230751846
   0.2772822959825308464     1.432544274034159182
   0.0697811008314862119     3.034577655185970446
   0.4496962411897081902     3.573866954176529553
  -0.9596232939923566851      1.60882421599359815
   -1.667715022954036286     2.813992752614026926
    4.314859187151575348    -10.07486339439796552
   -2.737889613859032956     1.597300189923245739
    13.40791540799432369     2.420650314816177762
    10.20223568227054578    -4.043660870651639705
  -0.1186762303611319791     1.731171302580748028
    11.47527192358256265     2.789543198112946598
   -3.681439587321976514    0.1176590070399575333
   -1.954780502302042144       2.0195721357990708
    12.06923780675316316     3.474810932532375052
  -0.3245806834140925745    -12.65469627623002857
  0.08226569930865333669     1.432563314120058884
  -0.3792648528474207303     3.083863226475968666
   0.5914203437599580004     3.584135141723419071
  -0.8979186464048055649     1.625814052258233389
   -1.560409346034837608     2.759356114583809472
    4.271343559893236552    -10.16556158461956016
   -2.798242729801985629     1.594607459889400447
    13.38387663978463138     2.411825035903889081
    9.555310508681868598    -6.481983317228240615
  -0.1221289113247350927     1.746170264849354892
    11.31148705798116971     2.683082869164241657
    11.10082941001588708    0.4446939371537574903
  -0.3095533041226750659     1.964104991258563082
    10.72804517960327608     3.806684256159960977
  -0.1228075467288795575    -12.65904392844000625
   0.1763323295738074004     1.490629042246772507
-0.007058288379464604072      3.02493825259312743
    2.611328967252228406   -0.7949458004265560485
  -0.8145391098507961392     1.635049852664740566
   -1.530454783802527308     2.707510303813252861
    2.983285150759023896    -10.24095499484486282
     1.47504691137817856     1.101034837118593179
  -0.4908410616203917054     2.266216352753341212
    9.523016305340735954    -6.822787045157661545
  -0.2424269201947721331     1.792033888501073369
     11.3199205590211367     2.620995982169330052
    11.00278533300085826    0.3641931769973022481
  -0.1699132224549309567      1.93314738994811397
    10.66773806353523746     3.813608993974286765
 -0.06731712687695291797    -12.60362360273142812
   0.1303942211475599411     1.509441149662224424
  -0.1276824073802106663     2.993567406694063848
    11.96903585079355459     1.001784381725038031
   0.1773637654085718496     1.575918427974136282
    -3.55673634672607708     2.996701626023779763
   0.1451124493247168967      2.20407203486699288
    1.452805850441287294      1.14969220762947244
     2.10427482389371967    -2.124627351471149339
   -1.317232064877424946     2.150028604625322526
   -1.728010927806207464    0.5447020104117974437
    -2.72396288039143819   -0.2189378224365976233
    1.969107140689623225    -2.139652679616559361
   -1.269569522010194573   0.01076898911393111766
   -3.485418249023659598    -10.76595439073783922
     2.07063829031316704      -1.9082390680442467
   -1.950478442394802725   -0.1457720972181728025
   -2.156352232922134959    -11.54334315133711186
    1.335726966562650109    -2.161439797957985576
   -1.671958280498839322    0.7459988693435700702
   -2.241338442205883297   -0.7221297046213044357
    2.235940636528666037    -1.465944269624406049
  -0.9345054785931226071    -1.267078978287483615
   -3.099258974646911469    -10.69399933803254754
     2.01338385884842852    -2.057197916911583047
   -1.784980845913622494    0.5519452069941476191
    -2.80484205482643878   -0.3008584175352502776
    2.188201102204081483    -1.948515623891462489
   -1.227567128005461639  -0.05995416449472832504
   -3.320241071258143606    -11.03468421858782555
    2.067901441381629457    -1.932379452310205803
   -2.133358596302387333  -0.05074555836130904829
   -2.257108363382282601    -11.65302176667506906
    1.327676090939559295     -2.16834849984529443
   -1.636446207072421277    0.7611654581293746391
    -2.23694998327393435   -0.7068193353181491112
    2.220072196517067997    -1.457787135666989364
  -0.9474732715622290469     -1.24329167731118484
   -3.093917748012312785    -10.70450029367031597
     1.99938552986839535    -2.084499896535679575
    -1.78415755313270763    0.5508004709513502073
   -2.798479061211244456   -0.2967401766454239032
    2.132067726955730436    -1.912338954062418495
    -1.22951522538875424  -0.02262028526283192675
   -3.453574971828507145     -10.8276595266250304
    2.127947011310724612    -1.941797012863750505
   -1.910124622013440021   -0.6112492777078993855
   -2.209111733003534805    -11.52814355055359741
    1.378380640680412439    -2.174064642661381441
   -1.627176445031939922    0.8414555538457916262
   -2.034154744837942896   -0.7804009589020708404
    2.175149669510396677    -1.448861383065848107
   -1.068152620802607311   -0.7263546390115025453
   -3.181449877727664965    -10.61056349289258804
    2.012660627508702227    -2.117593860889679824
   -1.687291863117294843    0.6224358543317218828
   -2.750706387853305124   -0.3438467297269428014
    2.126684708394043444    -1.899541381021689013
   -1.210998613957160241 -0.004918116188398062062
   -3.519812045469433048    -10.60919990107779753
    2.113594215479538185     -1.98257174886554477
   -1.900027456787066971   -0.5211496441073770747
   -2.196408794167683975     -11.5046287863418204
    1.348056737578360309    -2.037904684341046657
   -1.645180367985943137    0.7567191256343864803
    -2.05264296203697949   -0.5991388864408548898
   -3.136890337243205984    -10.68398553968192211
   -1.046191444881931831   -0.5123003165031356776
    11.30784934471821757    0.5670337773468503428
   -11.64367420386197693   -0.6399839019069351043
  -0.5087071205651474415     1.670497516820273365
    10.42311964920567213     2.603399846580368937
  -0.3660142864174641408    -10.59671873853748458
   0.2143852539259756551    0.9597568207872642088
  -0.8284674783340407744     1.129629317553582979
    9.027015342467107573     -6.95198973534936826
  -0.1932688353221634625     1.469536907012510829
    12.82543168305102554     2.154807071810251884
    10.57856303665172959   -0.2318323363695292405
  -0.2982276166000248918     1.999644262811239415
     11.9269248544381572     2.403371469562797014
  -0.6585947661854917312    -11.67529525642479804
  -0.5005094002685610555     1.541521126155436461
   -1.065755923134408256      1.51033490274639326
    11.29012000924573123     0.537784508916353321
    -0.53764252691308001     1.641339364806679413
    10.34948046249569664     2.727722920741116219
  -0.4810686323677049181    -10.83795907171605677
   0.1734296108719358132     1.045165631133455175
  -0.8122101399121746113     1.525795996865250359
    8.859785553297212957    -6.831459117632882716
  -0.1989400545439386769     1.684641304665987382
    12.03700812983271717     1.768943889872411912
     10.5786191913170704   -0.2676988621179867134
  -0.3604292909143570478     2.003835269847737077
    11.92782421858531272     2.357825221672964933
  -0.6499520328710757244    -11.68608379531975139
   -0.486274841225884491     1.552685608813747509
    -1.06307277512293985     1.516291383913462409
    11.29214980339945384    0.5597627281790917841
  -0.5375961296434917935      1.64645489613267193
    10.34946959411496259     2.617571562546960884
  -0.4670929048430018105    -10.91191461830722709
   0.1492549577146213557     0.993003096460713941
  -0.8422705513227977114     1.565828005284719104
    8.911687189589237335    -6.748638352457639655
   -0.273170341456285326     1.717203589123369012
    11.90846242813943867     1.672158544097149813
    10.52065824134925975    -1.215766457082755547
  -0.2859108828688499693     2.188037619039521875
    12.00674429417466627      2.39516991396426171
  -0.6053873325490974899    -11.65211742688131302
  -0.7777700705384972268     1.583618206081571111
   -1.091583099420248226     1.378209820034772326
    11.27196505731609655     0.529456747546441564
  -0.5272689713555568369     1.698915143093067348
     10.4029939246008265     2.649975661784130132
  -0.4745947010732778359    -10.92590842377718197
   0.1833339197532331544    0.9723885208996928542
  -0.8321432608545642484     1.467687254898115468
    8.879895265607121502    -6.771653079442915057
  -0.2721311156521209473      1.57808053501381429
    11.93833668564566608     1.711775924329433707
    10.54021571765494336    -1.144797923293669584
  -0.2909198054013181767     1.908527353413366434
    11.95176467753735317     2.397439753999001333
    -1.02167532783853976     1.377939426042512405
   -0.736674803911097742      1.60234466399917963
    1.386913216646070479   -0.9278471856654924022
   -2.634782545891254824     1.170491262334384164
  -0.1371968363330766383    0.8091346824532659188
    -1.10807059457047985     0.857734861291958306
   0.8318381043316351864    -2.949727711468076663
  -0.5457287615634072164   -0.3554676851726086828
   -1.161648587188303106   -0.3267343422366293937
   0.8541942929027031006    -1.919014737259366887
  -0.6033450934375458319    0.1795591418179816323
    -1.99150057732271879   -0.4258373061986269192
    1.495644628982884194    -1.974481822241232365
  -0.2205076165092042517   -0.2934753442203722473
    -1.84833181169437144    0.3579898233985851497
    1.254183420215772671    -2.600294593988784708
   -1.523554850522566895     0.432796243576545836
   -1.373064864850562339    0.2670340993003384455
    1.509849446010937735   -0.5714479869088361363
  -0.1278044337097498928    0.8058697743929427171
   -1.374529552480601158    0.3481768852474844134
    1.119996177045275987    -2.031336984975133042
  -0.7032610013772965241   -0.8013735898046036032
   -1.363756380377213917   -0.4838256256522563414
    1.491817227113552136     -2.17844505591766513
  -0.5315530687388155817  -0.08976373983386572164
   -1.418325738788582591    0.2860356765417599312
    1.169579903102364371    -2.005077027126757727
  -0.7711324613244838755  -0.09833984827217402691
   -1.853523359561169537    0.6065526927191070561
    1.242193798813025829     -2.60735843209371998
   -1.569995865800290602    0.6104422295866054338
   -1.365354153236221446    0.2525735202907348209
    1.499140882742380221   -0.6967276685105401324
  -0.1044804835634961793    0.7925237676845026114
   -1.358496108931229074    0.3624642713806933148
   0.6237226642620005146    -2.002652504836037295
  -0.8487821461937307133   -0.7898784669784864043
   -1.516762970344626593   -0.9474321413779532852
    1.204126641319040569    -1.436415544787764453
  -0.5122693415668878592  -0.01192522681129079033
   -1.125862468476442224    0.6402702343663280171
    1.193698490932128875    -1.840912056397725038
  -0.4510057100746132086    0.3184885898856811837
   -1.426159075823844047    0.7280914265383541251
    1.177085165621247542    -2.642056799706971937
   -1.625880187599154647    0.8435462146300910513
   -1.388937544696644988    0.3925756697661468286
    1.491921254726701118   -0.7052691106279194155
  -0.0923893712561779934    0.8471392341621843958
   -1.360591790765142362     0.367855087542769188
   0.7487376181600983172    -2.136778936686069663
  -0.8209745704497515284   -0.8388164063440338714
   -1.498620212952815889   -0.7294668889432539549
    1.281198051474798705     -2.12415901128078799
  -0.5601959473746581653  -0.07678167456742084063
   -1.685866088509437422    -0.231780857927956413
    1.077873906633864287    -2.040799735890608702
  -0.5745536564573763272   -0.3276353330076785531
    -2.20101186879503441   0.03200775557091044971
   -1.400807444712703909    0.3056980515451536151
   -1.532353584029287452    0.5991174949085773527
  0.07140758021884231754    -1.969444695473161477
    -1.40328587508816649    0.9493903869865146783
  -0.6196444903364822787    0.8175679635188835004
   -2.057732719320263914    0.9286887332910566117
  -0.5872542809965479726    -1.302992246024584189
   -1.074029529350783108     1.459001245568048111
   -2.069882772326991471    0.9677118758809993837
    -1.49408271485882449  -0.08923180916510801974
   -1.399833175088604165    0.9248379968288098496
   -1.644715016234039817     1.474847237817379808
   -1.715938031895765103    -0.224050504218594293
   -1.467988725144153239     1.346146733856297573
    -1.82247826524705947     1.864103867494820488
    1.140088647993575455    -1.383359329687164241
   -2.154407442485269275     1.957085488595931011
    -2.69921310476483578     2.219345623784164445
  -0.1877657570453569458    -2.075613424503097715
  -0.6780609880895280828     0.715808930402394572
   -2.061667673546013546    0.9428501346509663428
  -0.6984072121347933981    -1.551974967131005911
    -1.25436563852043248     1.585815436029059278
   -2.194049937237394943    0.9394160291772098992
  -0.1355901875431999304    -2.310400463912079427
   -1.039966734769176782     1.070862533546979245
   -1.845602959342514948     1.886106270773961979
   -1.006240991007523844     0.440037732500887957
   -1.770181770915457475      1.82138193923770686
   -1.857805039962016069     1.716630724690866749
     1.36319315528925511    -1.429611002476844472
   -2.218121834838555184     1.856399956329308987
   -2.412125631629050027     2.202544674283186232
   -0.234426185919250768    -2.064982666980638815
  -0.6726614103451844517    0.7468929584114101239
   -2.056228242719040367     0.938429771979170213
    -1.00530256801349327    -1.327353321505013506
   -1.266207787109327798     1.622619434753492129
   -2.358017598334256615     1.031527850556007042
  -0.0157260283573941867    -1.665641203416157179
   -1.356910825006140575     1.163976694435617576
   -1.681854457812285375     1.704883463938537957
  -0.7421656470422501872    0.3915737993360531854
   -1.232562081145193611     1.294417575679445154
   0.2112912222709127374       1.1181709700757263
    1.241709594917320469    -1.377283637479418399
  -0.8834841112073645863     1.364210899250643427
   -2.078101875895112638      2.08305219807505182
  -0.1939275683711857157    -2.075124619748804911
  -0.6388035800331567371    0.6871034429016266154
   -1.982580964141265056     1.038289254435896369
  -0.8341627262195026038    -1.518874067238346059
   -1.368937761034721756     1.652711713539024796
   -2.025162321902178597     1.210383707267543851
  -0.5155668062793798967    -2.236403429083868577
    -1.19541013241436711      1.16571574817559287
   -1.833592013472295612     1.539600002776353449
   -1.860434952369354189   -0.1607258587853361009
    -1.56383837667688308     1.591366704259209675
   -2.006963432626683641     1.732502203624321391
   -2.086560928614990651     1.960090388587728105
   -1.351990096629390514     1.627172694524364971
   0.9032352957468939847    -1.486674713776058088
   -1.822582391590858109     1.134066780570186062
 -0.04857898360697006368    0.9134818431844393682
  -0.6035763522254038449     1.526914778649892002
  -0.2218089234848064084    -1.198796208842130673
  -0.6719054013808137826     1.226237330080878207
  -0.4576061721690712902     1.475552349204632741
 -0.09175014382576124339    -1.218136321565498115
 -0.03625694786207484671     1.042917713536210655
   -2.307663305452181124    0.2460396519250068192
    1.193180988872692305    -2.048630563797212201
  -0.4450936509784489958   0.01852892933794683325
   -1.705001168320787297  -0.01700825860601687042
    1.069150074940507844    -1.686255153507984605
  -0.2338862533534528665    0.5579681702366914298
  -0.6375361903756816551    0.3596610760556990249
   0.8711811520356509408    -1.447372880493350333
  -0.1485197534636787386     1.022304301030580787
  -0.7598151947024723851     1.362535499527849581
  0.01267090282256091993    -1.472579949883661365
  -0.6483171294153546871     1.292215557788565006
  -0.5947751377656688154     1.446581990485608094
 -0.04409057618585172922     -1.27565275392537103
 -0.09187216028547204316    0.9008387817312574208
   -2.161071599892959938   0.08382706040176220175
     1.17486780466998586    -2.092286574845247493
  -0.3165142545111064853   -0.0162657911197885939
   -1.507873997574608493   -0.0805989423494067464
    1.249005975549779546     -1.82661698340213241
  -0.4460822310787899703    0.7461482860422632424
  -0.8123282753495231212    0.4453504717878424279
    1.009937654017198927    -1.528122614181947725
 -0.08405906317811244477    0.9715252264208754651
  -0.5922149825435080173     1.416715947204756798
  0.02243995150333142133    -1.492187710846567983
  -0.6566765662825349015     1.196959807725460623
  -0.4340351478136686425     1.450448292292840335
  -0.1455003090897405704    -1.329659270917752156
 -0.09774682928175602858    0.9532694956650160645
   -2.224901762831779539    0.1578911649436801901
    1.050651651359045813    -1.881084395252905939
  -0.3947295881852411203  -0.04979497641351716963
   -1.614624659085846625   -0.4031070888110144246
    1.002858417184999906    -1.926743627051465069
  -0.3064437075637470587    0.4035523593456655789
  -0.7321297744468192592    0.1931900428613149978
   0.8829470396405674215    -1.386865382207245423
 -0.06386283577919209253    0.9574359686855071772
  -0.7269385768431259054     1.448423511503531769
   0.2126913432438144735     -1.03420210870352669
  -0.5169626003766126798     1.189959704563255727
  -0.3163043773087566568     1.469906741725830912
 0.009272502458174770867    -1.368875453043535639
 -0.06194298281836555647    0.9924718419340777809
     -1.8688403796192119    0.1032095892802238901
    1.192361569016253675     -2.10817054109929769
  -0.2714901020860176484   0.02043770348225421724
   -1.734316868866712547   -0.4429718327105233167
  -0.5665835507277643401   -0.4195905748043697314
  -0.6469853982828035477    0.8183713946114063997
    1.688167053643707671    -1.627747640481195024
   -2.570112293391374703     1.037836305585894126
  -0.5345297330831996208    0.5514476641202082918
   0.3540481030440060239   -0.3761008802494039127
    1.738949800986620886   -0.4568156593335115923
   0.3809223486216222199    0.5178181096510359183
    1.065024783834518152    0.8588202822255417423
   0.7090336738575908626    -1.893468417934824899
   0.3564818033753454629    0.5123932032189447705
   -1.509429562435019578     4.227861644217992598
  -0.7464058897285410499    -2.149593963700105359
    -1.37078591612052203     1.644417245263475769
   -3.925084568444605182    0.2039489206602106419
    1.172772861608069928    -2.489669957005844037
   -2.412492177271202465     2.603382297760144404
  -0.9600120707361193828    -1.257134501532964244
    1.820170964656526946    -1.679272013920529494
  -0.4408031225769918904     0.635834479570930311
   0.5206517959180697597   -0.3706593857888044186
    1.291282790772096511   -0.5976133297614882878
   0.2766579082010957591    0.5130302942695484925
     1.13683138413259166    0.9998541126160765957
   0.6456658820773106822    -1.942812226987713498
   0.3989573360352643427    0.5492326110054132071
   -1.654736493663342856     4.338643624772879903
  -0.7527216171125314936    -2.148026132377025554
   -1.357023989428566724     1.857848297701885754
   -3.841372359870293351    0.1296123769919912128
     1.21887664510000393     -2.53155000421602816
   -2.423211969813302336      2.63668010927499985
  -0.8891335177027402947    -1.219518451394919101
    1.799577235103037243    -1.629493622594297753
  -0.3900360177373777826    0.6277478271641959706
   0.4514696248814860646   -0.4111415732663228906
    1.712282690582128453   -0.4683667289920813159
   0.3505095633408653044    0.4714028774888221474
    1.103034104268078908     0.969459441041398251
   0.7189601573277637492    -1.842466214487834542
   0.4052767831855573766    0.5615755183424298025
   -1.472531307603151207      4.28979500584100748
  -0.7724782074802729603    -2.145022863921482337
   -1.307596188066212139     1.651986723893510201
   -4.059141965445268063    0.3593604098510987943
    1.104124745454047929    -2.548472813486059696
   -2.493457366531324215     2.689444899142782841
  -0.9892326817649002013    -1.224626617053618194
    1.776951397859372728    -1.688301831589136937
  -0.3741920086355106645    0.5621468634582483803
   0.4149400688631493805   -0.4328953854287624914
    1.726281133337948637   -0.4127942633089162761
   0.3391287693925689739    0.4845209409130961653
    1.121445664269481224    0.9381305121222414112
   0.7476056416147728312    -1.704854836404930296
   0.4085601517867584187    0.5567374357503552806
   -1.382217701806546906     4.272310174050788945
  -0.7118105685062425803    -2.136881678812216911
   -1.285021092996229575     1.518907317305193017
   -4.084486561962618723     0.509145204555944364
   -1.082102023997393081     -1.31224790565559668
   -2.521490639977919557     2.685244278931142148
    1.880672097357327432     -2.02694975527885779
   -2.821007851502889352   0.02844178661693443425
   -1.161682167924348086    0.1817032963203460416
  0.08499050190080345568    -1.131714216289038344
    2.644077653866714783   -0.7293455687410311805
   -2.675298583674597275       2.5632088910568398
   0.6090306577148070222   -0.4942670906708026557
    1.289470319768328155     2.594114586288287061
   -0.185486159522023325   0.09032511168590399986
    1.203932192285527059    0.7065778804023459259
    2.775084804263405758    -1.694622523448936491
    1.552454145519236217     1.280237451704396623
    1.570500656626997005     2.231056008876640462
  0.08270740320231671772    -2.753659841689359844
 -0.05510684803061804971     1.166647805840693053
   -2.706058153389677479    -2.266365558478395492
    1.999786448176651632    -2.056416846738835069
   -1.262573398223653109    0.4003713699569436124
   0.1504541920058560245    -1.124309193722306421
    2.663277875608048628    -0.608031610973221559
   -2.648310445600968066     2.495438118764255364
   0.5367371472067846705   -0.4972418895346973899
    1.354045090745059188     2.553661335482886319
  -0.2188777748167430037    0.1705274843957078346
    1.415791652649289301    0.8362509986262036676
    2.807255386025473864    -1.703464219146772596
   0.5499783111515196277       1.4139169591950973
    1.855798257434215115     2.220859495528998195
   0.1592829093317018052    -2.756669406147000956
-0.007580285812661655825     1.161955989608554063
   -2.718510702504489451    -2.269503612890759303
    1.845315048672801828    -2.252895926454889786
   -1.203107452519102782    0.3149865531388567619
   -0.266694621214739247    -1.069488744106621869
    2.671670082764292076   -0.5872677956542800004
   -2.668748898439563089     2.486022530481797777
   0.5128809752891565488   -0.6651758652994222976
    1.371879140438789335     2.417726379696302885
  -0.3622414116235965764    0.2433539906014266785
    1.455665066096128779    0.7425211022388719107
    2.957447367049419462    -1.673832494237257995
   0.5610492871642345225      1.38438877827263207
    1.907451604556662517     2.269271521447759454
   0.1491284640367226133    -2.768798172681645298
  0.02886195990702487835     1.118875608513391073
   -2.766109206752183969    -2.280018680194064284
    1.810055295468675496    -2.286724009601770025
   -1.196850519851587302    0.2580817531943035981
  -0.3869962555884089439    -1.095689060172943652
    2.671291308946860177   -0.6414258206807339491
   -2.666420149884595414     2.501845586652794218
   0.5020365517023284152   -0.6861695758126208355
    1.384888979283185328     2.318202796994922821
  -0.3485157818902206439    0.2347935105714347437
    1.450381910886570758    0.6428264363018770799
    3.086106232207082911    -1.625211538656562205
   0.6158983154667342363     1.366075622869934669
    1.836367030732532379     2.371953871120690671
   -2.806697612516552365    -2.405006966151117531
  0.04102546258738307139     1.128550590681734134
  -0.2042382957490352646    -2.594176233914938567
   -2.733880160088067335    0.2054841434301440672
   -2.676188009427501235    0.6927019317705853663
    3.195587948225864672    0.9206910003723843827
    1.549633506178564213    -2.611379501421148941
   0.4847783096210840914 -0.003427272712105967813
  -0.8836098288708422732    -1.947081723737378534
    2.433193086417733131   -0.7764872631326771302
  -0.9746003073301732211      0.50491161185137301
     1.27627519725352645   -0.2111712616439417045
    2.044616130097445694      0.47795529612464277
   -2.014250613214802144     1.731486085072757364
    2.291693190456423501    0.7214607962027407284
  0.09201238776036152478    -2.769146977097233009
  -0.8807623230022054717   0.07338395964018622208
   -1.838383164782147583    -5.764231314261980543
 -0.04110146094100614739    -2.724945882801772523
   -1.909699549291337561    0.4452483634186261696
    2.919015514547506296    0.8083625343540038477
    1.656085357146821035    -2.532895560889268705
   0.4372290867363809452  -0.04463831093444184384
   -0.759856536837982266    -1.873102733243233953
    2.303028826766650106   -0.9456693184447587663
   -1.501108129448872175     1.241098725018655813
   0.9982156687841965415   -0.5925795083190423806
    2.269528622497539061    0.4346711846263412449
   -2.176255007526314067     1.851616923309920892
     2.47249011942878516    0.9783112549319162854
   0.1024676645167550276    -2.833356562479754093
  -0.8522162928077716693  0.001397239283555672638
   -1.862496005555605239    -5.699611948822631113
 -0.07794366122543834596    -2.732729768912221413
   -1.914545135286725763    0.4763327139612668071
    2.945628981656259082    0.8216384175086731689
    1.576685432268417619    -2.621816421093418281
   0.4534442653945592316   0.03871943316201202634
   -0.653164297943133576    -1.918068520565764379
    2.251644104670684321     -1.05541807640169405
   -1.162487554637698706    0.7303887653066385433
   0.9935265846539954593   -0.5575304465968179413
    2.238534919483118113    0.4351271846901772489
   -2.186452129394208299     1.841313803454197373
    2.428859127254723749    0.8844997304394839333
    0.153180399398043593    -2.871046932577494992
  -0.7660949279503658227  0.007941532344741207214
    -1.83380775767820059    -5.679602560548224766
  -0.1685836979527141899    -2.706477512873086688
   -1.956604501873010493    0.5664428937471518433
    2.977518888178659395    0.8557735123518139808
    1.547457408054116357    -2.646771060842527667
   0.4707104725367450837   0.04765206056146432251
  -0.7252869886412695033    -1.970799810760689441
    2.269360889812046089     -1.08130167799601451
   -1.154908840355447719    0.7025826113739533918
   0.9573613650478400849    -0.583723178446914015
    2.258984193319037104    0.4339104430359676523
   -2.127832348125737738     1.828534928902560086
     2.41999931480936592    0.7719695833120202577
   -1.606422560021840473     -5.54567687013805255
  -0.7362018468921249781  -0.03266200199553510181
    3.820304234104805019    -0.952538625143331652
   -4.528327906014116166      1.16305165067292382
   -1.200738254372737845     1.710523133477406033
    3.365622136124383434     2.544143404317454227
  -0.6692207965051384377    -3.069020569938107901
  -0.9985141643928489019   -0.3199709419078396455
   -2.993459035942405588    -3.818915958195370663
    2.538712131955642715    -1.486677354740157941
   -1.231688998254360845    0.3543936092371160473
   -0.322948479527081278    -1.903232154102523443
    2.439546706781841046    -1.292294830255624527
   -2.303994194864765088     2.777738083149071446
   0.6244420001162257483     -1.19106566577602746
    1.374291431906661476    -4.986174935304743983
   -1.811669579948087083     1.615645344851825538
    2.040914994430372609     1.245596349780190959
    4.120571166217201764    -1.244746540663582701
    -0.94976533123580964     1.703764586009678839
    2.924191960512998012     2.674712810058421208
  -0.6699728955899350025    -3.099595603941714295
  -0.9139701169082944388   -0.3015703983038918734
    -3.00338431449633303    -3.948364289098460933
    2.468582593741906361    -1.519910578826557668
   -1.262421016235574456    0.3027575219522213867
  -0.2113813572965853871    -1.889856122147145268
    2.466778111428108655    -1.225319510974422821
   -2.329596268718594487     2.773210152897982006
   0.6613516918296085123    -1.161112658419733767
    1.330690038247108742    -4.982056912061173293
   -1.907077330925873726     1.657923453347380338
    1.909520224122045917     1.135917617149351466
    4.120110638634241873    -1.215878425269504071
   -0.953600316727952646     1.688642145532288419
     2.95273110004828121     2.666442392690266061
   -0.699458232530961288    -3.099530332500419316
  -0.9304406439164460974   -0.3157687912020463727
   -3.007516104136893631    -3.951128112675287962
    2.527458854234904351    -1.500725917673861876
   -1.291729482357520276    0.3587064156524842895
  -0.2432599161464415183    -1.854231786596050702
    2.474128633967362489    -1.287124958758245397
   -2.356276323063836386     2.840208308603385579
   0.6094282274992418591    -1.204809094705207917
    1.296117904698385725    -4.899488594671391972
   -1.921059805637108431     1.680501050081373515
    1.874015643033800194     1.077368446631111754
    4.082860857534821974    -1.182706987649902564
  -0.9480180146277068509     1.690388319276003859
     2.93583821522471311     2.668742909105834116
   -0.738351269013992062    -3.108491194880263375
  -0.9507548050561756003   -0.3154980824118112093
   -3.064874864186952763    -3.492423699656390657
     2.48769872914880219    -1.548496193906115925
   -1.156759638551515756  -0.03056848816314811784
  -0.3770612065991242323    -1.884173965797333761
    2.477178251843323409    -1.410987746818681332
   -2.343867345385520551     2.859416593546103336
   0.5508307565556537222    -1.292336994688732421
    1.947425056436279167    0.8658764641647203053
   -1.932778808625690736     1.716564514067844716
    2.637493378424391022   -0.6828659856124343897
   -1.956949932405933401     2.032942816250785878
    1.428979027013590475    -3.935105702571269681
    4.999771798412469437   -0.9711440537975145615
   0.9236057795918812818    -2.842892114428463124
     1.99779310921583475    -1.933307337600369769
    2.623830407724472735   -0.4978770395937849869
    1.245736886171610713    -3.567816007794972766
    4.886776495265301001   -0.8866275265796172977
   0.9170427560120426591    -2.865843394286082368
    2.010076078487839091    -1.924402578102300199
    2.619423779612747527   -0.5135868448868494696
    1.270948976194415048    -3.596960184804204985
    4.904940111938685732   -0.8883984810757727946
   0.9087996733454304366    -2.867031252270803243
    2.000526102713565901    -1.943912520806235777
    2.628015762483362217    -0.512364185410097539
    1.378231037795855318    -3.465786038999107976
    5.144198243721940678   -0.9093673524328027558
   0.5603753997416537347    -2.855630050840547884
