0.0772570047021132883 0.1287665407837419174
0.2217045222610387889 0.0468010628568989312
0.1683152165027763936 -0.0981098476688682386
-0.1242261452501580848 -0.07201685982504185679
-0.03064544052271438862 0.07135722013440948253
0.1145783796219657646 -0.07002076222590472576
0.03233244567942321346 -0.2214020291154722708
-0.1633936683896833886 -0.1190274056443654388
-0.09517467651397355788 0.1138537278777032036
0.07240610819755533001 0.03152505954790560394
-0.0759096475742330884 -0.1314160756965910282
-0.2204810149313046475 -0.04654863078349137651
-0.1618978684793595524 0.1104483123825590607
0.1087562306468597695 0.09221150340509529086
0.02967316739526595915 -0.06142140066782802998
-0.1200879809835332518 0.07224427143831428644
-0.03659078016016152624 0.2310100088445094513
0.1047319859282145188 0.171500877200702978
0.1057420882449622568 -0.09710556438247910926
-0.06800079961270440176 -0.04032096170014978775
-0.05948592987477693134 -0.1074309607138595885
0.07964648312482074111 0.09368103278908573861
0.006506227983080549969 -0.1457114617972068149
-0.1624170306306879363 -0.1841081121354742334
-0.2241905771756101118 -0.03691513023383011238
-0.1068771878649206475 0.06292821505587455067
0.09442802223506426007 -0.06449287120298483056
-0.1318108749534002144 -0.02024018423802310604
-0.2046343967198938352 0.1564656707789644774
-0.03637212819813019637 0.2270984315785480046
0.06458554798661884921 0.1102829716155773465
-0.06432918932621960184 -0.0932216526933787315
-0.02214779526481707589 0.1322195053385920582
0.161447673958910104 0.1798043949152862697
0.2247862036270476815 0.03496393434116211452
0.1148208210320318529 -0.06402311730235317466
-0.09108329741191562023 0.05974764542323537236
0.124309283550093852 0.1199331209813982446
0.2025097252347521637 -0.1393685455232369363
0.02249651401861055278 -0.2292921219485744566
-0.2467977582854675445 0.1210901634941313476
0.01576812193613252519 0.1885814938701454169
0.02338821838634841388 -0.008974792581689679596
-0.1177010252814419261 -0.1285548908954523561
-0.1556276191601460024 0.1778983498247584394
0.1229853035465393318 0.250535683198917114
0.1839516388187731055 -0.01910365123997029985
0.03277925631946248392 0.02551996978016685819
-0.1336232266400212698 0.07425955793273189554
0.1807108300487910713 0.1667619846313349585
0.2511651322395634378 -0.1194018856504010517
-0.01754502415126989526 -0.1870385157369916507
0.0244513753234555653 -0.03498647904900120675
0.08458189313707593915 0.1038338310862870761
0.1582306026790548936 -0.1675409629384152221
-0.1198945846799863296 -0.2537647247878577206
-0.1925658495321886376 0.009393867988473147274
-0.02355358186473986357 -0.01209346346156563862
-0.05844532442839329989 -0.06565795914239547226
-0.18997504302600704 -0.1469944423769505848
-0.02362559446634185031 0.1907176786426348913
0.192317172399730979 0.2033406765273078898
0.1900134964797753623 -0.06923043697675952679
0.09073175212624313979 0.004724728189226879045
-0.004911803845825052535 0.01161122904737865898
0.2069208374374578441 0.03498422699723528068
0.2002709725905782723 -0.1927229112376281916
-0.0703824651670816176 -0.1922731381521431415
-0.08993175737056940955 0.09924794331226291511
0.009765413253215825609 0.001735240457624408076
0.02784819038185006729 -0.198279406497167382
-0.1932894792909014003 -0.2014211529550819779
-0.1918576294529625859 0.06432565015260513497
0.07683230232030391349 0.09262085652945301062
0.003016013934194052958 -0.009532916194685728262
-0.1974349451850662407 -0.03434109179574162257
-0.2054475758011206354 0.1852156875750178289
0.05729129299134654713 0.1978958331688446259
0.1189834274192675678 -0.07899535249092189126
-0.06617984557572191562 -0.03972180272862733952
0.01580765475569858095 0.05481151466459069366
0.1681420702776632026 -0.07304489502546628044
0.03763882498616268751 -0.2410631758321238882
-0.151810155319344775 -0.1134357014834629085
-0.05280901061432952126 0.04588037301204359042
0.0901563033190987545 -0.002315554941706235176
-0.07562789137920390703 -0.1532740027968847729
-0.2453847250287813642 -0.03477470005897302652
-0.114009871612934785 0.1389773189959734034
-0.008423298227670947269 0.04070733638364332219
0.007996308157632043417 -0.1093194629707651827
-0.1547631038045692575 0.0732513277546214675
-0.03845411326330203106 0.240916303813944882
0.1306857333075080729 0.1031601721436088831
0.03798991309889060419 0.05281945790155617715
-0.1001792945238734189 -0.01281398819610036349
0.07009777481316718795 0.1510558491783589308
0.2414455633911207211 0.03890415615995773679
0.1040106923176428722 -0.1338882737769016285
0.06011488041801964916 -0.03880362240456489836
-0.01349591979398270282 0.0012523188485943108
-0.01778283785598933769 -0.0104574982311669562
-0.123169495245045113 -0.05529889806070160257
-0.1353043119603844768 0.08732750033305385073
-0.007982179735598782244 0.1034679049401025092
-0.009942110199110086588 0.02859965688752419063
-0.01713372990437473861 0.004439990056828553577
-0.05397755840778180325 0.1281896787463709109
0.0965776522456238129 0.1299457158813622226
0.1050767127076046442 0.005437445135205731979
0.02714780528780406238 0.005239722104176106586
0.007271983704769858885 0.006512907549753757346
0.1216638922327043515 0.05768471481307663185
0.1344779292358326273 -0.09610572274889640776
0.006140030440275830864 -0.1100493341109918116
0.003260714997553677309 -0.02451949388425724366
0.006235439477612614995 -0.007298628780110501951
0.05781935268284451451 -0.1209741117929574034
-0.09488975527031134893 -0.1342613896943171126
-0.1101979133767080343 -0.01337130516295287341
-0.001871233716716352857 0.02137541117291671608
-0.002122255705311702247 0.01495258270596296589
-0.002249736123720098412 0.01830512805893678291
0.01177249942532208535 0.0219501524342418583
0.0213433506946736351 0.01429016400088403173
0.02129224549460174629 0.002075642449431754771
0.01442606970643461189 0.003671298892063006719
0.0210421713465864281 0.0003518052975321300205
0.02270352120204426755 -0.01073330890949799471
0.0144098521608496781 -0.02215190985867045159
0.001127006576719650393 -0.02120204318309295427
0.002451576834768401554 -0.01465298812015151074
-0.001030011888369183502 -0.01827089029764178071
-0.01094195961940998274 -0.02182301579807002095
-0.02202438603391206062 -0.01486367287134139625
-0.02146162237840287118 -0.00130933505108435269
-0.01494856238504608907 -0.001772968221103596352
-0.01795824138969320111 0.001157835781596562932
-0.02175194868280418831 0.01108971778923974888
-0.01501935437012656693 0.0216376712991661023
0.05699317766322788137 -0.02341176097323304645
-0.02372150782013893178 -0.04507397346315462211
-0.038392052251873518 0.02538295394825915152
0.02115418566079771412 0.05037792420331580617
0.05740325733957527682 -0.02480343841856074219
-0.0240332892343635765 -0.05618774857491554142
-0.04432228638219406353 0.02552251858563530512
0.02594560938749074924 0.03801299122770533667
0.04959499676406951829 -0.02273338154019942034
-0.0250510155154581686 -0.05731172854952740203
-0.0562703694451721359 0.02392949215772252614
0.0246612072239196338 0.04463453812486722905
0.03815043673118035522 -0.02536557738829361627
-0.02088398663360187257 -0.05015210446753340379
-0.05793494864780963233 0.02321286563625247351
0.02220663819938006184 0.05725116904971319642
0.04573785172384146197 -0.02317703067069462955
-0.02457160795221065633 -0.03874067191895877449
-0.05054119282077638303 0.01989792369450614495
0.02327441751250487051 0.05755809418647492293
0.02893382527179811509 -0.02952836749670019467
-0.03646441848504645283 -0.03374328335082021207
-0.03983495041632510031 0.02858282081633967131
0.02448407489927619321 0.03938760188816232966
0.02182434912459250975 -0.01613655883750690634
-0.03098622103710127126 -0.02784460995531954156
-0.03291210901179247861 0.03731757112241987362
0.02931731012419435539 0.03939289052027455246
0.03907346444566656141 -0.02486789169027996127
-0.01639791768558895163 -0.02169610154904047863
-0.02777095765410566089 0.03094357409355325342
0.03689866213340717294 0.03337439039092231913
0.03998050331432419224 -0.02860178542937644869
-0.02382635728293334976 -0.03985778219486594415
-0.0221777352122549086 0.01528775227777070048
0.02985208542162470086 0.02855027448664563053
0.03453822259368487246 -0.03581878332989794911
-0.02762328487102206145 -0.04070303442874741162
-0.04038398921741555292 0.02320328024067206882
0.01492079635984122632 0.02251125702353265826
0.07784654364922251324 -0.06287036091625194945
-0.03840981003772243191 -0.0709059844214242202
-0.06581469041974934153 0.04923037741532842321
0.05175450317364327368 0.05794241885428312588
0.05019116126164957503 -0.05226608646873653202
-0.06522382804022699987 -0.07581437653174405433
-0.06958928744902778685 0.04123826757622939959
0.05106224142755003831 0.06463680119558694315
0.05718960305169616676 -0.05254369408723295887
-0.05281643498654953889 -0.04952010300722081704
-0.07579950127379919689 0.06538452085772943068
0.03985958184418942479 0.07023903072778339696
0.06575967503530708025 -0.0494663936604304022
-0.05067036783682408313 -0.05885617937697695812
-0.05177834188213798622 0.0515949942297254105
0.06338447259039807491 0.07843996288020761709
0.07154700058267962626 -0.03670860624682915213
-0.04727521742781735925 -0.06703511940120424062
-0.0599468037297702025 0.04964998496305386699
0.05010227875571668377 0.05289734315241310936
0.03051239155090917574 -0.04298250505590694298
-0.01965997945448108575 -0.008487377856596306849
-0.01253251448579439063 0.01900009335813137787
0.04696942001935564687 0.01910706826043562581
0.02680939179741863992 -0.04717979988339806446
-0.04397044945427005386 -0.02866014671670341282
-0.007969841181743174408 0.01975556700039406144
0.01932427855860525609 0.01209479647765190902
0.0184438338560313532 -0.04737236369772295647
-0.04741233651111739777 -0.02646282922027390697
-0.02887953244011586679 0.04395238162581281
0.01980304377512654215 0.008139905579128040025
0.01253713019309446106 -0.01902956884670062646
-0.04658693590181536143 -0.01986937707616638973
-0.02855522582996685224 0.04732935919527889862
0.03705736061273433302 0.03030834504663250037
0.008884084029851663233 -0.01962451345728907087
-0.01842032398826004211 -0.01305393699987135968
-0.02050561308590995863 0.0460893408730564183
0.04613490616143884476 0.02862441044883256083
0.01963891816016481023 -0.06322440488975600292
-0.06771713968576184572 -0.01426076422352074227
0.001628743478027839305 0.08654274142499840394
0.08880864257792367433 0.01374203745494499522
0.00907136540480246896 -0.07436352993667511013
-0.0640415418253977714 -0.01716362897821532146
-0.01198664326025329629 0.06798993734933968247
0.08605843207687913221 -0.004138411928877323842
0.01221131679827664428 -0.08923887092610202632
-0.07442344978343183592 -0.008885710076912215968
-0.01766448359987972394 0.06389347129940584069
0.068036919610453786 0.01283509962057430634
-0.001624731651159260762 -0.08675654185845227406
-0.08859271422688826114 -0.01519413813382419244
-0.01210987634322188526 0.07357632564733450342
0.06398164601336157886 0.02067800233508892971
0.01626873958731951675 -0.06881609679282786607
-0.08661768016612207688 0.003174799284465276705
-0.0175907165030524705 0.08853485230259136585
0.07362624041761996196 0.01249519979227237468
-0.005172082460690373591 -0.05577721049412127236
-0.05275369990707805962 -0.0005838116655001620832
-0.007215541350169557208 0.04728001896122525222
0.04730268089475336835 -0.004031362745850580222
-0.001650045161054149992 -0.02824446263852260774
-0.05575814883951760864 0.007913899399255255873
0.0008115686906920833131 0.05289264018141618534
0.04739953938664514393 0.00607019148662973386
-0.005077480592731499834 -0.04715313253194240023
-0.02817008873752126913 0.001756886728251011182
0.007389161882899189515 0.05579262883097000497
0.05285931484149810483 -0.0003349789578464371391
0.007297159523012695763 -0.04733197015233314708
-0.04750219797849159625 0.003308340527680054492
0.0008549835588012456421 0.02820943746722950549
0.05565950230995463099 -0.005542870442646287768
0.0002301776360488082425 -0.05249245483309676608
-0.04721699031275859715 -0.008114727344743274257
0.001977548767692877997 0.04781264577012287603
0.02829407550797499379 -0.0007393460743528966614
-0.009911672927735594787 -0.05060109021103456617
-0.04490914972856535625 0.005033707252957896061
0.01132987665825820056 0.05415716394978387083
0.06032676697725235238 -0.01322838947778729075
-0.0149500880756204841 -0.05835475144733781594
-0.04932036101903709835 0.01289751431773604462
0.006354538953798311018 0.04453567747049687331
0.05399182169012865795 -0.01268675310986931704
-0.01415828214397835128 -0.05995642384741040054
-0.05819042619180851694 0.01508573296197690539
0.01333465429603069262 0.04933578419773512053
0.04441172790342343829 -0.005708828675359835757
-0.01120803437168657775 -0.05389584756717960556
-0.0602333685737440408 0.01242360560969802026
0.01324976187004047942 0.05875472685175484044
0.04998248399638635653 -0.01208117526043186313
-0.004479773057721758191 -0.04448176719596173834
-0.05393293159796919145 0.00958141211542691898
0.01138832239366908798 0.06052913437702150262
0.05873356404503173728 -0.01297231196022854624
0.00454460576033836796 -0.02259648943388426964
-0.002945677772655932568 -0.01574017528245568592
1.310630188391538548e-05 -0.01550798695664563388
-0.008865846185586301678 -0.02218465644363092418
-0.01998804875477866103 -0.01721542189060943848
-0.02224619801419901871 -0.004126722840643665992
-0.01572820906495150245 0.003110671729810522094
-0.01561262472078490081 9.337640354612954531e-05
-0.02214266246846886832 0.008933337053959485713
-0.01719565792185849887 0.01983304286743904285
-0.004987458115649617656 0.022305178436383747
0.005331903357229210438 0.01502866336073421273
0.002473896262057719876 0.01701484235067472761
0.009724932561804636166 0.02221714129015532613
0.01988845845779937949 0.01714100870013075123
0.02230385276479234652 0.004963080102944236391
0.01519429905485460662 -0.005552075546589619118
0.01675394164586844342 -0.002778526815662434642
0.02209209066504846247 -0.009990580643954152795
0.0170820914604006939 -0.01998839968709956172
-0.1552247089069121733 -0.03674065638780316806
-0.09069051465712052451 0.07846982360438559123
-0.00514175803539519867 0.007893549534071425677
-0.03890066978715917695 0.01566795343194049214
-0.1145972377047721619 0.05727812042900304323
-0.02929102371767549479 0.1577196081887438928
0.07911581706265072289 0.08760860964302341625
0.007421652297152858679 0.005623801314247573596
0.01582145374224542753 0.03894258451812969424
0.05805667394494611749 0.1145637384681487125
0.1577441361527812946 0.0293999042396032445
0.08557272130016423117 -0.08150187033230250899
0.01621222469498920238 -0.01103617359366385574
0.01385851767364255221 0.03523067905480207346
0.1149909660044490661 -0.07040454004454929637
0.03268237415512639105 -0.1571898404629104018
-0.07922797705496895104 -0.08832143626537983239
-0.01090502299866782585 -0.01685120197736618419
0.03776577869396349069 -0.01078886107371799553
-0.06909551617136609758 -0.113604674529575525
-0.0898961644057999637 0.181273968105826272
0.1254173177986486754 0.2019971559668410077
0.1252561043941296248 0.009686845986064757108
-0.04424605212013896227 -0.05233938240222668625
-0.01032730190710889374 0.09159454652918663786
0.1981430659710695097 0.09170434102552203759
0.1872707640003475893 -0.1368527470187818063
0.00388610870086882965 -0.1344927679432575129
-0.05477081505005545331 0.05021121518896765057
0.09064053704625819885 0.009046228487064803328
0.09158747535857447719 -0.1970453778935011002
-0.134797251527174311 -0.1911853202366328441
-0.1344696032643298289 -0.006318827628394252383
0.05777597786593753615 0.06143360481783485816
-0.05933747262208526052 -0.05547015925431801608
-0.1852845261016776157 -0.08504108359610175472
-0.1874402823829546261 0.1350845987460901065
0.005433954862648335098 0.1429710895308850815
0.05909425432696704256 -0.052826790564483396
-0.05604953206632014989 0.05973869819466073872
0.001414998516394816658 0.1452383336618693066
0.2343719419961230732 -0.03634864234248973147
0.06749051731117758357 -0.2504879464448457882
-0.1185635130028773188 -0.1167901240203694929
-0.007983155633905805043 0.03822707245975444368
0.02705110415014170058 -0.1232152237271585682
-0.06609092904737418062 -0.2414538288769600416
-0.2613493122610581199 -0.08560064836943181987
-0.1087162712284045485 0.08021951672528467026
0.03074993790247999154 -0.000881731007783600443
-0.1220043444211818817 -0.02823012386018156766
-0.2428876231670417107 0.06091421475735420837
-0.08030016446275183017 0.2625850764599523823
0.09457315788428338754 0.1213315976252366257
0.003688748075175482533 -0.02762336140845501539
-0.134826396468773535 0.01128527599242134562
0.03689264534047232563 0.2317023557695116753
0.2575058469386805604 0.09318975208592016057
0.1300402778191595277 -0.05019201484793249513
-0.04122766519785443784 -0.009286009280848104772
0.006736122506779186093 0.05926063679805321921
-0.05139273243607875991 -0.07407424546005492161
-0.111693285071688353 -0.2067748847344910434
-0.2809997860169418105 0.02091941844245556736
-0.08884431494891853465 0.1366493165293787004
0.1148118394843074541 0.002865154806521961594
-0.06773364133488421479 -0.1451502838259906558
-0.2108260467388328729 0.1144317180036907716
0.03869593879371437811 0.2663165337526596232
0.1807237696143177974 0.05745494930389764832
0.0009767047126564242215 -0.1297828030960938572
-0.1397182094112816297 0.06253656628269842199
0.1123400635487025456 0.2053327100586357923
0.2768441167449657292 -0.02376427451159258963
0.06017145589845221409 -0.1732993167625191955
-0.1174146578077913533 0.02904769428147705931
0.07002163444579947993 -0.04673024784905840251
0.2100015382284119436 -0.09564034259976005037
-0.03474720469082669821 -0.2703446106610691846
-0.1946573371828005661 -0.0692625820581471846
-0.0661856592220685519 0.2213807520217826175
0.160366338092238464 0.02156061800533549955
-0.01006075095484722411 -0.03453555985165319281
-0.04180711205654538687 0.1655935355858064451
0.1245328970496117349 0.2187588817210874281
0.2306280083452829921 0.0379080680071199258
0.1136112973770220247 -0.02375793454587976292
-0.01012973750505198785 0.004145664294190604462
0.1661011368989734616 0.04989197068780797106
0.2379026773652984095 -0.1139675915713481563
0.0667951265775655334 -0.2168906045579953867
-0.04058719303547288215 -0.08678877498065307172
0.004204279245130604185 0.02316103524685051221
0.04277374330475627179 -0.1628397367097064175
-0.1262524586550727856 -0.222612649897215048
-0.2388457889429486114 -0.05062832522285980186
-0.06058544690080102518 0.07475911676660236538
0.03979879465980958042 -0.008363020410885700986
-0.1576854921762150807 -0.04741272070321676801
-0.2379065012058788064 0.09138398897586472169
