    9.023905400169159208    -9.154904474405025638    -6.169572091856510454
   -3.445485839219687652    -10.12489634731326582    -4.318090377092063115
    2.022938537537959824    -11.58563477552696952    -8.865955204036698234
   -3.698047867856200099    -10.05490748395099132     2.624534437359864469
   -2.936059514636005119    -10.91435947273847518     10.10269119069677934
   -6.198525653826372661    -9.364615878271154159    -10.67907781562110436
  -0.9970515841548430735    -10.25246066209078144     4.618665342721209655
    3.707126921205655901    -8.054442569986740352     7.799922687034951174
     5.69276803797918074     -8.58935360645704904     4.548961654144850542
    6.739608433119632203    -10.28779609438525888     2.712889844797116812
   -10.95771927067670326    -8.716400859618223862     6.228732160457856715
    4.007618323507011304    -9.749269524103217677     3.017671085977241763
    6.507792049155556313    -8.735622775547607688    -3.431339439820704662
    4.436919629008453825    -9.125802814424655907    -4.213781405562120774
    2.613454907717606357    -10.04848697863424256    -5.769704899753539173
    5.828930481529599028    -8.806426656573899336     9.660493847589394889
    1.509235647039439909      -11.206287628681741    -5.062086777270484284
  -0.2513077387498495741    -10.22101549561471323    -4.629781772543577922
   -4.402431150551174177    -9.600192856322347978    -4.928911598476972244
   -7.297501279527659257    -10.43586266571593058    -2.813035048543333527
   -6.180783029519178129    -6.902239104724539942   -0.5149130778369104267
  -0.3518448808028371011    -11.05767089806602677     -1.88593749302558944
   -4.975658695943661947    -9.524735164029518586     2.688843708314141878
   -6.739199016564919376    -9.783653458786998769     2.113315270848627581
   -5.199589319682067057    -12.02132477096827756     1.725067836243828312
   -1.207500910752272949    -7.712706503859892315     5.207848452892618774
   -4.841635598282127972    -12.52649282307620027    -3.827649398760275989
   -5.401599240976728389    -11.88345104926468743    -2.740161414353164737
    6.276181176156196528    -8.357513787848768416     6.927275872658632316
    2.418702200244868816     -10.9034621425208762      5.09588618551066741
    6.903594671688139783    -6.708508747759399427     0.459417731104066529
   -1.540016823921395384    -11.47454375634776547     3.417639203307274443
   -1.501902559065756648    -10.88645519586133581     4.812121869250589157
    6.592144882798642413    -8.901068037193603288    -3.335436896543501284
    4.924577994005798764    -10.04106457369248062    -4.467603030532968589
   0.7774293215806078461    -7.000275280790539512    -7.072613556257967282
    6.520927256665298266    -13.17288500970403398     5.916922367581624265
    3.130838387551064361    -9.577703779083062585    -1.151570659416362163
    3.014296788479457589    -10.09680658316138846    -4.019321695946793227
   -1.953292115875278068    -10.92056564000981744    -4.793302946763101424
   -8.492665246920497069    -5.347912620705828957    -2.770066648687388167
   -8.932416505427443809    -5.954968291637620759     1.545516548003113444
   -1.962377620903099196    -11.45147266452152834     1.103429812737094284
   -1.999692478043251676    -11.07825121703838889    0.7439860213127583721
   -3.859543438152933881    -9.685845339864178172     1.234052656731324804
   -3.059115877216180834    -6.081687185211623436     7.528553937809213892
     3.13164635666615121    -3.654512467816718679     10.81323444636531406
    4.609406297222078841    -7.255357468572306345     3.719752798630879376
   -1.439684796572203718    -13.26225929259678971    0.7080051461670140434
    3.764423632787622598    -7.505238633814169447      3.59689192450622075
    8.722787364439289703    -5.230647524307036278     2.475742756201665173
    10.56010809280324736    -3.839022006153763655    -2.933362899052263106
     4.78022142120038307    -5.711801224829848422    -5.834567257705657539
    1.232735997067177847    -12.19120973215533432    0.7399891574410879524
    3.604916690706901239    -8.815337672110546308    -2.068638302131791118
    2.829638458521967603     -5.86155492226353303    -8.096082291505149797
   -3.403081257842769158    -2.994704322691303489    -11.18448940258429225
   -5.774964551337451901    -5.441120961271255219    -5.244996351350811103
   -4.222927686608027642    -7.127875351036220941    -2.322736733641040718
   -3.171009046834694978    -8.623410516824112193    -4.263090247114497799
   -8.919322159039252185    -3.465395913197303113    0.1698554227738857114
   -5.206279700144230027    -11.29662690328253838    -1.363726545044459559
   -6.693793440722551225    -5.720027370472699602      4.24143762441207528
   -3.177657417149946539    -3.136011549887934624     8.996120323598328028
   0.4567686192618346519    -4.323340918973596736     7.274827202735822063
  0.03243606717913338766    -3.866222269276327062     8.524834033388076548
   -1.523778279040957973    -11.60801895235819181     4.796341729802587217
    4.225557576026754525    -5.399319315101817729      6.08789906150614879
    13.59791073768346692     1.222218218913151189     3.956973275183778505
    18.23995580473756561     5.447019041037555631    0.2855639559475975919
    7.934220688575540414    -6.009970774316053088    0.6645990968090670359
    4.691146651517484223    -11.85690560491266332     1.732353519216214055
    6.310031856572870801    -5.208954528565257647    -4.301948890303918915
    4.172874228078926606     1.316677371400362784    -13.35886754741040505
   0.2383469257625514537     5.274698381047246976    -17.45993362394117199
   0.6276817308735114231    -6.289853828318157092    -7.509144606237192043
    1.598781939740418379    -11.60690367697920244    -4.868576183084248221
   -4.570619864077637651    -4.855202478048029846    -6.874112832511503512
    -13.0650944995581888     1.836332572749381775    -4.630045106027764312
   -11.79441903133433733   -0.7863681371644384299   0.07867944125534287458
   -11.02284103959240014     5.525464831188196868     5.419224735686302807
    -10.3082048954094585     8.530106460228426002     6.106522248950853715
   -6.924420687158993282    -3.956827652793931005     5.291393321117590531
   -3.687957460706694057    -4.964535344576791687     7.514458056816211595
    1.443259705258746806     6.017734094676265855     11.77865248406210341
    5.414279670998475069     5.802052066418394993     10.98018001884657124
    6.623516548605360654     10.82493592368202506     10.84305753505018721
    5.612797316747148102    -3.115090365542436235     7.416452651437105636
    6.424271214876755565    -11.96776892000843162     3.828900259260082262
    6.466737673998895986    -19.96437244156094692     -1.17385698176649611
    10.71071063987010419     3.211912285705851744    -5.614949103931333951
    10.86735317480046881     11.33325982858324821    -6.711268613394671512
    7.433822969445142093    -2.934642198368714539    -5.659483381804813362
    3.637224583277700596    -12.47535504589532707    -6.011819504502310174
   -1.413127884172465043    -17.79652094780847804    -6.695570895542380718
   -5.693498619907917835     4.513491289363093628    -10.91602076205765215
    -6.72669943506012924     11.17274400567052339    -10.82264381786774265
   -5.692459809001237048    -3.073659000775971428    -7.489931474849042203
   -5.372854453769282834    -14.06543592270895005    -3.363369797144346585
   -7.919007605802468319    -10.25232463459322219     1.884049461464363695
   -9.703517505121391551    0.7057926859076143478     5.945635580972286505
   -7.922031666744696388     10.37222631216818236     8.346009365281929604
   -5.728282670380510311     20.84264513588159673     8.252453329475116561
    -3.44754888776536772     9.373103230417937581     9.284320905163149007
    1.179309033443469046    -1.984712225882057757     10.11770225203118478
    5.890317268983702448    -0.569907360909117422     9.737159232739806214
    8.409374434676740506     9.556207782434672282      8.17437852899394457
    8.290989155045441095     19.72508638134912573      5.88691945719316756
    9.333639060023532608     9.101689812970588989     3.511923831271313468
    9.445884436253823679     3.375995931131340111    -1.122814251188440027
    9.740259371463450222    -0.737766746630921566    -5.876816074863079997
    8.079066981512092127     8.062980602449353995    -8.614973133570677177
    5.839422441687853294     20.72935916605705131    -8.340515232390488976
    3.495987593774690705     9.950194430444495808    -9.277419525742324424
     -1.0743057527499702     4.291794041214648914      -9.3234667548389627
   -5.857193746347729046   -0.3021152244325593372    -9.712409143551699486
    -8.63674772751060793     8.121117945635047519    -8.074392679980553211
    -8.40670620064453189     20.70295687825173658    -5.841836063991240557
   -9.194052230425727501     10.07757312380950232    -3.442155497391086616
   -9.195391266024845578     5.246559429924509743     1.114058769338437616
   -8.311789348201822136     8.625659435982219847     4.328476684724893886
    -8.32465698399523113     5.747464079054623198     7.876183821181321321
   -5.597992867824626018     7.359552476883082228     9.429996421403176399
   -1.860507419276086649     10.93699687683178645     8.365477351287736951
    1.121655002035564674     11.84623126237992885     7.367751805400615694
    4.224440474788511146     8.912884528501049175     8.115523967916052683
    7.696522602994171791     6.282383050223846688     8.202353614348487199
    9.243399495398708865     7.835246607432424959     5.520869045285773602
    8.359069341834496569     10.91818766586197142     1.884800354512459641
    7.350887117463729581     11.81119372821109792    -1.124794369020128082
    8.298508920368536934     8.510800823429200079    -4.320450195816784245
    8.084535652419225116     6.217906865898267021    -7.691372426359198933
    5.706460847919788471     6.830423954556975374    -9.661196583389639159
    1.859336324182705003     10.84209761426896712     -8.39149889063061849
   -1.138372301714323243     11.84033738200252728    -7.344657675064333091
    -4.33305412826949965      8.52000498567267428    -8.314727225114008746
   -7.695945678417547064     6.239310545510946326    -8.077006816711152837
   -9.743831140962452508     6.640351315899241769    -5.754418848366293027
   -8.414660376520743057     10.76009549612875382    -1.850664936237251812
   -7.306046389749342396     11.89508616825382603     1.152432423166554143
   -8.944866121868329856     7.333658844587886527     3.515763703100278192
   -7.800499579390952398     7.492814066551256147     6.403974770221698698
    -5.46548889902895052     8.008123191777183791     8.385249234315766742
   -2.497167090998490213     8.353770303795426955     9.213660602606466909
   0.5069901548877782105     7.632476594771400613     9.309936426019696398
    3.518799668105544232     7.325779128979047705      8.92278525058840799
    6.352049972683668777     7.540579311690249753     7.752784393830787657
    8.350227243804562605     8.024269362515379811     5.447502355960156528
    9.194596735472506666     8.376251511884902357     2.497227187887704147
    9.248693709655297468     7.673514126223010656   -0.5048286728084132591
    8.896715957819711917     7.335918392084898265    -3.518256183869985954
    7.763759679584972595     7.480181746434467982    -6.380981428817169565
    5.452515410785150785     8.019051622923582201    -8.373496692873141356
    2.502309308627781004     8.362841750792151529    -9.231395593837047997
  -0.5069802272786291253     7.693184870434505385    -9.273140838895759686
   -3.519678082672863528     7.356085321079276262    -8.913750122774274587
   -6.386557662512317712     7.499246959870951024    -7.777485062978083619
   -8.380205346795353449     8.037614596610682227     -5.46385659022505088
   -9.228276350398223471     8.362102088107622677    -2.500195674602522455
   -9.305589460289390047     7.647002515176887449    0.5109352384068037711
   -6.200256332294838302     10.61399963057976237     2.095359372685014154
   -5.260032294032711775      10.5772111681286205     4.056260440551129776
   -3.749095771334156613     10.62347562640215948     5.465878733242861998
   -2.025091325533363129     10.40375604465513604     6.620030842743648947
   0.1646348927678508156     9.992020621540937952     7.430826065125822666
    2.137537600879526156     10.59698128400616213     6.170078616906526925
    4.053554010150357989     10.55713321787957781     5.251341449700757558
    5.445942983348707855     10.61947936948383919     3.734934324429902031
     6.60365948854404472     10.40509636735288979     2.019760746799558859
    7.427535720566314836     9.979024165482348607     -0.16693999100521284
    6.175595293131515895     10.58640605509298283    -2.142303986919354752
    5.253732517321939355     10.55152175161415329    -4.061622609356370539
    3.740286027237543554     10.62153516692062283    -5.459677568694827343
    2.006870897291096245     10.44889972644530829    -6.577889558438932305
  -0.1648116222249281781     10.01235475884318227    -7.438656483557537058
   -2.146944414176855886     10.59392476786212001    -6.226397027475058188
   -4.053235426784559614     10.60133748974816292    -5.265206390619686871
    -5.45911871145564831     10.67129397806331959    -3.751777411443997678
   -6.601096944985948234     10.45036508092391614     -2.02318160683087811
    -7.43280298243901516     10.02396813974630341    0.1610028502868277589
    -3.43856908671063044      12.2984694469675464     1.472387672912860213
   -2.655350207859419776     12.21178769353464943     2.518096632077627017
    -2.18849372970274425     11.76814860039341148     3.673245748871852179
  -0.9303307162820240173     11.85021338199037011     3.835251480625460285
   0.3477073415985190707     11.99824181073788409     3.242789712780618228
    1.499437757047413111     12.28762981444268476     3.429722174900804887
    2.535627921706377297     12.18372829236053612     2.675882160297892387
    3.675062459061932074     11.74970855567023698     2.191447487790108006
    3.825142626828696546     11.84390893537639755    0.9269013679246990156
    3.237045154165874905     11.98958784722958804   -0.3495118719783855132
    3.426885397641109776     12.28092518360425167    -1.500595824944300549
    2.667180155482997694     12.19588237192957259    -2.532892195644810496
    2.186581241750358728     11.76824882488405599      -3.6747301512202033
   0.9241407979625291258     11.86207577262860902    -3.823324727440156057
  -0.3520136339139286474     12.01551045401548379    -3.224486130820235719
   -1.504585515960831232     12.28196211664376492    -3.478763198959680114
   -2.524104990322003861     12.26496529475334185    -2.692120464508544586
   -3.648730438396575515      11.8702744801880069    -2.186919968806792181
   -3.834802068287920473     11.91515182762606173   -0.9372693575582459191
   -3.218337323099271341     12.03076949207329527    0.3473305443774262202
    1.481169716137614945     12.37056086431272028     1.855375391875137892
    2.593662317530566419     12.40654959967563009    0.9040906247100608528
   0.6264669298070690839     12.43186969466204594     3.019656905788728363
    1.931593034775040296     12.26291222985427076     1.057178574260694726
    2.156359213951090759     12.14660503708992501  -0.02594578615931988561
    1.839885588459810428     12.35920206672258459    -1.517879546496290644
   0.9209183137858676371     12.41082086992319233    -2.527807359210666682
    3.014061014116993675     12.41805284396161646   -0.6286457295663114841
    1.050846150816330038     12.24763725561221328     -1.95756915687862465
 -0.02218312570116150184     12.14073781441454791    -2.132418091666074655
    -1.50915591565233087     12.35849965018422836    -1.816347619883094788
   -2.613342242832056073     12.41022017509127551   -0.8951228742946829575
   -0.599137753798447803      12.4433764695454947    -3.015005773811427758
   -1.921190706737055498     12.27908809663124323    -1.074089230380705695
   -2.117355840318832616     12.18436096138000657 -0.001927321549671439076
   -1.882027158445398252     12.36963412703161858      1.08871816567457369
  -0.6257646318270043695     12.52155703663175501     3.036089317967659795
   -3.018732766698593473     12.54393579918953172    0.5761084113716218313
   -1.009036107302319074     12.39281194186100876     1.919483936811393399
  0.02625653690478461574     12.19440184455081422     2.162936819329164706
    4.044430873873407606     11.68969277850785637   -0.9909991387229876159
    3.118226309326785461     12.10150413662516478    -1.767904334694399893
    2.414045972486073222     12.21427881442575547    -2.706045358339246754
    1.314258797163675663     12.20263204966625459    -2.996646824257171549
   0.2796484678956639991     12.03718149043944585    -3.261985330297491714
   -1.005903759116100415     11.65738366106951673    -4.128568555233134596
   -1.776152710597071582     12.09866670102645791    -3.123765094554189048
   -2.705645170788841813     12.20969013210362419     -2.41144330086654346
   -2.996364459186309226     12.18991566748381672    -1.315594541909392623
   -3.253127466997480344     12.02615672019828352   -0.2818258482344888627
   -4.129188484844160456     11.64727217893245026     1.005723358388970201
    -3.12892107601988112     12.09579437041383265     1.780596081473155401
   -2.414419749129669945     12.22493603593411038     2.710667125581356363
   -1.308036083107648295     12.22663027355880949      3.00303908259318586
  -0.2676831483381634791      12.0673204725577996     3.246702787169253313
    1.011059628094503449      11.6791682432336632     4.070106047298846619
    2.115772430272246041     11.87167138576635317     3.597854539219980108
    2.729118455556034828     12.37028042809922646     2.505996589238068673
    3.449847087664668521     12.29220420540993963     1.488497862083316026
    3.098601402926688397     12.13816481323282837    0.3217666261161032382
    6.571520252207005086     10.58395608930737808    -2.302431806492417188
    6.177951798940496175     10.35690618404541041    -4.551900834096103132
    3.856265612357011374     10.87901283180250012    -5.241467813409061094
    2.057964073944253514     10.54632811855961627    -6.354461810728144755
 -0.06768807692901991635     10.72308462113720395    -6.760054510628944691
   -2.262735486168981236     10.55794813151625888    -6.592472595985453765
   -4.554870750872624718     10.35090864362700458    -6.178721238016462891
   -5.248574143694772154     10.87120889981784266    -3.861084628462597479
   -6.374038096819745647     10.52355252188797508     -2.06683016287568444
    -6.74274694840176636     10.71703459929060642   0.06557267810034536626
   -6.571200028265305804      10.5519858498339687     2.257866299866793547
   -6.153984261779411824     10.36221033450629392     4.544150995145089134
   -3.850679156690838045     10.89071944038201956     5.244698961495120493
   -2.046718037987480532     10.58990311237573856     6.345080427986776961
  0.07426346237331303557      10.7291259199646376     6.773759484222908078
    2.263610433651792153     10.54370769291619858     6.574352088637137825
     4.60925317982540772     10.25263089465536304     6.261894714442963306
    5.272694088695716097     10.91266273891923611     3.928692280850905494
    6.383367361442878973     10.78522044580471473     2.086762628609554859
    6.577041247487019682     11.04772809318737004  -0.03621737871202878462
     9.50227680459771662     8.019379704539321807    -2.712990814789260074
    8.587664760149483101     7.822172489241986604    -5.690411017009417982
    6.109436740238313845     8.327338404568070729    -7.457105754504201656
    3.442361768298803248     7.269995563772224223    -9.003541556114441846
   0.3980932932001234326     7.856419238994627463    -9.298761370995103803
   -2.725466952136225807     7.869316672155399317    -9.591086957622797726
   -5.686526497833769511     7.797037692475274007    -8.582907140237333365
    -7.46762944820693253     8.304874338322957072    -6.117787683935113741
   -8.997621297591466671     7.269475504169616187    -3.443565864919084785
   -9.253955693223662848     7.890197019544837431   -0.3980903047356136315
   -9.533140677566573018     7.897797814174296605     2.715312814968833699
   -8.545545168127757663     7.811837272584711833     5.675758633787728158
    -6.05643943046372879     8.374339473737178352      7.42057025185618091
   -3.398867212904360446     7.423638419857942594     8.948427513364752173
  -0.3805270991815611903     7.963984700248417425     9.252599195019127976
    2.699703925674223903     7.971295044137018948     9.448789945793478751
    5.683140516101546247      7.84670832173757038     8.527659909523984894
     7.44402572524336037     8.446479982034553302     6.072114178474371293
    8.913916324743922814     7.754795193935770214     3.390196351101953276
    9.285278503400190786     8.127520169201908118    0.3972749753880867596
    9.227647369107076614     9.642306084823042411    -2.191768384435560435
    10.37474788261591918     5.357423852990740976    -6.087546239368394119
    7.739215957211357022     6.044539163939991688    -7.957889874320922097
    3.848882798651869663       10.743181805248609    -7.109294535192076658
    0.974224598360186933     12.39885197760223257    -7.097339635677084146
   -2.205489755043914091     9.549915870952279562     -9.26041666848694156
   -5.956393205077490371     5.809018638593646422    -10.15985580424094614
   -7.981921098979091411     6.067343855523889218    -7.730994668193922337
   -7.110777412169443146      10.7763979250125761     -3.83964404850535157
   -7.063299495721759413      12.4695215168088378   -0.9643216204054664287
   -9.189671100574278384     9.634847166336328428     2.208635262520358911
   -9.737403301294024871     6.764772817988139231      5.78212844879670218
      -7.526351709256347     6.709308448695191274     7.876935794841275928
   -3.910467240320998794     10.28815805116118831     7.598177001150096643
  -0.9275842943873046087     12.66853792179149529     7.019683702102844869
    2.134825834943339551     10.22037933582977054     8.859873560111894975
    5.720281420437880904     7.270745962577851884     9.519485209024663774
    7.992818123676993736     6.736080780434519966     7.546611974205991835
    7.720805886109455507     10.35629409155241198     3.936839499711771495
    7.115236444562690998     12.66615125381906992    0.9496986342181314988
    9.359950191252890406       12.081910327156276    -3.737152293303201311
    8.851885467864388346      21.9393315159517357    -5.649960100989105172
    8.674383059916044303     10.07651626937099465    -7.574620766294759555
    5.713143423342703642   -0.7303570617560745104     -9.14602336094311319
   0.5615419252657793958    0.2239453761346867633    -9.543257863229916538
    -3.67872645657352626     13.02920532459288161    -9.416668223334674792
   -5.598246359120873983     21.28381535312378148    -8.804804587213887146
   -7.710524428849643286     8.682828341893447543    -8.713233488743753696
   -9.141439535828652652   -0.5652910532515720288    -5.704744973967390997
   -9.557188401861939298   0.08229408832371527815   -0.5491009461424897209
   -9.391418219792704747     12.92805543793132905     3.699212673497222159
   -8.707135572545158908      21.2011105480824078     5.619466881122357371
   -8.618520760365115052     5.823940069715604295     7.888258455038469563
   -5.494509706089038659     1.369013219677204019     9.528197665985411291
  -0.4926559676301776602     5.093794496830922114     9.339346438041737031
    3.677401867419369808     11.55306166388388789      9.27350067683027568
    5.663424840617876654     20.71690726618578893     8.604981420115727531
    8.033926051152082692     5.909957859428142335     8.545436420899806151
    9.639886493662071842     2.022085501576246447     5.529348338293917031
    9.315102646597212654     5.697751855247271457     0.529179432927672555
    6.673943083912464935    -9.069607039762844991    -4.487137210621424011
    6.121471545629766808    -1.017253619458833747    -7.470029833741561376
    6.761292669765026631     9.120992025798550173    -9.770999541568075486
    5.309190692915979781      2.07713034277661901    -9.902191699783831069
   0.6585274897908256486   -0.9513303700111183092     -9.77882537083996084
   -4.527935581607732907    -3.930875661384095832    -7.382346918894040932
   -7.221991371493728273    -1.015803670404540338    -6.037596178204844399
   -9.721887144373255296     8.584751960354651601     -6.84105673309908191
   -9.752634901432765346     1.869619327013859911    -5.368585102467670289
   -9.875997973441334565   -0.6791970652244240236   -0.6663267154596376196
   -7.357405776042195811    -4.119093919499624334     4.483460636708033853
   -5.871679873857308607    -1.743953949011196158     7.163256874640734573
   -6.764797364783806444     8.821530514993346728     9.774840764363208478
    -5.63369193051413486     1.223936372123354488     10.22780589305599541
  -0.7439825925617867819     -18.7136209041045305     6.127929716419995287
    4.397232769159273857    -9.452809100256498454     6.502636364271184632
    7.426220866218829819    -1.188246041838365352     6.032172473613127472
    10.11566397208936685      9.67692387123469544     6.879588752388476891
    10.41940246759666877     3.121163241545878542     5.660170971530590123
    6.306578935082207238    -17.62790055939770184    0.8324172941757935762
    11.66434753443383521    0.9695011022130954892    -4.504734026367544608
    3.552966193602177025    -5.651663843281276023    -6.610794962330854396
  -0.7336543240898115714    -9.776844533739202703    -5.310613352278454435
    1.138481970908034047    -3.343411220416225405    -8.487280875331357777
   0.7204041112997052743    -5.739485356692889617    -7.477918587727148569
    -2.62207874275115449    -13.25406900830424206    -3.568628019453009337
   -5.824472492919173128     -11.7067396633181815    -1.150153122177681508
   -6.595232202391730247    -8.409067305441430662    0.1571083779197972874
   -9.716156007667484218    -1.038126772137993648    -1.763025661421247614
   -7.306987378861739657    -6.125865763054846092   -0.7124981155714823489
   -4.358366886280814256    -12.03237648328117615     2.840785581740643995
   -1.154101538259459714     -11.6583455839463408      5.85928089787150963
   0.6864493094895790515    -9.512099683130987415     6.010362366615208174
  -0.6814537624243830471    -4.012868798973058482     8.776756097455693961
  -0.3242422786820723934     3.798662847561231182     16.89123664129153823
    4.062486142818200641     -2.04916129062077923     10.25976085207725497
     7.01819355483691254     -4.68382883171219877     4.248164397397993675
    5.561987543673202694    -9.998674990654581762   -0.9001685728778731077
    8.825455628670374253    -3.135575304077516723     1.003326296434310372
    17.42370502265782761     5.695893222277899959   0.04370286431490448542
   -1.053629956886276586    -11.80811944109032297     -0.99156197870492091
     5.12853135131623894    -6.009261949962517946    -6.004987841985456321
    3.104687849988102322    -2.214750577580089974    -11.94734811980181455
   -3.950893399060466216     -8.96876982137807488    -5.013140040205861681
   -2.731144802938650251    -9.708389357462841929     -2.46879704527947208
   -4.139489982757903697    -6.469949607913971334    -8.889215071357629228
   -9.283950912594603366    -2.162650395598566533    -9.527859773068499294
   -9.793421987458456712    -3.843110826780940847    -1.610379565240107169
   -3.830099335933743188    -9.545335238380227239     3.913437217321608319
   -1.868646771226741166    -10.01799468142296234     3.103647282710873423
   -5.976195700958963464    -9.055006397039434773     2.933945752381760919
   -8.810683162963945492    -3.132921455939564837     8.886144745147820601
   -2.346308141554786175    -3.196648588653145051     10.49924475584980321
    3.479700894461172478    -8.175976093043065163     5.752601936009629213
    2.607945159884681452    -8.049935358890186521     3.483628834632733984
   0.5077783197053534758    -14.00689806855666397     -1.37449901478998382
    7.157984017378966612    -2.990842118219550816     7.614135832283444039
     10.4534056382505689    -3.751547126274699551     2.000356638560447209
    3.483384670315459175    -9.585332308658896849    -3.953533454575691053
    2.000940046220592627    -9.197343349909994359    -3.371148665886717577
    2.260035621083429369    -8.908152409246573811    -4.881229450647612822
   -2.701187954915425404     -10.4140772057802522   -0.5446944353737305233
   -9.738775130929306911    -15.23833897254425906      9.29691318386506893
   -2.967089474106207714    -9.719996477103443056    -5.539630752630881894
   -5.353714793619132273    -7.582965247814542842    -8.226117654778551724
    -5.40850021781403445    -9.200204534562022474    -1.411578085696057805
    1.753940988214397256    -11.41406291097305292     5.703185315819781387
   -3.190102979099303848    -8.104687918248684397    0.4959381325623451464
   -10.21690256654545692    -7.296643923300478285     1.129355888368834826
   -7.846672931720016564    -7.515013716819217926     5.800323993513993415
   -2.599360622611708749    -9.683146446004336383     4.973720656336918289
    4.758923261639013802    -12.03537596211521965    -1.145167359498358461
    1.300707052632813943    -8.697480393300011769     1.847561112148193407
     1.93003193724396982    -8.156880500354894536     7.961998737191324338
    5.256710799572588577    -7.512387235635604732     7.452302595743264035
    6.718144786050789463    -7.315579429279076784     7.765023079851985699
   -6.046533175944529326    -13.44568649341764655    -10.25621555644136151
 -0.05335969754040369162    -10.49002830253164298    -3.115973006988531857
    7.737245147274172119    -8.395776866485521239    -1.778558891482381554
     6.11332264985948548    -8.067074970967523129    -5.811092076217440727
