0.2116699972425628851 0.08007357526977575135
0.2259808421025106817 0.01219251339889183827
0.2187301408356667753 -0.05807901442684703514
0.1900979594699130637 -0.1227960143406498089
0.1428606999227094998 -0.1755191187225651761
0.08175147977019396606 -0.2110281301073708149
0.01213435207666551524 -0.2259844150787789219
-0.05854746488750008776 -0.2186055851743308465
-0.1234068704316553661 -0.1897022769297938838
-0.1760800013909141759 -0.1421690245955152532
-0.2113962239744279215 -0.08079491495533505652
-0.2260438799732932824 -0.01096921642124132519
-0.2182481598063327755 0.05986545981497618657
-0.1887387851167928177 0.1248750534271046292
-0.1407729223462963197 0.1771978114098249624
-0.07936603033803026064 0.2119365114738515909
-0.01019743006381057179 0.2260797078990021969
0.06054675759039489236 0.2180598171953995468
0.1252858140837818934 0.1884660130817061852
0.1773424096033978936 0.1405902907624552445
0.01451650569040679496 -0.22577583715882793
-0.05442754666759370974 -0.2195976683351690828
-0.1196749447446257275 -0.1919985683529552289
-0.1731682359485328671 -0.1455965474035106622
-0.2096941814212084643 -0.08493519006928679227
-0.225680276152040532 -0.01593996965181716796
-0.2195145642927587848 0.05476356030736215935
-0.1917271385989074706 0.1201099745892875437
-0.1450817641607574371 0.1736000652708774294
-0.08415145325225475981 0.2100100508503539021
-0.01496298163032934447 0.2257471620129683776
0.05586909683460941634 0.2192356980176781989
0.1212022950221158801 0.1910382821087497351
0.174545970947010215 0.1439419997595930423
0.2105669706378826 0.08274731502413498752
0.2258338700670063093 0.01358689935636846896
0.2189667616669958294 -0.05691283966986801501
0.1905445664309396159 -0.1219764528890585065
0.1433128847690985364 -0.1750625099104274884
0.08205849184601822499 -0.2108360883674151587
-0.2197625312068706149 0.05309535155656576466
-0.1935888981945432241 0.1167821645798853281
-0.1478395642268794663 0.1710504671766079343
-0.08768512015734469811 0.2083894782150902958
-0.01895306734175732782 0.2252902138721329939
0.0516624019440901916 0.2201043669757364873
0.1172773934772616544 0.1932898515255067895
0.1713954548023459978 0.1474400313225738834
0.2086496129247329689 0.08706491421638457018
0.2253604643541147479 0.01809987062242433137
0.2198662453256214344 -0.05266648783216872076
0.1926599267642270519 -0.1183091235073864822
0.1463994327463231104 -0.1722848719431633313
0.085677394445947061 -0.209222910569693471
0.01656691469405567607 -0.225478054126755395
-0.05408788509227236557 -0.2195205935240918116
-0.1194123387333521497 -0.1919777459084959781
-0.1730285079257801173 -0.1455193121996472549
-0.2096234458817481938 -0.08469190495269940389
-0.2255594623140352584 -0.01541488409845897557
0.1160631055192684058 0.1938564389886670847
0.1689563749032868545 0.1500159714170718195
0.2070562003531139228 0.09043706662990608214
0.2248693199445137292 0.02202232055763296212
0.2206618926241332157 -0.0485754607594197016
0.1948144358588050629 -0.1144491798581887265
0.1498113593749029193 -0.1691385665273120731
0.09003523220847976793 -0.2072316737669785136
0.02135337098558828459 -0.2249340685123386585
-0.0494607965233848923 -0.2204652102982972151
-0.1154227292249877246 -0.1942391480047793717
-0.1700337258724279876 -0.148794336295529489
-0.2078435191026876405 -0.08861302386962210953
-0.2250867473594785062 -0.01967544911641984362
-0.2200783999008404657 0.05115307996045197897
-0.1933684384713199589 0.1168749717256911819
-0.1476168743920166226 0.171056558857995783
-0.08734238652882224396 0.2083803351439329765
-0.0184909416339251037 0.2251868326501095807
0.05220598622979507469 0.2198306863340715733
0.1528480124987696975 -0.1663685316713087725
0.09582638762623828244 -0.2045933479618387008
0.02816817017979385621 -0.2241601844107599384
-0.04241787574231126873 -0.2219054496216783523
-0.1089284799792919062 -0.1979291537242059973
-0.1648114261965761274 -0.1545269621862049303
-0.2045497915294444136 -0.09592078545449199412
-0.2242042479537393884 -0.02781864892650664015
-0.2217752473283878811 0.04309469077041230139
-0.1974572884254080507 0.1097816104256410241
-0.1536263511705170115 0.1656511032917817039
-0.09455183529485777782 0.2051859363368790934
-0.02609169700719682003 0.2244114707921650298
0.04494381595360578963 0.2214075606636753679
0.1114836451829345626 0.1965009482414504238
0.1669515534981889371 0.1522116352747962809
0.2059280395311455791 0.09292375920928089283
0.2245856585637060754 0.02454436005989390351
0.2211589653307603487 -0.04614993345952803777
0.1960771075873046498 -0.1122267020213365829
-0.2012552846417119123 -0.1029868325344699548
-0.2228894115118523755 -0.03782151703122876851
-0.2237178408466752033 0.03256677072194206352
-0.2027455181130823625 0.1000230122435712965
-0.1619058228466611904 0.1577875412963139212
-0.1051542991839169716 0.2001324632927196923
-0.03805331529338199653 0.2228506096468880204
0.03287546909930601224 0.2236731176845649927
0.1006701929341439899 0.2024252189578437666
0.158522820743564552 0.1611859924715487447
0.2007278250257531205 0.1040129837922496997
0.2231137177963390672 0.03647745823846962332
0.2233976850294656646 -0.03469539559428458375
0.2015413336095117636 -0.1024273513914208955
0.1597554735473594445 -0.1599638297905840445
0.102227449480358043 -0.2016426636891811564
0.03461522654746061051 -0.2234099165093670625
-0.03629923367166647263 -0.2231423836336899891
-0.1034934727306494606 -0.2009955589096549533
-0.1604533077619144377 -0.15926333625972941
-0.04063686193669362179 0.2227144060717605178
0.02834214066373455174 0.2246106779205710724
0.0960372287537174657 0.2050126715897878649
0.154615901331353861 0.1653703615313591169
0.198156352222936788 0.1094876626045329648
0.2223064531336473859 0.04281764775853058591
0.2246460476694628339 -0.02806546917262289428
0.20489331530417218 -0.09629263566463043544
0.1648617569688913542 -0.1551584448407624384
0.1085603055838610526 -0.1986658693865332448
0.04155814132930395893 -0.2225451375800426013
-0.02965862820778840392 -0.2244409812989020814
-0.09795210109900805151 -0.2041047141173965851
-0.1565451412019446542 -0.1635449260984774555
-0.1995952602753545135 -0.106841070920344422
-0.2228915102243472501 -0.03965659083377219563
-0.2241923360159621403 0.03148120134325199659
-0.2034152481608804408 0.09937527559160748425
-0.1627808339788509862 0.1573389922372857574
-0.1063504232657170451 0.1998567363221843418
0.2241116569886815735 -0.0349074393020993648
0.2030966508000172366 -0.1009775955401566033
0.1621534741569723437 -0.1585909641305747464
0.1052909923790775054 -0.2008948481497448146
0.03804082248724374726 -0.2236020619531698672
-0.03300633633274560608 -0.2244005065491666007
-0.1007915535451827521 -0.2031897213702146265
-0.1587817984634228019 -0.1619672238385947149
-0.2012525415121826644 -0.1046062431665970016
-0.2237809717357129302 -0.03697323232420772487
-0.2242149857081927877 0.03424212616829337003
-0.2024757235431650371 0.1022176165990121149
-0.1606900951116164988 0.1600734412361839443
-0.1029795508224866651 0.2020891069866924683
-0.03514793784072730437 0.22407446597372635
0.03604884129937305226 0.2239312783672686158
0.1037963840382495478 0.2016706999659224342
0.1611555411917801328 0.1596043994530215449
0.202545234198980878 0.1020786163588876111
0.224150736532689604 0.03465624144008784546
-0.1104925532894632939 -0.1985706666883885751
-0.1653734622631376494 -0.155854702345913948
-0.2053575057672053228 -0.09730102562647666153
-0.2253643751114755567 -0.02915787113295866678
-0.2233400069826528 0.04193538795747724091
-0.1994000706478387952 0.108990647136009422
-0.1559393754698401857 0.1652943881859336162
-0.09707402707097537164 0.2054653963884546797
-0.02835251253566733326 0.2254674207739668645
0.04303024336298136993 0.2231314841252362569
0.110052030204013801 0.1988158407124732963
0.1663897845352293459 0.1547696003238667739
0.2062366846782865415 0.09542301014514321944
0.2256808369535066028 0.0265947130942649837
0.2227876250138499103 -0.04477413778288803076
0.197958555969559441 -0.111586093582141152
0.1534920086015325869 -0.1675688343734085539
0.09403675176166519101 -0.2068721060157778235
0.02565888090315652376 -0.2257887015726804392
-0.04525572457517777758 -0.2226900542223610446
-0.1473800586960317405 0.173387850199534399
-0.08801839877089166764 0.2098502949253469307
-0.01905351961603377053 0.2267630366859750835
0.05188818555493180523 0.2215676444689559377
0.1178438386846859254 0.194672768036842414
0.1723185754887933407 0.1486303198309932017
0.2098084178253816212 0.08811940412094039499
0.2267819924574422108 0.01883200040225149752
0.2213693302657573081 -0.05272948741093896191
0.1940695716148198302 -0.1188340800322623542
0.1477455812222237264 -0.1730771378639635039
0.08660711859837438853 -0.2104369214409630706
0.01696253163427793864 -0.2269287629261326489
-0.05443096515659905793 -0.2209563134312322041
-0.1203324807573362132 -0.193143481132901168
-0.1741995535328065836 -0.1464200448149664546
-0.2111011632732967269 -0.08497503458190655556
-0.227040463526206493 -0.0153907447002184089
-0.2207397511048328764 0.05530045415506067846
-0.1929331329731424349 0.1206691642486978355
0.2132389102586753626 0.0798072978293285773
0.2273908876814768054 0.01155729261885186411
0.2198867838063886526 -0.05907725140217966187
0.1908988283219743287 -0.1240888894080692112
0.1431827276163421536 -0.177028746467976783
0.08130298475728550689 -0.2126741659571299292
0.01160831280901769916 -0.2273886393596914468
-0.05923798885833652522 -0.2198440150357200973
-0.1248182152957279106 -0.190423386430341901
-0.1778443494322554663 -0.1421677341497471214
-0.2130846840275060217 -0.08021914671504640215
-0.2274656867762207546 -0.009982753693693672409
-0.2193022758329033761 0.06120986315706990893
-0.1894222603528571969 0.126330644700141298
-0.1407725585168064786 0.1789500902154934625
-0.07858921539319348171 0.2136908837526829696
-0.008236329901072704865 0.2275356816271497384
0.06283134688921829247 0.2188428958631916943
0.1271000269298673269 0.1889060553391333219
0.17908204257260249 0.1406046255009867352
0.002708076837346371727 -0.2275455951013759248
-0.0662042145698931439 -0.2177188562024353902
-0.1301582925611706187 -0.1866640229125475781
-0.181450571989570264 -0.1373332600587113261
-0.2150230503389888026 -0.07449750302410819425
-0.2275228849895104821 -0.004258761987939676912
-0.2176796425375181476 0.06633483797417021044
-0.1865051158357117211 0.1303867156010022899
-0.136693340210187253 0.1819336313857654597
-0.07328337398623036014 0.2154396011687825241
-0.002966043091611015887 0.2275429488966601577
0.06784619128397784138 0.2172130799482794583
0.1320256081840085471 0.185347695341811447
0.183059179184133447 0.1351809685969121155
0.2160082051560309746 0.0715884208470960598
0.2275586187166415697 0.001235396674030936467
0.2167122508881877685 -0.06942904251983385289
0.1844284344043446433 -0.1333061523757190503
0.1343872898964900697 -0.1836419319148476226
0.07133824782641953743 -0.2160907459777592632
-0.2137366323881710051 0.07717364206743902721
-0.1804390235447677349 0.1381342113432945662
-0.1289320987153087239 0.1871255233193319656
-0.06480918351943035227 0.2178056774229295001
0.00571803885781930598 0.2271715426454739561
0.07575701763314435233 0.2142440187570650856
0.1383281936105167642 0.1802911797927247428
0.1873275791523561218 0.1286392195849788145
0.2180336838756746776 0.06403913858384306657
0.227137175587420248 -0.006945557369706438847
0.2137952629218010658 -0.07701331099844417605
0.1793079973040480335 -0.1395998152614288668
0.1270246924481595874 -0.1884253812385752458
0.0622118170568585413 -0.2185614025627955481
-0.008763504852415277338 -0.227073830711207153
-0.07866004077279867279 -0.2131945453068144203
-0.1409132324080205889 -0.1782774255784728146
-0.189275115866527871 -0.1257544113320981372
-0.2188331105673070043 -0.06124736958346024829
-0.2270591593672892095 0.009127493639913723117
0.1460434257039424366 0.1735401574019293791
0.1917276375285301426 0.1211841239919871083
0.219783619341468478 0.05603920289288216727
0.2263442867810883385 -0.0146148974053204074
0.2107326518893680445 -0.08388770284630295282
0.1744248255257826452 -0.1449875924254962478
0.1209924066175841473 -0.1918495624023621171
0.05564812223732006069 -0.2198834882970382432
-0.01541244388616669868 -0.2262916922429560052
-0.08499327996815583819 -0.2102890999823918139
-0.1460413982833946023 -0.173543110335289269
-0.1927245939747708747 -0.119593105775311126
-0.2203534741765318661 -0.05375479177974593764
-0.2261493128399023611 0.01736964072019888533
-0.2095674061896503626 0.08675634433522802502
-0.1723587485416277487 0.1474368038820678406
-0.1181270177299700574 0.1936263868374218378
-0.0522544624026200985 0.2207137151621198778
0.01843987666272505974 0.2260640901563062688
0.08713711716889191439 0.2094088941745162191
0.1157638927834119258 -0.1945563750786860613
0.05124667185307112821 -0.220516410882701519
-0.01939806992488838505 -0.225560597396553042
-0.08814959605494655792 -0.2085272653581107805
-0.1483046289033080334 -0.1710548895182775475
-0.1939577818442395074 -0.1167666283210177652
-0.2205755568743960338 -0.05099510379381315406
-0.2255232064942803427 0.01983416900510646258
-0.2082172057261913733 0.0888802873995018089
-0.1702872470041557895 0.1491854136355236227
-0.1155541307184411864 0.1946823741280160891
-0.04933552545226594505 0.2209523953400436835
0.02181019559299121613 0.2253402522376894701
0.09076498227770733729 0.2074020429717461367
0.1507025945992949145 0.1689454738527267075
0.1956663667219774305 0.1138793330793226588
0.221338833982229588 0.04757040949557234805
0.2251796669587113608 -0.02340655425079017291
0.2069186008562308998 -0.09186061366537651152
0.1685756679909482247 -0.1511153602404209373
-0.219293470061898782 -0.05496208995526267321
-0.2256318396092747425 0.01417839744554899931
-0.2101633736082949011 0.08332030966964072694
-0.1741176715889022619 0.1442014449478802307
-0.1210013845393540927 0.1909705701230484942
-0.05597427186718301889 0.2190388268010214079
0.01459113015927314405 0.2256063844061348411
0.08377542891310491013 0.2099829662209581338
0.1448160579675232817 0.1736072175380967142
0.1915867762942839725 0.1200234093715976946
0.2193913456966334052 0.05457569036022551223
0.2254871166346084366 -0.01632781651288818525
0.2092289141192573421 -0.08564031092096206776
0.1722406257414648145 -0.146438162524626464
0.1182250626057254617 -0.1927012489417587182
0.05261024521429312484 -0.2198705882959313962
-0.01818547173677498296 -0.2253445814926797741
-0.08716748061387734337 -0.2085968884956183045
-0.1474533433831812512 -0.1713717355662620623
-0.1931719684305389373 -0.1174532203199018937
0.00520861284946279833 0.2258636166971481063
0.07301889267956249152 0.2137988888056982228
0.1357345475732333051 0.1806045579168669979
0.1849558992976169658 0.1297431509500859281
0.2160165086554945157 0.06617332178004263488
0.2258908261355886682 -0.003925838098216585977
0.2135714170957893343 -0.07368413369129944712
0.1802197392748479121 -0.1362459700782212846
0.1290444941421923231 -0.1854444062364343226
0.06507694548174468296 -0.2163494127455980742
-0.005349518079933622376 -0.2258615167333078155
-0.07528664007661414748 -0.213011586832780625
-0.1377814953534451103 -0.1790481474737230794
-0.1866043744185069686 -0.1273607370259775551
-0.2169283689776223822 -0.06311893033926836705
-0.2258069993970923117 0.007286134868858510846
-0.2124170255804965768 0.07694718170678192803
-0.1780884941680634936 0.1390190479402038104
-0.1262321539452357089 0.1873691160280218371
-0.06198386760469506984 0.217254827988270699
0.2151864892644019533 -0.06889258865078613792
0.1848520729539583907 -0.1299279271037650785
0.1352345714016208456 -0.1810062925730653027
0.07249820210876915805 -0.2139994585706534169
0.002708426521119997304 -0.2259302654393698928
-0.06736347432656109024 -0.2156710990283312868
-0.130856781497296043 -0.1841966040988554376
-0.1815053311155887805 -0.1345648939521578158
-0.2142934445682831424 -0.07162550697640786279
-0.2259410734781216734 -0.001582094285325318529
-0.2152663371404026083 0.06864582517090773994
-0.1832895546918172358 0.1321240121151931457
-0.1331645017858899271 0.1825349315961686536
-0.06988651540019404085 0.2148665427246625181
0.0002331042567111680391 0.2259461666684798309
0.07025838651304096294 0.2147450938231968975
0.1333459385115703666 0.1824020893700635526
0.1833192739044494646 0.1320820222049799153
0.2152534373417208935 0.06868420691014129331
0.2259384636957278425 -0.001818957165377925499
-0.1297454349900802051 -0.1851516924885765747
-0.1788954914254310136 -0.1382443664116417559
-0.2130212804868892584 -0.07574375164823458906
-0.2260064770119074862 -0.006027408681524186636
-0.2167740529439000086 0.06422087773388150678
-0.1862439209907849613 0.1281739198891315434
-0.1373611325866666566 0.1795753157934406041
-0.07493326653136683779 0.2133082070601985958
-0.005099279070938204927 0.2260296085175574066
0.06524782259554995356 0.2164673060785547443
0.1291862496772388236 0.1855431543795293403
0.1804136290869808035 0.1362580019810707976
0.2138095836077186229 0.07348984400250131721
0.226059973508188683 0.003486418304099310212
0.216004046057153315 -0.06676443294653738869
0.1847187806718242897 -0.1303617236238687471
0.1352893152313560943 -0.181140752169367758
0.0725145216942654075 -0.2141419604151524325
0.002525597348638393847 -0.2260723678720082674
-0.06829991532096658935 -0.215523029876962452
-0.1383123485673063979 0.179040047262537888
-0.07795797025951495263 0.2123870055104849219
-0.008875147827597140021 0.2260685188859283823
0.06139272308996054917 0.2177538431048283707
0.1257171998601902263 0.1880984716228814302
0.1777384609269992422 0.1399818773968609931
0.212382610267149774 0.0779714019838412542
0.2260907406949551057 0.008300698274518956629
0.2175259468217003167 -0.06219634845909827875
0.1875518228343225069 -0.1265315151099876412
0.1390951436521368489 -0.1784332705235244787
0.07679878755129032619 -0.2128093432541623975
0.006894815911390897965 -0.2261378054292809969
-0.06367580720567446451 -0.217097231233042004
-0.1277904563601205412 -0.1866959732622612278
-0.1792357041304839804 -0.1380591155408216475
-0.2131318817902705387 -0.07589814694694045627
-0.2261583256942187314 -0.006173251795560013959
-0.2170286421727008197 0.06390801894740699707
-0.1864363272546653849 0.1281684127835331088
