1.841003066346842e-08 -6.008067938632222e-09
-3.155414298816777e-08 2.850707188184032e-08
7.062663381519508e-08 -5.788103383920135e-08
1.290597284616089e-07 -2.197585476389652e-08
-1.872641994431458e-07 -1.904194245518236e-07
-3.819674119490338e-07 2.166268973435865e-06
-7.904814098398007e-05 -0.003227568292106448
-0.0002238334948724228 0.003488216348886468
0.003265051820886105 0.001538804129320699
-0.0005595151054274964 -0.00330782395895768
-6.541611343807985e-06 -0.002071619205093192
-0.0002832939516832078 -0.00327381863271243
-0.0003045070411570969 -0.006310211998596049
0.0002343168340008971 -0.01098396023725117
0.0002406412319597877 -0.01391245849152212
-1.822497097017505e-07 6.7695031478379e-09
-3.447731205073228e-07 -4.824273833644288e-07
-3.041789527735331e-06 3.927941276746529e-06
4.04304572538835e-07 -5.924880868990069e-07
-2.908940414127653e-08 1.624264073639634e-07
3.389286083454594e-07 -6.471554327272496e-08
0.001029965106552423 -0.004288388009764944
0.004739018902842886 2.050136172895213e-05
-0.001216639702282485 0.004783421177327254
-0.004555547182928585 -0.002459194495283638
0.003439638402154452 -0.004385320839617571
0.003189959370597779 0.004949646653810219
-0.006206788369024417 0.0009009344833945464
0.0001980113901145945 -0.006687137901041222
0.0069480010718809 -0.0001771968066645038
0.003200203080421738 0.005931769072272534
-0.002004080081108352 0.004126173446860157
3.289000990830582e-06 -1.665840202101529e-06
-6.107554359865976e-06 -3.462602397101952e-06
-1.781598661114157e-05 -1.936180721205892e-05
4.840269240017759e-07 -1.760582410861039e-05
-1.619058353426824e-06 2.542164497795392e-06
0.00132984979859191 0.001373021802234578
-0.002071419113623979 0.00172516683857399
-0.0006059828216181119 -0.002402036518855005
0.002108988123691241 0.0007289049978925062
-0.002067677185217987 -0.0001563763713089013
-0.00690340556909784 0.001113243957590736
-0.001270825364542823 -0.009284413711821999
0.008626738499716357 0.004725746465298038
-0.008574919106042305 0.005034462386533451
-0.001339561897692953 -0.009666623964264731
0.009294945123885394 0.002663105379761768
0.008295762305213663 0.004274726001025639
0.00628120068177645 0.005546157572989799
0.004444521482245866 0.00547541224485646
0.00253025888891941 0.004842210493486961
0.001802648908597988 0.004076933179968491
0.0001786990329628462 0.001686182115510213
6.869875290019186e-08 3.659789630448461e-08
-1.281377161427961e-07 3.779883881466617e-07
0.001599889990998649 -0.005362334600463461
-0.005468550970999291 -0.003567476787673022
-0.003144656495305025 0.005868977803692438
0.006325570865177817 0.0004592484609428035
-0.002727224219037497 -0.005061373503538242
-0.001236115381041474 0.005164577891775417
0.003552817326067532 -0.002869100685722515
-0.001882360357058872 -0.003398717970353373
-0.002247340072987646 -0.001454610694663899
1.096088046187852e-06 -1.253436946170967e-06
0.0001329781930901087 0.0002549891058849398
1.78056292313686e-06 -1.422776239951605e-06
-2.632287770306401e-07 1.19947471028724e-06
2.091699554976453e-07 3.075954252349277e-08
0.002943935428907345 0.003639611313352948
-0.004682550699285705 -0.00130166794679283
0.004737501025638149 -0.002254875687464465
-0.004434376986858371 0.004012055599081636
0.0009970710570327728 0.005068461574410913
0.003534452295994828 0.002373796537566206
0.001454878954316893 0.0001565106806611716
-2.058290755547805e-07 1.220809088792461e-06
2.890276569427665e-06 3.472860853294212e-07
-1.368099936533366e-06 3.955394570124823e-07
3.677079653324281e-07 -3.868558424418789e-08
-2.120175409994754e-08 2.421908227075194e-09
4.70057094258136e-09 -1.1226189507796e-09
-2.077549733590447e-08 5.862901235151323e-09
-2.521641502954831e-09 -2.186374779851612e-09
7.190112412799084e-09 1.200399628085254e-07
6.980035073776763e-08 7.136421100516389e-09
-0.0003817356342405727 0.001110666746254098
-0.003326017864766231 0.0006983510866161201
1.873987197489396e-07 -5.934695107115794e-08
1.158242764513702e-06 6.67955217511545e-07
-8.351692952584736e-07 -3.921123514306011e-08
-2.883856073207813e-07 1.650280285007807e-07
7.634909268340533e-08 -3.640709547860259e-09
2.856279113783609e-08 -1.878767005216299e-08
7.464188629729714e-08 -4.070964553212282e-08
-4.685354873884425e-10 2.217658820316911e-08
-9.257382620892497e-09 -5.894521272150516e-09
6.621749786975074e-09 -8.867017271828776e-10
-1.877096850676751e-08 -1.543981538553006e-08
-8.949163816844906e-08 -9.012913118775396e-08
-3.572676781631722e-07 4.258392680963289e-07
-6.332255231639402e-07 8.894331987514791e-08
-0.003149073169198277 -0.001594463423414085
7.091461978395481e-08 -6.257515511456859e-08
7.347217778140189e-08 -5.021473528038785e-08
-0.002337808339192818 0.0004237355310072202
8.608215150452398e-09 -3.36104122027114e-10
0.001523768192390336 -0.001445159859343038
-3.27610699913331e-07 -1.522741092951168e-07
-3.266604268655811e-07 2.147469845569104e-07
-0.0006567908837389987 -0.001563537777655006
0.002159557682885174 -0.001284759767407631
0.001727437640938933 -0.0001533828357409671
2.437668984649551e-06 -1.290121501443574e-06
0.005822144811226837 -0.0008325935440352619
-2.078845643829053e-06 3.053646620395145e-06
-1.105913472596125e-06 -8.65493073194585e-07
0.003402869589109272 0.00392920995219819
-0.0009080885894939103 0.002273877351736491
-0.001729344167971713 0.005178057950087524
-0.002057731943498128 0.0007238249791270532
-0.001191187251085699 0.001559444742331834
0.001483750410067604 0.002051543038920364
4.991336992251995e-08 1.250922943381986e-07
0.0006298518898468003 0.007890271985313353
0.007743172272008005 -0.005897713857423969
4.023149194526054e-07 1.382390474918067e-07
-1.140851846132206e-07 -9.443598150508311e-08
-2.591718975253493e-07 -7.118238671250767e-08
1.261897344296446e-07 4.339547422339858e-08
-5.218668671466765e-08 -5.071326747416461e-08
0.0003771299578776061 -0.000705620926807863
0.001064643645973236 -0.0006668379843238853
-0.0002143852453306273 -0.002213159884782238
-0.002427165173023269 -0.0005289322012681794
0.0009770786805900994 -9.930668725330677e-05
1.483623223087243e-07 4.483599400965933e-07
-1.981450645428917e-07 -1.76224115071901e-07
-0.001494109649910655 -0.002958254228348773
-4.81551634846144e-07 -1.863303802617329e-07
-3.102700428044171e-07 1.098793326088318e-07
-2.362602350879962e-08 1.237220569362186e-07
-0.005386570694546403 8.952533894341028e-05
-0.0009625562970521055 0.005093551321760642
-0.002609589498303885 -0.00211085106013732
0.001149918708796614 0.006744948229949603
0.00290684573892463 0.001738784993311738
-0.005557459434770054 0.003257830950745545
-0.0008027294976157071 -0.001428659218274919
8.032913924564912e-06 4.531128069864112e-06
-0.0007699683531147925 0.002635044106220323
0.0005556268937614233 0.001364072840997421
-0.008098462195501555 -0.003168995027458381
0.0005679063571192154 0.001798065445091067
-0.005046602118954673 0.00052004543745763
4.040211629081175e-08 -8.221560726181091e-08
0.0004829777334493624 0.009320900646097835
-0.008492207500091815 -0.004721650217872246
-0.002250326984152177 -0.007913146668258085
-2.283704928529635e-07 -3.789562532013828e-07
-3.474133433327652e-07 -2.160032001366048e-07
-0.002187337676417431 -0.0005439803106862405
-2.526496477866469e-08 9.722577812616074e-09
-0.0025161313262805 0.002071228188610533
0.0002215424848462764 -0.001637550431259514
-2.359238431973585e-06 1.518183369500207e-05
0.001618063348624266 -0.00114570422486348
-2.911018338711815e-06 2.623236660388677e-06
1.175619559081375e-07 -2.919003113931901e-08
-0.0007733611929119388 0.0009567436663487164
0.004876570863917518 -0.001305321597597392
-0.004366843219839515 -0.001722445791904409
-0.0005967373078133014 0.003905731364617704
3.873140785764629e-07 4.119635195546261e-07
-0.002674683642799524 0.005149055858071257
-0.001543813400851132 0.00629273793409079
0.004755167393579505 4.142128467849841e-05
0.006019710364087263 0.000755499552961049
-0.00228883878320087 0.003903974311034635
0.0005438424530070015 -0.007088293877916563
0.001528950275630206 -0.004000987128877616
-0.004678844470841227 0.0003921555860247633
0.006605336080288313 0.000247007073837314
-2.0490723349788e-06 -7.895067746845318e-07
-2.154826436897355e-06 -2.705147107780344e-06
-0.001858539476094024 0.001134057012028415
7.578296278094095e-07 4.477203459662913e-07
-3.089558576022603e-07 1.689877424578458e-07
0.002220258485357012 0.0001587998609563176
-0.006462133075220192 0.00294075252533078
0.007227743210825796 -0.006191455613492042
-1.199355767190824e-07 4.10927929288437e-07
0.004459873037479952 -0.002715138069801852
8.945624783927223e-11 2.121152670856043e-09
0.0003204700913832662 0.009849966112457694
0.004442039089270164 -0.007939370367044948
0.007850931450380214 -0.001946631565562812
-0.008975008458228169 0.0008794596460621496
1.476204841870733e-08 1.266611288716442e-07
0.002259317185363657 0.004349438219568102
-1.039591096219836e-07 -5.742841329768982e-07
-0.00476529090999116 -0.002932706100635606
0.003654407545324588 0.003815769237255381
-0.001430658222045638 0.006043220007754701
0.005910440527289211 0.003136922261711086
-0.001747420730977195 -0.00481436749337826
-0.006022618116932962 -0.0006633351830598894
0.00163942499624775 -0.00462199634421664
0.001407482447225719 -0.001067665343960755
-0.002865548622197274 0.00401136737701492
0.005683254323290852 -0.0007352386945613589
0.002091610950748265 -0.006077930323456738
0.002555364834870014 0.003387894863738436
-5.477661302679052e-05 -0.003983561278030866
-0.002373000009898876 0.006025135175827281
-0.005608767456581544 -0.003107620051822513
0.005652576028965235 0.002586285828087477
-0.005684611380753699 0.001405195519532789
1.910297130031338e-07 -3.802703999671403e-07
-0.001496747275492415 0.0003692753268102353
-3.339604235598964e-07 -7.574432974863282e-07
-3.522588815676009e-07 -2.347978159654418e-06
-0.001084489394325454 0.001444875345737141
-0.001419949558151903 -0.0007173286008958555
-0.0006523753611805113 -0.001769993946888022
5.418311659708673e-08 1.400349024047106e-07
-0.000199987215236304 6.333611452778844e-05
-0.005067717821866158 -0.003749011072912007
0.007816795372491404 -0.003444212275733448
-3.512705735709545e-08 2.062555690872048e-07
3.157817449092201e-07 -1.42807356841542e-05
-0.003284104358174676 -0.006032564864583711
0.006218299241211449 -0.003982270141618526
5.559955779473304e-07 -9.506756846519347e-08
1.289613497987794e-07 4.355737494958564e-07
-0.00139904977792481 -0.003083163533724537
-0.008132161362530522 0.001696397367966827
-0.000180257781888691 0.008703172316751613
0.001538890285818445 -0.005402823015482445
-0.00427139526979721 -0.001582984394816381
0.002723340849673232 -0.004129584322934151
0.005672525419875607 0.001672754568471645
-0.0007800722455963854 -0.006157398205791835
-0.006684821780687982 0.00188868656330334
-0.006327493986258982 -0.001524414215254367
0.005401215889095618 0.0005989909223260842
0.00221841081476458 -0.002443259626620739
-0.0005180970838666763 0.004075390350445377
0.001048213324038573 0.001981635936273029
0.004153680418366806 0.00142490166731476
0.0008587188337200114 -0.005182265703866954
-0.004007596351991268 -0.005604924269891571
0.006848807617639932 -0.001034511799457723
0.005047737745718315 -0.002859895998729472
0.001980400411951161 -0.00570171066544947
-0.0002517816052070395 -0.005696041551203258
-0.006169650951818407 -0.002132062113884292
0.004775254408936178 -0.00462348027501198
0.003595965033126168 -0.005565792898018101
-0.005286528490509362 -0.00130740633702756
0.003824129787854894 0.004177647949679332
-0.002573405960931521 0.006026860372230141
-1.808477507639201e-07 -1.510172904458228e-06
2.523624481134653e-05 0.0002251930791754205
-3.676838413898567e-07 -3.350257960440981e-07
-0.003347044337954942 0.003311411077973298
-2.280944403943035e-08 2.132813164394657e-07
-0.001187027234359522 0.001088492353251654
0.002168669885954523 -0.002228296892810377
0.002296255293680053 -0.001594880489739071
-0.0008484193607915932 3.718944322627595e-05
-0.001666518487664712 0.0009157927469396673
0.0006245709764379562 -0.0006680674519473501
-0.0007941151987247038 0.0006751395395992364
0.0001826169228214198 -0.002702401346037642
-0.002564843253864019 0.001182961701008321
-0.000858309484994461 0.002530069633131857
0.0003922105973947666 -0.001987666069908716
-0.0004370836755912004 0.0009957821196589305
-0.001499399479900377 0.001238630095206969
-0.001716094991869668 0.005001896839291467
0.005591903715205648 -0.004815758598502227
-0.0005029576366961893 -0.008637255869455336
0.000994007020118839 0.0008530035974153849
-0.0004879555712478072 0.00424432924049825
-1.045750597318887e-05 -6.558734775291362e-06
-4.219098592806775e-07 1.697752147116505e-07
0.0005542563580662824 0.0003103438127369126
-0.002588452890689335 -0.005241593068784244
0.0007301035824542268 0.006437730634955208
0.006134645206270943 -0.001391255980929631
5.569969311713168e-08 1.517559547284899e-08
-1.096868416742042e-07 -1.474558076982326e-07
8.65506272313403e-06 -0.001470392654420961
-0.001742889026300338 -0.004050927220583918
0.003270583093012118 0.0005409000571131037
0.001634088126350119 0.004815132151668881
-0.001153818379535306 0.004167975422551842
0.003338274236016609 0.00124384341457061
-0.000171755261709487 0.0009320793491546777
-0.00237568406472012 0.002602832068191945
0.002448623031596369 0.004141456112682717
-0.0004802560436177902 -0.005102964826774184
-0.004226657594601006 -0.002510975275865773
0.001720354590063102 0.004060988813099032
0.006233917906647236 0.001418792524964659
-0.003752667775584461 0.005936559701240175
-0.006467696842480268 0.001685711647746077
0.005587332526724936 -0.00378783934444824
-0.000754103344696214 -0.005434341884494026
0.003387317961171766 -0.003749901753605239
-0.003676868358637564 0.003707646066360427
-2.595405376680682e-06 1.547221622438038e-06
0.004707061527636858 0.003576516109554383
0.005907666052235226 0.002516694139060408
-0.004652312793792115 -0.0005705764257576781
0.0006578943564269545 -0.004835072530946638
0.001587139765354582 0.004615648605494833
-0.0009387131697572933 0.00167669734524266
0.001481967291533696 0.001393009472875243
0.00037832376548256 -0.002776441629738126
-3.417915129598305e-06 9.202770288672978e-07
-0.003126890982399852 0.005390711363454912
-0.007807771255335496 0.0001003581898156845
-0.002373095572334723 -0.007322459913598027
0.001135871509291259 0.001689098990382225
-0.004588810540211572 0.002490295483583993
-0.001808599108146732 -0.004515630786052522
7.591821812815939e-07 1.721302924190743e-05
4.156914884957641e-06 1.803100862980147e-05
-4.098624770174941e-07 -1.329223824571196e-07
-0.005712218472002454 0.001856197407467889
0.005174518802214046 0.004863564199234498
0.004775238727264343 -0.003929706581936141
0.004587230976807204 0.002456481937372221
0.003271364222946946 -0.002347899574914528
-0.002771245942234336 0.004454776224262844
-0.00299232145458914 -0.001147559573204388
-0.0008295994066662101 -0.001574038739275859
0.0006923642487764278 0.004563100744959464
-0.006506944709896809 -0.0009987439085318152
0.001534915206481545 0.004652614472902818
0.005491798220511271 -0.004070801934388588
6.370850741266886e-06 -2.055773589766541e-05
-0.0001817011677374748 -0.0001761132663821094
-0.0005687245027069171 0.001938775398983236
-8.770771965303205e-06 -2.597828776670887e-05
5.367281709615466e-05 8.390451734748e-05
-0.002682134388399456 -0.001633820711132227
0.001802237448108139 0.002475194411465931
-0.00677200194163769 3.653989644526655e-05
-2.10979826897056e-06 2.26112191194082e-06
-0.001260992283450015 0.003342202190433984
1.178717525914092e-06 2.266759272679902e-06
-0.005070531207198658 0.000258164375573524
-0.002703241341585878 -0.004198355630186149
-0.005557891447725136 0.002866878317158393
0.0042157519111195 0.001751696421428015
9.604483761419589e-08 -2.004838967785885e-07
-0.002591585819163051 0.001996773316103872
-0.001449233858031408 -0.002373526394177497
-4.832916059566366e-07 -2.640625808936517e-06
-1.155018647729481e-07 3.933422983303461e-08
2.01465281702562e-06 1.655920883574847e-06
-0.00146427926347274 0.003584235687911134
2.005653550250496e-05 -2.888089613752069e-05
-6.135244221270966e-07 2.778486662456481e-06
-0.003238803571345296 0.001149211523124766
0.00151775057301499 -0.005855145717728015
0.001075837310392563 -0.004940008085590616
0.00113919285131825 0.005137781820971539
-0.002497492871292119 -0.005210182438161182
1.851995172157363e-06 2.476295722661221e-06
-1.407255338839406e-05 -2.226125068859021e-05
1.038475256839226e-05 7.147122232375637e-06
-0.001227410044267896 -0.002814453123843774
-1.068663526883804e-05 -7.101786014172196e-06
-0.004173629435728465 -0.004355127293196447
0.006250190456250433 0.002231974641976327
-0.004633021799402838 -0.000137217986817744
-9.048344724441404e-07 -1.693349482710553e-06
2.27982171104276e-06 2.130743251265162e-07
-4.033866635461644e-05 0.0002870005260413271
1.922708449647955e-07 -5.51302899021972e-07
-0.0004096236237537123 0.0007064619434802936
0.002106887307829685 0.001775737966108493
1.441497524909075e-05 -1.191674482539667e-05
2.774138144544277e-07 -2.275203131089542e-07
1.482402141740346e-05 -0.0001842791316869198
1.422607765355085e-06 2.070150734945942e-08
-4.381137238744597e-07 5.77511648405916e-08
3.166980153962402e-06 -1.876530749966161e-06
0.001608841051283785 -0.002216438291542034
9.837150494302015e-07 6.641866303626885e-07
-0.00303455917632229 -0.0007925553569559451
-2.1785472415068e-05 -2.674251342533796e-05
0.003112300802657775 -0.001171889559361088
0.003271213733061208 0.0003285664673794017
0.001067270993219714 -0.003046786470694359
0.003685126669104605 0.005254127720868705
3.240443857145341e-07 2.79750842457915e-07
0.003766843651315251 0.004057978706325732
-0.00252860716362357 0.004225344965191145
-0.002890811618828849 0.003676402418123904
-0.002923120068855681 0.004304220104517029
6.941723243749955e-07 -4.689522144357905e-06
0.0002040424329840084 0.00316956704529089
-1.361181779731261e-06 -1.587169585663744e-06
-4.398808495952331e-06 -1.348964793988313e-06
0.00526519074314308 0.002402372141159501
6.601263141384022e-07 -4.341019220214865e-06
-0.0008984606897313088 -0.0009358180904024511
-0.0006940029505583546 -0.003101094241990092
0.0002206694958656393 -0.002932105153278516
1.535355033044826e-05 1.004018838491604e-05
6.381572027398801e-06 -3.260496268352543e-06
1.383249882238727e-07 1.880760247855831e-06
-2.946829398511126e-06 4.01243442045218e-06
7.563266588357724e-06 -2.72106973292844e-06
-4.124174627187885e-05 1.385455147846265e-05
-1.686405239259288e-06 -2.963227910362357e-06
-5.37006722266055e-07 7.554374650965351e-07
5.506540433931098e-06 2.024622239840111e-06
3.882950589819944e-06 2.465604710106206e-06
0.001016775935170154 -0.0004911506226805826
2.109653564675215e-06 -1.399954917108099e-05
-0.0005988470865905221 0.001036377836431434
9.241954232550675e-06 -1.46368874587361e-06
-0.0001928050768593767 -4.564706593203151e-05
1.871219732484872e-05 1.844713613777721e-06
-0.0003798788844571498 -0.00167904999998187
-6.268670392778886e-08 -5.906015577489365e-08
0.0006140723468784748 -5.55464686115511e-05
0.0003290131055103108 -0.001269888539378309
8.481197462034875e-05 -0.0003519691299864825
-1.804410100849566e-07 1.033677705624744e-07
2.562815026119689e-07 -8.307236320267354e-11
-2.337957394824904e-07 3.495521407934622e-07
0.0008033587171649977 -0.00268614415394448
2.259985143930546e-07 3.465304797225529e-07
0.002023867952920251 0.00135550776625861
-0.003219101425265516 0.001847577700234261
-5.945172918984801e-07 1.205911021999766e-07
6.064305379785305e-05 -0.0004415939181470308
2.037173402706148e-08 3.61463357025714e-07
-0.001556392302808347 -0.001731152129124723
-0.001149985618258695 -0.0006575633788987207
-1.1014947117566e-07 5.110046467170308e-08
-0.00277402562188543 0.001457485459285829
0.002375389967472826 0.002221616244418673
0.0002370990488269114 -0.000724594384377149
2.103190326741456e-06 -1.886827141120384e-06
6.627141336328902e-08 1.861487320080302e-08
-1.67834180415001e-06 -3.477357696791205e-06
-0.0002181995680835567 0.0001882913870588975
-0.0008576300903006953 0.0009695675561935802
1.870999346243106e-08 5.020847496488039e-07
1.079664879680182e-07 -2.327591888242895e-06
7.17959543959958e-08 3.969270107546625e-08
0.002571073331260671 -0.002036957659154449
-0.0001689965207446013 -0.003340302823167417
1.454793752849632e-07 -9.580629553668156e-08
0.003145170972836584 8.049235431310089e-05
-4.23806240378483e-06 3.577273795474812e-06
-0.004812368796642112 0.002223326897684898
0.002776392496257909 -0.003071383568620363
-0.002521047834512555 0.002277999387212479
0.001590688420023912 -0.001182062195673177
-0.006984702568034004 0.002541498421941798
0.0005473357989873944 0.00079209122433123
-0.002931647114584895 0.0002241201111278998
0.003433618972609223 -0.0001752970703049257
-0.002228539812049207 0.0008286587306257098
1.609450349674882e-08 2.090281122873247e-07
-0.002233243031710668 0.003472417499262549
-1.592272070717313e-07 1.119117122707213e-07
-0.003998522396220752 0.0001285585162441167
7.40811480485841e-05 -0.003224780689196188
1.017268007947041e-06 5.582493872296261e-07
1.592866510490445e-05 -1.703891304639187e-05
-0.003396672700627749 -0.001142761923086819
0.002473914675337985 0.002623980675756276
0.0002975556557703634 -0.001282493858002671
0.0001333056949144991 -0.0002260442099156789
0.0001365715306638349 -0.0001704479957612359
-0.0008096627086686767 -0.003359771635258865
-1.95428074680387e-05 -6.410737594951171e-06
-0.003709829662639504 -0.004324264558872064
0.005995096755805308 -0.0007736474654578816
-0.003937498627489397 -0.000863832054700151
0.003793477648750093 0.003116793082907421
-4.990223714115025e-05 -0.004196435515883599
-0.002582831451580842 -0.003834934937616941
-0.00338299076944751 -0.0005097598590392281
0.004826773058432902 -0.001519063887864039
0.001064320342794521 -0.004156586398412434
-0.002617024243933737 0.001201129541735397
-0.002823679061221825 0.00217391023778476
0.00277347383642469 -0.002859013877732217
-0.001091153419883781 0.002338868312179401
0.001493679872333131 -0.0002174835200978717
7.106507542871882e-09 -3.855898627159666e-10
2.146382634453349e-08 1.696376967385903e-08
-2.056876756034686e-09 -2.273578345723519e-08
5.444927105143437e-08 -2.06161152834518e-07
-3.714899335057629e-07 -6.966476633815095e-07
4.843551337554306e-07 -1.173022484418e-06
9.841735712283565e-07 3.168377672379975e-07
2.295290836395482e-06 3.205823267247255e-06
3.629577090368717e-06 3.76037612754604e-06
-0.003077940162295786 -0.001581961729178938
-0.003262364845038729 0.00322529215577718
0.003839043020632814 0.002628655895033762
0.001044706795288518 -0.004657492271165163
-0.005182109288740406 0.0003916160122139358
0.002714348990887861 0.004535654668570938
0.003090685432015965 -0.005144666865720095
-0.006378519644921074 -0.001061690607753638
-8.800767107420361e-05 0.006693279075527526
0.006023973571743509 0.002311485757941714
0.003875772311621243 -0.003385296334932554
1.357025437535861e-07 2.119721469268464e-07
1.62802506671348e-05 -5.250758446382614e-06
-4.198983280668462e-07 2.496449185546318e-06
9.236589611473679e-07 5.20411998193306e-07
-9.708740162949461e-07 -1.073354979137932e-06
-0.001503778568432397 8.930715023549618e-05
0.0007758290747371919 -0.002289630758643644
0.001115441197401421 0.001987165095133394
-0.002048802860970871 -0.0006648877098395185
0.00131271347171599 0.0009092194521198145
0.002368295934122249 -0.002119893847344781
0.008163766821097793 0.002157593006434254
-0.007741781418818799 0.004677759208827917
0.002714866823412298 -0.008863710233395985
0.008742308648804702 0.00213833478579918
-0.003242786467775776 0.008421075338270335
-0.003581493990576405 0.007636859826943398
-0.003376059970741093 0.006472561023347602
-0.003370594194846214 0.004726354174156089
-0.002394312622064282 0.003628443787084109
-0.00138224307348147 0.001437723188185206
-1.364700405435243e-07 -2.602667311757407e-07
-6.399554833201318e-06 1.553128767821843e-05
4.105983945043887e-07 -2.829110147710006e-07
-0.004782172917795448 -0.003880761313648258
0.00152556630754633 -0.006414462100291452
0.005806387939650973 0.002941495608719344
-0.004883238137300474 0.003835347574487682
0.0005736721966493523 -0.005870250649950506
0.003231651421571783 0.004286273094078722
-0.004909478220542922 0.0005006174522657908
-0.0004541655998606999 -0.004301048416423548
0.0005465054967336609 -0.002827229486070177
1.570837548934192e-07 4.855094207278484e-06
-0.0002118849274909906 3.377166044708458e-06
-8.30539845260155e-08 -9.487850173083438e-07
1.231349545411591e-06 -8.196718332394299e-07
0.001214764266653682 0.002845247755068895
-6.602944653323675e-05 -0.004514890076900492
-0.0008505661225314522 0.005253033363286612
0.0005556145484403927 -0.005922078506625214
-0.002543080036273272 0.005822071124941318
-0.0003540199183226116 0.00615618296487863
0.001039094070988232 0.003706936666054905
0.002062949022629965 0.000274171371351027
1.679104431965631e-07 2.653329396525703e-06
-4.741119191843065e-08 -2.63380791198767e-07
-1.328120633679438e-07 -8.147826490248478e-08
2.455942576704771e-08 -1.626807985782432e-08
-5.334875243737323e-09 4.433585918692313e-09
7.82110125919004e-09 1.724224539790131e-09
-3.039400671408297e-08 -5.32912877876472e-09
6.883467725275954e-08 1.871992520134119e-08
3.438819497709731e-07 1.526727688112288e-07
2.787882710602437e-09 -1.079544043986632e-07
-0.0004426152350379956 0.002768860533024003
-0.003035984979952487 0.002045377597011584
-5.401138816386433e-07 -2.461985296513597e-07
1.144110507515852e-05 3.491142407078118e-06
-1.995823293765366e-06 -5.448904739642854e-07
6.879959151946655e-08 7.838366989518983e-08
1.858762804866815e-07 5.13255928223807e-08
7.282977867228408e-09 -6.797137582747143e-08
3.125719585612645e-08 1.373136387320839e-07
-6.469257240876096e-09 -1.180960977461794e-08
-2.99210484168344e-09 7.285838942921654e-09
1.60659520031511e-09 1.003609460955252e-09
-7.427483620579167e-08 -3.830375082071589e-08
-1.513770428273354e-06 -4.688103593346396e-07
-1.355789468556863e-06 5.579118949743902e-07
-1.055872254247249e-06 8.541393754385047e-07
-4.759013407115066e-05 -0.0002477651923744711
-0.001018134595236161 -0.0001944556629860245
6.347226046004363e-09 -1.633196323058158e-09
-4.115266566362003e-07 1.682885414383414e-08
-3.060132902599234e-08 -3.229347523826977e-08
-0.0002596829543599611 -0.004230537126759673
0.001399188880234557 0.002205958838578121
1.244181365266333e-08 5.11327284802602e-08
-5.024154443205364e-06 7.78748141482089e-07
-4.166288597931065e-08 1.010177915623608e-07
-0.0004909236548296024 -0.0001953587422220113
-0.001775550833299937 0.000119697511419164
2.436775103887227e-07 -4.673856441957828e-07
0.0001824085794079056 0.0001280013112312675
-0.00267709881706266 -7.156967003982039e-05
-0.004341476674632055 -0.0004263762551328696
-0.00119222615484896 0.0004903687029075064
-6.789637479021747e-07 8.368360778128143e-07
-6.840200801544309e-06 4.825335822435825e-06
-0.002052220459572511 0.005008564673041884
-0.002496961951938227 -0.0006968206415338295
0.005152602390502165 0.00716269828846877
-0.00635242330763839 -0.003598256698630887
4.756701242678446e-06 5.116481812895119e-06
-3.732830017255243e-09 1.136477467922679e-07
-3.659654713519237e-08 8.731157859424405e-09
0.0005737248717325076 -0.002283501197358679
0.002019893052854298 -0.0006247826113545114
-0.001904992356770336 -0.001264476710064022
3.769312570173314e-05 -5.633516305455595e-05
-0.0006434032205639088 -0.003927943533612024
2.695506016550829e-07 2.412924372220582e-07
-8.053506293032471e-06 -6.317391817964966e-05
0.0001548865733590813 -0.003155161060258591
-1.6084437127704e-07 6.990511972339574e-07
-0.001108594691012624 0.003224688140703857
5.405115774344218e-07 1.221451437655865e-06
-0.001408166026336188 -0.003415803291727961
-0.0024826300819369 -0.005226693496327352
-0.0003538503858150507 0.0006565354708600457
-0.004731286926353437 -0.004356838153945461
-0.006165110879918782 0.001493231115988153
-0.001032682878858946 0.002272244678062722
0.0004084719190612057 -0.001586580286816212
0.007518892526796069 -0.0008377269806836468
0.008393320710634524 0.002545211792379716
-0.007300786828733266 -0.004720769755421017
-0.00185782501465676 -0.003482582567169555
-6.324012897641551e-08 -5.203567467716536e-07
0.0006040854222214979 0.004166965583495743
6.210330353692001e-07 4.517731864539858e-08
0.0009791763011522329 -0.002393303651625223
7.189521610616899e-09 -2.324818260975475e-08
1.653945834812387e-07 -2.767990391217003e-07
-0.002758665297214052 -5.885172730770304e-05
0.005648606625295667 -0.004550066573223155
0.001286336223270535 0.005690321519565793
0.00158668032411936 0.003713017245952927
-0.00379529321647284 -0.0002442206622705465
5.183228424718385e-07 -6.84622010698842e-07
3.516595175185093e-07 -2.813916799307603e-07
-0.006200142531085563 0.002710182846318264
0.0003108320326988847 -0.002558819398098726
0.004897729676629874 0.001272562915597953
1.876315201217516e-05 -1.177873406413536e-05
0.0002003991125394833 -0.006005141783719025
-0.001072973516069052 -0.005107243954181677
0.003662012964238694 0.00177162146229158
-0.002452910536820244 -0.006339346430927886
0.004202269158099959 -0.004882989898244301
0.001493239052141054 0.001440959193424762
0.0001499446230479272 0.0009662987996941828
0.00369575068335848 0.005522297582275369
0.005176641215508857 0.001779535608899364
0.003458870024740648 0.007243543386427027
0.008250266671917396 -0.004281458223935741
-0.001332740325344263 -0.009223419516292949
0.004870869868805779 -0.007298555058496531
-0.005395919863243856 -0.006167823981142112
0.004258596025276402 0.006391180394734341
1.818922572174639e-05 2.552297533081903e-07
-3.637890098818266e-08 1.728479112142212e-07
0.0029386274858362 -0.003577834456728845
-2.45412451035639e-07 8.954463101784778e-07
-0.002102111192101532 0.0009476771651008607
-1.221162290453824e-07 4.743465831087529e-07
-2.952181938534002e-07 -4.237775149079583e-07
5.521268671829707e-07 -9.804640308413328e-07
-0.002377956608737822 0.0004773285124745727
-0.001994526883758831 0.001507529114176676
-0.00026217028879969 2.675874542991166e-05
0.005691882137942889 -0.003631069768842357
0.004308544432554658 -0.004419711573286861
0.002831037131188384 -0.005495887312907372
-0.005354213339138002 0.001730789190771102
-0.0003562919482630602 0.002590520669539297
1.206644787513183e-07 -1.344546659710038e-06
-4.228384078691543e-08 1.886417603049035e-07
2.983136667791008e-07 -3.263287907099162e-07
-0.0007514366152746679 0.0003184557059381673
0.001386151628247053 0.004049104699222402
-7.401840763763163e-07 8.443845149972265e-07
-0.001927552900783896 -0.00334306592111424
3.197400906087795e-05 0.0002197837431269851
0.004530506938434141 -0.00335784907099733
3.689448667126055e-06 3.388781706189602e-06
-0.0009885690515116815 0.001486152301769017
-0.0008570728588000837 0.0057203534065993
0.005559343979174225 0.000464560304739271
9.187828739354881e-05 0.006314010050430415
0.004507858946677728 0.002678912265989622
-0.0004527633233004292 -0.005051859783148699
-0.001332610611629013 -0.004684248282679792
0.00144062486505347 -0.001010350693526185
-0.003927791905410889 0.00563185941181023
-0.001286608396656037 0.006435819974827145
-0.005864582177309691 0.002620371847435547
-0.005261179383568136 0.003905986988010314
0.001473882480491403 -0.0003232696273107354
0.0005971663763151358 0.001271244980631317
0.001069783570483028 -0.0006627551144987423
-9.510825993605562e-05 -0.000426599960509463
-4.396578692473606e-06 -5.025525862614481e-07
0.0008450009924889886 0.00524842204421215
0.001057280326213915 -0.006124571051711664
0.00282394257105262 0.00227171540387787
0.002934235652685202 0.008029496364596864
2.06976296387391e-05 -7.280143202789465e-06
-2.271074329768066e-07 1.037494784124801e-08
-0.002419170459735904 -0.004136326298914334
4.729268062980163e-07 7.950732438886956e-07
-6.513427772490808e-07 -6.735762153864254e-09
-3.849925035781491e-07 2.516085419931477e-07
-0.001848922462691356 -0.003048950244944943
-9.073155431032027e-05 0.004523322538319875
0.003040216726622302 -0.003636348135371317
0.001901564587557976 0.005387291300712201
0.003562849652205312 -0.003731799057913596
0.001132467855984633 -0.004644624661228424
0.002392356901194725 0.003205620610905962
0.002307806399744036 -0.002917714952188245
-0.0005998222450389698 0.00293545705884315
0.002014880620048992 0.003229813719498261
-1.413881777681042e-05 -1.344865264076206e-05
0.002255042666798807 0.004626554929014191
-0.005481588775097402 -0.001200378387265733
0.002556310310470707 0.005534322496210367
-3.367515764578368e-06 7.662668197638566e-07
0.0002477187522245181 0.0001810121810189829
-0.0035330454771175 0.001308672540880573
0.003668248127787444 0.002631186573137764
0.005155607922545673 -0.0005355703841595611
0.006089983135747599 -0.0009590106314052943
-0.004979370644943627 -0.003536498048196117
-0.004995377853503517 -0.003951284851157606
-0.005890771135261102 0.001542178502977945
0.001007727251441039 0.004832078123175384
0.002047704679923545 0.003551450404843803
0.003478956759776269 0.003584418206054139
-0.00471592508166641 -0.0002193620234217018
-0.001114106711797684 -0.004284265014300833
-1.777313224611199e-06 6.55729640141137e-06
-7.74551295197729e-06 1.22976889642169e-05
0.000206974522386935 0.000220976577948825
1.308264692983839e-05 1.273719444446925e-05
0.004563677637366395 0.003745700435434236
0.0003125200471237823 0.00530856606970885
0.006375281582183987 -0.001448270523580217
-0.0006084766926999488 -0.006055493212394097
-0.0007161653455461206 -0.006349676102419167
0.005948517974269127 0.001810219450876317
5.999493409240321e-05 0.0004433855236710965
-0.0005701894722431362 -0.002031168857704324
0.0002341559042874274 -0.002391220638164099
0.001553673973708688 -0.0002785915295707941
-0.001574490571168342 0.001959931683742526
-1.738612218423863e-06 -2.038996217621463e-05
0.0007469102526853524 0.0001890135137202107
0.0008154750490059361 0.002259816619834199
-0.0009129111682494144 0.001738684957098926
-0.000246449474074539 0.001860889244562476
0.005824014171771237 -0.002489964429495665
0.002510950698433178 -0.007006357244816657
0.001340285056222388 0.005245852595586371
0.002891587169538851 -0.003525606435051778
0.002280015942918319 7.849177119248093e-05
0.007486021464446569 0.002235149538484836
-0.00428910811777935 0.007028680343666481
-0.008646679903236873 0.002362898956584025
3.024234229594715e-07 2.411478886381983e-07
-8.653822243360771e-07 6.571671541942452e-07
0.0005878694507162967 1.642414993978831e-05
7.618113145666118e-07 -3.920712335666227e-08
-0.0006257206746451229 -0.0006165777263004453
9.728458690550615e-07 -6.474910270634222e-07
3.769898325543135e-08 -4.240822219760083e-07
8.919371450996806e-07 -2.328411067875394e-07
1.482609983793185e-06 -1.506820367266633e-07
-2.294620674993948e-07 -1.68312134689566e-07
4.062710152105713e-07 4.172038379449404e-07
-8.597287926580304e-06 9.382328750976482e-06
5.364050695909376e-07 -7.315662392664526e-07
-1.112635765086254e-07 1.934060156629248e-07
-0.003828758652423713 0.002974115362206998
-0.004359753912539472 -0.003166603530996172
-0.002389343555723851 -0.002437920493741598
0.004414841424075707 -0.002604741730672343
0.003101959015632241 -0.001489214100128563
0.004612218278652588 0.003367628637145186
-0.004910521200642613 0.001450198690803993
-1.206553745343105e-05 -1.209993402434594e-05
-0.0002200169583551421 5.669499352130134e-05
-4.875256979773258e-07 8.585048690384654e-07
-0.005528819826273871 0.0006784042630736308
0.005584960606060127 0.001099553982651218
0.001024142815605863 0.001642579935029757
0.002504630475454437 0.003078061488937332
0.003386068338286146 -0.00364478298782511
-0.005688753921185258 0.0002081931715657002
-0.005562885836410902 0.002319473811130424
0.003555002816809082 -0.0004626983387265957
-1.550211385155217e-05 0.0001117507469331159
-1.907667738497063e-05 -2.97760773551349e-05
7.553036363975176e-06 -1.321293656672885e-05
-0.003759240516296182 0.004224505865692204
-0.004280732975324485 -0.003271455147983694
0.003421192617664193 -0.005700453185804787
1.797632968786889e-05 4.625783972536514e-05
-0.002769860289252201 -0.003603373167403956
0.001480129195376803 -0.0007322515067457893
-2.657610527194587e-05 2.073315884404001e-06
0.0003613492650285945 -0.006590563564168681
-0.001340683539616074 0.006327598127625182
-0.003736283328449186 -0.004569692641918671
0.004839217130207932 0.00389433933966848
0.0007497812616582635 -0.004652408648873934
0.001388460245985155 0.002173446834239308
0.003933430203073508 -0.001211284711124959
0.001078788292876893 0.005840465870469622
0.006055927459425563 0.002439490119473853
0.001360733766569113 -0.0001775887196212621
-0.002292129625711421 -0.001543888597998641
4.42364076224832e-07 5.138614895429784e-07
-0.000211457662483579 0.000126999673636354
-0.0002501191755071517 0.001298890059001473
5.86745315531063e-07 1.603697957464488e-07
0.00075953843622944 -0.0001249692138147216
6.758749959028357e-05 0.0003243532434234011
-0.002972744497859879 -0.000378209413060444
3.275551820438086e-07 6.904149356298455e-07
-8.15492637712513e-07 -1.126361133300227e-06
0.000139757025665562 -0.0008510696836812911
0.0003278128516606149 -0.002971540396009968
-0.006212338354310944 0.001228887463217463
0.001462922862891593 0.00667284324741103
3.283133371852271e-07 2.322100201691877e-07
-0.005258150834324244 -0.002553854602370606
1.628828912208578e-07 -6.881585637006431e-07
0.001107242462911061 5.096280833565337e-05
-7.625916344240923e-06 5.025986132935976e-06
0.00594663421855736 0.00302039372893161
-0.0003281480755431485 5.81022805938416e-05
3.153058379609524e-05 -7.550262606767601e-06
-5.324591924526004e-05 -0.0001481456872166517
1.166344094213652e-05 2.413211836081451e-05
-0.003115656614883245 -0.003236223566908321
0.003598031777206295 0.004151321787256973
-0.003762178681581401 0.00369153734407752
-0.003321675764958376 -0.003606703643188886
-0.0009308174152890613 0.005003012171342157
0.004916099436342737 -0.003395703085082343
0.003237073023905734 -0.002501123179455272
-0.0001052525089159793 -0.0008028628983510463
4.936134471315635e-07 6.573861138626233e-07
-1.124836676572444e-06 3.373393908644587e-06
-1.492551809126352e-05 2.381875837332332e-05
0.0008060007196537009 -0.001795461963744535
0.001396530555139076 -7.644000754413388e-05
-0.000349627642231154 -0.0008850453114109325
0.001834732619657068 0.001872769940234737
4.94207706586067e-05 0.0001064601847690961
0.000604269602260957 -0.005947213464046
-0.001337012181479672 -0.003783639989040087
-0.005111658930200168 -0.001091118516081
0.001550784082935675 0.005967079330679028
0.00268476529791839 -0.005101259480361693
0.002786342928981706 0.004899275940981256
3.248126741944345e-06 -1.264766933519944e-09
-0.002494355697146954 -0.0007062433658169743
0.004884081671921506 0.002875585001509655
0.0002256214639937371 -0.002676778034004628
-0.002705914187213961 3.290285854923744e-06
5.511186211496326e-07 -1.647006625675774e-07
-0.0002386473665250299 0.0002320717437133624
-7.472145219322153e-07 -7.523522554442466e-07
-9.611424138823928e-07 7.789394877221089e-06
-5.304104763304637e-05 -0.0004357191483618784
0.003174070954477179 0.00307271166265573
-0.004154183394261665 -0.001799896197525546
0.002255806337781521 0.0008901509717242243
0.0004533804263280947 0.001369951959198738
4.323983374616228e-07 -5.28176063647741e-06
-7.232110679670029e-06 -1.345353787268993e-05
-0.001801766046812017 -0.00128038064395505
-8.300857974131116e-06 1.853288170793444e-05
3.927470003690333e-06 -4.530212643158029e-05
0.003141394875523662 -0.002576933820086168
-0.0001335062224895015 0.001103875728277584
0.0008557764280607887 -0.00422913084774494
0.0007778693796312407 0.005458626449112156
-1.163013298193209e-05 -1.418340305103994e-05
-0.001409699084905984 -0.004449713343425928
0.002154385019180692 0.003950836294226491
-6.222419733287444e-05 -7.9519063288822e-05
-5.146669948033179e-07 -5.366594679544059e-08
0.001988482839656314 -0.0016081151680289
1.58136929770375e-07 -6.372592476421974e-07
-4.526222276552292e-08 5.135137652268506e-08
8.613520872390676e-07 1.864653715708007e-06
-1.081696286404348e-06 -1.644831945192562e-05
1.078115111410077e-07 1.58197213291822e-08
2.534558571743193e-06 2.806844653795185e-05
-2.181885987662381e-05 1.607199575558948e-05
8.666305175321663e-06 1.374811059194274e-05
1.83395895056835e-07 9.634947465504231e-07
1.793729746348846e-06 5.229433591050639e-07
-1.495104831843625e-07 1.824092899799586e-07
1.540786944771549e-09 -8.194089994185894e-08
-0.0001319106555656445 -0.002849199538710648
-3.301195918332429e-07 9.719556212457996e-09
-0.0008573347309723557 0.001220619293083245
0.001588987791502029 -0.002854482633942726
-0.0005671507059151933 -0.003546232146210457
4.86645298631177e-08 -1.386498626869981e-07
1.273644784451835e-06 -1.408282020382446e-07
1.011083125809339e-06 1.955072207815626e-06
-4.654281213101272e-06 2.586770855651711e-06
1.171671380091137e-05 -9.660442634636808e-06
-0.0008923038223946139 -0.00088901944875615
0.001167188282199814 0.001881324951763016
0.002367917219524264 0.000669153862636068
-0.0006769285285310198 0.002680393911340017
7.936083857276264e-07 1.207602235078796e-06
-0.0009026785773604385 0.002619971423961086
2.034077323865915e-05 -0.002731117251050036
-9.850013488272609e-08 -5.576098376892846e-08
2.319690335224574e-07 1.922800491461009e-07
-0.000777468428317052 0.0002443051254437452
-0.0002166704121774898 -4.891705089171981e-05
0.003786635272423619 0.0009654858182812451
-0.001516287379848245 0.002337732181644297
0.002863562194198794 0.00294789967836328
-0.003935609292962406 -0.0001464610205710327
-5.520445476872608e-06 1.428758264737083e-06
-0.001773383036282937 -0.0001288674701532652
-0.003848091723456144 0.0001369074153748102
-0.001797256262183572 -0.000263614445678855
-0.003015905727842408 -0.0008747361767757484
-0.0001010811482857269 -7.307665993735073e-05
-4.384889456551367e-07 -1.017787904441753e-06
0.0006375916447690554 -0.0005401707399128401
-0.0006338390830268413 -0.000666508349375111
0.0009703970008826914 -0.00225894959814336
-0.001054265265504016 0.002340288619636748
4.399425276331264e-05 -0.002436853857336889
-0.001095240362994089 0.001948273683829299
0.003884488919039303 0.001701516031998942
0.00324302142253099 -0.00155518478700304
0.00373598822614732 -0.001591703426746427
-0.002514111057405864 -0.003417418235271801
0.003438790504261348 0.002394723129041862
-3.397486509406805e-05 -0.003778987770622886
0.002501127386009806 -0.000172212542018248
1.287199708921126e-06 -5.8075456846226e-07
-1.184619902950765e-05 1.108825183226171e-06
-0.0007056448210408622 -9.167500182360078e-05
0.0007415180832961117 -0.00104758820083427
0.001553208498199657 -0.004049750445007965
0.00125575412171912 0.00399350582660406
8.924120577679515e-08 -4.731193323794236e-08
0.0016906694121183 -0.00505666039316963
-0.001058586122386361 -0.002800346219692927
0.0008850417437942698 -0.00468673910232706
0.006502156580637395 -0.001294171421172888
0.004901980566961157 -0.005224589568191841
0.004894487357150642 0.003423485696045357
-0.004620157457219785 0.002870090930702775
-0.0038280061334848 -0.003931431933731049
0.003423769090336698 -0.0001867359940988581
0.004627220577272989 0.001716572417245137
0.003088921573258292 -0.00142963861427216
0.0004552185091641589 7.20901884055951e-05
-2.720498230935379e-06 -6.746613930277192e-08
-4.882429260608927e-06 3.763992486858564e-06
-2.707368419523835e-06 -1.010136696067599e-05
-8.258675174114818e-06 -4.87195756688507e-06
5.021515664434022e-06 -3.021569010728234e-06
7.625952876618902e-07 -3.065062259407386e-06
5.463291813100044e-06 -2.572431004165305e-06
-1.989836638042092e-06 3.549926055957404e-06
3.859642427423446e-06 -3.636656247777937e-06
-2.600057683729934e-07 1.234926374679367e-06
-1.371055751003791e-07 4.417735929420829e-07
-0.0005029186606306187 -0.006451829012423868
-5.346307486026923e-06 7.445113497291722e-06
-1.117532302942924e-05 -6.87519544016775e-06
2.810802919074861e-08 5.035453747345247e-09
0.001269530540896489 -0.002737305973850415
-0.006450282285818935 -0.006165798972969625
8.77355726615261e-06 -9.930182517031467e-06
-0.003957682504367691 -0.0009054160954530426
0.004004180476031731 0.0002730047295027506
-0.0003018702548776372 0.0001064770926387846
-0.001623492002574771 -0.0005535223162998217
0.002382204042194101 -0.0003470581140300072
-1.415413921686295e-06 -1.297601110849875e-05
0.0009950573329639873 0.0001575753581733358
-0.0004398990318669715 0.0007488710796253547
0.002954056945658381 -0.0003541865094794443
-0.006312309884429623 0.001819656259987156
-2.282458687095573e-07 -2.406068999195271e-07
-1.434941975646267e-05 9.82061212854315e-06
0.003500501718379951 -0.005575204338150733
-0.008632101839897568 0.001108878451159295
-0.006707485254832094 -0.003673943419988633
0.0006716676972614945 -0.007715742679646711
-2.385242649413295e-05 8.709510327118509e-06
8.398848427320468e-07 1.266796197341414e-06
0.001061044617858918 -0.0001433518311449007
-0.003613381534720306 -0.0002141853380232777
0.002407804730488231 -0.00245564763331494
1.61001986898567e-05 1.305242805971872e-05
0.004252908313495544 -0.002285328564476588
0.002505947371164415 0.005547622787830664
-0.002672381447272109 -0.004869485575801593
8.359059640986334e-06 -1.354671373049073e-05
0.001720839774828317 0.002153396175148772
0.0007823405904074157 -0.0001023132651744992
4.994293050609529e-05 -0.0001038338536004386
4.512638856533032e-05 -1.259591687300887e-06
0.0006635410344290655 0.0001641486673774826
0.001359316083580146 0.0008425721929650592
-0.0006730808204215517 -0.001224505274048236
1.027201599390565e-07 1.22800984883746e-07
0.003276365964896127 0.001216901713563443
1.907183150128106e-07 -8.929338723037211e-07
-3.443077963129252e-07 -1.380620680800585e-06
-0.00243409567796103 -0.005551147160113085
-9.575899474852755e-06 -4.408247008061797e-06
-2.739772907363039e-05 -6.794696376473135e-06
9.514623123619426e-06 4.254771778229626e-06
-0.00308213171362379 -0.0006958820922161188
-0.0002623988329943706 -0.001054766732479759
-6.589705928360896e-06 1.884439559576221e-06
4.179507191459007e-07 -1.815985248817398e-06
1.450953614576692e-05 -2.566686401264271e-07
-4.603794475185496e-06 -1.871578706268019e-06
3.222005186124524e-06 -9.548666439855709e-07
2.701482177037381e-06 1.75867064625291e-07
-0.00300558693341521 0.004354046161559036
0.004993148511130156 -0.002343911086137244
-0.003833243836906673 0.001997139669003925
0.005133104873498121 0.0007941947302078098
-0.004372604335657009 -0.002243726126461146
-0.005775874345079864 -0.002545970763864821
0.004746688757553181 0.003451059447280944
0.002766143801637171 0.004389333817072176
-0.003210454512748297 -0.00538497391395411
0.005478055163880676 -0.0002393796770712575
0.006209311425341091 -0.0003488076503647558
0.0001370736063298903 0.000757889355482431
-1.013774750165584e-06 1.548499613218374e-06
0.001718585207220159 -0.003812445510200988
-0.002572051926647991 -0.0001954406554500439
-0.0002963473084151979 -0.0007939804055304688
-9.231817347833713e-05 -0.0001209538002145793
1.754587639634405e-06 -3.084506355657086e-07
-7.350835829240419e-08 1.103771041444052e-07
0.001835227915923627 4.401946768784667e-05
0.0002933836272285769 6.699566008011992e-05
0.000330569260434445 -0.003614534148051207
1.044583867601783e-06 -1.79838398855726e-08
7.463639227029279e-07 -2.469347008721592e-07
3.608185295944862e-05 -0.001279425969398643
8.767098948520821e-07 -3.350185432712685e-07
2.904850446215904e-07 2.058297783843953e-07
2.139092714433114e-07 -1.663244064043914e-08
-7.411872068970334e-07 4.378507099069918e-07
0.001315843088659152 -0.001431565340397647
-7.215378117684871e-07 1.252891248665712e-06
-0.0007260108556019754 -0.0007813542312815696
-2.151240469576846e-07 -4.401598409898909e-07
1.076813513890705e-06 -2.149793167445583e-06
2.79791157473507e-05 -0.0001461891662182589
-0.0002639275984631604 -0.00448869066778504
0.004622747156629668 0.004015288690033052
0.001637728134501889 -0.005630180237141066
0.004983609633736737 0.001474877033049655
-3.000017856575339e-07 -1.140029004459695e-06
-1.063313302230145e-06 5.050265090414687e-07
-0.006298801812134937 -0.002231865295623489
-0.006148803790233539 0.001199629480205818
-0.002424866096794266 -0.004105154970131005
-1.75174065871189e-05 -1.120753923012928e-05
9.617852810311194e-06 -9.318374792128315e-06
-2.00757417821432e-05 6.646875122422643e-06
-1.865291844454497e-05 -4.440982468740935e-06
-1.250100045181591e-05 -1.508557413218707e-05
2.924535063772658e-06 -8.876615760647237e-06
-0.0001348326426043828 -0.0001079023583734078
0.002145184748040869 -0.004577823794483564
-0.002622460069330442 0.002754860764388166
0.002824219994972233 0.00320664807929031
-0.000823833767598533 0.0004066231121171119
1.736143551856239e-06 5.634182333326882e-07
0.001737383078868411 0.005523266807022149
0.005353621435776229 -0.001246071883110636
0.002385949109534685 -0.003373216407967409
0.003170260001103412 -0.001026011219875882
-8.421286855928683e-08 6.92724543426585e-08
0.0004646910658256597 0.003585289468086416
0.0005171046077436062 -0.006548273672488189
-0.00488856980080516 -0.002705311615854779
-0.00143764568286399 -0.004725106984834424
-0.0003139106080486978 0.005708336003648971
-0.005751025158633078 0.002328556119380809
-3.791119253992793e-07 -2.059159349800691e-06
-0.0001869097514510979 0.0006708542895666613
7.458280516284847e-06 1.803871863487592e-06
-0.002436821270105729 0.003914725343819763
-7.690778158090921e-06 -7.755217963233652e-07
0.002592976275683139 -0.002196400630812811
0.0006531196856554005 -0.0004881613505361462
0.0002631799059305919 -0.0001221644947072019
0.003668106700822409 -0.002179914137315428
0.001857908428867598 0.0004108341566699125
0.0008238784345707075 0.0001843584859747684
0.0005177251451904283 -9.302478010837511e-05
-0.003011641734856895 -0.001239855651922052
-1.910483779723992e-06 1.369336545230097e-06
-4.402139398512679e-05 -0.000256030156624573
0.0002975177382561023 -0.002625539568504025
-0.0003893627957186772 -0.001195402029591001
0.0001296124078422925 -0.0008377690572143068
-0.0002723485880471769 -0.003102315706081272
-2.860426318166631e-05 -0.0002159946979799942
0.0001286225979966744 -0.001489441215152883
0.001774342325274751 -0.0008336411813554321
-0.001045834850995824 -0.002312632999434731
-8.362873716698243e-07 -2.104793640275697e-07
0.001020527591609562 0.0001521752455253469
0.00251852525916458 0.0005186984068267473
-0.001714000338005615 0.00507760767270956
0.001449489807716082 0.001732104754954904
-1.812091963377609e-07 -1.296757084865719e-06
8.368535945134126e-07 6.720979961737593e-08
-1.70387951493556e-06 5.194196660074165e-06
0.003991174315145724 0.0006563923483859047
-5.124544241234257e-07 3.984228221262276e-07
0.0002614459696472532 -0.002330150320364679
3.693934555228676e-05 -0.0005172961796544877
-2.336434159164408e-06 5.742603891889586e-06
-2.776204292016807e-06 -2.907092542155715e-06
1.441203549395786e-06 -1.068417334404963e-06
2.345522700012942e-07 3.419026671008545e-07
-2.35626024360929e-06 4.999805563369732e-06
1.16468214426827e-05 2.335556376899608e-05
-2.80208310194169e-06 -4.1802052061538e-06
8.445219405326552e-06 1.054378158978283e-05
-1.267940750337299e-06 -5.550970988885309e-06
0.000124913733879932 -0.0004732437447477729
9.364740111237106e-06 2.164163090979446e-06
2.293924742337543e-06 1.930918267380799e-05
-6.196879328433307e-06 4.840520505985999e-06
9.598024894788916e-07 -1.491068981398716e-07
-7.261805304974891e-07 -9.023290082222008e-07
-7.473557614021246e-08 -4.854327111464947e-07
0.004042122344730691 -0.000572030502513026
2.618938677270937e-05 -2.262050785988827e-05
1.021096736900514e-05 1.69305480901688e-05
-1.37447537269028e-05 -1.411986385005754e-05
2.022328481398907e-05 1.077187809120034e-05
3.995972451040133e-06 -3.46340764950282e-06
8.3129047688522e-06 -2.986642352711056e-06
1.59153634832041e-05 4.752127406428459e-06
-6.906190653740535e-06 -2.39463381722645e-05
-0.0007391568902089913 -0.0005500484144611385
-0.000296463713825918 -0.0001950461711898869
-5.040164651084261e-05 -0.000111099777998324
2.864363924330746e-06 3.915250241493384e-06
-1.261572869507734e-06 1.825702314482545e-05
0.0006453918931641393 0.004171470757656251
0.003134192578679071 -0.001333033248746487
-3.756806292465371e-07 4.614604062024815e-07
-3.576476772672332e-06 5.227085823835836e-06
0.0001523203684572335 0.0004623903350443143
-0.001521485063724261 -0.002624483057523433
0.0007741332142320086 -0.004533241047868172
-0.002688942789673233 -0.003573412091544571
0.00255283451637956 -0.004659348080025364
0.001196214992127342 -0.001698675103757726
0.0007619103757852868 0.004370081002342827
-0.002645417199775849 -0.001015785428700797
0.002473602415425186 -0.002370558399328901
0.001805419306893912 -0.003875635546026544
-0.001169762138021597 0.001860297850923136
-0.002588848014592345 -0.0009802569106568291
-0.005723449174724253 -0.001145884596325781
-1.340126734615614e-05 -8.643590856840583e-06
0.0003761900816147363 -0.0002489960998030891
-0.002096079438970556 0.0004449770527537584
0.0009339974896376339 -0.002435659459066276
-0.0007631679172285295 0.0003912112331127175
1.6280382982206e-06 -2.044664693912854e-06
3.002401845981585e-06 2.958051764887223e-06
8.631621112366372e-06 1.742778070622457e-06
0.00255492572663952 0.001722292041965268
-0.0005028029884371844 6.43930802033917e-05
-0.003242890224935526 -0.001181212511866484
-0.003888649562503005 -0.0001765451911816272
0.00145008640368923 0.0002556069163349723
0.004069244966185387 0.0005540083961956028
0.004863494608895741 0.0001311715464507258
0.0003292299972683904 -0.000666862262080479
-2.083113990261434e-05 -0.0001118734318675477
0.001430571702750693 -3.894391114673335e-05
0.00104958369875742 0.0009667924702461807
0.001393550097121331 0.001044508011730827
0.0007555898131808099 -0.0002206240411898608
-0.004786772496941896 0.0009354805534104035
-0.00174931094280351 0.005728631952028529
0.005104459238858389 -0.0002384837674728597
0.0003876499742924424 0.003062146140315761
3.958039899213046e-07 -5.777303324310591e-07
-1.098679191544021e-06 -5.023613909380802e-07
-1.599293958433691e-06 -1.506738709861494e-06
-2.299803897146444e-06 -3.436864088285643e-07
-9.887432451189135e-07 8.353923998724259e-07
-4.309726628677127e-07 -2.061496610150236e-06
-2.103378967221088e-07 3.412623276517632e-07
-5.177748358015948e-05 -3.278392239535414e-05
-0.0006882532455651469 -0.0002720324550801669
-6.212275799697828e-07 -3.863115739439149e-06
7.993071615724882e-06 2.810031580156907e-07
0.003352272527896377 -0.002170968197173326
0.0002622969392575362 0.00196667015420585
4.389844127460403e-06 6.837720935305255e-06
6.593531606366967e-06 1.002398062522759e-05
0.002173613973277391 -0.003237879684625374
-0.002446323862636503 -0.001924198170022605
0.00383911143630522 0.00179878700166632
0.0005098944946929678 -0.0001981023326423264
0.0006610682941254446 0.0003630479480736362
0.0004768772764374654 0.0009392137844281994
5.822050079366074e-06 2.391146351585197e-07
-1.361329747013589e-05 7.348727665222474e-06
3.384779077721992e-07 -7.092869203395606e-08
-1.730688240097234e-05 -7.458877578308354e-06
-2.403692080680625e-05 -7.997524544754791e-06
-2.473131975877288e-05 -1.69349848873335e-05
-0.0001517695135506005 0.0002282781199845117
9.260327506095905e-06 -2.23724390752655e-05
-2.090841449627274e-05 2.474626720043442e-06
1.800121746200364e-05 -3.644902918587934e-06
-7.172645467241479e-07 -3.76068240639636e-07
9.760108333759094e-06 -1.136728972217264e-05
7.374049760142925e-06 -6.132562645388842e-06
-8.542667994812775e-06 -2.163546946632788e-05
-2.688073325901837e-06 8.050473976896284e-07
0.003722213776448522 -0.004760468761006345
0.00343600648018801 -0.003678821303578033
0.003391426280212703 0.001546094913614949
-0.005522057311885043 -0.002672637762572382
-1.249092657716061e-06 1.275882852779626e-06
-5.356592750903131e-06 9.04677167585654e-06
-0.0009722601099148105 0.0004197492547133776
5.528290441794583e-06 4.118480024944328e-06
1.209054499163165e-05 1.957401466300213e-06
-2.913981126705367e-06 -3.737540828153379e-06
6.579646092116207e-07 -1.087403892506934e-06
5.08680735646937e-07 1.354016963999734e-06
2.326561795541371e-07 -3.508226827065305e-07
-3.263545781978853e-07 -1.357468049405716e-06
-1.122733264117427e-06 6.168672632311586e-07
-2.3570295026583e-06 4.788303793136275e-06
-1.175586855659301e-06 1.867163928541586e-06
-0.002554241357234275 -0.002418634897709665
-0.003746304194647895 -0.002318132672776913
-0.0001366682486443554 -0.004475380256752507
1.502772863764235e-06 -1.693918819954404e-05
-2.534137390383937e-05 -3.568413741485982e-06
-7.418760549288259e-06 6.215391714155157e-06
6.335270661042691e-06 7.233476776022999e-06
2.234057091491049e-05 2.208892314041184e-06
-0.003554746464474384 -0.0006193783063948939
-0.0002200277504599656 0.0002475448365978565
-0.001579760021671677 -0.002252288777551021
-0.0001158507335359815 9.602954909452909e-05
-0.0004562791466975493 0.0001248506721171903
3.837534439833388e-06 -3.310146285258279e-06
-0.0008549078189789552 -0.0008539388271980242
-0.001022599942536578 -0.001572054660909309
-0.001592897982062146 -0.003179933864098463
-0.001557584472178141 -0.004299633233951324
0.00300123192256569 -0.002544191015668073
0.002120881038300229 -0.0004507642195037942
-5.313545526399184e-08 1.002215712329736e-06
0.003587195784047434 -0.0001350912548771241
0.001780431394420157 0.0007360972411655664
0.001341372790157463 6.515812857462443e-05
1.608851677482321e-05 -1.139753820629244e-05
-1.008581043268979e-05 1.980429700404324e-05
-3.131298768466744e-06 -9.451286429140886e-07
1.767692280295834e-07 5.058082086358331e-07
-0.0005876050895736651 0.0001749059440604703
8.13407998997727e-06 -3.423627683482106e-06
0.0008284783140141013 0.0007848308223459798
-3.57635193990474e-07 -1.760475798988813e-07
-5.957782428317887e-06 2.629509378329558e-05
2.940196716827445e-06 5.362744214888966e-06
-0.002336504091844331 0.004163412820208878
-0.003782754978912615 -0.002822553378672066
0.00231067152833377 0.0007530978269836105
0.002555321110466747 0.0004911963607579831
0.002706079185522353 -0.003458070166131617
-0.0007479922840529221 -0.002094202006840145
-0.001996577449624917 -0.004789420782128196
0.0009225065145651338 -0.0004313943654908638
-0.0001673491381874532 -2.557638846019784e-05
-0.0001268764682493503 4.371449598478184e-05
0.00425488087282262 -0.001807589802226269
-2.26847946822135e-07 6.065243809309135e-07
-0.000886519516350268 0.001032292898762164
0.004664826451457416 -0.002293432366088983
0.005286724613570757 0.001388700802479523
0.004330725781098059 0.0002290022486178879
0.0003738379931337479 -0.002574028655634952
-0.002806044666708049 -0.00235080315395569
0.0005733437538483879 -0.00393068072076281
1.133323055927612e-06 7.633452381876679e-07
-1.88326884730418e-06 4.536526655021815e-06
-1.430203108056897e-05 -1.534748247520781e-05
-1.519671581563418e-05 -7.224517143519066e-06
4.660241059130978e-06 3.62072942145546e-06
9.811015737547835e-07 -2.430206361204252e-07
2.274725651476508e-05 -7.763279728535599e-06
-4.352099347918276e-08 9.546792503959395e-09
-0.001472403114895116 -0.003175149328680548
-0.007520907384276538 0.005630082926295568
-7.840807040705788e-06 -4.466246233243111e-06
-8.101803982806006e-06 -1.488494964531244e-06
0.0007627621297895999 -0.0002671815079915622
1.351019930872644e-06 -4.611952625560078e-07
0.00252227622888116 -9.794433636154609e-05
4.973362526845193e-07 1.235417092846652e-06
0.001040513425236823 -0.001301477933524295
-1.673857793384481e-05 -1.581228942527404e-06
0.001402445175211476 0.0009475007242095088
-9.238292696639889e-08 -2.897958794470943e-07
-0.004865418436521105 0.0007274399060639331
-3.835277858288364e-07 1.297569201732666e-06
0.0006920277104363965 0.009096773492292072
0.0009802555780823211 -0.00174878464442846
1.737866263355323e-07 -8.248278353394981e-07
2.905654002452092e-06 -7.341392806640644e-06
0.0005355337309598078 -0.0007226643511738677
-0.0001030955196317939 -8.45119401133776e-05
-1.985443210866714e-06 3.544761076849156e-06
7.946355061192246e-07 5.703686880254389e-06
-3.353297081129004e-06 -4.883576857802359e-07
0.005280472099669978 0.001236160008144794
-0.00118063836565012 0.0003611478148840834
-0.005324423903195433 0.001121258479068986
-0.001836795208628638 -0.00433144155634599
3.749934545661075e-07 2.079637199983995e-08
2.970560221059079e-05 1.088286126674069e-05
0.002194545012516712 -0.00111946212317989
-1.962458154955112e-05 5.743689349276682e-06
-2.04509589702089e-05 1.133391123205972e-05
1.522485417570037e-05 2.455437248790879e-05
7.640657017246924e-06 1.531662246867173e-05
-1.253564450566385e-05 2.058467678660337e-05
1.411073446620726e-05 2.100617260637732e-05
2.019921228728988e-05 -1.870057200156738e-05
2.613668030306595e-05 -1.05511225264456e-05
1.800344255938572e-05 -7.938840716632451e-06
1.989998639158398e-06 -1.623839574899847e-05
-5.305774775005566e-06 -2.628876156817254e-05
2.031266722641702e-05 -1.673112168741829e-05
-1.113805824542623e-05 -1.726487759369934e-05
-0.004840931489794053 -0.0008555487767394603
0.002449990822361818 -0.004027256561686432
0.001862301124879312 0.000949808730260897
-0.001432751623902058 -0.0007973030358360378
8.015958598767668e-07 -2.873220200908605e-06
-8.218272813313845e-06 -1.997653510991249e-06
-0.002751156849355922 0.0002895252698244166
0.004750232194282009 0.0027629196715731
0.003125602933443006 0.003964688756526308
-0.001666813628679643 0.0005707632361591483
-0.0001798339533661226 -0.0007946744938715202
0.003665954028490158 0.001403473552328094
-0.003627589819214669 0.001489659982221047
-0.0003778414317491289 -0.002121238526684495
-0.006178836710788516 -0.003307465896437143
-0.007574205544083224 0.002974953219558582
0.001702086438823288 -0.001324677172902905
0.000372913244962901 -0.002725350541410698
-4.664705866618413e-07 -6.037911623908541e-07
-1.408572927576442e-05 -9.511728855860824e-06
-2.639898816950487e-07 4.315943876768203e-09
-0.0001134495980469975 0.00022303524226396
-2.463841354527865e-07 -3.740816911591923e-08
-0.001101779106687991 -0.0002315756131980207
-1.151508043168845e-06 -1.537643746617254e-06
-0.000682503271028199 -0.0006965979437258897
-9.390113638027727e-06 -1.409393956483793e-05
1.860589146666245e-07 -9.538537042242148e-07
1.888900389394442e-06 2.128961257451851e-06
-1.652782397138815e-06 1.167635655677954e-06
8.545976833759546e-06 -1.056337861130614e-05
-1.355508321509219e-05 -6.858411848783508e-06
-1.560989339380658e-05 -2.680678482170056e-06
1.268140314178318e-05 -1.372028300414448e-06
1.80387233327565e-07 -1.799630169696373e-06
-0.003287473362192655 0.0007217034452684171
-0.0001839783284762131 -9.403692880821748e-06
-0.0006489294996353902 -0.001984687147095562
1.862408336210498e-06 -2.013030554133158e-06
-4.783469248512063e-06 -2.034522036729682e-06
1.462399299495606e-05 -1.945639789110266e-05
-3.203863761258648e-06 5.840192870544232e-06
2.200427037726091e-07 4.33724389078232e-07
-7.396625341257763e-05 7.819061163348573e-05
-2.184435811020681e-05 3.637513044289508e-06
-1.740043234187398e-05 2.380486231925635e-05
-2.113488081883507e-05 -7.122420466402019e-06
-1.880541077866949e-05 -7.830292825881183e-06
4.440217677115772e-06 1.062979082446687e-06
1.731466518883704e-06 2.122000357189314e-06
-0.001678538928341433 0.001936134708293872
-0.0001489242318703172 0.004876593059263829
-0.002084985811571112 -0.00599086129824148
-0.001981994969863309 -0.00402729157938672
0.004508780265554199 -0.003254577687843482
0.001491703766178251 0.001264128804947211
0.005233372183805662 -0.003520189948143302
0.003049617833614113 0.001646978601414899
1.374380115220142e-06 -1.139878994608722e-06
0.0002553199403012634 -0.0006465814014989577
2.367035348978404e-06 -2.519936056989186e-06
-0.003232675589784362 0.003020364155330268
6.012797412778647e-07 -3.53441761957211e-07
0.003224622007539629 -0.002639668679361707
0.002209470320752615 -0.0001044472958723072
-0.002613677871544047 0.006940981926542645
-0.006290058607794207 8.724039717721937e-05
0.0015402037750033 0.008541370079564375
-0.005945179295259001 -0.005854546751373489
0.000116978576118247 -0.001785083018871329
-0.0002733252333974835 -0.0069227449583237
0.001740951409905313 -0.001815566260882627
-3.594778543817586e-08 -7.662146139960529e-08
6.695763008431953e-07 2.679200179716675e-06
0.0002957932839885536 -0.0002021027539958076
-9.499679644660589e-09 -5.158059283142029e-08
-0.0005940850991936966 0.0002886336070722077
2.134302376388e-05 0.0002775596363395007
9.185651610058314e-08 -4.44515638219024e-07
9.722238179150896e-07 -6.994969421607329e-07
-2.017870789224443e-07 1.77391573752531e-07
-7.70639174729702e-06 -2.204786380828854e-05
-2.583350555549335e-06 1.468201508665437e-07
0.0006810112206866135 0.004183930224009026
-0.001568954808219924 -0.003996588877632778
0.003495983839699216 0.0008262126411760262
7.065795510758588e-06 2.34163280445103e-05
4.362938172389789e-06 -1.706069713689262e-06
-5.382247626109671e-06 -7.932094999614292e-05
-1.305578812746605e-05 -8.527971245792357e-05
-5.174333904471065e-06 0.0002471349542359045
-2.035675016008031e-06 2.456171168181249e-05
-1.240267959112934e-05 2.282099420757672e-05
1.471346232216692e-05 2.083377871148198e-05
-1.438420244800763e-05 7.807520310579068e-07
-1.290596892904103e-05 -1.707607969487386e-05
-0.0006074191895850328 0.003838461985817768
-0.0002218380692032004 0.00488161484866402
-0.005475257754309942 0.003517155444420478
-0.005266293069407724 0.002951980944541598
-5.140078738141012e-07 2.977399568148195e-07
-1.320979560161987e-06 -1.014610589574687e-06
0.0004970884609001205 0.005716982089364928
0.006155929498299553 -0.0008412191327513852
-0.003348595564407866 -0.005636994985297742
-1.156922646098335e-09 6.887649161024938e-08
-0.002096479864650202 -0.002972878387745832
-1.711540893927392e-06 -2.081368698028893e-05
-0.0002504336041405508 -9.066378694387961e-07
-8.041944308422138e-05 -0.0001053951616375527
-1.569244348976447e-06 3.398522580230943e-06
0.003966656824276452 0.003042460883696179
-4.319282081600559e-07 6.749720620933132e-07
-0.004698602064351331 -0.001183284117039135
-1.614762307277226e-06 9.575530474137337e-07
-0.001527280260262471 -0.002661153131035452
-0.001107194992462047 0.006021927885256569
0.002723113388629308 -0.004747520832927636
1.790844156727758e-05 -1.57033096847312e-08
1.742638022175355e-05 -1.141135208534875e-05
1.754384292473051e-06 1.972546028964728e-06
-6.488146164482079e-06 -1.976161816538264e-05
0.001802051320684708 -0.001017667163802178
-2.05729790537707e-08 1.829068320344225e-07
-1.31337565947825e-07 -8.480756910125886e-08
1.639093098060541e-06 4.384806429554544e-07
0.0006268746665170689 -0.0007794417014931431
0.000370754776368056 -0.0005686598854912862
-1.122503151860584e-07 2.182523214589905e-07
5.307111738567745e-08 -5.383071287967386e-07
1.36492940924162e-07 3.465748677650213e-08
-7.137831027238171e-06 -1.773805069044001e-05
-3.284337954338966e-07 1.932760525148895e-07
-3.640211293501841e-07 -1.434515910219947e-05
1.656397004487459e-05 -3.82534259898673e-06
1.534124563017041e-06 6.646668341957473e-06
1.941411778235332e-05 -8.574168520448524e-06
-2.705555276518861e-06 3.247880316150752e-07
1.572207938400693e-07 -1.710739578198055e-07
-7.783882098242453e-06 1.672922564181525e-05
5.738972994031396e-06 5.650668748070062e-06
2.143069174496866e-05 -2.698341691237364e-07
0.001703585766062971 0.000926196447436303
-0.002156428251340947 -0.0007911199356266709
-4.125447782198245e-06 1.795904473958098e-07
1.252036651936625e-07 3.769082844305529e-08
-1.188280403405663e-07 -6.094036831809502e-08
2.257409669373679e-05 -7.279795987416734e-06
1.777496219623943e-05 1.119615755000425e-05
1.191532873857123e-05 -1.291007945771108e-05
-1.271315977551997e-06 2.275633057618038e-06
-5.516981389007441e-09 -1.566949721654606e-06
9.921549429473376e-07 -4.293328471279434e-07
-2.897711188037429e-07 4.258982542860786e-06
-2.020340810188948e-06 1.821354837681635e-06
5.662716535424229e-07 2.118771130940024e-07
6.489105987512788e-08 2.014527617565689e-07
-1.43356542687719e-07 3.738575055119786e-07
7.540222101354681e-08 -1.626719475420049e-07
-0.002680105280889184 0.004041208557991592
0.005440519584250675 0.001291594816119178
0.004359006565756725 -0.002686437355592558
-0.002931904474179008 0.003452960778543633
0.002242386945821369 -0.005458246434415561
0.002514915841467457 0.002232361141323346
-0.00313594432861322 -0.004455876402960228
0.004843829785251912 0.0004500928940038088
-0.0007410504147619394 0.0006551007979890184
0.00453581478327445 0.003678726113498064
-0.002454278552649612 0.002851927843628737
-0.004865102532422596 0.0001958501710524658
9.699497935895934e-05 -0.0002387089561342371
-0.00339357056506013 -0.001649651472744447
-0.001614016987733463 -0.0009015926410902446
1.102027137510417e-05 -1.842277752030226e-06
-2.07070970459408e-05 -0.0001250309926232142
-1.73285877095095e-06 3.086441774094185e-06
-1.3771015547919e-06 -2.54446612268488e-05
-0.0001901381132686468 -0.002207222566685836
0.0008618172999926526 -0.001902510282877149
0.0004884043841157714 -0.001100384903415193
2.54265053585565e-05 -0.002635094593499356
0.003738381862208794 -0.002785850140598624
-0.004945409846289949 -0.0006837759362628387
0.0001579621949127528 -0.001419519412756094
0.00180194890783706 0.002995633834055087
-4.385598165630078e-07 -2.510882065793851e-06
-0.001295176752974475 -0.0001300405387327935
-4.648260576463536e-06 0.002022944616333656
0.002035287121125274 0.003277848178652827
-8.996808019544064e-05 0.004073202136562881
0.002629255275502011 -0.005314763631407312
0.0006823234021005093 -0.005251412574617967
0.0006020036281503805 -0.0004949204435797843
-3.481794665810896e-08 -1.135648683022078e-07
1.167877953848715e-06 2.675785732147876e-06
2.391905918181906e-07 8.458342189560641e-08
-6.849394848598076e-07 2.855069842845541e-06
1.440409726300869e-06 -3.163436769811388e-06
1.844361411152734e-07 -7.704341354055188e-07
4.421203603510943e-05 -3.173898874605819e-05
-4.839024394376233e-07 -6.767275166173059e-08
-8.786950453946594e-06 -2.578782017896494e-06
4.774511869888019e-06 2.539047921292409e-06
9.143095063664673e-07 1.877568259285291e-07
1.279826948645357e-05 -1.663762609160722e-05
0.0001318569091957115 -0.0001254670468198134
9.92794119423111e-05 -7.258627185670105e-05
-6.4560682301325e-05 -0.001068720645209162
0.0001527171264705746 -0.001209536383556321
-9.715661534462389e-05 -0.001141981636361528
0.0004048938491376074 -0.000877474741514421
-0.00156731702577446 -0.000210835686432755
-0.0006353899603134105 -0.002180514859246883
0.0006108705401603368 -0.001537736575182561
0.0003210357142662567 -0.0005093100433578794
-0.0008667085447677406 -0.001247748235158007
-1.494482337117555e-07 -3.437587484115879e-07
0.004365140476524142 0.001733920260189358
-0.00115189997864579 -0.0002312306692645295
-0.002397061377697712 0.003740765492028564
-0.002667451738544862 0.004757865128556892
-0.001687901374909734 -0.0005663874818001572
-0.003725768703436134 0.0004758356101753489
-0.00487419012975729 0.002430112264114963
-0.004092107476256143 -0.0002458524047192405
0.004545709725366182 0.00315020788725732
9.054853377460104e-07 -1.663253349694327e-06
0.0002328141022461497 -0.00418049138381194
0.0001669358784263457 -0.0003085175811255067
-5.147036064521125e-05 3.676156133002242e-05
-0.003950396768438928 -0.002441426718669143
-0.002949991883688171 0.001966455349574172
-2.573094895995158e-06 -1.117941922324588e-05
-0.00318616089016448 -0.00249009778269809
-4.267685482166237e-07 1.324460902477262e-07
-0.002488918379482228 0.0008536858281471163
0.002951728030408607 -0.0006455742635066438
-1.924385776800225e-06 -3.426864073676098e-06
0.0007763291561744563 -0.0001281034805796344
-3.183785015491215e-07 5.431587629062469e-07
8.094593666972402e-06 -1.024782403429442e-05
-2.631204574211455e-06 7.770870647389976e-07
4.325741683543111e-07 -2.593742202862334e-07
-0.001938799340101773 -0.00181066870072155
-0.004200444673632533 0.0002730274361850996
2.174151172290911e-06 1.632651458678567e-07
-0.003741690076357067 -0.001051671646927598
-0.003135767574227461 0.004100441224233317
1.120803610954056e-05 6.880333260039312e-06
-0.004218044816012415 0.001595914384030996
-2.516698679435994e-06 3.939550351937743e-06
-0.001184389942930271 -6.712717909050078e-06
8.034933474471956e-07 -2.451180907915328e-06
-8.199079820031549e-06 -1.054779156150594e-05
-3.267485650018815e-06 -5.399405598973931e-06
-1.423667690674724e-06 2.678540261401898e-06
1.012321294770393e-06 3.309734071332047e-07
3.97618787718425e-06 7.425810342424399e-07
-0.00235308132507478 -0.0007089327084171046
-1.299320970090891e-06 -1.705001479261547e-07
1.217796130736038e-05 -1.693874838791198e-05
-1.274980800501149e-06 5.938564687379351e-07
2.739579431453626e-05 -0.003048500060525741
-0.003504250656574258 0.00231673872211141
-0.0007074752322410051 -0.003740072034871717
2.148473156997816e-06 2.068581077451836e-07
-1.654990939806483e-06 -1.20765147136447e-05
1.750608142986988e-06 2.218851086616417e-06
4.047657508024881e-06 -4.095339390087675e-06
-6.140168840979435e-07 -3.26218527482534e-07
1.230109468145864e-06 9.894331658587998e-08
-8.337149872183389e-08 1.318120224757702e-07
-4.545323552126675e-07 -7.423416730775356e-08
-1.763848507368373e-07 -7.104316781665068e-07
-8.111005291224702e-07 2.828765189093698e-06
-2.873865553589277e-07 3.055312038119456e-07
-0.002704456696428785 0.004426883379033925
-0.001315461151485359 -1.901745499009328e-05
-3.551590188546535e-06 -2.476405246846159e-05
2.525112662679168e-06 -2.257413654415714e-05
-1.068845497708797e-05 -2.041357433128378e-05
2.761022789892782e-05 -5.425830771760173e-06
5.885089153795773e-06 5.735718036376597e-06
2.756582386629581e-06 -6.236399943732054e-07
1.630356223746111e-07 -3.322854432639819e-09
-0.0008526898150800521 0.000307413681561258
-0.000587283836594609 -0.001199088190299421
-0.0001838830427097604 -0.0008367153384063557
-0.002965286751017028 0.001163327799743901
-0.002385662016924346 -0.00242403751315338
-0.001445679376695611 0.0007266906525128194
0.002133939962011691 -0.0005531761092683884
-1.803725253908992e-07 -2.97447884508964e-07
