3.220779416118658e-08 -7.915528113200908e-08
2.395947223346399e-07 3.94683315715833e-07
-6.71934399624374e-07 -1.13249607877653e-06
4.168086445789472e-07 1.096831954300295e-07
-6.262313648053716e-06 -8.636716722391656e-06
5.777115863695256e-05 8.954184092495938e-05
-1.886584681116353e-06 1.17052815665004e-06
-0.003169303117973602 0.005791807762722893
0.002318298762475721 0.00545426639582343
0.001251002983806307 -0.0002064025903746984
0.001930163349571372 -8.548481070065997e-05
0.004200136221864172 -0.0005876007700039143
0.009162739961262352 -0.001432912284200981
0.0156064980247864 -0.002936536185651052
0.02133652947049697 -0.00451463854484605
-1.330061979231734e-07 2.953896443208874e-08
-4.378640287352046e-05 0.0001862767752673033
2.610910289193711e-05 -3.286734518912522e-05
-5.261255173259878e-07 2.076418509628786e-06
-7.81887424788543e-06 -4.296825114801696e-06
8.087315709628123e-07 7.184424211603495e-07
0.005846506138723694 0.0005723571261032578
0.003956422528858483 0.006420778192464965
-0.003856298530874685 0.007079106531827999
-0.008937575899457741 0.001060700227455072
-0.006657133442323087 -0.007171659811305043
0.003326515277674307 -0.009602405074968167
0.01043129739919709 -0.0005215468926139714
0.005263793000745393 0.00934278448071618
-0.005142419260583894 0.009112896173954386
-0.008695008653502447 0.002012610845013287
-0.004215473458759585 -0.002155715332514555
2.284457515897117e-07 6.592570862240893e-06
-0.0001226745639908837 1.389208791565531e-05
-0.0001561885539238062 -0.0001518918321259567
-0.0001180359136842994 -0.0002058080979029969
3.305321317637937e-06 -8.826939594660775e-06
-0.001448487105525836 -0.0009793563102463479
1.13487222231469e-06 -1.301679691813202e-06
-1.227679185894394e-06 -1.041731363726336e-05
5.931595449880759e-06 -1.450940811977216e-06
-0.0003348881477254087 -0.0009789610112998894
-0.001380688790923657 -0.006670410913787527
0.00999316198819772 -0.004635222612305251
0.001365837073329074 0.01140407450998175
-0.01154876018359897 -0.001297302923618519
0.002440097951117979 -0.01113343699164561
0.01045632092853725 0.003808020221780735
0.009367351879574813 0.005337519100142085
0.007248403612369549 0.006475960769144242
0.005332496226985116 0.006288577327546089
0.003322975474005928 0.005562758284818954
0.002514305227055475 0.004575600656921906
0.0005202849874935823 0.002036947858556513
5.940946017262025e-06 -1.223331028223155e-06
-5.03334668275185e-07 -1.233828316414003e-06
0.001032053730794639 0.006167852991565258
0.008623774885937706 0.005931329208034727
0.009585892496047556 -0.004802476430381679
-0.00132362334442154 -0.01032245871219416
-0.009538491652676092 -0.001559945708300826
-0.002909268227968605 0.008566764727022873
0.007088067379371281 0.00366576481893104
0.006688982518211313 -0.002059669651739491
0.003044504682163028 -0.001604774854524369
-2.484059947121904e-06 1.503456381981492e-06
-0.0002088156893886061 0.0001518371648327544
-3.228723855580381e-06 4.280010181577767e-06
-4.69930621927253e-05 -1.674158194761033e-05
1.046975781119443e-05 -4.727940007915973e-06
0.005680670580031566 0.001584124942938907
-0.005587798247568685 -0.003817922505284094
0.003472639269156133 0.006687364097927305
0.004330745502903198 -0.008376291595765967
-0.001449760523605258 -0.007581789197035974
-0.004483521480045534 -0.004449007043739377
-0.001875521217931318 -0.001028009795873954
1.561193818883185e-05 -5.499712725134186e-06
1.352643978849824e-05 3.41825101262407e-06
-7.785481090266136e-06 1.859463907719444e-06
1.64378164023327e-06 -1.373746969967676e-09
-1.613776318369308e-08 1.818176926338131e-08
4.500093347120112e-09 1.042772509169167e-09
-1.131841130907004e-07 -4.816182474160601e-08
1.276902140779525e-06 1.160316063716965e-06
-1.017656433196854e-05 -7.561579012239291e-06
1.51389654602183e-06 1.904087618018839e-06
0.0003563266289599787 0.0003127145849646541
6.716265649844711e-07 1.407067261616237e-05
5.797990090210839e-05 5.785220631646812e-05
-1.524353671151982e-05 -1.216522562569844e-05
4.6118095180812e-06 5.540910021773037e-06
8.884971025504826e-08 1.140108495775293e-06
-7.212313509833543e-09 -5.031345112541193e-08
8.94302832957894e-07 3.326601993821118e-07
5.467883129620732e-07 2.255081240557637e-07
-5.329142554014456e-07 -2.769339797707677e-07
-1.677029600636377e-07 -1.615713733727924e-07
-2.184831797182151e-07 -2.109142076752959e-07
1.367639190585963e-06 1.058167784876682e-06
-6.390060001312251e-06 -7.380316181787567e-06
-2.94273183359324e-06 -1.821059590415887e-07
-5.708346188692008e-06 1.089597395297858e-05
-0.003551801881301615 -0.003218359106643889
0.000215971103622353 0.0002115967984473187
-1.930939655422354e-07 -5.606860572875844e-07
-0.0008818783599355758 -0.002434493701366415
9.423493828070378e-08 7.103637060024108e-08
0.001300074674893503 0.0005112653296555773
5.897134744075814e-05 3.956016213932058e-05
1.838119607196622e-06 3.59084137194696e-06
0.0009141062267565501 -0.001718230611184793
0.002827374484923013 0.001463970237114195
0.001525178153021543 0.00114523841211266
-5.282884024381989e-06 -1.450093012436484e-05
0.004972161286761246 0.003640283247220876
2.866615222767143e-06 8.125477866164166e-06
-4.114744510488353e-06 -4.028236297490795e-06
0.003519927308146805 0.00439643414889574
-1.764108613533813e-07 1.696643755576418e-07
-0.005268149616594729 -0.002060047115996927
-0.001823955945501861 -0.003564383053131615
-0.001896364536859045 -0.0008542479893930138
-0.002953815716250969 0.002304076594699805
-1.096364866807446e-06 1.384639578296837e-06
-0.006220371694784629 0.006891872551231719
0.01019492913712619 -0.004925879891501082
-8.916240259395455e-06 6.434661308505091e-06
6.728054934981011e-07 -2.94887609653719e-06
-8.341978918881617e-08 -8.114872514825061e-07
8.269670377374251e-07 6.434835286330941e-07
1.170923655812989e-06 4.751297622200758e-07
-0.0004004722751343747 -0.0002171973915684274
0.0006006574974678183 0.0006334892265682186
-0.0004297448298827778 -0.002712057640549772
-0.002871957674675556 -0.001412353188353035
0.0001611725111204765 0.001992032331011053
0.0001429086606897277 0.0002825414858360852
-9.675667818639464e-07 -4.353083537663852e-06
0.004609961615141874 0.0006899765245671202
-4.475542033002386e-06 -1.367728528363852e-06
-1.056127267565341e-06 3.004906102983617e-07
2.215418379112016e-06 -2.477353229855111e-06
0.00688858793584045 -0.007035433524410967
-0.002811809467690554 -0.007202154320704392
-0.00271882537132447 0.002957915117948432
0.006424544838500734 -0.008900292553669991
0.0008913772800865021 -0.002271895638918616
-0.006588746389826107 0.007740314738816772
0.001907718360019571 -0.000142449827054234
8.700352359542976e-05 0.0001117106673093988
-0.0003035729389527702 0.001978853098871042
-0.001904743542106677 0.0008085142568728559
0.002081884774181354 -0.00971096799774231
-0.001899681623208956 0.0004039817584521459
-0.005287484336140911 -0.002836123908323852
4.173537776691386e-07 -1.612546782630685e-06
-0.007464653678731459 0.007966881519529718
-0.006153299425314123 -0.009542087656021551
0.0009558606563941841 -0.009561346590603112
3.578984152002797e-06 7.596313467724236e-06
-6.217497115843626e-06 -6.149888433347777e-07
0.002401083395994953 -0.0009296384559513031
-3.514923076371644e-07 4.263975720700814e-08
0.001495059327222954 0.002970594659757405
0.0005541672712640369 0.0002478299426596646
-4.283424831647246e-05 5.089150140791441e-05
0.0007311383235348918 0.0006532115606269153
-3.500989555271424e-06 -7.40547639535936e-06
-6.456799614989217e-06 3.762759304880459e-06
5.870582225260359e-05 0.000105568304185715
0.002454479476803211 0.007118471131719123
0.006568546883030332 -0.002558061928169105
-0.0001088349933926401 -0.005506650976895004
2.389227678245605e-06 -2.131892092284045e-05
-0.005015297042557968 0.008896035200239339
-0.003566133979262013 0.01069358788248446
-0.006214726909987149 -0.003695315277586422
0.006336745960008523 0.007882072660089083
0.0006132525025793733 -0.008057047843419825
0.004316118875383563 0.01006384162548667
0.001237124178651052 0.00464844941873707
0.005740111046991681 0.002667386705436303
-0.001119820105949063 -0.01050703539382635
1.300617838307029e-05 3.404388872360778e-06
6.725352108085014e-06 8.8282150178106e-06
0.001946763973676819 -0.0024795669624228
-1.757117674439741e-05 -6.657690809805086e-06
-8.654487828013928e-05 5.425352667804914e-05
-0.00356389368239846 0.0004674891251137709
-0.00302378321283758 -0.006308184743128647
0.01011118928904636 0.004488913627097867
-6.880543905246171e-06 -6.237605039306811e-06
0.005739850048722885 -0.002173970626543047
5.278997597992627e-07 -2.069480438295461e-06
-0.007992041119910039 0.008275910263284393
0.007390741556444811 -0.007609882631420995
0.009363758747526089 -0.0009356880424894136
-0.009329251379833162 -0.004889875463255978
1.873289518620015e-06 -3.223157688859031e-06
0.005988068520333525 0.002006183304664217
4.779597269672198e-05 4.061753212281748e-05
0.008749991133319627 -0.002334592837045088
-0.002855166880859914 0.007353729024402355
-0.003717456074580902 0.01025810095026816
0.0005867743973040968 -0.01119143072458993
0.008815244930470383 -0.0008448121482863346
-0.009344417693711467 0.003948365781542412
0.008456165773965787 0.001428120218227494
-0.002304449274838488 -0.0005541412826825762
0.0002693732051841782 -0.008599994813595743
0.006957737401962988 0.006669282492520371
0.001996116860305477 0.009351398988021026
-0.004874994057565029 0.001169588494450445
0.001403534152527012 0.002730420277211083
-0.003817249844238764 0.00987084623123273
-0.01046072276875322 0.00175858539116874
0.002027370864897228 -0.009211519768993634
0.009173687227541459 0.002220610704942757
2.428293738428617e-06 1.168506028030274e-06
0.001891243164916805 -0.00239593883179474
-8.569055255061157e-06 1.135450544741648e-05
-1.799989080177786e-06 5.722077188894233e-06
-0.001673399844006128 -0.0001764066486527074
0.002244828927417158 -0.0003798597533775256
-0.001353643715766945 0.001557297249730281
-2.86501806958361e-05 7.691185507471307e-06
1.684975560003938e-05 1.387731790338786e-05
0.003214062867718425 -0.006496123627368183
0.00777325045680038 0.006239173394030721
-6.716229536777549e-06 -2.822921913700693e-06
-9.794368328730995e-06 1.969562983843241e-05
-0.000699428830910048 -0.007991587192303891
0.007982695725574786 -0.003163051792425208
-1.263605399720188e-06 -5.32072622071699e-07
-8.821473136392034e-08 -1.347845974218729e-06
-4.758321574643872e-06 -0.004024946789878715
-0.008983281959568589 -0.003714772516720822
-0.007431369727255321 0.006990759023758212
0.007334526506481759 0.004729722455979757
-0.005269840808093304 -0.003768723759312236
0.002188594746572153 -0.006563839645063193
0.0048732409276538 0.009334931564056757
-0.01005026895762552 -0.003791241008185457
0.01121079347397475 -0.0008954512673122281
-0.01057454250310445 0.003816957431035493
0.004979609356993746 0.008223969346084731
-0.005444615516097955 -0.0003560864130822995
-0.0009905525435968234 -0.007215527403798863
-0.0007936545025768481 -0.001915782762685596
-0.00639435136349441 -0.004610060084225658
0.009039861372171399 0.0003998406211375679
0.008016539803549291 0.007329602064608167
-0.004946874416339614 0.008680573234736123
-0.002184179357247527 0.007200163017719014
0.009889979005261994 0.0005667508165763892
0.004123255773923955 -0.001947906415838829
-0.009887660601260824 0.00301618610656253
-0.006209845663336917 -0.008816657297942763
-0.006915130463740424 -0.0077556503556162
-0.006336018041318271 0.002829779299686045
0.004130547765388157 -0.006838028153863691
0.009437119885537752 -0.004765351666896686
1.098499770679928e-05 -1.262748441214852e-05
-0.0001902921648187027 -0.001147916701767905
0.0002385892824001245 -0.0009573522306599537
0.002003347089637951 -0.007342479439760202
-2.853496462674109e-06 -1.084663323872316e-05
0.001861746217815188 -0.0003119160620564052
0.004728621699649194 0.0009954994312881228
-2.496758464049275e-06 -7.933729586661524e-07
-0.0002675462201266115 -0.0002978014691185095
6.079084139317676e-06 -6.44243035081637e-06
-0.0005714759409607633 0.0001353196220831302
-1.037025002141e-06 -6.640477977515387e-07
-0.004919580758002709 0.001243595456653755
0.0002769407050762362 -0.001149352157916179
2.279910611710865e-05 -0.002073935352729421
0.003431861871038877 0.001878597024008828
0.0008379483509734933 0.001103089559754858
0.0009186203989249249 0.001543484624066287
-0.005329619793294034 -0.002111514367045356
0.007826403178487762 0.003572188997808712
0.009300598788771651 -0.003602010052604394
-0.001065872476819305 0.0008733198686705799
-0.004559244874740504 -0.0007593008553000053
-0.0001412141800827359 1.291218705345954e-05
-1.673365881598459e-06 -7.393065634224867e-06
-0.0007147472046359845 0.0003422346955074924
-0.0003554721629797253 -0.006829077463704713
-0.004965416791793932 0.005766215010645137
0.007319247809594489 -0.0005903915084415884
3.374881680961353e-07 -6.412444163546548e-07
-8.794635520173112e-07 1.274389745318932e-06
0.0002076735393466053 -0.001581914955666403
-1.268407538556169e-05 -0.005262423634720896
0.003602352028690466 0.0008613617351987438
-0.004622718688395215 0.005962279746719815
-0.005372886070891736 0.00303817486082486
-0.0005039094267727428 0.005244533573010469
-0.001672891802160766 0.00124265566384815
0.001967164142934306 0.004024272253957469
0.006296204234038488 0.001452105202323443
-0.0009047279370908105 -0.007140466435806672
-0.005136174464650245 -0.004716776220325892
0.005923767107996102 0.001636313647244442
-0.001171308663865006 -0.01086112993199956
0.009895044975392413 -0.005466159057652791
-0.008649501769532272 0.007071530514096144
-0.006253368360470756 -0.00956106257571936
0.009813957229015846 6.296613059233208e-05
-0.008540106492222628 -0.0009757651195355107
0.003179388467574795 -0.008643400634233911
1.979321304663276e-05 -3.939647905450486e-06
-0.006893294266307716 0.003427635237209375
0.006184879978063918 0.007965973719385917
0.005242741407926185 -0.005449215992397475
0.00785792202947087 0.001440481057586216
-0.002677434013864697 -0.00758450640942528
-1.24140869430003e-06 3.365528572286328e-07
0.001163394426194933 0.002213310118573106
-0.004295814283431945 -0.0001995245290398974
6.520394253460385e-05 -0.000119715893109848
-0.005680212484726059 -0.003450834932495908
-0.001128607245320166 -0.008811448871850201
0.007400264156700184 -0.004888741266491112
-0.001974399053693437 0.0008993135193683823
-0.002946159218676148 -0.004995289842073482
0.004453122454551895 -0.00322981468443359
-0.0003088860542292049 -8.675669088168156e-05
2.274024105392094e-05 0.0001101746571953064
6.310930788567459e-06 -4.801064628219013e-06
-0.00674732234865328 -0.002131007044813016
-0.0009027626594638406 0.008278756727984482
0.00649060546153186 0.003170060237368428
0.0006294970504753287 0.005996403239022182
0.002964882751847199 -0.004706569074391547
-0.007254796955532295 0.002255509971838657
-0.00110316710829045 0.002876126132092975
-0.0009277880889417394 0.0007270054871036234
0.005643875358701598 0.002780472935068189
-0.008793993019358537 0.005422103660773774
-0.004593291770465072 -0.007346090798995645
-0.006608290707889243 -0.009321458113612959
-3.894668443246653e-05 -2.147395028529093e-05
-0.0005016137919058504 0.0009159381844370454
-1.066852936270385e-07 -1.105123745540316e-06
-7.91705232195478e-06 -4.853539527335698e-05
-3.812766175018274e-05 1.667976417995312e-05
-0.007129351147785308 0.003773880983721529
0.002944522884345566 0.005434318022267147
-0.0008157865296751876 -0.007651178324026815
-3.297996549006803e-06 -3.131140953486833e-06
0.0008539652586197284 -0.001164602227907065
8.758689553008903e-05 4.937336674558948e-05
0.006969728659164778 -0.0003126876504401322
-2.695592455345115e-07 7.510420134885449e-07
0.009824128641091331 -0.001586345601488679
-0.0006180828006132439 -0.007993169877008354
4.22760175074056e-06 1.326505220827397e-06
-0.002160025861002219 -0.002727692186801275
0.002052140430925891 -0.001896933030787722
-5.902879942962453e-06 -1.429097113540452e-05
-1.888578816256582e-06 -8.596398129116775e-07
-1.460599033253209e-05 4.076928723689101e-05
-0.0038993451510827 0.001750973565360959
0.0001059298067354696 0.0001678419733163278
4.9290485912006e-06 3.024212492986664e-06
0.0007709209324538871 0.003663007244702119
0.01048036427719375 0.0006334187765484127
1.253788531760904e-06 1.556505411350745e-06
-0.001873928065427096 -0.009991766570066981
0.01022622715225795 -0.002601770855877978
1.233234449912286e-05 -2.060007672512265e-05
-3.959692365386875e-05 2.455497773720086e-05
6.585746383798888e-05 -0.0001355064523330973
-0.005451748843005928 -0.0009059434640056847
8.484810065915897e-06 2.094713812275183e-06
-0.008424114776579636 0.001524761248775499
-0.0002483924021295793 -0.01043559674596434
-0.0003444227829063032 -0.005154915068192697
6.705555745657742e-06 -2.609272416651578e-05
-4.729688417722293e-06 2.762304797782905e-06
-2.184675116719104e-06 2.058438674913669e-06
-1.440307055664304e-06 2.397843097283924e-07
-0.0009395306621414924 0.0002837185381111217
-0.0001254687909071876 0.002906806983052002
-1.972974373455566e-05 2.70903716042074e-05
-1.698252029471171e-05 3.488025439695843e-05
-1.40518343521096e-05 4.326303687811561e-05
6.811899408408641e-05 0.0003304580333687288
1.296996504075572e-05 5.944714090653302e-06
-7.881059742755324e-05 4.323450347918713e-05
-2.945929880086825e-07 4.197504233907352e-07
0.0001454458719410719 0.0002776743234348364
-0.004093616597193258 0.00626370331070394
-5.35350355174544e-05 0.0001465533577616092
-7.369907782609613e-07 1.113812953101097e-06
-3.22633541433607e-07 1.819779906522734e-07
-0.008383909979448947 -0.000285587056249783
0.003645587085374074 0.009469562525587186
1.05172195894493e-06 1.724413534033043e-06
0.003116156188008614 0.004969471983786703
-0.002934183083144324 0.00482697591014519
-4.780747329468602e-05 -0.002361103919692077
-0.003568134174123601 -0.007694388713220479
8.271806923663733e-05 -2.588132590954834e-06
0.0009967343804823891 0.001754362781996304
0.0007548978149230268 0.0004539253897549742
-0.0005644867611911621 0.00206333209988126
-0.0004737052908456954 -0.009656521605531793
-0.0001333886986053796 3.967324109778639e-05
-0.0005528506390355036 0.0006099968408620575
1.006283038811815e-05 1.997133641649766e-06
-0.006465845074219607 0.001045546838550926
0.0001273804156687941 1.017147891805075e-05
1.026040566812078e-05 1.375192013418173e-05
3.672972784262876e-05 2.758590901325936e-05
0.0003435346429861129 0.0001150805414868871
9.891275742799126e-06 6.453276490646359e-05
0.0001516953438885669 1.235667458360433e-05
3.436554217924842e-05 -3.476316128470322e-05
-0.0006069929723892212 -0.0005140901629142042
4.265320073615462e-06 -2.116166461616158e-05
8.021712998965063e-06 -1.314480850212209e-05
-0.002865075712438445 6.839558602395786e-06
4.38633506051298e-05 -0.0001051179955538676
1.11486814972643e-05 3.031158578592683e-06
5.914727998417859e-06 2.209795662186849e-05
-0.0005914703385785865 0.0004053640452814347
1.679560567925193e-05 -2.644668543886182e-05
-0.003240463867612043 0.0009090965934050826
2.185878360558364e-07 2.4493913604804e-06
0.0004104941958576686 0.0004986703508124732
0.001864811821354783 0.0001077145512609665
0.0005879032917496441 6.175399847310344e-05
1.223637853640888e-06 -7.993157470148054e-06
-2.074575153303729e-06 1.559334632030743e-06
1.335724015015713e-07 5.173166321343024e-07
-0.0007160674929911962 3.401872285086981e-05
1.312112265002111e-06 -7.167805026389466e-06
0.002638231404423682 -0.0007951426102932665
-7.516834649192313e-05 0.004759691191875791
-2.056292359678528e-08 -1.140735364494324e-06
-0.0002539328452542366 -0.0001615884776966895
-2.182566424808486e-06 -1.132104799536051e-06
-0.001397464559740802 0.001417868481825863
-0.0006596421046654036 0.0010704002793911
-9.742737924790737e-07 5.869330561709304e-07
-0.003742615989053677 0.0002373792491696601
0.0001641490747795415 0.003676699673105188
-5.662350722822523e-06 -6.740823509162142e-06
1.359503501684605e-05 -2.978770736153944e-06
1.083861914429349e-07 -1.104022886458137e-06
-7.676299614859638e-05 -6.151845704306551e-05
-6.275802647983615e-07 -1.436168577534475e-06
-0.0004495528202669898 -0.0008833406657605482
8.473559906043792e-06 1.174777656678554e-05
8.529190621412113e-07 -1.058105314392315e-05
8.869649834979626e-06 1.093393739510901e-06
0.00490264150073538 -0.002326623625472108
0.003106096695925206 -0.005487193893092823
-3.258918437191057e-06 -1.533884280665137e-06
0.004973852309494283 0.0001361140109829249
2.032056190054615e-06 -1.260125956644649e-05
0.002431960134654051 -0.0085145204651357
-0.008266795468548031 0.0008751654940042127
0.004010620836329938 5.4073358860482e-05
0.0007808731655383115 0.003344880498780753
-0.008373506677806102 -0.002327840702061323
0.0006129601858713706 -4.397969581335499e-05
-0.001621673550155162 0.003555277511594136
0.004265615895609926 -0.001704210315641251
0.0001701744312036971 0.0009653632211174386
1.345906102752293e-06 -1.580319558966959e-06
0.001733276687860515 0.005271691078879572
-0.0001668283112249012 -3.461856342236035e-05
-0.002508936578365323 0.004939319605807356
-0.00272343694461576 -0.0004586366260896268
9.647397741703045e-06 2.573757786091792e-06
0.0001648488997707034 9.805559727922927e-05
-0.002903295327063829 0.002953360890052605
0.004563973333306272 0.001081816286825971
-0.0005350858150745111 -0.0003144711039522071
-4.426716014925414e-05 -1.009350664454055e-05
-7.619646774047387e-06 8.486492975707529e-06
-0.004568470032914461 0.0003197008588892044
-0.0002024796680136581 0.0001331915709499775
0.009779644183321086 -0.003446148477499187
0.007420916949191742 0.007964851466971392
-0.001074971090897969 0.0009408758856164411
-0.005549684076743686 -0.007719422634691202
2.54839463539703e-07 -3.991176592797446e-06
-0.006265915922028784 0.003860102992868499
-0.002166360090801213 0.002825274074598616
-0.00821835884782595 -0.004168658094484429
-0.005652267334873944 0.004475941722899046
6.908403278111309e-07 -1.158929077242555e-06
-0.004371778267523443 0.0001522357134083061
0.002763940297441094 -0.004671989200200721
-0.002433887461507958 0.001368656849862764
0.0006000327435432214 0.001137943505264688
-1.725770252417656e-07 -1.606101376394651e-07
5.164373842654486e-07 6.749413312274371e-07
-1.110738680173588e-06 -1.744581268060541e-06
4.183574405621208e-07 2.589933878510953e-07
4.741724556972579e-06 -8.983825891268173e-06
-3.088138850093827e-06 1.110412893150373e-05
-1.657854531936184e-07 3.057680009785539e-06
2.230282091514282e-06 -1.308221120624728e-06
3.037188690120545e-06 6.511634142360969e-06
-0.004515199065004189 -0.001701545505830011
-0.009007102089688135 0.001369034470037654
-0.00645780392797689 0.006379895256435231
0.002978738234405734 0.008361549262194561
0.009584176029169169 0.0007705383367759789
0.004401011431759259 -0.008397472251125297
-0.006880462310641959 -0.007569093519112548
-0.009996371513466776 0.003901528534582094
-0.0008799199293634212 0.010729144974707
0.006621450616072885 0.006986134136171254
0.005441846328011667 0.000346601335423885
-7.331445458086742e-07 3.352898624933199e-06
7.348475460311557e-05 -1.923266824889146e-05
0.0001257422423511092 5.068533365427614e-05
0.0001277137249672697 1.154677070397281e-05
1.575387802194119e-05 5.45237747114702e-06
0.0005825890151073863 -0.001684001098485811
0.003855086917161372 0.0004406384979638247
4.743971579128597e-05 0.0002014095070628074
-1.066572922899891e-05 6.289119344917675e-06
0.0001362799253806862 0.0002089724898714442
0.002422222337663493 0.002673848754408842
-0.0008154129032648613 0.009423591928377413
-0.008663656175463358 -0.005584741871124124
0.009466177197089349 -0.004745945239781712
0.006779844398414715 0.007780063072224854
-0.007163618742025281 0.00735543475192558
-0.007103851902324008 0.006428366251283856
-0.006338860158089999 0.005332555640874946
-0.005549439449345052 0.003636663039302361
-0.004053936261292719 0.002851650358364567
-0.002030781415459171 0.001006863411407702
-9.886887091087361e-07 4.148948823780282e-06
-4.047799283829388e-05 9.494264931951778e-05
3.478585180193536e-07 -3.609620030916615e-06
-0.007702046752287318 0.0003429003402629469
-0.007005533705944785 -0.007133196994187541
0.003993469966141225 -0.009063140960949534
0.009605472497047218 0.001097020802604977
7.368345872479433e-05 0.009313543620882648
-0.008621947731201176 0.001092328122050452
-0.003436533880652686 -0.007301718193342539
0.003363612249730238 -0.006260601140131147
0.002600237995005954 -0.003302446576826633
0.0002387448508378995 -0.0002674333111611639
-6.047871336976663e-06 -9.240689021284919e-07
-2.175629740866766e-06 -1.658505071898844e-06
-5.771136831926409e-06 0.0001091959553755232
0.000107381601640941 3.08837380551722e-05
0.001385835633152814 -0.006234546692092142
-0.007018434538570656 0.002404501471105052
0.006976876389315741 0.004943830491737179
0.002733817882570587 -0.008789266505776241
0.0004998999552421376 -0.008977035934828443
-0.0009810319312519599 -0.005649486722614912
-0.002154219175174944 -0.001469427173582595
4.194369827078613e-06 -1.719240610332796e-05
2.573793664686981e-06 6.176377368866242e-06
-8.740212099488673e-07 -1.839155992519063e-06
1.11175921384413e-07 7.059885823340493e-07
5.934442370311948e-08 -3.51973821705846e-08
5.131081750623099e-09 -7.587196789888405e-09
-3.551473304863737e-10 1.145979555444846e-07
3.922446665075073e-07 1.817395267185707e-07
1.511934417956239e-10 1.218278777943072e-06
-2.875100096680653e-07 6.201992569479272e-07
-0.0009990366890459319 0.002789376569564412
-0.00353656017228588 0.003273537324861269
3.911723546589976e-06 -5.108133947285008e-06
2.976404905461618e-05 1.81103003248141e-05
-1.739639417615913e-06 2.080987563784663e-06
2.266656631001455e-06 3.808821326293365e-06
2.172414623524782e-07 -2.216543373823956e-07
1.548846295285221e-06 7.527163968818557e-07
-1.208352115599887e-07 6.220995063055814e-06
-1.594668386806406e-07 -1.644494608310526e-06
-1.888297437331612e-07 -2.784798571852642e-07
-1.612877713498197e-08 1.361726492262438e-07
-2.726712037609557e-07 -1.142509673271393e-06
-5.254889398402495e-06 -2.655724807645621e-06
1.428663163012703e-06 3.618819088194143e-06
-1.011397726328088e-06 -6.181733940717395e-06
0.0001523331482392287 -0.0001020538177927441
-7.045367329269505e-05 -0.0009142556676830465
2.272272380423607e-08 1.087577819763473e-08
5.206208908870576e-07 9.614388146321316e-06
-7.695252590388871e-07 -1.216465442517388e-06
0.006590448591270583 -0.0035672816472368
0.0007860548963210196 0.001002122554126056
3.765367072714122e-06 1.985087593662022e-07
-3.792384365847193e-05 1.287388047367946e-05
3.522305874685657e-06 5.885431416227909e-06
0.0003168977997065097 -0.0005519003498433483
-0.001473231750723876 -0.002163742607587798
-1.84787661683054e-05 -3.240047377443715e-05
5.769155878396227e-05 1.857054351718427e-05
0.0003348619228066066 -0.004132588643560819
0.001329926383808165 -0.002550018588969161
-0.000489460310867736 -0.0006455806962907339
2.687184553219918e-05 8.71992365260692e-05
-7.987615321460201e-05 0.000161475327014411
-0.008094701417893511 -0.002062097335366599
-0.001520862139089281 -0.003061512970528525
0.000972035989600203 0.009953923899242604
-0.0006017736829426069 -0.008331716266144519
2.547295733552065e-05 2.539351909366717e-05
1.016715353613752e-07 -1.181843081190746e-06
3.334498814654492e-07 -4.043647277486444e-07
0.003438923899708333 -0.0002623644226299579
0.002383506503235011 0.002825688888026987
0.001995257648037528 -0.002727821884734347
0.0007054999577443752 4.162841108110027e-07
0.0005593562031966103 -0.004987845211264021
1.733638494386523e-05 -5.108837726993532e-06
2.255033704548353e-05 -9.249769001070027e-06
0.00109883734829137 0.0002596609809746986
-2.036807056961205e-07 1.052153204392211e-06
-0.001014870582099679 0.004114934081368071
2.893722235968446e-06 4.102345992583145e-06
-0.003508135028661375 0.002209095581058439
-0.005632549088804104 -0.00883374210691994
0.002259187631500806 -0.0005765718084731937
0.009764155535836072 0.004913382480846036
-0.004424201068079356 -0.009187722835903179
-0.00246565370076429 -0.002297320406466703
0.0003237921188340301 0.00241408085154316
0.007334838709115234 0.004421650342250234
0.006180189948636424 0.007805429475161175
-0.0002492673704394693 -0.00993880365353614
0.001920614174640253 -0.004073803967056223
-3.368867474596479e-06 7.494822431330976e-07
2.374341496925597e-05 -2.817964915725945e-06
1.077509616771181e-06 -1.464442738346895e-06
0.002498194351249709 0.001014824093136786
-7.236672568496901e-08 2.846847393309066e-07
-2.259797183876379e-06 2.073318531036943e-06
0.0006023518965454225 -0.003131940974940491
0.005308028829087948 0.005634096373654554
-0.006667137274928586 0.004601079455325742
0.003408055556734096 0.002376621004699975
0.004159729339694418 -0.002365756951934884
4.267712499111692e-06 -1.070984342066507e-05
1.034734763325704e-05 4.803329686284536e-06
0.0009472340819926911 -0.001425517956713833
0.002767133661313374 -0.001475236514577247
0.008349266719896142 0.0007766665215181654
2.358105243828787e-06 -2.606551446031436e-05
0.006356608729861705 0.008644349263604382
-0.005709027431982416 -0.008066138164830986
0.001024803477216728 -0.004378183768800388
-0.01087136736944296 -0.001571787858970371
-0.003631870828595486 0.009253668370629615
-0.003558011819198785 -0.0005726447566891948
0.0009660564174002799 -0.0007004287830318587
0.0005377473991416117 0.007509164767834146
0.00371703921921202 0.004994630048436321
-0.0005194972752732209 0.009068159237833192
0.01033221762657033 0.002377897604769714
0.007012861421528551 -0.007996261847670716
0.009798077653762765 -0.002137296832214501
0.002036521735014668 -0.009156767958242206
-0.005823000728743901 0.006488183985651543
0.0001181581654544483 -1.222521437768028e-06
-8.59915376660936e-07 3.169764704283837e-06
-0.003243208533889971 -0.005470299064514561
2.969663261689746e-06 7.244988151781098e-06
-0.0005795091084064618 -0.002409304482880119
2.631670229376618e-06 2.970990288220187e-06
-9.404202970473928e-06 -2.297264134049932e-05
-4.041619785574453e-06 6.330542691136686e-07
0.0002805257669693393 -0.003195639012745455
0.00138509012680106 -0.004328271723335803
2.967185822910739e-05 -0.0007333717215510081
0.004300292389926873 0.005806365255846273
0.004200096689157122 0.007769014025250398
0.005776340464091458 0.006893517691394973
-0.007040172911844346 -0.003298224048733293
0.0007055605436379212 0.001195513357132762
3.011142849275028e-06 2.361631640383079e-06
-8.639725302148698e-07 -2.006387200561111e-06
2.246493857383293e-06 3.018993245688948e-07
-0.002678332655451846 -0.0009105919429374681
0.0003083395259600593 0.003869097338340286
-1.662936713236053e-06 -2.990781607446261e-06
0.004630211751852768 -0.004178774200509782
-0.000821173396190279 -0.0003761738440242832
0.008316697547740089 -0.003018755522787894
6.082462743100271e-06 -2.293576487555214e-05
0.00163497650526633 0.003232266315231073
0.00763112800806296 -0.006932368193162863
-0.002467709105946845 0.009934296055182448
0.00713483970426312 -0.008310390216881815
-0.004835332512286102 0.009226183935144634
-0.006631377648276043 -0.007485216271523981
-0.006433992803832671 -0.008407156645920764
-0.001020746064949569 -0.002515180429933239
-0.004358116861806857 0.01007562075920316
-0.0003432287990637751 0.01030210872107893
0.009588001459064122 0.00255721088458368
0.009934422518112954 0.0011932943824024
-0.00165135101793826 0.000977320358978804
-1.11574178690893e-05 4.855988018215137e-06
9.805869444244694e-06 -3.281451021743102e-06
-0.000630400378299112 -0.0009471266675516641
7.740732079648559e-06 1.130242791125395e-05
-0.001817285218188943 0.005732780308127331
0.006011784173886831 -0.003891930861067185
0.001329960854649665 0.003878324718175198
-0.007840769856018224 0.005731259926919326
0.0001501511550852908 -4.414333164483918e-05
-1.942001152215864e-06 2.001107258398578e-06
-0.005092273663127006 -0.00131826399078902
3.465807263250048e-06 -1.973737238373034e-06
6.656441134356859e-06 -5.715229493847008e-06
4.407995661639045e-06 -5.994523089370146e-06
0.00341501850046493 -0.001761238178530271
-0.004984409499673556 0.002667257274388716
0.003407262606673647 0.005587632532404679
-0.006355595765042702 0.00506515545035761
0.004803701100145817 -0.005081320625556668
0.002537314450137267 -0.006162682080770957
0.002343130146360498 0.00100774657442918
-0.003326819833443706 0.002637094544543974
-0.003081447122371728 -0.003132095590912386
-0.005356637935204821 -0.002490959506961715
-2.134032346557333e-06 1.624063532265654e-05
0.006483381319463202 0.005397366991624376
-0.00181766669198093 -0.008790160109683689
-0.009590526598947515 -0.0002346343544976757
5.538890993477576e-05 -1.952326776087242e-05
0.001587538962960272 0.000647926070387317
0.0001883820045480213 0.005814795673652186
0.007110264082057339 0.002263525777515728
0.00353539187555847 -0.008844909744840704
-0.001529617529670944 0.01083586080512908
-0.007052315633452288 -0.007778469200254894
0.01011719377377748 0.004443192745260295
-0.01029759766079431 -0.003078419143727865
-0.00881961568973845 0.007355101778286338
0.003462766497405892 -0.003983641461861199
0.005555210178882507 -0.006503139795461886
0.006144500612772072 0.004315235341403546
-0.004021293601494655 -0.005554372311946448
-1.017132387910096e-05 1.224828767693396e-05
-0.0001404807528524327 4.907938864467266e-05
0.0002524404860050684 -0.0004809637445983264
4.24478613982079e-06 2.424291686755478e-05
0.001304616335169199 -0.008923645059161824
0.00176850365996624 0.006996433718106841
-0.006978245948562566 0.007279978050734342
4.148285458650164e-05 0.009447384387819367
0.0008936936698674992 0.009363982006104018
0.002702144940308094 -0.00941051147874947
-1.560135149261059e-05 2.3738907586888e-06
-0.0002534313245621427 0.003677215284196642
0.003056741667254977 -0.001296739279861524
-1.04800668725303e-05 -9.901411369117679e-07
-0.002130056518868993 0.002996260339620817
-1.053490057904028e-05 -2.613111491328793e-05
0.0002418459821940783 0.001207240938842079
0.001672735498040743 0.003364398397507156
-0.001664785950375586 -0.002380028835726809
0.0008934004924880423 0.001848919239385852
0.006927802845561036 0.002033225398606282
0.007758958074125998 -0.003562847379859285
-0.005101719705868614 0.003150988431507708
0.005244901618142282 -0.0006339534554504754
0.001842973192421443 0.001575022187722736
-0.001023524563886061 0.00868941277601481
-0.009282727172048614 -0.001444607482713114
-0.007032514805125593 -0.007441348271902609
1.822656989334749e-06 -4.748368765276769e-07
-2.609406427316501e-05 1.393838712233141e-05
-0.0004784122997554303 -0.0008604781584001445
1.979890298706174e-06 -3.055338101004336e-06
0.0007100329381346845 -0.0006206016686245157
-8.284294046836895e-06 6.010646556248566e-06
2.35979514506979e-06 3.713845129761148e-06
-3.74106655630797e-06 8.755502599869229e-07
-1.422615759410963e-05 3.798621526756765e-06
4.937813330931426e-07 -1.103771874191396e-06
-5.440523947390863e-06 2.46742733700296e-07
-4.416480276739175e-05 5.702627666573671e-05
-3.306767059809612e-07 -4.062640724463681e-07
-1.208628883463341e-06 -1.288044270807285e-06
-0.004621768666025779 -0.002372774340717894
0.0002712193613461726 -0.006138261049501541
0.002918782745194473 -0.002469700912016857
0.003210769447589276 0.004594540071482865
0.001760730919670536 0.00306316324965276
-0.00364671872505527 0.007267090739581769
-0.006228380649376626 -0.00295859171056999
-7.960035338647744e-05 -8.11610624956776e-05
-6.401041999752416e-05 -1.074658782060386e-05
-2.089359764279338e-05 -8.82056094201626e-06
0.006683026761044587 -0.004528566044229881
-0.001443513126627049 0.007939216016462511
-0.001385338495982094 0.002135524940476101
0.003431424472614852 0.001106810438073262
0.004663448584138721 -0.005127459612912342
-0.006294047262476908 -0.004657139747227108
-0.004917491209065846 -0.008136055594520452
0.005059761762963054 -0.0004947091877677052
0.0009686944472727557 0.001119749898681875
-3.097679010745229e-06 -1.880302503989327e-05
3.351162208131641e-05 0.000111478502496748
-0.01031243837292388 0.001277619542799494
-0.00814941876231904 -0.005888784993439328
-0.008207474594679489 -0.00753554346146415
3.492669980786111e-06 -3.133809374407467e-05
0.003120812813544768 0.007012020279344401
8.148403558005173e-06 1.936544585276928e-05
-4.545636078120932e-05 3.903203487695443e-05
-0.00982843011877972 -0.003558514052913853
0.00777742116101694 -0.007285505687578221
-0.008728836277401559 0.001498259582602258
-0.007332698896911046 0.007637147895442911
-0.006247721911310069 -0.001825438655053928
0.001628726062666612 0.00280739931145412
0.00424228574020253 0.0006379528713536973
0.005812701035451598 -0.003088044735757424
0.003261383380644695 -0.009234912212679842
-6.439726589744953e-06 1.406607844916073e-05
2.683654358391296e-05 -0.003509978543122383
1.189147761320838e-05 0.0001528084216528233
-7.811394416238571e-05 0.0001599317597494522
7.113437892170376e-06 2.883902595893415e-07
4.529052523883495e-06 2.117554566796796e-05
0.0006992014046343849 0.0004202115341386682
-0.0001377616846525515 0.000481984855779655
0.0009013755209304971 -0.003160358253435785
-1.495702749686343e-06 -1.814067597126005e-06
1.909091793983753e-06 -6.535057616509275e-06
0.0008222105008408357 -0.0005284418269327435
0.002679112190923545 -0.001929962351611631
-0.004570855599282585 -0.005553429201552828
-0.006754755413844482 0.003819700450776115
-3.553540570101196e-06 2.636558946978658e-06
0.008383562882686503 -0.001679943466583733
-3.961946977011463e-06 3.06230065182482e-06
7.211176214041099e-05 0.001314046948564309
-9.792407863838696e-05 1.783716230605819e-05
0.0004186106382442175 -0.01118796354300474
0.0015254285798819 0.0007474882759469075
-2.541473872352529e-05 -2.547687183320346e-05
0.0006767224062134391 0.001824023860966904
-1.156687056667388e-05 6.331494023142081e-05
1.722255092090129e-07 -6.872938111516617e-06
0.008653494920982427 -0.004068322018596159
8.386621395587206e-05 0.006101193862151342
-0.00635453912462013 0.003623704118995484
0.009228278247542257 -0.0009051783303699133
0.009396584431615687 -0.002959046807576129
-7.220458977962588e-06 -6.145235469479906e-07
0.0007792829232287292 0.001325526035892051
-3.075567525804423e-05 -3.48605266094072e-06
-1.952115698697665e-05 -8.358366796026397e-06
-3.847717095054895e-05 0.0001096335786455176
0.0004875222952343072 0.0002449296526224325
0.0001702543599261562 0.0006336239091842489
4.377750659265473e-06 -7.133015509890415e-06
-0.004135727578736531 0.0005578293126530863
-0.000178375183711074 3.501648674682835e-06
0.003754040285986919 0.008499318595201919
0.001081396662756102 0.00272744821284267
0.007503068266907939 0.002556786781743378
-0.009269767570388377 0.005568300335716192
0.001369263687269778 -0.00835674182635055
0.008279313255298971 -0.000490903360863307
1.263198886181122e-06 -6.952673083496689e-06
-0.002044947867289994 0.0009250853135475106
0.00590406261739225 0.005351333028404487
0.003024755240472799 -0.001462252041726802
-0.003000999774585509 -0.0006887621906746441
-1.113896240102728e-07 1.032686295994645e-05
-2.353295411030959e-05 6.776683987732651e-05
-1.046987082786786e-05 4.545631173044366e-05
1.189906289453869e-05 1.409955773828138e-05
-0.0009461967690598563 -0.0001704570043994856
0.001855039485203253 -0.005534128702685534
0.002293455361799427 0.005486032508383327
0.000326984524030547 -0.00130025743595028
0.0008577097481106545 0.001055134141154427
0.0003156977750522933 -0.000215567085486218
-4.532505457497874e-05 1.629545571915292e-05
0.002337939406722904 0.004291525756087775
-5.080970888735515e-05 4.853721602030687e-05
-2.617155649683829e-05 0.0001598378982340353
-0.001975641985448647 0.003667333777808967
-9.895503890896823e-06 1.075845700688183e-05
-0.005044302386470675 -0.001665545161594105
0.0049825005756487 0.006979531106591418
3.306940253405746e-06 -1.437186525421576e-05
-9.011279414325089e-07 3.02377404888531e-06
0.005773792493985632 0.0003713913986714274
-3.850999559553391e-05 0.0001837048243071048
-4.55498521712587e-06 -1.803636297262923e-06
0.002267464785083487 -0.002016916715891392
8.09846508441885e-07 -4.377981137181327e-06
3.183581724874026e-06 2.018880241847465e-06
4.112328273727137e-06 1.988196134242273e-05
-3.552365477578136e-06 -0.0001387852215222491
4.734729020063795e-06 6.809822420340919e-08
-2.263246756281425e-05 -1.878470042382833e-05
-0.0002734421243991605 0.0001540133326781172
1.866269031873072e-05 -7.246677303818617e-06
1.053826679939093e-05 -3.3107050914148e-05
-2.038589620994666e-05 3.266714979026699e-05
0.0001239774032283513 -7.034640322648335e-05
1.546522792478163e-06 3.349484500496953e-06
5.636675139228501e-07 1.072837229801122e-06
0.0001141546008386582 1.579922472526991e-05
-0.0007563892533586512 0.001172151308168877
0.003895863540671375 -0.001235701084264017
0.002955875156891882 -0.003364521850497845
4.622911028800719e-06 -6.723646372867103e-06
-3.970513303488088e-06 -1.569618070599844e-06
8.205735693335994e-06 1.277864751759176e-05
8.515104849651338e-06 8.519057843696442e-06
5.160638209971361e-05 -1.780383808908139e-06
-0.001375110707213689 0.001419992814612288
5.3006050083362e-05 0.0001627557763217533
0.002441643743706526 0.0008699730785833995
-0.003210789452418965 0.002902322702526484
6.775342800329963e-06 4.072217914510534e-06
0.0006442480523283925 0.002823396378268657
-3.207429565218989e-07 1.465630163602912e-06
3.057029342179082e-07 1.343191146076068e-06
0.0001936452959928316 2.308735038942744e-05
-0.0004051145921658862 0.0006940018374778398
3.776474388301802e-05 9.171141384282975e-05
0.005048789436613958 0.0001235864610096626
0.0003333765492602868 0.00277985699786339
0.004623108100575517 0.00132958326955675
4.128479297252464e-06 3.109794199309009e-07
-6.353812500317197e-06 2.23360120665054e-05
0.00027441759344389 0.0003490262164946139
1.048528706964846e-05 4.333506237015677e-06
0.0009897862686670963 0.0008928817716402239
0.001307956282843572 0.001588062632934887
-0.0001247785297801467 1.801526226957752e-05
-4.305189670096096e-05 2.190932225516481e-05
-6.430398789656672e-06 1.200160319271591e-05
5.176534219337239e-06 6.371602607269325e-06
-0.001815281742885214 -0.001908143691558634
-0.002280945185040998 0.002278772615507718
0.001684462739171781 -0.002442404533545698
-2.320341300929544e-05 -4.329088458069366e-05
-0.006969663409639523 -0.0004121997170117141
-0.004983423751305576 0.003347779711858301
-0.005868795195174426 0.003416528876344347
0.004332356400674213 -0.005641305763700467
0.003199481286945999 0.004331200424060663
0.004943694730461988 -0.002903414194366435
-0.003460180181692875 0.001200907743443974
3.252322230564553e-06 -1.782799253987174e-06
5.701851644426406e-06 1.056699397005281e-07
-1.734125992706157e-05 0.0002811523047159003
-0.001182420985528258 0.001034285234665292
-0.003107963968950268 0.0039913764453389
-0.005696752831533419 -0.004055474720581966
1.547570544480421e-06 3.787380929402507e-06
0.005405248671338648 0.001691613308773909
0.003684499625199313 -0.001825808422026647
0.005032929590890492 0.0009604027378685058
0.00227564613805434 0.00702315396583064
0.005946032641911957 0.004864975266961859
-0.002614077345428699 0.006225265903701806
-0.00284447552716898 -0.00666651093218483
0.0001233328950083574 -0.004051487328999406
2.27951574544014e-06 1.15016857263328e-06
-0.002872083780259254 0.002388108579647988
0.004244002507800287 0.0005733101525621135
-1.262119067962584e-05 -0.000638515333108027
-1.333229299969267e-05 -4.046328493418932e-07
-3.576728132746185e-05 2.672510338187617e-05
6.80953347158986e-06 -5.485853404705157e-05
-2.641699127046121e-05 -3.190700419398817e-05
4.226140594361332e-05 -1.377269096279481e-05
2.664212031937681e-06 -1.632238730428387e-05
3.157508020939628e-05 -9.36729943145325e-06
7.885257895339165e-06 5.015979328195159e-05
-2.722936510948308e-05 -9.013298665020926e-05
9.459923748177941e-06 -3.356520065696318e-06
8.284530770032908e-08 9.16431250298832e-07
0.01119246203878669 -0.0004350703006563475
-8.992840663937214e-05 9.816321497344e-05
-5.407158832345545e-05 -4.843018577816274e-05
-1.737875433500639e-07 -3.946011475027185e-07
0.001025253907581367 -0.002864650504804625
-0.005936384033020669 -0.008122879362770409
5.324823436022527e-05 7.600428245429785e-05
0.0007910252125967952 0.004521573670088859
-0.003597861920316354 -0.003035959676189367
0.0002255002017923126 0.0002446667848311228
0.0001521863800920654 0.001828183009783156
0.002891777857967725 0.001287771172030113
-3.202269076597299e-05 -6.838038440504019e-05
0.001060033711430932 0.0001323281549634363
6.908194699193014e-05 0.0003776074328963841
0.002918490908322989 0.001428207666843587
0.00332818858283245 -0.004864267205380295
1.61805198971425e-06 4.850494563334247e-06
-8.105946635863817e-05 3.791506923210637e-05
0.004017857648187324 -0.006159701801348403
-0.009703665189652823 -0.001460246523794908
-0.006585851434336158 -0.005577335171373484
0.001408105127670579 -0.008488753675915063
0.0004218618894659354 -0.0001383460322632605
4.300804257272465e-06 6.878558220375422e-06
-0.0008904069592652726 -0.001460386774041037
0.001403729632508692 0.003764862317118942
-0.004020924754848766 0.0001483808976333962
9.807100112243651e-05 8.916991924004742e-05
0.006536828499567413 0.003380899996596705
0.002240161803179427 0.007415368599528082
-0.007558613430415546 -0.002866499120146687
-0.0002229500289891817 9.806405038553936e-05
0.002908807718766105 -0.003388043826150869
-0.0009995251352639901 0.001372868492158121
0.0007543794019890988 -0.0002156326866716332
0.001201090952260768 0.0002720312250283503
0.0007219733464717214 0.0002023059294380903
0.001638052028660059 0.0008124570895152724
0.0002921186864165951 -0.001602829300720132
-2.269220259635577e-06 -3.482145740699098e-06
0.003208218777911026 0.002233455499737429
1.947974152951581e-06 1.886981845576608e-06
-5.682327828860239e-06 -8.994822976616517e-06
-0.002004866114237375 -0.006557398441865387
-3.968725387418809e-05 -0.0001197470587505483
-0.0001841202902163757 -6.336646638682121e-05
3.608628211558895e-05 -0.0001810526832367821
0.0002085577679629342 -0.0008962273538544253
0.002622255012598256 0.001021631509699584
-0.0001554480806778788 5.302794396723981e-05
-1.612037984334116e-05 2.362673202338972e-05
7.152296201588098e-05 -7.379197486663962e-07
-1.56566311026563e-05 -1.273043215100004e-05
-2.26659508908494e-05 -7.603274734036763e-06
-1.242234890248571e-05 -1.544508385171691e-05
-0.004632127282143447 0.007013964944252567
0.00737858928767751 0.002898674776519112
-0.005834631577889576 0.003538800602730674
0.005269126888203728 0.005887340401597899
-0.008180211813154849 0.0005491333518813378
-0.008597444162118715 0.0009088889189417135
0.004714854468021099 -0.007762442498034083
0.005772532769709709 -0.005693142097290137
-0.008718530558317533 -0.002963785964493006
0.00101108621229318 -0.008361047221076797
0.0008250833273155664 -0.009419712261256385
-0.003103650255483736 0.001877557833853548
4.565452495197991e-06 4.884403820732398e-06
-0.00118660041117994 0.006725043831628621
-0.001106131322407192 -0.003071957703049651
0.001786625515102968 -0.0007404248645677868
0.0002997756816775029 -0.0003755969074374309
-7.883684109756022e-06 -1.62107106288585e-05
9.565750097589931e-07 -1.277860689850726e-06
0.00181577192462295 -0.0002545590936823841
0.0002306345639332425 8.304839812069961e-05
0.0005586900015454435 -0.004136214450281328
3.483798381076838e-06 1.354504544082802e-06
2.233113640277993e-06 1.961113665289369e-07
0.001232216560525338 -0.001146185250810458
3.747858372839706e-06 8.713914119719657e-07
8.763566304127348e-07 2.739105677971758e-06
-4.452973104846159e-06 1.161205590563888e-07
-7.69668119453455e-06 1.948905801298132e-06
0.001127818005033249 -0.001821330869442671
-9.617419864931367e-06 5.326556183141773e-06
-0.000715764900589147 -0.000840841657866649
-2.600798699715788e-06 -3.116558785946031e-06
-1.720043266034312e-06 1.228643385093425e-05
-0.0003360111329079663 0.00055098285056445
-0.00308203450255722 0.00174816498879902
-0.008165848868080991 -0.006033906890047271
-0.005697879177806402 0.005785588122396581
-0.007478081995218464 -0.002998002072565413
3.753798634852209e-06 5.244879173385103e-07
6.370532311057549e-08 1.675749090088636e-05
-0.006434885524020753 -0.004020690783259161
-0.007105898301133062 -0.0006153498045531774
-0.002170831293672365 -0.004968679660225709
-0.0001190503638181262 -7.672586590115802e-05
6.577791060317537e-05 -6.977614598162774e-05
-0.0001331708673865206 3.661775314024939e-05
-0.0001008312608016538 -6.460691741113394e-05
-5.233944818629903e-06 -0.0001558011448757707
-5.938925421307652e-05 -0.0001349684542086667
0.0001605520489083617 -6.984077185214796e-05
0.004822054929673294 0.005336542623980902
0.003086592603143746 -0.004731321244368967
-0.002909841425700058 0.004647092176811103
0.0007254236235556972 0.0007338248602740499
6.077036782909026e-06 1.877169805300952e-06
0.0004886729179024068 0.008978681688740159
0.006604276629142611 0.00359735329028069
0.004938439177684974 -8.692285322980874e-05
-0.0005903257692214706 -0.005449444406304022
1.018560811397447e-05 0.0001578413511501611
-0.001957583927973061 0.005418597660968978
-0.007408550452769739 -0.006413151001918353
0.0058101491631703 0.006663636448149718
0.001957074427381896 0.007711321710262611
-0.0006639085099637952 0.007314796706343974
-0.00651540700932102 0.005059562534171678
-9.908977483918345e-07 1.04609169857938e-06
0.002423127335760629 -0.0009952958311806978
1.024843219470048e-05 6.299734563222111e-06
-0.00628834731284168 -0.004114313957254782
-7.558008776118671e-05 1.13602939688929e-05
-0.002048452961872164 0.005071659999464131
0.0006793292704576942 -0.0003752879950457916
0.0002791663454563599 -0.0001259446771100854
0.003368398127672713 -0.002576629378045166
0.0020871907159716 0.0007401175917011777
0.0009198594323670791 0.0001982952822807513
0.0005377391783333633 -0.0001350885587536388
-0.003135000979206233 -0.002096570229989572
2.638280851534511e-05 2.696912691855406e-05
-0.0001301734948295155 -0.0002870550735814629
0.001239756047899994 -0.002430258984528248
-4.530392403867211e-06 -0.001363725706271962
0.000147433058248219 -0.0008577467104197106
0.001919022555234814 -0.002876157236170847
-8.542604764603991e-05 -0.0002802466467258398
0.0004660932158956827 -0.001457626519225533
0.001882025718307336 -0.000202066506766868
0.0003510849991132699 -0.002699810385313098
-6.216792003476905e-06 -2.313496767872561e-06
0.001060242757857456 0.0004752490279808931
0.002724050393071077 3.637559685565948e-05
-0.001423530188558368 0.006164702786340993
0.001195422596517866 0.001995805653919897
-1.463473526577002e-06 4.353844574436484e-06
3.318369034888523e-06 -1.18190105704898e-06
6.657048620805641e-06 -2.819457160338758e-05
-0.003923652006916811 0.001447158105392583
2.351057855156729e-06 -9.89140707774184e-06
-0.002573123656594406 0.002417214982505686
-0.0005780567403400057 0.0007124697651068945
2.450387934147067e-06 -2.790176244022864e-05
1.381933223960167e-05 -1.117351093923906e-05
-4.863630619247035e-06 1.227568862064734e-05
-1.773146914097656e-06 -3.657454682224737e-06
-3.030709100250484e-06 -4.092505831917185e-05
8.3626520439388e-05 0.0001553223887553374
-0.0001060598105816562 -4.516819543383142e-06
1.083926351107075e-05 3.117443122144424e-05
-0.0001328579623900498 1.507233859135317e-05
-5.901984478470196e-05 0.0001290187751718743
-8.854664509877564e-05 2.834540476518692e-05
-1.008211885708701e-05 9.649425257987728e-05
-2.461077013941613e-05 2.369088812075172e-05
1.706089058615997e-06 1.062885919337173e-06
-1.192707448408265e-05 -5.200451930815786e-06
7.188259207189597e-07 -6.172388331197577e-06
0.004487637925946946 -0.001078986204520786
0.0002702845399523037 -0.0001695758229265633
8.03557611970539e-05 0.000183111203867352
0.0001341718477340959 0.0001056796261868938
8.940994565850463e-05 0.0001416851528974405
1.17209347429464e-05 4.252017977497435e-05
-2.293928490033819e-05 7.394303630362087e-05
0.0001359474575663971 4.891284484973819e-05
-6.48138284391655e-05 -0.0001671586476305254
0.0001077127284180929 -0.0001954380980673138
0.0001661206998947943 0.000105313050432285
7.661351879838432e-05 0.0001171015689320153
-5.931814603797905e-05 0.0001267671029249297
1.363865845060114e-05 0.0001862207947293435
-0.0002657155251017649 -0.006278108964711746
-0.003766631388407233 -0.001637906189868129
0.0008509227655941318 0.0007123635742243818
2.128257504079845e-05 -5.038420276414195e-06
-0.0007007625590854712 0.001074636195573669
-0.0006418330567593273 -0.003054226129385132
0.004591192292521106 -0.003026028507037071
0.00273005426550662 -0.005220900840535818
0.007030771750840149 -0.00105370608693078
0.002955062798820573 0.001271432204613033
0.006059057181297949 -0.003545543448346269
-0.003441623317326757 0.0003586029949210328
-0.001622848771525393 -0.004796753700224115
-0.00338565778698684 -0.005279686458781473
-0.001449227455378239 0.002614334889699897
-0.003816025510888781 0.0004088843613709661
-0.007777479293761743 0.001790776591932037
7.828528003472655e-06 -3.658522154672969e-06
-0.0003817554069369552 0.003470348469283095
-0.002908889618648942 -1.292611143456137e-05
-0.002413119855803808 -0.003922100293525179
-0.003087855447707875 0.000359871666261224
2.10235179401572e-06 3.243608176628043e-06
2.084267072322228e-05 -0.0001481263853520831
3.257726755877619e-06 -7.855462340614599e-05
-0.004229746643394344 0.001918389443278793
0.001341087242194558 0.0004235610674787381
0.004053953252406187 0.003710093300887376
-0.002217705314804317 -0.005924395005066374
0.001523805367254057 0.0002878852936368898
0.004125195154954728 -7.180298605799902e-05
0.005179558285549817 -0.000480683645470152
0.0004002686697503662 -0.0006534431951990204
-6.79872691069473e-05 -0.0002702632117813255
0.001400382510723668 0.0001216652309466361
0.001309417896459154 0.0009761912705997739
0.001758597388539751 0.001026388724351609
0.0008223646620750663 -0.0003820091892631865
-0.004650441939813979 0.002422671238810444
-0.001705608953913146 0.007502654294719405
0.005878166674022745 0.002058587947879329
0.0003450751581596485 0.003369548379602088
-1.576119620154954e-07 2.511388021617701e-06
-6.221294651127042e-07 -2.807327939718502e-06
-1.994745492339985e-06 -3.791195357048769e-06
1.70476219528456e-05 2.554657744941623e-07
-4.208361023047467e-06 3.154495121676869e-06
-3.39129731862265e-06 -1.197439118844577e-05
-5.116755289947533e-06 3.861804395449356e-06
0.0002291383099943883 -7.302722251883603e-05
9.110418560286503e-05 -3.801310191145467e-05
1.034111510172452e-05 -4.383894656536981e-05
-1.996496450034685e-05 9.376344179597937e-05
-0.004514798570593966 -0.000921209120823426
0.0006186300628629514 -0.003016859431169785
1.305150765356242e-05 -3.730771175219321e-05
3.546267266954144e-05 4.551268021816442e-05
0.003268413086927911 -0.003939803996432244
0.0007152490584949307 -0.004032214499861098
0.00228871357692737 0.005855361199454869
0.0009974365592553794 0.001195227756684065
0.000560390995761634 0.001178335481277186
0.0001763500708997075 0.0008263027507178829
2.250665907766468e-05 1.421134839453474e-09
-2.056173603537924e-05 2.902784959813231e-05
2.606802257242742e-06 -1.51275128043294e-05
-8.716631555567537e-05 -6.066549325824419e-06
-0.0001600304691015774 -5.518503639845376e-05
-0.0001589049967463065 -5.971654222392264e-05
-0.00169086677209816 0.0003995254864799846
-2.512031043977013e-05 9.104978997970954e-06
-8.069374749265521e-05 2.450019927306546e-06
1.050427084701054e-05 7.158969490080474e-06
1.433593998832087e-05 7.262939716787476e-06
4.647810715182361e-05 -4.782051759057855e-05
3.942011333867997e-05 -2.671799941401352e-05
-4.226690527554088e-05 -0.0001704532670463851
-1.254113352286887e-05 1.923793521384494e-06
0.004186593980687476 -0.005367579300479341
0.003751815345613036 -0.004228079354563613
0.003885808002528164 0.001078661432684298
-0.00800793135811923 0.0005160475600165458
-1.033184177063525e-05 5.854735200323072e-06
-4.551512512617303e-06 -2.409139091363201e-05
0.0006288749024969163 0.000993419759700362
-2.247086357859989e-05 -2.937820089049955e-05
5.48920314691735e-05 1.89196042665607e-05
-5.792859190289626e-06 2.459923542708483e-06
4.121656855428698e-06 -3.908972896099071e-06
2.881917077948836e-07 1.16596116903467e-06
1.448463897834584e-06 -7.843871177639e-07
-2.68340012431713e-06 -7.765858943392154e-06
-6.303903054796788e-06 2.245981624800653e-06
-1.353894106376316e-05 2.284382583318761e-05
-5.221773617593846e-06 7.975948933554871e-06
0.0006035817536003831 -0.004056807119027683
0.0006299094529614925 -0.005330080705323531
0.004670686629457022 -0.003032344224263716
1.286198832579411e-05 -8.323548504772689e-05
0.0002382363724783634 0.0001098295683056549
8.02287597392559e-06 -2.970541596884293e-06
1.636280604653038e-05 3.344393007713357e-05
0.000151668894344943 -5.02304822313786e-05
0.0005880073756877743 0.003968853458182584
0.0003463525158199176 0.0002261869407214269
-0.001762895372858113 0.002417858132858287
0.0001366665988803516 0.0001510635390986121
9.138840911080091e-05 0.0004011105755251696
-1.600293310394001e-05 5.000415320099033e-05
-0.0007035766068408981 0.0009477967613672824
0.0002936268327480007 -0.002250518044466802
0.00140824954621199 -0.003710916314353693
0.002834875041571081 -0.004451188573406204
0.004475454372624432 -9.329348354670179e-05
0.002458752255790933 0.0007218047673009007
-4.409937119685721e-06 4.764535285928195e-06
0.003938656869833377 0.001681352804467932
0.001368045618393335 0.001374977043463307
0.001406197765263046 0.0005842722897443768
2.727241188618246e-05 -0.000103571814642193
0.0003493790075988677 -8.336772986818137e-05
1.585878544803515e-07 -5.990268154018661e-06
-3.198890659656509e-07 -3.492407997368372e-06
0.0002650635819428314 0.0005673359461210927
-6.765034695342082e-05 6.751478387804695e-05
0.0006934323842360368 -0.001620129892915256
-2.856895634007678e-05 1.622748074703504e-05
-4.423553158593432e-05 0.0001705222736037093
-8.060399859093715e-05 0.0001377650464661999
-0.002660390115047756 0.005507759485152383
-0.006569861296680701 -0.000491467870861876
0.002506436818165384 0.001110383657103626
0.002366770134414085 0.00149570212903978
0.005253245743523594 -0.001123171805268497
0.003001419918451449 -0.000992008885854645
0.005038829529789989 -0.004004338773354128
0.001610943158923351 0.0007279411967925066
-7.67907831427332e-05 -3.047152609431245e-06
-3.061105226104872e-05 6.255859372095075e-05
0.005341160235797988 0.001041484783673381
-1.360752536431188e-06 -1.351039217709486e-06
-0.0005326341353907867 0.0006436788236993697
0.00634181238953101 0.0005461718526846902
0.005509624856964744 0.00395821761529972
0.004631592613512162 0.002475884769771556
0.002718032964977085 -0.001591996274117487
0.001636676532884911 -0.00441592606115397
0.004256852259346699 -0.002632723757963132
8.13643611715813e-06 3.474654675335187e-06
-2.326474299080272e-05 3.63362565991832e-05
-7.764057712354593e-05 -0.0001121424989623285
-7.752468169735611e-05 -5.496505996890116e-05
2.712343172182176e-05 3.076075049930987e-05
4.408651887668485e-05 -1.620516826657198e-05
0.0001817317303580153 -4.557574272099213e-05
-1.020337182882039e-06 -1.863142270700428e-06
-0.00247920004413511 -0.002000766157379692
-0.007026846340770947 0.007985901877190593
-0.0001151359142422327 -3.908884778640567e-05
-0.0001282307873373412 0.0001562574085879615
-0.001335103464123946 -0.0003145451429457966
-7.694180392561123e-06 -1.924119666725696e-05
-0.003598521366378491 -0.000552377899961948
1.562222962198036e-05 -1.01517508451576e-05
-0.001946543270139917 0.0001967738941201549
-9.28313427820557e-05 -4.211717377204237e-06
-0.002818441358868468 -0.003011081594790514
-3.372073880195996e-05 -0.00150060118932607
-0.002241909354980877 -0.00538392753602994
-5.331576074710995e-07 -1.657802024518804e-06
0.001751425591978526 0.0102576703624024
0.0002071088191988854 -0.002357271275018161
8.508846461098505e-07 -3.600970919722999e-06
-2.262916766826218e-06 -2.289768943843951e-07
0.001604576041173026 -0.0005823104513712444
0.0008343517127460065 -0.0002795990384008416
1.060930201374966e-05 -3.680430985472682e-06
3.496362010506694e-06 3.159998246982371e-05
2.092713379650415e-05 -0.0001709742135979165
0.005454154337331904 0.003378198093739241
-0.0001921923881518574 -6.684149450336814e-05
-1.257741163860086e-07 1.577748584146334e-07
-1.39394096301305e-06 -1.519554257971913e-07
1.066211534032024e-06 -2.753189543001414e-06
0.0002308746019295978 8.303417403683214e-05
0.001922058051593657 0.001077061448947343
-1.86342258992175e-05 -1.609014845875551e-05
-0.000133239091915546 7.374643261549923e-05
0.0001253048023572046 0.0002017580868790923
4.031955858386871e-05 7.619431478186967e-05
-0.0001214406141701045 0.0001638922391587303
0.0001101925833860598 0.0001648257713042473
0.0001640990864439402 -0.0001458436157423579
0.000217643611738394 -8.267197725074729e-05
0.0001107263813079985 -4.545978058243551e-05
1.566884025981781e-05 -7.501425784731679e-05
-2.971941724368087e-05 -0.0002018638416234027
0.0001594213208740069 -0.0001234401796297306
-5.668656518131098e-05 -0.0001056126744947696
0.005471143385382915 -0.004203491182361225
0.00527870495061971 0.004055426298366989
-0.00289820972515736 -0.001360835365566581
0.0001182820972929277 0.001239980884870221
-6.68363734666142e-06 -4.084784453328263e-05
-0.0001341121416550768 2.750750080032928e-06
-0.00128350076676901 -0.003322536334211832
-0.006423458121664233 0.003806063559632618
-0.006240385393118679 0.001446287388726304
-0.001045377876581129 -0.001343992225796716
0.0007768660933233423 -0.001306162968076125
0.0001038087662329618 -0.006038964716095864
-0.004111871536365345 -0.002539518993814763
0.002519681337963664 0.00186994556946416
-0.00781476575968869 -0.0008235173265629865
-0.007413370554069637 0.005513253936682403
0.0006898796413245988 -0.002090256037944559
-0.001287873503081049 -0.002871497281753618
-7.686976544509024e-07 -2.907691072187097e-06
-6.569020377795601e-05 -0.0001023447408079359
-2.604833817094618e-06 5.609273027548564e-07
9.280189160004969e-05 -0.0003389435458760909
2.371654381540591e-05 6.067509034042061e-06
-0.0001927285532473795 -5.491753896996241e-05
-5.463837733718537e-05 -9.617567784831356e-05
-0.0002258674917648716 2.367604766686765e-05
-4.570399486668614e-05 -7.055383210394891e-05
-9.128372379412332e-05 -8.345345892383746e-05
1.009045745334855e-05 6.774748428293994e-06
7.718931069880765e-06 2.621007241076709e-05
2.746745265570862e-05 -3.3969139703979e-05
-6.870515187274627e-05 -4.08424698864204e-05
-8.016818263219331e-05 -1.490966914471482e-05
5.93560297564873e-05 -1.704859995811517e-05
1.674081371294118e-05 -1.175624950252342e-05
-0.004222437696357598 -0.0008397428685141764
5.063671439332779e-05 9.531467399532537e-05
-0.0009975132725567163 0.001716283396131144
1.116764840048676e-05 -1.060947848608278e-05
-2.815789863079608e-05 -1.273566147320506e-05
9.481296770340837e-05 -9.782392944314411e-05
-2.730245028808456e-05 2.229126833207993e-05
-2.330648305660288e-07 2.73420057759059e-08
-2.901486628957666e-05 -2.568681602653314e-05
-0.0001416419965134193 3.995326471713369e-05
-0.0001526491200379268 0.0001830965679279002
-0.0001313165003666931 -6.117002932797951e-05
-9.735802974168463e-05 -3.430013762330138e-05
6.242975193616532e-05 1.795351716763642e-06
1.218482392991141e-05 1.565160083540822e-05
-0.002234049199126171 -0.002285921402429695
-0.005757095547869651 2.221403697749353e-05
0.005565280958775588 0.007953257718638938
0.004157666048466606 0.004961456100756901
-0.001806705442558872 0.006833660537015199
-0.002092923852649931 0.0008129767801743244
-0.00251521474231909 0.008789694936343947
-0.003677975836398755 0.002239780607803924
1.373324511763515e-05 8.668516357203703e-06
0.0006398514715993525 -0.000363596539907166
-1.706400358798864e-06 3.948145732523864e-06
-0.004674555925714952 0.005963832041164492
1.26567215475527e-07 -2.75646543039218e-06
0.0003859786942998314 0.006473602172794479
-0.001527960993206123 -0.003268098516522553
-0.001634434470485986 0.008410667449736429
-0.006689865399689003 0.002567933310131252
0.002603367608519617 0.009655759170735393
-0.008239319463789401 -0.003584275617189865
-0.0007004268166548788 -0.002462489208021518
-0.003703010976726687 -0.006584754250560343
0.0003556518566424061 -0.002720718511395485
-5.196228719669519e-07 -8.456294887493838e-06
-3.975524836777217e-06 1.076106512882557e-05
0.0007512531526628563 0.0007763322614875513
-1.924252639835175e-06 -2.481203452869211e-07
0.0002468757065884416 -0.000839100949859651
-1.941279850880811e-05 -0.0002612394384867028
-0.0001136742982433746 0.0001537794208027348
-4.599588917516239e-05 1.185638894407804e-05
7.921440239994603e-06 -1.4760321348768e-06
-1.784549166160889e-05 -0.0002110750912665724
-4.571718753416656e-05 -0.0001361872499674722
-0.003476984860628254 0.004272082690383839
-0.001574066602005406 -0.005409028761217714
0.004290092966668957 -0.0008385780347073891
5.845593195744687e-05 0.0001661092645804299
-0.0001100831740551055 -6.703130404582929e-06
0.0003341390859268135 -0.0005787468515238141
0.002008540922300174 -0.0003765725922159809
-2.294357978263692e-05 0.0001879705257935542
-1.610804285173467e-05 0.0001964713418803364
-8.756319972409916e-05 0.000172674216682089
0.0001215718794040511 0.0001761888115180509
-6.971130293132449e-05 7.552647244397098e-06
-4.627362676697446e-05 -8.392275430045433e-05
-0.004744661401581387 -0.001506685171491165
-0.00674586603274587 7.413774486430646e-05
0.01031013756232349 -0.001763606063963467
0.009615574279442261 -0.001585630725184032
1.248217953504504e-06 -1.954791410751692e-06
5.695062275238352e-06 6.24046734583787e-06
-0.007529609452388968 -0.001369098378691191
-0.004852267275815571 0.007347909753819632
0.006688538489716222 0.007752475138650823
3.479336948240183e-06 2.58009911239979e-06
-0.003327716447344149 -0.001449845443325537
5.602576741413704e-06 -2.165842483043949e-05
6.377365350467163e-05 -0.00115764649433862
0.0004449547897927088 -0.0009421097331196771
-1.005638192635e-05 4.391891889488106e-06
0.00172890513151258 -0.008006695259244669
-2.830715110144618e-06 2.057151114611187e-07
0.00778729159527973 0.001061984199316036
-5.126849962555119e-06 3.508649639861737e-06
0.004161074210748832 0.002847791842847091
-0.0001850812556214488 0.00719734486063571
-0.0003749005944394221 -0.00595715616825062
5.293069828750877e-05 1.134830045417187e-05
0.0001827892456622771 -7.877688521450239e-05
7.980420356107596e-06 1.414657292285055e-05
1.315360582145218e-05 -8.065055019424743e-05
0.002812826380561867 0.002429176150708925
4.267274522175284e-07 4.499566660939114e-06
-3.229384162411401e-07 8.282925042542605e-07
-6.870017251281235e-07 8.279835219012058e-06
0.001648471812649199 0.000832712166633446
0.0005949248033515939 -0.0005500138482817763
2.738680077303379e-06 -1.468568498486111e-06
-6.518637976475193e-06 -6.000445082145332e-06
1.319808664328564e-07 1.643991297576745e-06
-3.738160502670351e-05 -0.0001324749582225283
-0.0001639306579572759 -2.676431806125233e-05
-1.415197920388413e-05 -5.217195942913432e-05
9.141864513602672e-05 -3.109072765621192e-05
-9.092228578976018e-06 2.740784891653525e-05
0.0001307760224434074 -6.921728845439719e-05
1.328682438700792e-05 -0.0001828095462108432
2.96418829625846e-06 -9.045852663520614e-06
-3.534095323280672e-05 9.05590396608159e-05
2.078887928056649e-05 3.688055545311477e-05
0.0001357979489698621 1.539839124249498e-05
0.0003640654668530781 0.001930490315544518
-0.001669919772430875 -0.001219094799389453
-2.415176402810785e-05 -3.464108696698712e-07
4.243972095560577e-06 8.244773887150322e-06
-4.761365724094033e-06 -4.611600977380007e-06
0.0001692984889728203 -4.927340115803637e-05
0.0001035244211950567 5.722019101253376e-05
5.992983739439282e-05 -6.283776908871952e-05
-5.767871114619628e-06 1.139350365822933e-05
-3.099587840537892e-07 -7.459684991551481e-06
5.248961024440799e-06 -1.621807732454345e-06
-1.930098769497573e-06 2.28182649888537e-05
-1.027211643323737e-05 8.390599898271628e-06
3.299371266632636e-06 -2.481820574465458e-07
3.466896232295289e-07 8.030732611414304e-07
-1.261588146928396e-06 1.500385230134097e-06
3.489129751754403e-07 -1.060247994125798e-06
-0.00539106065179452 -0.002563343708233083
-0.00445690874591877 0.006502329333215868
-0.0002922886644538192 0.007656973022609523
-0.006164261529384856 -0.002357236278175993
0.001277615608102786 0.008593553586755903
-0.004185974544580149 0.001812510228826547
0.006052771539891174 0.005768696089517031
-0.004333624355796615 0.005031513876946093
-0.0009240762206848608 -0.0007412247048975941
-0.007276457943497363 0.003052929482574661
-0.001868351557240916 0.004068865118028017
-0.00511045653420975 0.002227354760896475
0.000304703198392199 -0.0001415205039965025
-8.024229258782448e-06 -0.004675339778581897
0.0005296374877374003 -0.002689106559950719
-8.012033458876586e-06 4.995466124449309e-06
0.0002418912818558642 -0.0004250771745218947
-9.741963925287604e-06 6.354970763687557e-06
9.103396895038649e-06 -0.0001151806650298653
0.00141033954997266 -0.001770316857593005
0.001979965933435852 -0.0009516596426093895
0.000991341000759272 -0.000582041941089805
0.002436235611066573 -0.002083311313177899
-0.00417957845271476 -0.006515600666837862
-0.007826559351543102 0.003215972847938451
0.001366844015019176 0.000457738742269666
0.0005806313118652908 0.006029543645833153
-5.321969091868608e-06 1.706570662596305e-07
-0.003726079965695213 0.001341120068348277
-0.002874312444817344 0.000789093776293414
-0.004981894454468737 0.003300785701952659
0.003732450200974243 -0.0053821236545939
-0.0005114197741799293 -0.006373707705482816
-0.002566010796430332 -0.005280169167641248
0.0006416182244733685 -0.0005324573054276791
6.807630697877735e-07 -6.503892633620616e-06
-6.30398100433078e-07 1.142570947776362e-05
2.784252742107392e-06 -1.44457973830764e-06
-6.58251016817489e-06 8.35716312946623e-06
-5.176727290679295e-06 1.800433078951538e-06
1.608510525353223e-06 -2.411322857544162e-06
4.040955886494343e-05 0.000166722124508139
-5.398655052410336e-07 -1.876959055403067e-06
-3.631599775846628e-05 3.636450064888771e-07
-9.327255491064595e-06 6.58032822965469e-06
6.736363002043506e-07 2.744207072566324e-06
8.841458364635439e-05 -1.136253975474028e-05
0.0003338747369345933 -4.476280586057169e-05
0.0001736078837392808 -2.327761538470659e-05
7.875353348868779e-05 -0.001352205417769606
0.0005911670412925828 -0.001262386691629152
0.0007476144938963798 -0.001119225772366091
5.665354682010218e-05 -0.001273657178861635
-0.0007506638481338557 -0.001496510660368542
0.001289212341752867 -0.002185454219806428
-0.0002264450715993574 -0.002040414338091701
0.0002542230168024661 -0.000760648795923509
0.0002248362396404807 -0.001704835294162675
6.100309040204685e-07 1.508927827265758e-06
-0.004231318020083794 0.005553097592811069
-0.0009748946459481545 -0.001905613558000964
-0.004580524767716751 -0.003462405177919986
-0.005878658160691971 -0.004202716960175872
-0.0003596681131211907 -0.002549024024225993
-0.002268715639703468 -0.003830304745050173
-0.003271910173808017 -0.006050676971576278
-0.000891505804211429 -0.004808293132022282
0.001573052531261267 -0.009015407893054597
6.746708689139513e-06 1.06395194735437e-05
-0.002118920758518053 -0.004057546603402514
0.0002912200994723415 -0.0002104345797925518
4.772389058392584e-05 -0.0001199368791821032
0.0005956843003503629 -0.005546717187141929
-0.002616158739620944 -0.003215564028890145
1.140654289268663e-05 -0.0001299983827739433
-0.006967688483159265 0.0005279567090212645
1.105226917275733e-06 -6.135236424483532e-07
-0.00306760205174873 0.002127299403634762
-0.0005776114342072626 0.004571154369476714
1.393587479553752e-05 -2.347585548719844e-06
-0.001130552026683432 0.001147732961426811
1.502786901757842e-06 7.873092482934764e-07
3.016941622778772e-05 -4.878041916322218e-05
-2.193171171290453e-05 -1.458165203903264e-05
8.662068695785042e-06 -2.690839492691957e-06
0.0003332776316796839 -0.003044572611266143
-0.003396964991962272 -0.003674196416478249
-0.0006966355510584299 -0.001096551329237647
-0.001701289765370901 -0.004124903897880825
0.007583733749760252 -0.003259943930892957
1.991297081012878e-05 -2.956537182329068e-05
-0.003216439476812388 -0.00415270417140526
3.041902957574303e-06 -1.435165480375621e-05
-0.001240641105020198 -0.001259662780433318
8.678862938928125e-06 7.154725502637529e-06
-2.740388437310098e-05 -0.0001102538154509418
1.054984005959133e-05 -3.534644405805818e-05
-6.187527156139375e-06 1.503981617389443e-05
-1.605594529491483e-06 -2.643530193866643e-07
1.543714154221645e-05 4.981962823427877e-06
0.002531474215834946 0.001087349602903951
-3.890619638318941e-06 -4.28525996143701e-07
6.730206561614838e-05 -0.0001144249286408335
-5.572055709126733e-06 1.975125903382815e-06
0.001072863056001104 0.003623593408843094
0.006533327828783815 -0.001135403558941846
0.002400001580482661 0.004380308802590022
-4.16907227034902e-06 7.831096297574737e-06
-1.381219087681184e-05 -5.289281002402964e-05
8.696670309357582e-06 7.83043820041861e-06
1.699665240095359e-05 -1.478999340735493e-05
-2.801274013530285e-06 -7.017944285353417e-07
3.715056767970995e-06 -1.201477967115043e-06
1.294486789804026e-06 8.178753940262529e-07
-1.290461673055005e-06 1.097291665669871e-06
-1.139467316553351e-06 -2.640103011757843e-06
-2.278302406935306e-06 1.246535444768067e-05
-1.456457457623489e-06 7.097244820497092e-07
-0.005303895228322556 -0.004100632963363217
-0.0002392192585841653 -0.002180061253348486
-2.412916573639765e-05 -0.0001774962975336897
2.054727128933094e-05 -0.0001654332514208111
-7.008393513774595e-05 -0.0001517182652352895
0.000233339035457132 -3.274857501082367e-05
0.0001558398618351706 0.0001033534623943466
1.071135547208429e-05 9.915389183297836e-06
-3.230100828129391e-06 4.788417617225438e-06
-0.0005982779615402522 -0.0006384534847928888
-0.001148639330743436 -0.0006856664510495281
-0.0007640191742487025 -0.0008970755712195078
-0.002365597048851868 -0.002763643910280611
0.001012853076939024 -0.00396825446584092
-0.0013979324924865 -0.001250736821479318
-0.001807467056630249 0.002864848196219262
-8.332947599135233e-07 -9.367313153336973e-07
