0.1418620445631186278 0.1485978486446028479
0.26571924975752792 0.04577727760191254575
0.2076608716405028698 -0.1381363206214470118
0.08456672797073852554 -0.1416345467103122535
0.04670270435212019872 -0.005235027139519871954
0.1454369339984199205 -0.1425244669332847991
0.04837956133497197525 -0.260308780501285808
-0.1337721702979161043 -0.2157596807100956859
-0.1468153634564204613 -0.08621229265963288591
-0.00442925661898775809 -0.0453236309047062233
-0.1429393852835483814 -0.1446797440008799895
-0.2629905899574439543 -0.04721222906353927939
-0.215377217189146708 0.1351858325022095297
-0.084830995743914131 0.1479610337458018565
-0.04409956639528329891 0.007914537993483348674
-0.1437877670061914193 0.1425218386953141791
-0.04978745143525183103 0.2602019908884850574
0.1327661863044310164 0.2171841221413254031
0.1563001071397868424 0.08996747443215814821
0.0091210748628232554 0.04117353547852511259
-0.06681747883843638935 -0.2282731952117483809
0.03367814262901829003 -0.03600902878966792675
-0.01204399547851301919 -0.2049535886452543143
-0.1760494817758851416 -0.2019898481359335141
-0.259326105432232723 -0.02150449450227627513
-0.2306453899129397578 0.07418549958762632457
-0.04117719241499804422 -0.03052265912008975818
-0.2012955518032568392 0.009222364813147965884
-0.203267695494068007 0.174641231794857521
-0.02064407319306257177 0.2616229770736394067
0.07064726386452600815 0.2340681975127528736
-0.01615047605602257935 0.03861680040657843732
0.01072405819203007225 0.2003324436992353075
0.1720762524597777565 0.2013862986658658261
0.2616224816259570263 0.02199639519591237158
0.2338538779203199192 -0.07400216754207812608
0.03317508633114023275 0.02636792467769632706
0.1998993949946575588 -0.01242994394340342541
0.2108577122430594641 -0.1747110269865797816
0.01962171700181849013 -0.2618434835615742751
-0.2673067077636676614 0.07474561530527230879
-0.09782294765489950306 0.1839011609156203098
-0.09032633355084775106 0.1802700074377654726
-0.07469621790439347209 -0.002998971255374721385
-0.1087332187841667658 0.2407612623468745328
0.07324072861313506155 0.2670673638518060722
0.1650904900287402943 0.06944242847146898934
0.1920667539671970236 0.09534826456688295926
-0.002726326858315401662 0.07333967525691056921
0.2412215425554309345 0.1079662969022613245
0.2672323231119678733 -0.07438906668890477025
0.08056962389000478508 -0.1761316477855219831
0.08918341563953417761 -0.1888808320727319301
0.07160653589421842047 0.003076267079853916165
0.108457022373318529 -0.2386416299070434066
-0.07002157755697313579 -0.2681298438111147653
-0.1688722031102145305 -0.07458800415078097046
-0.2019820708928511954 -0.1058519332872542434
0.009408439688401470588 -0.07422093240077230758
-0.2318966449793266882 -0.1003858953726156494
-0.003009073122134880898 0.1917514543401922511
0.20355068119756764 0.2026974959526098019
0.1917388464267109072 -0.006559763022450312148
0.123224069355037491 -0.07213261626728223463
0.114376669038306289 0.04870807938469698395
0.2012381779769573109 -0.003456486066232224499
0.1994467806160166445 -0.2035869955685966626
0.02272540956996614916 -0.2325141790885309201
-0.07370425616242663736 -0.1144428425962861345
0.04657706682048602664 -0.1147163030694923203
-0.003481873638193532221 -0.1985217845906689094
-0.204255510334331869 -0.1957530058621971547
-0.2104078158404837362 -0.003972782287364056385
-0.1200422545380071954 0.07250879051498437811
-0.1125557722954982909 -0.04585484069888452752
-0.1937134747522402112 -0.007236166478488790729
-0.1986396650572396227 0.2004837951760113368
-0.02907292250247597507 0.2418550335452923361
0.07928496300608844916 0.07966305234748527475
-0.03390336377037195259 0.1733580687477411231
0.07533546108243395489 -0.006529642736867723521
0.1855713313321384894 -0.1601730061661652549
0.0511018222225997909 -0.2427182805635522689
-0.1056905037411941389 -0.1967056543372882327
-0.08575442798167580427 -0.04915745366179587877
-0.0201800588925056916 -0.1084289028646912845
-0.1524962803015405544 -0.1813677174373863332
-0.2439319765171597265 -0.0528385353173028427
-0.1929805880027549159 0.1048907224195118615
-0.05467905106681702349 0.08660893655841195304
-0.1053055741109513999 0.01947039250091500001
-0.1810227134517915504 0.1536193310254889144
-0.05256690640468983378 0.2413579536894479849
0.1063255978196789714 0.1952409904044055955
0.08872439808812619677 0.05353364644745202405
0.03027656452023462855 0.1096580265852062502
0.1425144511562018712 0.1795504430634342619
0.2433339412635640853 0.05309919302337167551
0.1933489391340199037 -0.1066628488410503589
0.07305285130294270068 -0.09880938908571143542
-0.1194161360181231896 -0.04044510658883460757
-0.09968615549721618341 -0.05604046352360195909
-0.177497930999809761 -0.02546411705281106594
-0.1732020473667112148 0.08687446975596906096
-0.06727253598664947876 0.1317048905866821662
-0.04112548961942712883 0.123556247012320583
-0.05910115165173264462 0.1026700021482691016
-0.02715374893291288075 0.1815117473178414487
0.08701845593737742024 0.1748067650220995473
0.1301795999031275797 0.06689955718947897256
0.121905438360005336 0.04017341345270045161
0.1011330429447283852 0.05488831180399084131
0.1804357957175251326 0.02629020911411924025
0.1748609884962681327 -0.08673765083927359454
0.06691193758658871282 -0.1322988498475440866
0.03766237205794900622 -0.1229070554219028749
0.04810386589317403039 -0.09614115441605569634
0.02388529387442631796 -0.1776212732639123049
-0.08556124024213900003 -0.1748850573674945175
-0.1324651041813530994 -0.07078832977879737087
-0.01300241851495443669 0.1268252574194179416
0.01648349886039551099 0.1028317877993193546
0.03170656927016449883 0.1067695985091010463
0.08931492502947986634 0.1305829808177963181
0.114552401453471564 0.06983006951441331212
0.1411163594278062872 0.02138926030966767713
0.1078924231132009776 -0.01504792641327515682
0.1081827056796799136 -0.03559462088605853947
0.1310993191938668312 -0.09016273032192193004
0.06732854189663525779 -0.1158974717710477276
0.01159123242293287268 -0.1250267129333052785
-0.01573527593052486545 -0.1012520222280243465
-0.03352813176642942955 -0.1069856798742432058
-0.09016598506376989619 -0.1295813569213845051
-0.1181053036122048511 -0.06940810430700583566
-0.1276423633371965571 -0.01068330079245577956
-0.1033126740254352027 0.01732397417080811311
-0.105273638198705638 0.0341823445527038236
-0.1252395219973783114 0.09072487461002953779
-0.07003540841255481708 0.115672229123864212
0.09447002568515765197 -0.02038043779801147412
0.1042651121453835317 -0.05690161972149754277
0.0687391675936714075 -0.07138688498960933659
0.04461146021363326247 -0.06665605307523807255
0.02049171196460241456 -0.0916649753157727093
-0.02261854095432072956 -0.09629593590903004485
-0.04954841841593100177 -0.06552250183661278982
-0.07701049186622402343 -0.07223440357112446975
-0.06636497933963003693 -0.04439506411060774316
-0.09082455453526293299 -0.02465914618423148755
-0.09575766439002394992 0.02140676880871777293
-0.09685544576940963157 0.05715344222352384401
-0.06725417796892896316 0.07222408723868120606
-0.04298289005775995236 0.06644429480532579313
-0.0258221269903053316 0.090547572354792355
0.01891535990720176474 0.08727880772509083451
0.06079697178738126262 0.08824244207127093786
0.07761310974162516363 0.06444727323709940892
0.06754978128819036365 0.04301695288369175585
0.09053397546986004241 0.02423186420445362643
-0.03852239065689441744 -0.08280879785947289906
-0.07898455597855238985 -0.05726820537770826308
-0.07417480989451531725 -0.02034037970442201596
-0.08817088230625755307 -0.007350857922768496734
-0.09439251372935301976 0.02044129483349045248
-0.08534334777867044752 0.03797468718231139517
-0.05479383346409407579 0.07992538149814430726
-0.02075779405280925652 0.08736741069149930872
-0.007519350502587549001 0.08824228631474330398
0.02045922519236108295 0.09605840977316071339
0.03839971384084313322 0.0827371310789861425
0.07966043468785122261 0.05425449106149021761
0.08023305268347921682 0.02170063647952736804
0.08817285273159386483 0.007009566597230359845
0.09601669103688111051 -0.02377365060019526535
0.0814814616907140743 -0.03094819615326824952
0.07424111286803362908 -0.08630916321918900846
0.01930831284672627005 -0.07673124209164097764
0.005140460869238573823 -0.0883122430915774248
-0.02213331620027609442 -0.09429224416925516272
-0.03248362040226188824 0.03819014805253118788
-0.03131032420969118851 0.0496165961309388559
-0.001881804130266510411 0.09243372574967187449
0.03502471962422085139 0.08154121520302398674
0.049191506771193029 0.05579362448297457006
0.03831190832163954008 0.03156544222724311233
0.05372866085762280364 0.03016281463988324321
0.08259094503317881975 0.01020958256033321042
0.0829076870165368629 -0.03831035519678641088
0.05077990484340107885 -0.04613364453907564666
0.03252774055736998987 -0.03798104239377867591
0.03118650789745094562 -0.04989259108585509389
0.0009133337869746484304 -0.09082423330186500943
-0.03532620690779143119 -0.07973485696246487842
-0.04790577893594775288 -0.05882000901589987119
-0.03846054141419712191 -0.03238005541565940754
-0.04926151139497303433 -0.0299532506175715571
-0.08371336583764167616 -0.01155139180286035398
-0.08021241576910695392 0.03572605609628776852
-0.05504268025532019215 0.05006102990951540738
0.09731973193431472935 0.02205036914258792433
0.1136325984029271513 0.01081464093513000158
0.1160668323153617731 -0.02613171025314419554
0.07511586150084162417 -0.03715407588695732871
0.05805807349121037964 -0.08610769139197972655
0.02241525130342258976 -0.0963358566702765956
0.01089402732766126675 -0.1115194307405921875
-0.02299571606172666136 -0.1081961450293125182
-0.03503208774388866936 -0.0742543935279866979
-0.08275063671125373888 -0.0632859417979457356
-0.1003380786612180359 -0.02240240966567742104
-0.1147032125405836323 -0.01047558326017328234
-0.1167530228897224187 0.02775681049106838716
-0.07476110702864530166 0.03970082768402009854
-0.05744525517025374228 0.08999499969489045681
-0.01999317748793382962 0.09129585817774579781
-0.009398865842575751528 0.118016767778880996
0.03021667720134529889 0.1144752030919436864
0.03871151739296003341 0.07383132549264821709
0.0862664315679942395 0.05740403136725787808
0.0174989005049503224 -0.07957584925592595115
-0.01797877048079703222 -0.08122526145298139544
-0.03230740924781418111 -0.0522626188490509444
-0.06268879689284645451 -0.05304270879556509388
-0.07234926034231330128 -0.03822788655629952986
-0.07990352082384409582 -0.01741878577959650107
-0.08022995531380691658 0.01756185127060846257
-0.05280275797056066533 0.03341740318025771678
-0.05357856289394289512 0.06217707375966008421
-0.03771351831285783829 0.07216945164056161321
-0.01040056130835346863 0.08225076405521487832
0.0254256490431536801 0.0851228472857259999
0.03276456122242229346 0.05183166025760775619
0.05229611772519814072 0.04843113373092235163
0.07297886882385629104 0.04011579736437309585
0.08059552795251533064 0.01418051646413695348
0.07787862231729247853 -0.0180930593886765162
0.05107764858162326671 -0.03227047934893937514
0.04815214141851573842 -0.05693104010821291305
0.03669238526480704532 -0.07277617727504380463
-0.101955782105840595 0.02921056836400671985
-0.08057827675092540942 0.04258949560214835006
-0.05728330994211794369 0.07593268102797773311
-0.01964205945750046797 0.09176203119191797541
0.0006745101104000295229 0.06562574195650011655
0.03331963420571992796 0.1078476982251840854
0.04144935945274838551 0.07865978221493186151
0.07758088766414157622 0.05354422000787204677
0.09251065339239011864 0.01817901155053876922
0.06558577249346682347 -0.0009880366671669771252
0.1108672124283060778 -0.03271120615651049862
0.08062738504035192599 -0.04218956244441997294
0.0561063601405063922 -0.07366125496031354636
0.02141902950405802711 -0.08960632358925318952
0.005039138234909244264 -0.06633954024049625031
-0.02941037997659054493 -0.102278546844116261
-0.04267042227791986719 -0.07877682055513679504
-0.07741480649053529561 -0.05237056615392648995
-0.09040840702423964814 -0.01919687368313328577
-0.06533407645432942612 -0.002213857756260834836
0.04437069602751391589 0.04950792609701362701
0.08285690817326361868 0.06453174257750422804
0.07734490273041398634 0.03538564402470751463
0.09715551069350930602 -0.008802448853579046897
0.07705329245680385408 -0.04293682782191095282
0.05249233008105505527 -0.05312014571197749141
0.05960446336711294063 -0.08839165685080847823
0.03651476794029597656 -0.08238612102691521277
-0.009166986788666068448 -0.09518888975621930815
-0.04377190769615962873 -0.07688790284314053758
-0.05333641144082921365 -0.05178301398294523489
-0.08748471816324171479 -0.06053082778198264069
-0.07776130772222904219 -0.03410182019836072859
-0.100931224808092912 0.01161409029945916285
-0.07966069866336994432 0.0463819350813056766
-0.04883772776748920852 0.04479372333051297866
-0.06363007289422198398 0.08450731033239128331
-0.03682694337602655105 0.0836006697686966227
0.01045684753277526663 0.09761752360748456037
0.04613057241798847879 0.07836364147408228509
0.04681986244027553506 -0.1425670573882464875
0.01478421507046961264 -0.1117165465366358468
-0.005539338923313361952 -0.1207410269537970149
-0.05286645163713713652 -0.1338973702780100472
-0.1188075930090235904 -0.1102157122953642404
-0.1399534348168281483 -0.05049913319228848535
-0.1078590455369229234 -0.01568300106655636308
-0.1189059972537800519 0.004932301357986602214
-0.1326677952531307991 0.05040804633774698118
-0.1067145028683170876 0.1158665414710477598
-0.05144972888189579263 0.1391198133706736118
-0.0142296931068232619 0.1085718764200650777
0.008363671420033807688 0.1214184488365930986
0.06072464737877127788 0.1447984645938829584
0.100090974010614786 0.0951608435195862995
0.1420917708719155736 0.05102123630634327472
0.1117890765980928958 0.01330194741365140799
0.1186322164288218933 -0.01020792603958832305
0.1299567581094180635 -0.04980182335241257335
0.09937606299724789649 -0.106272291827365542
-0.1945436537762120499 -0.03307202159118142332
-0.1526161707212990437 0.06960048340185850946
-0.08631817756843851441 0.06327451405140126217
-0.1112293721339940311 0.0417647545534016798
-0.1222818243979968134 0.1231967945547486065
-0.02570659576400815757 0.1967695672163560228
0.07220618318145742565 0.1525948455202007781
0.06299696842818049147 0.08566603641793500701
0.04292496337222458103 0.1116015218165331557
0.1210899328594749746 0.1231560033187193287
0.1971281122243506434 0.02480310503899846655
0.1524423946188509515 -0.07375178105138543994
0.08507973184544374845 -0.06471839364432539765
0.1106553846342948622 -0.04208077630552995579
0.1196581262535793277 -0.1197798528821109043
0.02416951178391792479 -0.1975495085916762206
-0.07360309929409575291 -0.1535458496445329946
-0.06554078214677210024 -0.08420142733745854258
-0.04550371691716241507 -0.1056871526824237212
-0.1194978370630430942 -0.1191964238559173189
-0.04284545344030908642 0.2251902905006329947
0.1315349016571910334 0.2151511017443526463
0.1906986403209633418 0.0741061603236698313
0.09748879087037001789 0.02083229822593770861
0.09354815635992197453 0.09700056368569873189
0.228957473742780776 0.03599079366170428868
0.2120109392329258546 -0.1323645721626930671
0.07247303955188624802 -0.1907730559696799166
0.02068221623425995845 -0.09711801671143441284
0.09687181342601559886 -0.09402131530698895623
0.03550495981216562208 -0.2283587797094280281
-0.1334674337303110025 -0.2121730891794129104
-0.1930156597603976398 -0.07264957522944119617
-0.09871771596527596782 -0.01540735033665095038
-0.09310628507887733218 -0.09697803940878302331
-0.2304716183156925169 -0.03881717802563848518
-0.2137797272208067922 0.1324581112994717147
-0.07438359597089615194 0.1963584454975923765
-0.01471823325862156584 0.10155339726070646
-0.09426854993014094353 0.09735621316541878678
0.1286231932845673387 0.06813177928809438511
0.2530437356601177856 -0.1209331147856756161
0.1151870511608651948 -0.2519736050660485449
-0.0696785472340549078 -0.1169575613331829272
0.01741220896211521929 -0.1276507962678112562
0.06943833779826866226 -0.1430089095495018781
-0.1260768970958324187 -0.2495533769704381954
-0.2533701246047409539 -0.1110511961146919968
-0.1136590722211168608 0.07084220492290078941
-0.1289842562350261568 -0.01646360223163693959
-0.1382064084895441858 -0.07114019387750544765
-0.2498258772727474097 0.1252428878962916492
-0.1128757185955794884 0.2531308081761716733
0.07223830706619450981 0.1191780491165944089
0.04884724844642168717 0.1226097573553430881
-0.06767337954272396872 0.1318143936636019253
0.1222715967835972806 0.2447546521439407652
0.2543331866226410387 0.1150650693103098254
0.1309599508439511506 -0.07292601478504488755
0.1123983333310453608 -0.05223099629798192561
-0.04694367820107074596 0.0298558106898514225
-0.1195430461294158253 -0.2119100393302044971
-0.1687390984039353059 -0.1474323476006154099
-0.2871605557027596678 0.02530473978361767046
-0.1764029729409123115 0.1686127302749113044
0.008559775625629510373 0.03321725962097492324
-0.2140573658052633832 0.1186608133914116431
-0.1455371601926007952 0.1744220187941940281
0.02838634732069692315 0.2862278605525406805
0.1686133643568649976 0.175748007623597019
0.03350574575762157309 -0.009065183955909977137
0.1198332722172435749 0.2116979956145947361
0.1707743231238660064 0.1446788959311738065
0.2860605730744833486 -0.02676044526292258724
0.178405652414435123 -0.1699576441591411913
-0.02864355348222727415 -0.0430960552503958233
0.2099831861193551807 -0.123849746666367555
0.1452613877482130389 -0.1635970455658643241
-0.02217967076029630016 -0.2845927742632976543
-0.1679609942760562913 -0.177379409142902289
-0.08316949958196186155 0.2237694330159930023
0.02807675383331864963 0.17779301128224273
-0.03496795317251988333 0.01978650273232351528
-0.03333225374937096724 0.2489390665666649516
0.1271370668001526594 0.2533384214342861429
0.2176124045134906759 0.06815306629705120134
0.1740318729965596445 -0.02342745114934215167
0.02157588706883651133 0.03533085292491541102
0.2489856922689864249 0.03176192555763750203
0.2525354002433833345 -0.1257884596515044529
0.06969489948094946541 -0.2187330167434076711
-0.02468437524306437911 -0.1746442484454689692
0.03397283240636120305 -0.02219209244898880801
0.03048977193041173955 -0.2481603937121721337
-0.1261844270004311153 -0.2522802348965488273
-0.2172266629690156881 -0.06745507071997784709
-0.1750790286657550598 0.02782552873141488567
-0.02202862847164880136 -0.0305110205329758126
-0.2464709773613475985 -0.03024885298314304236
-0.2505906279922395785 0.118134201665219013
