0.0426070004929615595 0.1548830940273034085
0.2240239910814549595 0.06249763565034651552
0.1323662819668589008 -0.1505516086653524432
-0.0610144036385370514 -0.1110741461341635955
-0.03941091501833457467 0.1773111617731223666
0.1508215589810777968 -0.04867127647992017941
0.06869850325522008916 -0.215632792955062047
-0.1452186365145839708 -0.1455648063863492769
-0.1211532898270270553 0.05108404067884964039
0.1742608070434124856 0.05289474918527563296
-0.04741241429955348613 -0.1500815180270765603
-0.2163930571528309699 -0.06768499238539167628
-0.1445281452280177681 0.1466417055665727998
0.05151995357945565734 0.120859017753186318
0.05358799237693087636 -0.1727536028788221045
-0.1504765374895931096 0.04641913092003824293
-0.07077409030841870508 0.2134078210627018968
0.1445071518526033494 0.1518297384795771476
0.13312086760885114 -0.03700029004141282274
-0.1678097936250426137 -0.07467452676901761843
-0.05948305934358522756 -0.06825691917416473742
0.1482294176507256422 0.1484046892025399633
0.08153805590874495246 -0.1609270352453183728
-0.1449507207541536891 -0.2167350336355307883
-0.205982542911976374 0.0448413715798828133
-0.06938520040879224415 0.06119206791878997742
0.1535795979324896254 -0.1345009420656539945
-0.1560464830731815855 -0.0867364344773189494
-0.2218993198374235865 0.1438337926954974533
0.04669510317409313743 0.2087055240328184735
0.06034591447766207706 0.07384973476930652148
-0.1222916765079852808 -0.1616029200685600575
-0.08622198555377350027 0.1524153386541854116
0.1402203679254765967 0.2215400307651141931
0.2101312183269722633 -0.04311176755022019802
0.07290241118002196985 -0.06251432512571945821
-0.16676104779975498 0.1234082443278405605
0.1508798584152460653 0.08720947117854745134
0.2222883823998977326 -0.1326644013619331097
-0.0476053463147710007 -0.2094807062776896378
-0.2675327993574309615 0.1013422789444747008
0.001182939876662767592 0.2098467648581521794
0.01038901122190043214 0.02776405980871963705
-0.1744905401411058765 -0.1341512095550675687
-0.142569792832376141 0.1701688028718431334
0.09801428541784543147 0.270043699075629362
0.2411169492595397201 -0.01514012565730248581
0.03127364543191659546 -0.01039305329226012167
-0.132859589467386352 0.1749029060106703504
0.1697360551803299422 0.1412549159551654276
0.2706295408780532985 -0.09805261177980498233
-0.01025183468562517602 -0.2301921642992641182
-0.01180320812624534657 -0.03239679596942170864
0.1691136515489791714 0.1360389595484515213
0.1424589004476798371 -0.1639096618985123044
-0.09136386818057573578 -0.2725182945678882307
-0.2436155515139463434 0.004281601166245034562
-0.03213302056921934352 0.01031808638405493431
0.1437503958962639827 -0.1711172892580226923
-0.1795459672371027271 -0.155666792172901941
-0.07360273316357740514 0.210132981091653348
0.1830347548903321908 0.1939649935792332192
0.2431203507119083229 -0.08539217295368532745
-0.01738549361990556971 -0.1311250288057451419
-0.01418603843219096855 0.09445105569217530916
0.2060124534090819193 0.0674843935419963542
0.1865530964434268524 -0.1878966931128610574
-0.05676779416316533183 -0.2265635650198823681
-0.1379280506942832663 0.01655935149324187089
0.09366965767705172363 0.01473743911376074536
0.06764499627384459868 -0.2049506835456184062
-0.1839204126738533673 -0.1844010033992308228
-0.2375220807324355254 0.07413045118051146687
0.01253124281984678914 0.134797170542246908
0.0201757558169456605 -0.09341841712681211995
-0.2021617676720408874 -0.0773494830957866808
-0.1915739649503823139 0.1807134482947069798
0.0470291943315521016 0.2269560875476840656
0.1716438293990248942 -0.02680667120378549609
-0.06402184380570509481 0.008596922408565292606
0.03534036064571977748 0.1107785171284552533
0.1390789018335986393 -0.0672247796140569287
0.03540875353050039476 -0.2125533387273569608
-0.1122879541392886593 -0.1111633511096607047
-0.08284937822579137301 0.07787686766727286436
0.08026661408269053499 -0.03460601070905362092
-0.06754021008373344015 -0.1472807552848648116
-0.2088048039449210136 -0.0403469776915474504
-0.1037563172371580439 0.1131896530020321118
0.08107079146502331468 0.07835464524571425504
-0.03365465864312307959 -0.08138192582297175404
-0.1461363573576176522 0.06703835820111116173
-0.03931727166955278907 0.2076050539167203224
0.1149751090560405947 0.1084566816201760209
0.08468039591221111773 -0.08011594052686080158
-0.07400723437014766759 0.02997805785854056396
0.06100998687556195149 0.1449640902107375284
0.2082392440647405363 0.04536994180571044671
0.1102993033015931962 -0.1163197889689303183
-0.06125506055898166657 -0.0839321344427003263
-0.01097791827391222247 0.02623388237825869176
0.008971368373555173303 -0.05878175558363834402
-0.1039718082779075986 -0.04396381207327632046
-0.1138759774674612812 0.07111413308640664177
0.008343462313618319956 0.1191221877524188677
0.03313185045855918109 0.01262324206234467436
-0.05224778201784288645 0.0006158454713342100071
-0.04095032611710555659 0.1055444550108656787
0.07249849089601201335 0.1150044286725466353
0.1197974150886075978 -0.009057497601576532803
0.01353396769721116992 -0.03263617136622377901
-0.002130944115963494083 0.05273017633694343509
0.1058921815923620641 0.04421171135533859958
0.1156156875659130889 -0.07012120003280349068
-0.006306597418265142731 -0.1214288481405256109
-0.03427163025780579492 -0.01517839849987074642
0.05135295877643464291 0.004159264038689582978
0.04647986291040707291 -0.1042669880162272328
-0.0682004914923329264 -0.1154405826797869072
-0.1242433319305745465 0.001678778586056422269
0.0286261640820705196 0.01388934830913170562
0.003206716040020053324 -0.03327291320049605844
-0.06053425786688892279 0.02471031453603637212
-0.0004756345913397526707 0.02645097995434425586
0.0406003480372858841 0.01118770504003281999
0.01099790759521335898 -0.02716179104470764841
-0.03456956341317919679 -0.001093960268084624102
0.02699472766874155827 0.05874789792903783309
0.02655816613012316335 0.0003028139959184251236
0.01081813390960712634 -0.04103870803133171513
-0.02931840835183084637 -0.01186248126665669957
-0.001230887591399059018 0.03462857606747998807
0.06000636054758368143 -0.02666253181698837946
0.0005580653197312237601 -0.02643193411962038372
-0.0406691703975673377 -0.01202395715670939724
-0.01161108448367705395 0.02995916786329435103
0.03403929564628115773 0.001785484502346092834
-0.0249767362270433696 -0.05512654373420790288
-0.02296324764048655528 -0.008883960991680530869
-0.008434828441273276717 0.03627377570915261973
0.1164006544175288232 -0.05537506492198869534
-0.02743368085340886289 -0.07999890121694923362
-0.06546040585705607817 0.03562652865886752063
0.05754902590549904745 0.09181349915177998422
0.1065314004894370864 -0.05845538247069161086
-0.05187271039711520426 -0.1103492295309094484
-0.106806783293218549 0.03698372104042418895
0.03088950590249216893 0.06283276653606692519
0.09199004972958968462 -0.05871449772450731269
-0.05506422516989135929 -0.1071245896903651185
-0.1079313079001866654 0.06105644191499472184
0.03164027072921420103 0.0675725453403631382
0.06770959683925904804 -0.03637258816251658089
-0.05675777920893501638 -0.09117140943781261442
-0.103616707288854526 0.05697486341963902551
0.05576667319106467374 0.1077295430135452592
0.08210187299930085669 -0.02612444184892238896
-0.02849514493462933923 -0.06707563835781503447
-0.09242847135727587371 0.05405532618967565095
0.05351995192033602577 0.1070414621237356506
0.06136832527553832267 -0.06819582522806469371
-0.07044443181235236773 -0.06310729734754332021
-0.08853339692448287945 0.0604061402016341023
0.05091146306363384527 0.07295870894123319961
0.06200899621293882308 -0.05244032242142442068
-0.06942349624518105722 -0.0591102664987805948
-0.06017564094510203382 0.07133603713930053436
0.05871166819563875677 0.07201704524994227696
0.07440222454645192829 -0.05344406518588762367
-0.05356634764794666881 -0.06131931580437344903
-0.06026491880924535194 0.06983556644440098993
0.07164550630500764183 0.06367155474602669007
0.09003720825231270597 -0.05934388016990709697
-0.05045458224688560006 -0.07423949961446572876
-0.06313029709959758207 0.05124641928830907939
0.07192760121060337575 0.07078583619553385775
0.07271412058304074777 -0.06074953774079112218
-0.06171709725799042617 -0.09000549685303732561
-0.0760750268538285257 0.04898598294043267354
0.05015356694937800341 0.06343983312419901321
0.09131161185091504762 -0.07287317620430548704
-0.0830085297043314102 -0.08129462323309448457
-0.06104770960860331913 0.08219804655672172111
0.07291076285770332899 0.0633713238577237048
0.07577652739245610558 -0.06130351007328598001
-0.07604465756506567642 -0.08842417773579387685
-0.0803549851847156632 0.08626716668620229567
0.08178798439413688393 0.06881679055412422141
0.06530138260714982157 -0.07474403477459920508
-0.06238112516289166798 -0.07948414617006918648
-0.08930749751948399706 0.07621087501794091001
0.084606820550979428 0.08061948713104191699
0.06008984211140067089 -0.08242130070424159849
-0.07305630820786832014 -0.06454942242022554399
-0.07623243543339071338 0.05850698300797809587
0.07155548416697520009 0.09005958830415598804
0.08391085210202155198 -0.08349920793787310447
-0.08068787513684003154 -0.07657054056369577699
-0.06613032691884725145 0.07114243628418431831
0.05844210240939863577 0.07880390305064616241
0.05193172523211850994 -0.07459528386699411373
-0.05239909912426470723 -0.02754577780535392983
-0.0303802697411468918 0.06156678819744772907
0.09461911939565648133 0.02973308440699962141
0.03959801337922121134 -0.08247341390427169461
-0.07644782293263860384 -0.04868649840685961711
-0.02589634768851333674 0.0534229982338866316
0.06107478764424619649 0.02979366805730138471
0.04246878025478006968 -0.08156855271569037058
-0.08328206709232884031 -0.04591171992939787477
-0.05261205767018180962 0.07372190210598937588
0.05298150142189172324 0.02669075101375207801
0.03049553677625908149 -0.06090942829593061492
-0.09249217579969438996 -0.02824895446517110623
-0.03723803124293291467 0.0798117481501507825
0.07607973329337254509 0.05160015116049208178
0.0283335192037486687 -0.05200923818488360079
-0.0603370511370102669 -0.03251224008722757713
-0.03237293764782218225 0.09146199727212701858
0.0811583172421686122 0.04317521699541592567
0.02896944828468370897 -0.098661184533726215
-0.09456656011282557617 -0.02821237761750592168
-0.01719527760921944759 0.1232872280599941334
0.08175483398624036613 -0.001057490939333758035
0.00104485829715556997 -0.09937175790606793402
-0.1029305772701844118 -0.02497148653584570221
-0.02468381336124007841 0.09520068384219151914
0.1241867689042990414 0.01356224223557046631
-0.00307212742958467731 -0.08230359714273584315
-0.1013978147450464579 -0.0001568605664644886371
-0.02557559351061123101 0.1060556576096207959
0.09956260775529436613 0.02600414596669492484
0.01940102547308174621 -0.1230082151238190702
-0.09125314018436349317 -0.0002495446604725211652
-0.004637092030545181612 0.100475133018929505
0.09839916827838539326 0.02662202243296896489
0.02487932424800226236 -0.09940918993153746719
-0.1219605694325657658 -0.02256238027561987061
-0.00374170406717529375 0.08365739608869267319
0.09574071553298664494 0.006855964419537659803
-0.006664511491567266625 -0.07620622949034695781
-0.09711929537678735957 -0.01415971210782533511
-0.01617283940075681103 0.09572876155004533816
0.08324261809181808525 0.01804598640229364628
0.003843061435850685017 -0.1158047914296152642
-0.07198817626496130384 0.002297179949474747844
-0.01468509182010431166 0.0991522572076467823
0.09754208312359941013 0.01214284509601533044
0.01691603732751084666 -0.08419537340874019837
-0.1175845072143750503 -0.003130239054017376881
0.008164313952624726797 0.06810075081117475393
0.100784396326441178 0.01329424484198857628
0.0147774649661629072 -0.09769534189232462196
-0.09356022236329185338 -0.01068437139442680352
0.001484873791018748602 0.106028049020989848
0.07570029295089403254 -0.006852022803873772383
0.01422119113783558604 -0.09608504353914228135
-0.0984779198628675384 -0.01564338062069814753
-0.01255303366134554767 0.09204369869897173484
0.1136888277663277436 0.006964281772757617561
-0.001515459611944511157 -0.1123138870373127235
-0.07838297820785131154 0.0189228590538090824
0.02921575199013397642 0.1197037756414735393
0.1167086700169376601 -0.02438365355282689356
-0.0100203739411457958 -0.1195307603405323521
-0.1098990984922724734 0.004636727168537272022
0.01692259615927986863 0.07716659791251610778
0.1180236526938168024 -0.03153573058935738027
-0.02796285960590115874 -0.1231747341193428075
-0.1174044038761239556 0.009509034545581060774
0.003857979419500071495 0.1101418863051350366
0.07772953761630974068 -0.01670050972896271191
-0.03106316327803215413 -0.1195760421149055508
-0.1302642030777846627 0.02216874118328628421
0.009418287875434571202 0.1182187439417393404
0.1161828603080736072 -0.005327656038963882526
-0.01711038094777532492 -0.07178086898228788759
-0.121664265225862045 0.02682433893540891665
0.02325543473926135196 0.1274241532590076331
0.1280022823582028513 -0.01226846600452510469
-0.002589161381566361386 -0.03974166027850555699
-0.05101770444216165851 0.02240914869011360194
0.01683638799611432771 0.01342421832548016877
-0.00322993451062911132 -0.02307188250137766697
-0.03137515655981910206 -0.02877727184364170521
-0.02642956011210989206 0.00797762411133308251
0.022037374153924566 0.0497601445643413437
0.01183869479516333478 -0.01770128727347910699
-0.02384227638809779254 0.003098825460380211748
-0.01895590815055578013 0.03646911281858244286
0.006815850164267222254 0.02551436152195837165
0.05042577919870321057 -0.02088453444102878268
-0.01680211585869078109 -0.01296035715487729202
0.003983931033317109939 0.02260254887116754791
0.03575156289165646456 0.02104849711845511312
0.0253917686323776072 -0.006443174225805011271
-0.01889881024155217956 -0.05212087206342277956
-0.01741191482211082442 0.01398923060813410911
0.03205052344362239319 -0.0007822274248439813147
0.03371359655293850593 -0.02121293563539850685
-0.1261130923031532625 -0.02219592361464267638
-0.06738530571149646542 0.07710616174875713213
0.03545720419350246316 0.03571011653023274668
-0.04224728460531838869 -0.0549800180692072496
-0.1175976766221166342 0.06365801981800767173
-0.004886224963470619902 0.1264968940097662975
0.08034177146902794775 0.06664526219124802808
0.03432441737310566038 -0.03652871237314139069
-0.05627395200105266004 0.04344649489282904897
0.0575179730875814213 0.1235965848058791366
0.1284373895276761102 0.004753785330481845837
0.06536938859471319585 -0.08320974271613749973
-0.03570714372286546562 -0.03536452892824779731
0.04044663754148413587 0.05658366639844795987
0.124998056023009313 -0.05486270435501336418
0.007724614530959550938 -0.1294326556978826204
-0.08319497337411149718 -0.06699918870814579319
-0.03720334130348944973 0.03429401403708645657
0.05302211920109495963 -0.03421244565475523025
-0.05146420808410617775 -0.1288629379387622731
-0.08344599426815250964 0.1769787057033376798
0.1279889967856344402 0.1683648605155981803
0.1258497996441027833 -0.0107759139930728564
-0.0265714535639817416 -0.06870617803216498565
-0.009946200967158883022 0.1410448582104170123
0.1859256546611003091 0.07435002096387807735
0.1671562961134657743 -0.1305570351930160633
-0.01284513038376113025 -0.1239679647873935808
-0.06788764412791353786 0.02904306748473460889
0.1408058309685673026 0.008844411624711499484
0.073578515949980966 -0.1845514483441524356
-0.127456830407408489 -0.1673219689174332003
-0.1271117960090420163 0.01184089002350455742
0.02392837727889059532 0.07084960861573574853
0.01106779264281887963 -0.1387242585803048489
-0.1737553290433859754 -0.07386216985976871985
-0.1711024548276420254 0.1260433844924251645
0.007725165667251435511 0.1323673224893717471
0.07104123496014101702 -0.01883616736505865086
-0.128615081637060702 -0.01109655990903915708
0.07543693112468047302 0.1667058756074472348
0.243161481792537798 -0.0482941642893401149
0.07183179637770252535 -0.2528884369544238675
-0.1747602767913628008 -0.1105888528497113998
0.02303654622610839392 0.06676894722096235468
0.1632672578265434993 -0.09958345809458205022
-0.06051770415495205668 -0.245123490014127976
-0.2533958022167676627 -0.06543534970848943755
-0.1060921659082887242 0.1770289558574789368
0.06654617627624051512 -0.02368472167816557464
-0.09850697019340363958 -0.1664468740671544711
-0.2422042488709845731 0.05774690485314923349
-0.07028841036060327896 0.2534415369553326136
0.1713248413885251342 0.1168284934042321671
0.04997423264373858365 -0.05415494613459104212
-0.1721963746412718266 0.08608373995498705411
0.05524289205480136661 0.2508894195774606928
0.2511774947523457424 0.07337938236140091608
0.1261040173799354569 -0.1609098578823062176
-0.05991607658974850564 -0.05563966393538726657
-0.06292011417779770632 0.1916568993719714453
0.005848926504570759258 -0.07352710849858259956
-0.14313214782579331 -0.2227130349482312199
-0.2716732262150207688 0.04352787004632419771
-0.06768696229529447272 0.1581242845627145455
0.1937245649770727718 0.01016698590940494362
-0.08154249542910592397 -0.002034441004068483078
-0.2185701505329632477 0.151189888450282417
0.04781817875752335245 0.26985441204335886
0.157851617722209292 0.06705115965645319642
0.01270559766280266074 -0.1942650079890249348
-0.001868045823304037827 0.07865070338417781692
0.1457832429134927332 0.2199340245084052126
0.2724477182328139957 -0.04267850608028446457
0.06971273366909629121 -0.15930841113888905
-0.1976230889100260568 -0.04288808541972416455
0.07162567040860129408 0.001946965777590841046
0.2223173681586714523 -0.1359563907338362243
-0.03478450873887027617 -0.2734439213608882424
-0.1716925327671020851 -0.07557018804983274551
-0.03150916417676107723 0.2581558536771165757
0.1245863078880504876 0.07261379453489685831
-0.07947501396341953572 -0.1935291951794038956
-0.06402705761125460082 0.1219038493184420591
0.07718179498688371165 0.2330223490735731096
0.251385033089540133 0.002339790881908285995
0.057517370116648453 -0.1210990109566041639
-0.1930943077277769426 0.08466607561742393873
0.1226128554255646874 0.06297542961500032788
0.2323218673933793443 -0.07471049438998347836
0.004950483725024721129 -0.2519262146045793127
-0.1214770942659609831 -0.05974828564927175262
0.0803511165660777682 0.1947361161955086517
0.06170598527824538992 -0.1202575728999759758
-0.07302324046379871092 -0.2311371136013010419
-0.2528027425627095148 -0.006507340390228073292
-0.06286554602061832087 0.12299451679514177
0.1993221738089518691 -0.06805937836637271365
-0.1167234407632414678 -0.05937767225688547756
-0.2256355417302571553 0.06071786562388060277
