-0.4879347617018968131 -0.8116048715933373847
0.4044472708643137016 -0.8651055376329651603
0.3681832455638728852 -0.8131321641215819573
-0.6302442669079212356 0.6478304088249035031
0.4695631153327039509 -0.8045585821178424801
-0.469602129715480654 0.8285848876077775982
0.252901309355458126 -0.9162745461754437937
-0.3616796454404291317 0.8596760073777266475
0.4863397994662323476 -0.7773953088882850082
-0.7363603463734276211 0.6108963869447945338
0.7490599641002567699 -0.6052227939218797204
-0.6604651161813833715 0.6576799956837398042
0.6884925791616671731 -0.6223841766434393685
0.3868590481437857997 -0.842249355734501548
-0.5972133824269632019 0.7228180845073119976
0.5458055228235643153 -0.6921170944897262478
-0.1285820823466672091 0.8419781953052529744
0.5561997396250351056 -0.7648666125645267044
-0.624059293639774304 0.6848576977270308674
0.5660865397173378 -0.7342573388672350987
-0.5634359377018144377 0.7436272466326223629
0.5753787867558737279 -0.7259134638522093397
-0.543874167129301922 0.7437073842537950119
0.4103545984287003123 -0.8311328877474419841
-0.4182116634248728704 0.8476838216081638011
0.5561800056120776992 -0.7557093822148728268
-0.669992617679752156 0.6931442914167517122
0.595490943917598381 -0.769560230459370942
-0.5316600873392608451 0.8020460754092912925
-0.4478421905863520514 -0.8754627173451663413
0.1301796656540914476 -0.9842265688994564776
0.7253829428929855494 -0.6781631015605172896
0.99590401238159032 0.01858690405514425853
0.8563268782198386608 0.4966304342792404736
0.5358900112270520433 0.8079308425815157069
0.09777214865673442001 0.9355628856569665475
0.1598755396786515903 0.9261714148099755572
-0.2098580429574102291 0.9508224885435907492
-0.7542856919880280842 0.6389352229223997925
-0.9573452760992614552 0.06859148910013859735
-0.9392366996267621504 -0.01768705626929654995
-0.8481360309708502188 -0.4481226540760140375
-0.442806389743580997 -0.8399471291410510743
-0.1032125108359508575 -0.9455662951676218064
-0.03374046806472604659 -0.9392987131166937731
0.4693792070128937066 -0.854043974506367598
0.934752424131005677 -0.3027316623308917154
0.9708215914367914756 0.08129315624066260626
0.8448295728027173102 0.4813550654609214385
0.7387361948276923718 0.6548404207100237961
0.2405528254069043137 0.9665851164928330741
-0.2592363175940831099 0.9619916950928008026
-0.7519122059261458269 0.6518659691226100783
-0.9787190176045292844 0.1745388844825231656
-0.900440895782083639 -0.4202981746419530151
-0.4717751350178636671 -0.8599851201883141893
0.481091225842662118 0.8285274865557497037
-0.7374227160508695089 -0.5911265176125403142
0.6587757818447799174 0.6832368044982770616
-0.63990962083745484 -0.6859260135298900218
0.6277258800993493759 0.7093362182189993925
-0.6941944257827119547 -0.6579841438026668987
0.6077512131057591915 0.7309257577109057324
-0.8305674887856666633 -0.4969895125907572986
-0.637744939511357245 -0.7139189433534440798
0.5839370778727561717 0.7512800108281468825
-0.5913175559990105912 -0.678035051500051833
0.375753318371518763 0.7903727510911831011
-0.6184600410565542772 -0.7023973377730423628
0.6030707246664135379 0.7181881693745478801
-0.5879883521743854979 -0.7373446919420425516
0.5764439226236089953 0.7538240248959495737
-0.6872910241531948738 -0.6573420005581540604
0.7034468462109961795 0.6475889290004234189
-0.7323760973765978122 -0.620748702378820294
0.7629433227632387293 0.5958782603990643301
-0.8482715760059277299 -0.4574091896417623038
-0.5249037748112658219 -0.8228319092978600979
-0.7088853715294533009 -0.6756210074597968074
-0.1616810496744733872 -0.9272799645977726213
0.5326724284664687836 0.7614863233255643182
-0.2396294120248134429 -0.8937992735900494035
0.4864480177751479562 0.8062941489312791532
0.2193143311737717205 0.9589417404071103324
-0.8975041921500114261 0.4232836555789958877
0.4156415936402775846 -0.8031243944235227916
0.1255172038208201279 0.966769860641414347
-0.5864063169514244223 0.7963570027941325735
0.9916758372144496292 0.02624108328920952624
0.9549324158358524217 0.2620591266115289697
-0.8776319343521985505 0.3548531050463830661
0.9479927462567391272 -0.3100751769626069465
0.2749040239315020395 -0.9583854078553165623
-0.3700077874359755659 0.9181410535429131992
0.9595439788763211464 -0.2530080250884969573
0.4610254848129232141 -0.8822142033695721253
-0.9110394660660691146 -0.3621139214521338912
0.3500542824535182174 0.9173804874779426521
-0.5225910441023000619 0.7319868605923547378
0.3514090987876103411 -0.9062950451132080198
-0.4717444567801087896 -0.8318076903992449589
0.6784830607688061566 0.7136532569191139652
-0.8661107405206079912 -0.4908939499909951709
-0.5692875311356982992 -0.8155012553125449148
-0.9845669047536826923 0.06244284427939672533
0.87877255746284888 0.1112510541072476156
-0.956060874712079678 -0.1448200863311967235
-0.5202958737902896313 -0.8280885816465048954
-0.9064630982281314253 -0.3692130583881803041
-0.728162775819369168 0.6827693039427928934
0.5852442565493891635 0.800640296955734021
0.3434290476994475982 -0.8856827596839926819
0.9794418845833348097 -0.05157229842035748746
0.7264484909556581105 0.6735065369691652926
-0.7310906711882562137 0.5172397195963363004
-0.1262696928572502597 0.9640844396541239369
0.195159882238161636 -0.8865596019195306488
-0.5170516762637903385 -0.8367390029583642308
-0.4944879277732221468 -0.8644048089539740909
0.5105296994123215137 -0.8434663287734380788
0.346684698760387322 -0.9273500215658672108
0.8449109631058894232 -0.5312316394335738767
0.3194292204522363732 -0.9442557767179702299
0.8590688702574234004 -0.4826146402309889893
-0.7119011372585039021 0.6887395984839881358
0.292776980633568662 0.9484619687960552659
0.9541875090042493124 0.2831400336056371647
0.6550632947565279141 -0.7101567593205128093
0.9708972233213076786 0.07646867822884644006
-0.6305096939752231622 -0.7700738383642118379
-0.5261833579971563202 -0.8198088102535082689
-0.5098595602137474536 0.8214946443696541367
0.5126716265857050869 0.7606799829374740751
0.2635791929288351376 0.9535495587714388765
0.9582551628598928728 0.2361426484681617144
-0.6648013468217381927 0.7243909564802225587
0.7875016645632423318 -0.5733354599956158593
0.03805255270079914431 -0.8223025642585072292
-0.9776609864470029443 0.1963963918194568392
-0.1399789679587934155 0.979196065715679631
-0.4441927426684807445 0.8794794047161211825
-0.940132616398219656 0.2669040539585962879
-0.9650458086702953242 0.20124082831674453
-0.9194934913067299709 0.3870806812356074045
0.3738434867276443918 0.9127954203159823754
0.6913322410289655107 0.6973503030033746386
0.8638376569102281799 -0.4922970819400013798
0.8981406149279579365 0.4271114888237259044
0.503905211144163645 0.8482920951312662439
0.764746774564149856 0.6217646729286161467
0.8317469794987958354 0.4933785928552373301
-0.4115963958355397523 0.8938581590000211907
-0.1767957286126563832 0.9650885638973658587
-0.009047213474917392001 -0.9836287284040807766
0.8314508705160452706 0.5423039401509183177
0.6654537855667900237 0.7345265197339374552
-0.5209714196069966663 0.8326399396513963769
-0.9776947188848239545 0.1890543035557403495
-0.3905908117432891902 0.9097262418748858215
-0.8953987264750261632 0.4138074321371880138
0.8592783149600579096 0.4794895555043066637
0.9486558604700037201 -0.2165189390712133899
-0.4532827003402244981 0.8821667729278350745
-0.9002378985844338155 0.3204722392971071643
-0.7019053920399734858 0.6957366850986096418
0.9166752596373776152 -0.2545047386029152259
0.7667083754102445026 -0.6076736833044664721
0.8415475673441388249 -0.4922140912933383183
0.7404125904969143246 -0.6614993768794197315
0.5341131834561823055 0.8359612141997975199
-0.9717476836248973848 -0.02129254882792914333
-0.9779382497888485792 0.02064896772859923721
0.9665962621096796381 -0.1612625413285986575
-0.9821650538831773192 -0.1436030396429819889
0.9801336888447699236 0.189163832345574684
0.2127912641365719004 -0.9623320112199343912
-0.6824365008311221725 -0.6985928655200465132
0.8230554419696813895 -0.5578525430345936398
0.2429279448394256469 -0.9505337561010447356
-0.9463284866946584106 -0.2895797215347618581
0.1074309601735581737 0.9722746303687471725
0.7185058795748382465 -0.6854914705875120307
0.006639796756751720208 0.9878630008658451089
-0.4407624139264576524 0.8833831718026227131
0.4398646844707789771 0.884701623687010108
0.963933633083974506 0.05839398175927293377
0.9936974549860536632 -0.08363313450968470897
-0.7146794313203229665 -0.6675638702352524323
0.9644845915980744255 -0.1892002140787905073
-0.757648023425458339 -0.6437908806312270249
-0.9461002469615480415 0.2345105447798793985
0.6752999551631501118 -0.6698536785474732413
-0.9852586699182512842 -0.03645886418788466671
0.9735658921917536013 0.1959535298076833243
0.8354219087712703162 0.5087231410724853964
-0.9953704781819547875 0.05373466085292316619
-0.9776856638124958865 0.190734976180931548
0.5758894431430456873 0.7901125023792607838
-0.6145856491884915673 0.7825895303181308327
-0.8696958247851495072 -0.4875504632693740681
0.783844668026051683 0.6170405008004855585
0.9110006219909971836 0.3526082907068950889
0.991708481270331732 0.0671482912413459837
0.1383362397967220492 -0.9823166359275039561
-0.3535172835500937638 -0.9275641244449057687
-0.2894094609971101795 -0.9549726862963404672
-0.4067859352727393185 0.9101253515657278248
0.04553995491416263502 -0.9917002195560395972
0.8866130304786334904 -0.4295111445876224066
0.9226685160885222947 0.2262182453087233092
0.9295765872554213605 0.3540336197682992792
-0.5179839430683614854 -0.832002046179987409
-0.469363349558369336 -0.8773950011630040624
0.8924963805156191921 0.4412945581955415308
-0.968736712778987652 0.2064401657432549386
0.6654511232970219403 -0.7445440516021639699
0.2188481567173561071 0.9734421365811415372
0.9322555356097251833 0.3233157285019726546
-0.5729578111645791116 -0.7724305388721385279
-0.589217199613378928 0.7972047925094286613
0.8780502085479054974 -0.4525945482989208735
0.4432588864544464435 -0.890345128432950772
0.807447721540984209 0.5877011114133894321
-0.2525225959442100043 -0.9628340072474257383
-0.9116482326080647125 -0.3547298692899762962
-0.9494177108727553938 0.1805104575931701927
-0.8998338810288486478 0.3950048443648082053
-0.1845760764230244266 -0.9634645089216788971
-0.7070251347669119779 0.7040633442009999188
0.8583853498752236355 -0.5028512605022238402
-0.3996932025469505101 0.9144494785739166742
-0.8358009939029982238 0.5309649013988483324
-0.9887317970823292779 0.0669431605687769854
-0.973577148306806972 0.02683085912983191462
0.6399761484081898377 0.7521158151431858174
0.5935324398810175595 0.7894453834544299387
0.9558463290314425098 0.2674827811402016309
0.9659134227813769291 -0.2207842746109362764
0.9143213067466838817 0.3527228385369339247
0.5956951228911728791 -0.7449435248754580075
0.6893172587066179746 -0.638769309979587141
-0.656250206178028539 0.7522787643314668982
-0.8091472355410139761 -0.5002095542707485354
-0.1530430449847474672 0.9650610693971483078
-0.9639111459788564096 0.2541711142099074561
0.7194840226640569769 -0.6907115923413374992
-0.2071375721700000061 -0.9501007535587221442
-0.880273448902813338 0.4686701702212726084
-0.117301686451782905 0.9815183505399734942
-0.9790633408473524701 0.1389344199229880505
0.730563970826793474 -0.5574720643831740929
0.06003652859313674678 -0.8091143167453830332
-0.8135964511061137827 -0.3191603388648578399
0.8282474002674919955 -0.3788723718831173981
0.2935154784000630901 0.8562263369943732272
-0.1659978196462064681 0.8627291397492730107
0.6957798424415528871 -0.5840842418188372243
0.7333668186872680517 -0.4536100851404781253
0.9675974343951680989 -0.1072065897653599054
-0.950453091506792358 0.06191340253544230787
0.01500569254766160807 -0.9340550969638845569
-0.8707467610322703333 -0.3624593125929800874
0.3129739870776176436 0.7955048049184046954
-0.0291178858908254061 0.8679272795867849499
-0.6246468914429688102 -0.6584454509495731855
-0.3651160516906945541 0.9223468361128233095
0.8698656968226642361 -0.3917630985258248599
-0.06904395099224583388 -0.9583284768687589938
-0.2511269290776379504 -0.9232667269270974364
0.1826620450136333673 -0.9774090691860809477
0.7313058107196549473 -0.6553570959679817509
0.7949289987272620817 0.5800301603365709546
0.6281202225400951411 -0.7442684137513143616
0.9837050221062665356 0.04471616034731018541
-0.9851091470534782957 0.08873845282079331764
0.9016819456784006537 -0.3945746361006490233
0.9195687417537801167 0.3147738950873170682
0.9957333812879595181 0.01584557078350325512
-0.4906137458033763554 -0.8665143140193108939
-0.3018771894969966008 -0.9426306127829672254
-0.8137023098005050636 -0.5494810259865815505
0.2821900699203956364 -0.9382957481846947445
-0.8723411704941265166 0.4344557446485208252
0.7201989580763451526 0.6878022099185600036
-0.5494542819051551064 0.8214356257633638192
0.8459655539024367732 -0.4964751065992870638
0.3490456291041256209 -0.9189769692608789065
-0.9791259682415683896 -0.1238275462191124887
-0.8375017302078389125 0.5334702326045162035
0.7634859475301901677 0.6377222184382542736
-0.3130207106197510636 -0.9438837711999681357
-0.021393743955492147 -0.988760238612175324
0.9379444331969734039 -0.1544688379459047411
0.6536783596702209209 0.747558852553241171
0.634932677582006777 -0.7607835685609680709
0.7731869820785111092 0.6326490643433390071
0.2869193607150760106 0.9431088327499258517
0.8213363691413995138 -0.538095114432598054
-0.87545088758512557 -0.4768272590165415492
0.3054954844692867044 -0.9499034282182206024
0.3586242936480011911 0.9244028426539979693
-0.8531233885867558486 0.4986464932955051443
0.6364083470419598099 -0.7602240301853361304
0.913283404164412338 -0.2090785956372495646
-0.9520580002325552682 0.2668516689671943665
-0.7879229875270524763 0.572831028414862109
0.08718582482398619382 -0.8033517082993218983
0.3167239297322090863 -0.7697050226880923773
0.9630691076149439089 0.0369080596860718313
-0.6362866352730435215 0.7176196404801516993
0.3393994630557854442 -0.8097582704352764837
0.1506616169310288633 0.9865230516894845092
0.1713948121263581537 -0.98178407989263905
-0.03707523325726506253 0.9874349774795171397
-0.410814601036354643 -0.9065463961793834846
-0.8821264461750913943 -0.4213498541930718044
0.4014356057851431459 -0.9002462217521695065
0.3726229687612476194 -0.9122705309103389393
-0.1716137988488884714 -0.9554450526039437452
-0.3890822088464334083 -0.9001528541117791438
-0.8893153763732165595 -0.4490878840386473558
-0.4353465495198972079 -0.8867229848076056964
-0.1430338844883734806 -0.9771972968392935721
-0.9918927159053685383 0.09532595149843735294
-0.8594633408051732815 -0.5029078621927681736
0.7362374225033126995 0.6709768402778772955
0.9551156976720611702 0.2812573193463004939
-0.8959569996349361354 0.4335959045892613939
-0.8344065861540459483 -0.5445303999183777055
0.5945672647142459244 0.7940510386751852279
-0.005463549813111943064 -0.9960907374053001861
0.9312073424759347295 0.3504375468887351297
0.254446701275469811 0.956612426794168802
0.120923600215019536 0.9882786991087127992
0.5663338921139141613 -0.8187388408412064056
0.2105215769250561308 0.9747589469174080534
-0.2921140299146300912 -0.9478722126739360654
-0.9412664127293535188 -0.2851635525332306687
0.9218012811031272014 0.3724661270196012453
0.8142735406866262737 -0.5702150403126352574
0.5004951910232384726 -0.6968875146583650704
-0.6057201959074061115 -0.5919123381992552613
0.9437529486787002986 0.2982191944305954134
0.4873173514013096064 0.8518785854400529045
0.5464511645191075795 0.8265776658720866976
-0.1182677173989747643 -0.9739818646445886907
0.1553946683837275633 -0.9823743977781606018
-0.9760179141374375478 0.01683799122321852706
0.9784395986865582762 0.143357638070419291
-0.9538838556398938628 -0.2301708415441820477
0.2604888376467545674 0.8679982065130663615
-0.1294960145164767706 -0.9172990206286195658
0.274520154830724783 -0.9492816886579406033
-0.9965790441294297697 0.02328283398529422746
-0.7027836080559496379 0.7040574724833865705
0.3432288828798734648 0.9284865737765010119
-0.3187876758481763551 -0.9416330593617753264
0.9810323181839991635 0.1213097279820026381
-0.5838780649405996837 0.7173801781179992565
-0.7306318981383481681 -0.5966862955558790427
0.3175672310304616941 -0.7751647154355015834
-0.6500061411357316299 -0.7519211060734367624
0.9861411691216188657 -0.02722569718957124421
0.4017701825276235317 0.8524951968916323342
0.09105953614542433572 0.9830070246197295525
0.6640337278613799299 -0.7391260322952151185
-0.921049138211648355 0.3758959140417320599
-0.6212380552436777004 0.7538476563680943654
-0.7868970944204478624 0.6061563500705094976
0.08071659672723223433 0.9577044868698409985
-0.1375124056992444166 0.9181515518763507799
0.4893637738049339547 0.7788375711678342528
-0.5968141915645572837 0.7939644036002307947
0.4987812152321457471 -0.8623951811700408809
-0.6866128433861885538 0.7178835233936216031
0.7339750479925610804 -0.382432259119243112
0.5445709887695859841 0.8031785314871778825
-0.7717459857251763866 0.4513222726476190938
-0.8373774455020599472 -0.5296912190207878623
0.9437855461836405224 0.1003407239398227402
-0.9653883316715542451 -0.1690398290434453055
-0.6554726645144954844 0.7185785413964312918
-0.001629432680130354482 -0.9267341161287722118
0.4245082613120204074 -0.6642884052736023337
-0.9765687466821576512 0.1191845889439024642
-0.7929760870436799447 0.5668563182237630338
-0.9794330834293945021 -0.160333609100801161
-0.303733134549125261 -0.9515343768244997058
0.3706731183081866665 0.9209567717263538178
0.3816562324272630424 0.9072587470793535003
-0.4178684222952556149 0.9070441369602008086
-0.3231469948570115935 -0.9440341774943407094
-0.3981808941620740283 -0.910011205131978862
-0.5526444636384627573 -0.8176456086303832693
0.6736017070260644779 0.7109117938375999479
-0.5958137061486026287 0.7996939033816798936
0.9044185690025974278 0.3488790361270513452
-0.4606921057944936004 -0.7615980631360761421
0.9940479536711003261 -0.07751554194853267632
-0.9338488616100437678 -0.3454207184158431532
-0.6378511510791728956 0.7627174910878448122
-0.9653449544966965501 0.252867105417544813
-0.2829386718785181776 0.9564549845278292883
-0.8801303090574604804 0.4685194588390885762
-0.3329016915531588516 0.9381447765772313874
-0.4498499240510253627 -0.7832593838511723305
-0.3920461235746227624 0.8607640933429301366
-0.7020598220297473713 -0.701458649289583569
-0.1257859653111644549 -0.9062248325109724112
0.5861193790938492576 0.5255636159010316222
0.7514537771205664907 -0.1093024326281272079
0.9304289364018044628 0.2882134173755971918
-0.8705665914439807418 -0.05660346012579359903
0.01975049349497113443 -0.9497725866872699374
0.05272166282970203177 0.8524718084867899393
-0.3824705487234421053 0.804819229466915198
0.186785248608833554 0.8548514523948544941
0.7092211756428908886 0.6766203024457564386
-0.463212642175825251 -0.8101028236220348955
-0.8589978761063492563 -0.3329556497834329498
-0.8395171820605542568 0.4538106823976606474
0.2980570883755268574 -0.9471927655363607812
-0.2262177076868488734 0.933404954893616412
0.9312936009106335122 0.2517997841673270121
0.8582154068535101654 -0.01961129405502746309
-0.9322475250424200333 -0.2047242410970466497
-0.9164009806430710725 0.1953797952223425005
-0.6031614046588026357 -0.7691940653761126789
0.6978949791063794317 -0.6908553402520581921
-0.4208978335419858996 0.8866528960135799942
0.03397557863789207877 -0.9899624920661947991
-0.2516419503564837901 0.9627223697659640367
-0.8466877651530563265 0.5128056360516234369
0.5958820942980346258 -0.7582670506168046609
0.9740398363441181706 -0.1442695829399282814
-0.6711442946224319694 -0.7160409235827915886
0.9453673633506205487 -0.1107656149026956111
-0.6811223432298427749 -0.5291892920142018397
0.196332314619545395 -0.9748986053711340416
0.7310062016861518241 0.6358558422287110545
0.5388901566796213682 0.7741098603009672896
0.8935990303615473085 0.1636701249244757184
-0.953361402967799143 0.1328921037118410142
0.7690465260935362979 -0.6288943256064500886
0.7954539068531495394 0.4406338768555357888
0.9550381072277206451 -0.215348438754623589
0.4866612172672469816 0.8584044515097603023
-0.7272141448232944949 -0.5976787181097020785
-0.2083090376884879913 0.9275825339230315825
0.2101528620927014257 0.8783921797204075066
-0.7554037281467747 -0.559195926505280827
0.9405882426024757548 0.1682399387848757533
-0.02948067768752404144 -0.8538103480710168558
-0.9419747626589587419 -0.1048795090996702262
-0.9585859629060341502 -0.1634867360819342585
0.613404709973386808 0.7534774803964032763
-0.9967762769657462218 -0.03678242671210112807
0.6455479548091347386 -0.6127084986674316003
0.9137502986464388632 0.2026819138117234576
-0.8605179454322473553 -0.03736958612114064937
0.786076955789484777 0.5700900997776405799
0.6683010091976633316 0.7083139933835075341
-0.8532307340469791335 -0.4816204396039888702
0.862293553752098374 -0.3512149537965038038
0.4432739360537134576 -0.8865719800976092912
-0.6982434840129393416 0.6901785512008071777
0.8473012523319995992 -0.2048138140013036346
-0.6813510725230432774 0.3396235437904586152
-0.8837497769497072442 0.4532278899685527329
0.7759732127113253553 -0.6061557259187265734
0.9389236100706609411 0.1858768743766507081
-0.4535226848305651814 0.7379299187391746839
-0.435247009728768619 0.671145580032340372
-0.424419181378147603 -0.8068330749523209278
-0.8323824118969034291 -0.4772118584434130728
-0.9706542201038329543 -0.04877292280044528971
0.6937512505701386445 0.6790799891450878256
0.6890604826900482704 0.4158336557014333246
-0.9456827808827912296 0.1632108914909803643
0.6721426640297084587 -0.6588442495241668695
0.8878370034342377703 0.2017963979012864228
0.04352223109284675956 -0.9812872361840230262
0.932254895181673704 -0.3187516906491137392
-0.1929097721343669969 0.9409896628416050124
-0.09471333060495974732 0.9383811339244914063
0.5975917233836514075 -0.4635183193889231834
-0.8945081551957897448 0.3960632169270794645
0.969577756349659925 -0.1713684440355979222
-0.2658982332142879601 -0.9496427035953567408
0.0165685808503815632 0.9902166636143618916
0.2198077307224633736 0.9730993309698348082
0.9194805008697362059 0.3633653277262512971
-0.9137243016961883457 -0.3860837945130951576
0.4718001132423005339 0.8521452186645918081
0.8105048589243927237 -0.545382993147961459
0.6489631372102417917 0.757978160647614807
0.8774515056322507167 0.475830510601625456
-0.9969527602739658434 0.03804429601267380473
0.6717006401688470074 -0.7375113116266509561
-0.8069489731314425374 -0.2814670849480693238
-0.2070079371991673522 0.9442550649500092153
0.3805741676558616615 -0.8005486224323824507
-0.7827737378162187287 0.3003485435712665019
0.1626225915783459097 0.7417240667123808917
-0.1963559630498476205 0.8377924002550580784
-0.07735922629095912106 -0.969976359274771327
-0.4339142151005119241 0.8692256520770405004
0.8058451758633564666 -0.5599776255870907438
0.4934448982701153952 0.8477067130996940314
0.08088896490266907213 -0.9732994284327517454
-0.8345264070295710379 0.517218921761398609
-0.8065944017341406536 -0.5862714287713890471
0.554246071088465464 0.827834812345443205
-0.08975584123317752183 -0.986018516173292614
0.8078786790136049945 -0.3268390377526264601
0.2877440930652663265 0.9309594946726875708
0.9472510476015107983 -0.06383865521918018204
0.3079954086174898631 -0.9239891865589082709
-0.7390241691496910459 -0.6178572709840113308
-0.9733607418159905267 0.1429201890090534832
0.06067759380909002603 0.9593177453633530138
-0.886788696481313532 -0.270210410950960267
-0.5222448201366052256 -0.802690265826360938
0.1133916593098279191 0.9473733571737812387
0.7069213974153677471 -0.6918437812255499031
-0.8706956909397649547 -0.440095327200332509
-0.2740081506541819367 0.9096972568980478124
0.7487345044256086268 -0.3961274751313987874
0.4047133847816217767 0.7059972584758056335
-0.7354606697941512561 0.3143728781905030245
0.7258836475976946367 0.6699135555114448248
0.418088901497233989 0.8741483305685826544
-0.7766276574679824574 -0.5615340713083711854
-0.7355743792813199677 0.4638006981795423367
0.8511207933951026039 0.2857460789741850804
0.706411839581421841 -0.6463317397982230039
-0.8670261909441188131 -0.4185841404629553342
0.4455931878317443418 0.6757057701690680762
0.7884153629841108568 -0.5873889741639423123
0.8884814332114617796 -0.4481602156547949689
0.9440329787949328644 0.2630080855726495415
-0.8838952184097034204 -0.421236156999393041
-0.9298548271813910082 0.1467724672638146266
0.06056636793290222365 -0.9689690983605717678
-0.6365035848744167168 -0.7450322974361386352
-0.6548059249584374797 -0.7361438616109703403
0.4422434796268750468 0.8223862882740787805
-0.7316306203228198912 0.5973942141475978573
-0.4740942583072940697 -0.8343128849327942076
0.272480563053066227 -0.9035109720711111958
0.2278202845414035727 0.9591752258092108852
-0.6768808192133860535 0.7099241334795324265
-0.2907780317120972069 -0.940002521558185089
-0.0490713173207882325 0.8910800679141013259
0.3847403282181544037 0.8786743154364461406
-0.9632162815989985249 0.06123457325870394763
0.1284172206283430429 -0.9489181634066512494
0.3716507886364046054 -0.8948361376409775803
-0.9197625039561392324 -0.3219776869133779695
0.2492023860514176736 -0.7460747369348051938
0.7081576323718414834 -0.6919956752904349306
0.7630140110894897409 0.6278020906077972363
0.02484327987769522489 -0.9894264903425455948
0.7725516279362606431 -0.4294904789448826254
-0.2106539641326755918 0.9586506330146955523
0.8320492859018888687 -0.2538370235246750206
0.7743616746030981268 0.4209583319622441921
0.322204008952940546 0.7360716143744009399
0.6263666465208841405 -0.6296339271501858459
-0.2123542531080301887 0.8832212602599446294
-0.5177966574371957176 -0.7733456179420838961
0.5936579098855038206 0.7854216435680192454
-0.4921022818577929225 0.8527566389789064116
-0.8885747047411175492 0.4466261633936933761
0.6592831940096961496 0.7206236058583118664
-0.8855371637761955128 -0.05869635808124090692
-0.04906700996883737315 -0.9946240688195103763
0.09048427619977611469 0.9504082835956212394
-0.1186650897809264221 -0.8633892770912106052
0.2199186398401269948 -0.9586380290915549329
-0.6773409317370943095 0.7227044816587363529
-0.5844034810990499373 -0.7973530306194774875
0.8836056703664189049 0.2149378881446078193
-0.2767444525427004698 -0.9343795417983473683
-0.8697988251048668351 0.0625170036414028768
-0.8160683783712050499 -0.09202281304585328836
0.7706641342855093946 0.336907146681730052
-0.7874066165899463732 -0.5091217083327241877
0.3055246720201965638 0.8624933343669799468
-0.7149196665043187071 -0.5393473480209437509
-0.8785085051081737983 0.07956605633885206752
-0.6470574074111695717 -0.7422588250197577064
0.001255772244168861396 -0.9962491715105276091
-0.6504148677558808656 -0.7569591660088645924
0.5233830401804151489 0.8500003072943927984
-0.961263253848680943 0.1243696658253576615
-0.4866223073640747465 -0.8625878795655941289
-0.8372450174709855641 -0.05064227358698272785
0.9433974444628864253 -0.03216631714089154825
0.5232793306060534722 -0.5532822857962601537
0.3156026828009598217 -0.7639534942514654148
-0.7680789086299205648 -0.5505624261207481274
-0.8319013665372284594 0.3812642353399410822
0.8351637014139199344 0.5125426505447664427
-0.03250378841368642413 0.7719466944066544212
0.4046380783274973192 0.8639905492707183887
-0.4406879732720913601 -0.7868332623682673388
0.785340648306825484 -0.5265977962556417369
-0.7098900195510068345 0.6092647455111893651
-0.4266046334202988066 -0.8797041390356207247
-0.6049748585733268902 0.7651681062905710817
-0.7788252938746820231 0.6025108588630019302
-0.01486202636193954298 -0.8473064078938408183
-0.9471441414633284817 0.2110316916265309595
-0.88326946532437145 0.2230185401341371332
0.9724033994723130236 -0.04243622008277511681
-0.2125910545962666209 -0.8887636452158812483
-0.04129634055439375395 0.9597709485708925126
-0.4767682803448804463 0.7451616190185638144
0.5888363058838617103 0.6161506249370444221
-0.7575769311313664822 -0.4071435747929575966
-0.5104747324238405604 0.8167745794469387643
0.5923205135448192937 0.6483927352677131273
0.1736007616512222906 0.9459352316811177053
-0.9846936377252000216 0.0485575617957316602
-0.8152520142882511145 0.5560053135957482295
0.5264439467318116073 0.8248523647899442812
-0.8617015933966890584 -0.4727182023074592565
-0.9527409467056029424 -0.1877837954103885321
0.9474612403787668891 -0.2628829011666383719
-0.9676541058854329913 0.09838300601508508103
-0.6538075726136809429 -0.7030651913911002415
-0.9499070307367342147 -0.1706911292369047428
0.3501722365752914512 -0.9006148161930354057
-0.7995384280367279217 0.5732813788057888882
-0.5048847467162845826 -0.8497818015514978507
-0.8034988984325112105 0.5813225681764009334
0.7343536743995033866 -0.6426131684491775964
-0.3108810382491276614 -0.8435032778494581107
