0.6631495895312871092 -0.5426318136377563661
0.9131866976884074338 -0.2714890845124238727
0.4641862435932307407 0.6490322024972318138
0.08666526693575263285 -0.8118470327977470591
-0.5299707109286557749 0.7014741843286173006
0.8361773138467835098 -0.3120417749111606964
-0.7544437952762169664 0.4532692386460814293
0.7882419304093469803 0.2626942311251339035
-0.762535256308736753 0.004681465370585106978
0.2626165703550103481 0.8628955694175907132
0.166231172048988407 -0.9079441760250264171
-0.4779725884534707925 0.7170414440635184405
0.8652739592643805544 -0.1672938160020248366
0.8986779744614610266 0.09274710450797753192
0.1041168484129062488 -0.9189477627522062431
-0.7451319208806612693 0.5613923051515901097
0.4077504731158061446 -0.745383248300308332
-0.7535346638963974497 -0.4908422222466932161
0.09470098325713230403 0.8484460889292417818
0.09958674430512627629 -0.8644706447242698211
-0.7166423452255671345 0.5459781056835274482
0.8082817336681984433 0.3847375456999869714
-0.2993303457981700832 -0.844148930796272956
-0.4378906694025812008 0.7721538012783626392
0.8267407451332080548 -0.3444670737914055647
-0.7157606639193960785 -0.4740546441018510526
-5.769980989072899245e-06 0.9289143606874348258
0.3852597845725511116 -0.879461435242419709
-0.7169893950633441371 0.6037796749248688366
0.09570769392882737259 -0.9709776226954158762
0.7818016703727340699 -0.5802818221832553025
0.9487229631665781149 0.2325215933557904513
0.6490072324915524549 0.7405021527780606405
-0.1621795472417339457 0.9486525698775651882
-0.8281306328931687943 0.2811635179797181694
-0.4616393426218404761 -0.6145647354476453383
0.8638673636284639468 -0.06148931018275143046
0.2961710422535835385 0.9061922617088031817
-0.7759644919905827054 0.5478589445833252913
-0.6281367126219796759 -0.4373059954806390315
-0.3423510639085761142 0.5420292958672017214
-0.8607808945679612522 0.07694799709761229733
-0.5167111903567549458 -0.697701433498664203
0.2942909849411681766 -0.7214588961475819628
-0.509745657762722848 -0.2611990516307443055
-0.03114102905919371653 -0.8410473035092318472
0.8632836103705807673 -0.1505687433759706484
0.6780677068735284641 0.5925776734496104314
-0.07577012392861190437 0.713793242088489599
0.7550795932493215012 -0.1561467736035722087
0.6560094342690450109 0.6425649366844475852
-0.06636574719231157216 0.9657565425949717897
-0.8847754123759450362 0.44449857588885483
-0.9166354452571063849 -0.3757213587291817758
-0.3816909770196618701 -0.9163903098327261798
0.4858143636819568512 -0.8333631821236634485
-0.4444543986828165538 0.7909001010103446916
-0.6589521218145463211 -0.6020648092415610275
0.9256472806312763257 0.1924311661773505377
0.230474886108560123 0.8901540729204606706
-0.8944547351433195237 -0.2117099179768714146
0.5228725861300768107 -0.7706067849248833257
-0.1796922301564291002 0.8753196755605329171
-0.854496684409884244 -0.4090420684779887406
-0.9236445308623617567 -0.1856195368181949579
0.8261786528024871457 -0.4607113893743923216
0.04079004685119785867 0.8726293431228802078
-0.4391183439540903288 -0.6421540006053427785
0.8202998339574453235 -0.3544020966543396933
-0.4168400303843599053 0.7749388988853410654
-0.03172838716870744757 -0.8826419535733985855
0.5553266364217320783 0.7338134963537873423
-0.7768406138279705386 0.4944315831839782849
-0.01866028275883939089 -0.9317724186724666291
0.9467471253191274139 -0.0912626800806424221
-0.6358875091509690325 0.7062825834780711576
-0.4909396012709317247 -0.8118229606969592504
-0.2090548850010746085 -0.9548151848465237235
-0.9733314692894472486 0.1825894654710269738
-0.9397604072533366493 0.06837400168530782807
-0.4023861118179776208 -0.8172090531110366429
0.6027552042914927632 0.6125725116870681664
-0.8307396198178126356 0.2188026850646531962
-0.8893386753951465495 0.398939847365991862
-0.9915547893049502237 -0.04036628840026190018
0.767346489530785103 -0.01227490497101691586
0.9366755493196712301 0.2555580006878333532
-0.8054025392614925227 -0.5477058423092440176
0.8715794617199332794 0.4611104761482962
0.222745169852870184 0.6365386381047436481
-0.8619681874879789873 -0.08928082422361716119
0.988100016613423171 -0.08636527077892930393
-0.2104665741287042868 -0.9652586421199002009
-0.9726312994487312791 0.1756035091525535996
0.6563186329688773801 -0.6610244748560917261
0.4152761583417690638 -0.8883449057177937869
-0.834136634339698424 -0.0628653044004550271
0.4248637678951575625 0.8475804386898428966
-0.5438830462389468989 -0.1152137343239014594
-0.472694507833991362 0.807952403077128678
-0.3586167026996527896 0.7716439452711751912
0.8478398793590755655 0.4357112647975990294
-0.8889808147941012928 -0.3320767720752549335
-0.725086135357512318 -0.2193502423329719564
-0.4533720308352481299 -0.582978389091591942
-0.03042570637481159523 0.3210641758873359897
-0.9088712649407768573 0.2653041240994619687
-0.5649048614063240104 -0.7423162310044377765
-0.07229274492559333021 -0.9400877973797331366
-0.9228175415219918021 0.3584700832125036762
0.6738729165534611543 0.7090784563897666315
0.5997014594882573713 0.04588701376979610613
0.7008841027910786003 0.3247700678606996183
0.6997615253283905323 0.59379221172994745
0.6153442813783507326 0.4591992349680621421
-0.3166118676157793077 0.5992114117884249636
-0.474066512714690802 -0.6765038888792651584
-0.5364299263546020713 -0.7784574088407494319
-0.4308515205756314748 -0.8899384867679290823
-0.8788261041809034557 0.3814587278770749101
-0.7598129764629193428 -0.640944464572731798
0.9337735896163995575 -0.329495217299685228
0.4244200432857554439 -0.8899433696228394863
-0.8443271219914870729 -0.4775568138128709061
0.1767570069620442164 0.9604642040889099786
-0.2301041497810153436 0.9680683639497433823
0.9608197012455794717 0.155476113739307753
-0.9154213899076487637 -0.1585212390585454545
0.6432462553738632627 -0.7140159069504465883
-0.381983785485364824 0.193181636854536487
-0.3112005673031414954 -0.8709863510610539317
-0.1320147652477121347 0.7764976004812074173
-0.1375295248380271063 0.814656597626117307
0.09657098722641294097 0.8700054482580892312
0.747035066555780447 0.2476130862289052936
-0.5314868737030394863 0.7525213024991443955
0.7002734703683493045 -0.6271949340643179216
-0.1958250263819867054 0.2336044166322156779
-0.3747977554945353673 -0.8415290474475032312
0.01813980314921965695 0.9675136897218664656
-0.9625943049385118355 0.1748944725603684969
0.9639323316105508077 -0.07875973149514613192
-0.3009498023001857536 0.9356762436140084738
-0.6480906774113126545 0.7518556923268184811
0.9564237303156611913 -0.1882693741932721099
0.1382368979668776032 -0.9689190161378127275
0.1236620372539470464 -0.971555177516228885
0.3991623781639758173 0.8974831498157854748
0.02485868319368340559 0.972143807195878118
0.9720643559064977568 0.03360300982882905713
-0.7398246664209899848 -0.6212092124039029217
0.9702047361176465712 -0.05046998837462415149
-0.5029671001022817389 -0.8187264489412736657
-0.8137133986058189272 0.02122879490291530377
-0.4646745922767475112 0.8417038500348731356
0.07762312730682377482 -0.781144516504219788
-0.3653739118904354988 -0.9035030531878371907
-0.9692536179634079208 -0.2055522419410171775
0.489954152082462624 0.8400692124457664889
0.3340937552069339622 0.9152779947342706279
0.2370835800949073202 -0.9555849262040947423
-0.5884740344978891535 0.7735812463906219794
0.1482358027299647274 0.8929794845710887774
0.7072196168321940313 -0.625042025913351118
-0.6963577307532660132 0.6877483250426652539
-0.7504134160668104458 -0.5467666962367345729
-0.9382547818508170101 0.2134110037189057285
0.3119199304962923525 0.9141072530645991678
0.4325731257318249368 -0.8820678817724068033
-0.3109559701543301302 0.9374108246902513875
0.8893379891117413338 0.3952794429092826856
-0.04574856455247933162 0.9693445115160238545
-0.580270650864390114 0.6858717628789191556
-0.629389066535750219 -0.7643798956947394085
0.972960838626582003 0.198224241946083013
0.5919987743479033782 -0.7746320660954830739
-0.2901137400494051555 0.9350535594278692741
0.3107672872627700311 -0.9429865945558238982
0.3151258659453057276 0.887542126392784736
-0.09917566278909306643 -0.9807157867850455624
-0.6055113253392347961 0.7604115899637468035
0.02541099794428162625 -0.9857967468691331003
0.9401486524518982701 0.3041970854865682083
0.9323234612889605977 -0.08918511996547358323
-0.6423943176227038254 0.7284794932287417257
-0.02531674612496226731 0.9547883517012353272
0.9888138093045371058 0.1040073223408329028
-0.7596747926855544897 0.6189141949840812895
-0.2007933210457066298 -0.8412803397410816286
-0.205179928816218049 -0.9674881745372425623
0.4951805199788927858 0.8390157277821632675
-0.9481284724305311107 -0.02057941092984226852
0.5599178087603863263 0.6801801631230101064
0.6028254334226298417 -0.7502420906526783284
-0.01693096853247895786 0.9402263971644442275
-0.9746581768391591183 0.1569049367294656772
-0.766610392157000553 0.6136541080807822457
-0.8108215597181600565 -0.1229426144873091709
-0.5539197694909931968 0.8194781641368220626
-0.7771744848800260508 -0.6066250370911003831
0.8124236123066150839 0.5673517430975326681
0.8087579968431708455 0.4870976729244573811
0.3885305961199186919 -0.1650451708484194924
-0.2818242389096681788 -0.3801902258323735517
0.405350397567428633 -0.8893362828201135661
-0.5887670213387469209 -0.800040059175131768
-0.5187059369147407617 0.8374867804545882422
0.3381755775339705394 -0.8887467383542219101
0.9271514254569916957 0.2763628075014168406
0.8213648721243304029 -0.1759503734136034503
0.7637126771419148197 -0.6229777786127810302
-0.4613161025699090145 -0.8518807286055692929
-0.4516154275269222973 -0.8642584918395329607
0.7750595540445617271 -0.08969865459441309086
-0.1823397292551903748 0.9723307439835412458
0.6884952831997427358 -0.7215764873561445469
-0.03115383460296957882 0.9939835271970358654
0.1124720687708472833 0.9746899021088279991
0.7001215660716779698 0.2078070801939951306
-0.910009773997729865 0.3854809125053200169
0.5071533610582162899 -0.8435836790729678292
-0.1945475400064850535 -0.9736343548629554645
0.8282686059550796731 0.5493822764268239123
-0.6350177735448691019 -0.765865658519984116
0.6562520469467982842 -0.7221371957214233195
0.6296777671818034605 -0.7277275547397443756
-0.04930361166721498184 0.930682305339890048
0.8454079640130927054 -0.4408133411275871882
-0.4364823020033770651 0.8948270240057648595
0.140344576542368954 -0.9803918276392780129
-0.4296656849049155791 0.8974999994979774298
0.2906710058509968664 0.9399351135120077583
0.1530178667837231443 0.9692772030929532878
-0.1491425456612706091 0.9274609456896275583
0.9659587057695553369 -0.1662806230940082064
0.9861344859658350837 -0.07508495274666346364
0.9691116131264584377 -0.2222193104319832857
0.8869572787520182411 0.4104272157682516964
0.3777763186727770006 -0.7923148101631466433
0.8820716841237020711 -0.1662972015324428454
0.8849232757106223479 -0.1472103848903270618
-0.6522650668224501125 0.7521845771648888457
0.251934934366389307 -0.8032733048708049495
-0.6026494745123276431 0.7520563520908601918
-0.987258546071090981 -0.1028715600693763943
0.9075509672035571018 -0.390903103263049001
0.8517386558552381137 -0.08545068139060021939
-0.7418099829788044053 0.6616597671772469491
-0.8290325257441841789 0.4880746399278336756
-0.9395368686194942587 -0.2758264261462994305
0.5112875195292754249 0.6160982335447416913
0.5560068161835669542 0.3269360955295357307
0.2323120485370268884 -0.7432445806146217304
0.2080134599908638471 -0.8214965259496768146
0.7793966630788361494 -0.1986366164283732971
-0.6691911008208728529 -0.4671089991439192901
0.07285860367113039526 -0.7812167157224886305
-0.5197168375506698856 -0.4523178719247964996
0.6186835838262133569 0.7261918894109682387
-0.5981144472092371212 -0.7039578989259018815
0.7675744238819282028 0.3247132306133141411
-0.9068407467074792727 0.01051869995004631533
-0.4762243409428951746 0.4866697198784236122
0.7129623137923445375 0.3523496952154743789
-0.07293542560664577346 -0.8480780337281883519
-0.7369186550215806042 0.651670153248138373
0.7064826572758271528 -0.5914482097685656026
0.1454215007283999606 -0.9241715807345439737
0.1319658203450492784 -0.9032286944222585046
0.4642120955420249162 -0.8736644571244724933
0.9566151063189253234 -0.1108009552331634673
-0.7532495917874244551 0.6167261603567648631
0.1391536344358285104 0.953299604496435693
-0.521797118066901211 0.8184149375393463544
-0.2825042703796338261 -0.9462446097791492594
-0.7822478499006324526 -0.5824527831142960466
0.2463559907266118232 -0.9522807411821597734
0.8087993467297712735 -0.5667060453929538832
-0.9540902430710600512 -0.2771698120373263241
-0.9300262706699458093 0.3442792026577427
-0.2055355985546800379 0.9410776879953463014
-0.9820181337182644077 -0.03561260044957838961
0.5889730272984315951 0.7705917018127289575
0.7412914262816003852 0.6368659043624350646
0.1233488619850800078 0.9804842827138483541
-0.178051900229722726 -0.9714216682698556538
-0.4513027980207020562 -0.8730744633614814232
-0.6071514878130633841 0.7845098264675386401
-0.6297912478846647844 0.7371627175548916
0.9488139841090825755 0.2920726625376115493
-0.6555504913807363998 -0.7375649978686749098
-0.3360987584261450611 -0.899499792000807652
0.6365043972574766507 0.4905993881319467009
0.9890218239464709793 0.09157770289702625577
0.7320291663766300694 -0.622295275334749598
0.8255151122586203982 0.5578470106170401177
0.3819125350568829957 0.8746135628046629584
0.6164764288847717211 -0.4397399464361984589
-0.9854213725595478701 -0.1270279672992465914
0.3822936234104940545 -0.9076552179781683938
0.6186200978742929513 0.7179035728406317762
-0.885310303194737247 0.08968259651415487477
0.8056340556936734121 -0.4354722554279170654
0.7494579711331500471 0.5280252253035142562
-0.9457520005396183871 -0.1059871080941099525
-0.8486160426419656622 0.3302238854400643686
-0.7140406571695443461 -0.125765975694149712
0.7544476343599499923 0.2076147960968576511
0.6706186399966329592 0.6714459416128891744
-0.06288461816229932999 0.9553390001562879208
0.5056784413317889637 0.6537228085358682828
-0.01931339594098596332 0.9898054816015782187
0.9513554084188279303 -0.1115720585932465092
-0.6232005759739814854 -0.5619823568497941402
-0.3898343735933494925 -0.9053326808706210205
-0.9291188071827068962 -0.1673277893787822324
-0.8748556052843998732 -0.4214712434834094745
-0.7190031704975073934 0.6501544394865699239
0.1486681908235490401 0.9467060068523868166
0.7088985811881035604 -0.6518696745461549646
0.6933872928187811979 -0.5012386223338374247
0.7151521590643790116 0.5590911760630002947
-0.8078400318078381437 -0.4637847587033083196
-0.2264891203324380931 0.688132939689842682
-0.7187904383820067356 0.4158750687180053918
0.9025320687359347227 0.3287560719955249233
-0.4186887035206116048 0.3386675986805203209
-0.9603085114965481672 0.1732444996130174664
-0.0237552806247564828 -0.923843347263641923
-0.3998536643978293781 0.7333602272714421222
-0.1196756373026907905 -0.9822690650424972247
-0.181428887274571099 0.508939111758484275
0.7412450833864613342 0.2255918548884493224
0.5821277756822184068 0.7193597537675523457
0.4135215613537193136 -0.8838472720260590609
-0.05700644890309406604 0.982504361379573643
-0.286342260881120303 0.05220859321363479494
-0.005011008394321960456 -0.6397763334629058551
0.7035256351001416553 0.7000291554308619713
0.9472182796315198328 -0.146819247789390761
-0.444255916188612654 -0.6235889283406308436
-0.3183563872313412424 0.7048278931742424369
0.9342638883729551535 0.2961977671542896373
0.7998734691954907383 0.55429908514908377
0.111592458707958142 0.9508451797199050093
-0.8912137580420551597 -0.1849116354787672112
-0.7266096152310298484 -0.6695981932382707447
-0.2608136155099267661 -0.9397887172590885241
-0.03774749457861000662 0.9802095777754474826
-0.3370591328217498184 -0.9129376932844206483
-0.6566006084185881386 -0.5826344418137527903
0.8983212111047265136 -0.0387539415013394839
0.6622287482528016467 -0.7254309520066326566
-0.8508940367123708493 0.4035737399447660301
-0.9686916796099306337 0.06968649676527510772
-0.02549138293482107812 0.951748438414005915
-0.3333090588136891075 -0.8948612092540689789
0.9683080391495150208 -0.06450767524026308763
-0.3870475234079481242 -0.6622378841967090368
-0.7256664280721238924 -0.004579719997641123683
0.2893199687024322064 0.3840096433292692901
-0.9459834451724862259 -0.2237579821400461078
0.8220332192365485957 -0.503862707582988345
0.8652597545232406651 0.2329104176766600698
0.4445015645540866811 0.8703932939981525729
0.6766410853700207673 -0.7175755377708135097
-0.9638108788455956866 -0.03913908471179401022
0.8463508730373749955 -0.3257379684413767573
-0.4035523828910518307 0.9092745628307489225
0.9488667424616931134 0.1800965267974761475
0.6275493210560515456 -0.3357667184583406073
0.8322976216428763507 0.07946422011664452945
-0.367318193603105414 0.9186635698776032255
0.3774090775305483092 -0.9184427245357813518
-0.2212181783747816655 0.9655505132835062732
-0.1241423734228867398 0.7193269874244122564
0.3142275566831856937 0.7814507994128896406
-0.02997054421058820833 0.8464115333881836456
-0.6377597530378854573 -0.730355115843075553
-0.4634379112075798224 -0.6550362731807386485
-0.9145018456795307449 0.3380913871925238512
0.3018947288619645009 0.9094854149946685062
0.5310990818223007004 -0.702647674151922752
-0.5950274541257863925 -0.1717553899656849292
0.9254995558193980232 -0.2665831515950585207
-0.3723285755746079118 -0.8442860038670058076
-0.6920700117405090834 0.6823475311798383736
0.1051737850279600844 -0.9818137701692351005
0.992549997697565245 0.02413479218769562853
0.8404433441861821619 -0.5219749679945949739
-0.1705799423042095864 0.9814496993209808062
-0.1304591111717963436 -0.9865493600940796748
-0.04373774953102076146 -0.9845579424566653914
-0.7315970930356890944 -0.4788029926927156454
0.5065794954270450567 0.800633501953513238
-0.4778495522181591126 0.8641584188634505725
0.7504772743408699709 0.5839228762537632678
-0.8468013939366573206 0.007544862091863595993
0.623236500544814831 0.694941917011540844
-0.01198086980037661384 -0.5016488223969419735
-0.8782095268049131542 -0.09648264179554992548
-0.9047452532197364228 -0.3692016496750691323
-0.8867107366926008094 0.4261632283978015745
-0.8358656204537400214 0.5337500760259384913
-0.5331245640458047719 0.8337818560323979611
-0.1574726374740050006 0.7698736177777155687
0.4064446548119827196 0.8322946211336404998
-0.7980323974878897886 -0.5820743144050158913
-0.7278741688743700644 -0.4607106966073447052
-0.5156344679599912384 0.399714233173392941
-0.6010178975406434976 0.02520175431793006057
0.689798987779850048 0.6229462312448351691
-0.3388381024528290819 -0.772685545419684594
0.6950392472461670579 -0.6266798585581682124
-0.8055069147466645818 0.05678429462358912383
0.8023466266498699984 0.08973011532949824731
0.712294138150253664 -0.456458488206127444
0.9664861100006155725 0.1668199570935926801
-0.8633202243746650462 0.3543293362851190342
0.5849797227205962846 0.6888779071196300396
0.269696816980565357 -0.9083134033739229674
0.8284257924985320987 -0.2428649502197932908
-0.6283748333879948245 0.6627021937248862571
0.4561565586036281927 0.7808460353945827492
0.316612902123132367 0.5971163478520750134
-0.7776085225655938737 -0.4874872995044096102
-0.6736471786533956285 0.5792912354480311832
-0.6234855254133768732 0.696244209023853089
-0.8233228943063101157 -0.4918371750932192255
0.387690857413826695 -0.8517575740719580679
0.9547908260875028752 0.02547694969052386252
-0.8174285359798080242 0.5272455996060161354
-0.8538033556711989158 -0.4040375489093362416
-0.4762897914021912982 0.6585514789780206879
-0.1749384584723378544 0.8914996008303628372
-0.9570443016435657979 0.2259984143490812725
-0.5249915750187050811 -0.4701688064703384851
0.6240705621396184233 -0.1775092593010348663
0.2079944535001811146 -0.9518671585238771549
0.4654684499925097474 0.8102501337270662241
-0.204144963973248883 0.8080287098889131769
0.06054484669640803479 0.3488512244400220896
-0.6753499905729294372 -0.401393737079744517
0.7585398191427359382 -0.6193070604443031701
0.1819031252560915635 0.5080770199829954814
0.9068320938671237119 0.2104087474482681241
0.4047797885525238892 0.8724354954032538245
-0.6168897387521724562 -0.2885003507380349275
0.09146952005858785539 0.8798598525236341894
-0.352942335643684324 0.6166947575282688554
-0.7186798364728698152 -0.3385393584888585217
0.6626846568039124197 0.00801623324587751214
-0.4859909686194782141 -0.05717422050628102187
-0.7142778852876008333 0.3329166335440774671
-0.8562480135170097428 -0.3275895473327276597
0.6612890012886194491 0.660292979657062129
-0.995460984268292548 0.0114648027169607352
-0.5523269812426450098 -0.6210356091937976331
0.2461657276580909437 -0.8266877556895357859
-0.02129242492631667344 0.8087122934054736811
0.9156926830428051556 0.2674908285076426639
0.5722472573887618097 0.6898325897529938855
-0.6493625071145832095 -0.4966336358564289455
0.7929089699394931134 0.01534129965951698017
0.4730555187402704087 -0.8074439087157022632
-0.7409768967574188459 0.5703571670070736177
0.4466107265965167938 0.6610776874541887116
0.5122948213177331844 0.09399381419630066514
-0.9120694594497226193 0.3230685109850012782
0.9209922549746606402 -0.309823563065582841
0.8673496689068262988 0.2843100296564656237
0.1097399832514865947 0.08812984555124149522
-0.5059149275855001626 -0.43681876528857988
-0.8633606236433664094 -0.1542973776603914215
-0.7807076362315255036 -0.2365300376445930719
-0.7722389868995015449 -0.2425174043466180873
0.6711378273108341563 0.4722120145578844186
-0.1642366904024608887 -0.6077515948933449597
-0.6005595927085558561 0.7347091073347459256
0.6073155879275726754 -0.1687854052271646754
0.6433696701216962133 -0.4228074864320989779
0.001136617480122971034 -0.889953212883742073
0.8945690437277733498 -0.2178545971890243627
-0.6313641733725456895 0.6825506097173319464
0.3591125211209213464 0.843584912392599251
-0.4727024925392407928 0.03717809068207106327
0.4166912883686838542 -0.8403612632517251102
0.4578134115409013827 0.8580727716750455869
0.7359290176972106412 -0.6586436397585130331
0.9686723972742498079 0.07303333634421409204
0.07698647429580351975 0.9868352475920533218
0.8871186015550884818 0.4252533135654223417
-0.3025768514449698188 -0.9326331959808162875
0.577399205272462801 -0.7125407652612558707
-0.9020425419892210694 -0.09865454518934603512
-0.3762844709824241241 0.8912023356023226484
0.4405743387887086082 0.8739688338404779655
-0.9786043197984403141 0.1537514507689149712
0.3021570938017117403 -0.949065697864734048
-0.008860895383442972395 -0.7904157092916256344
-0.4614609279398270147 0.8122104385519434144
-0.6802341988955153962 -0.5041343953608596884
0.04221358626604133218 -0.746096922504648985
-0.4393609481468707112 -0.4641304661462817283
0.6042062467893271061 0.5394691502242590087
0.2868955459349189496 -0.8131486696903694744
-0.200434188116888401 0.9327623624537894065
0.6588805470046062984 -0.7027795795855368288
0.2231175532237720527 0.8436273703183746475
-0.1553614263357025738 -0.9492004613908129329
-0.8142001329777812657 0.4659888529060257079
-0.5219208336263658765 -0.8307248975308669792
-0.6111526431373686119 0.5872849651621108169
-0.6687627664465652932 -0.6486392320819739377
-0.1891486879564603651 0.6232219466236348371
0.2322503475165496878 -0.3395548566473941543
0.1725030220939398062 -0.7887887227477616836
0.8211392549469223034 -0.3590851330835622135
-0.2732974066703313665 0.6078276224075654932
-0.9605955000219068562 0.13575821744020522
-0.6251814917537034111 0.680702550614282087
0.5282579201278864156 -0.3847660094766430228
-0.7921692433199168937 -0.5152409397394493995
-0.7313634270560366302 -0.07252230786890023762
0.7473945106119630477 -0.6093318263466522833
-0.8087403756969389068 -0.3898143932201656447
0.276057411555250376 0.8952694330539732182
0.6504330660471624448 0.4526489292515406548
0.6807947471681544682 -0.2636426753104702536
0.2743235342495982665 0.6789946208329059596
0.6390267542425639435 0.6679713625411218825
0.4719021753633407812 0.7517624757371551558
-0.2725489158873993789 -0.890971930617556529
-0.5241124273532669076 -0.5556462168918293587
0.009909975341240542454 0.8177404702825542548
0.8670019010562711737 -0.2666653610126841212
-0.7082457539587435624 -0.5857557554788849208
-0.4822525825956909817 0.5742124062061253476
0.8262994422335327993 -0.4517402461516549228
0.99137570837200506 -0.02325294286807164101
0.6795030455726958074 -0.6714307713574798608
-0.9250378524961320181 0.2565517446660484091
0.7416468553199534464 0.3114729121765538178
-0.5964670001084275697 -0.7464589441889435406
-0.170597670745944674 -0.9527068616490185216
-0.8711322818878131091 0.4078265669173540831
-0.7724572601488738366 0.371524973164354344
-0.8699195265879050565 -0.2929731201221247305
0.7016257190250745346 -0.5731965921939936592
-0.1957853085532319237 -0.8433218330444204325
-0.03153345596901384329 0.9761223534771481525
-0.6062248358280173388 0.7497425983245901149
-0.2585341027867394947 -0.9340650892886378509
0.620393928707856035 0.3255356128149454742
0.6545537900950647581 0.5670560236242008223
-0.4898955418086778923 0.6332287275908650148
0.3914601996157883179 0.7463392994023360094
0.7239206073445577649 -0.614372481030234896
-0.9576799832024479597 -0.07982602673322561349
0.4295462714307933805 0.3600262486592681888
0.8149535213272384171 -0.5321548289412312283
0.635125289268052784 0.7372527207403988259
0.5333994776391693948 -0.8237002545512015494
0.06553008887304705155 -0.7363952681888020768
-0.8975502209815779953 0.3430967057738281145
-0.07065439547270371823 0.7967531787136943322
0.5189478132935978483 -0.3607500816515301634
-0.2357058701401970047 -0.1804813844607389695
-0.08768214002774608884 -0.6975301566959792865
-0.6750614037011657409 -0.302975024263695103
-0.6742548431142458831 0.4954048767233547035
0.09225089917666313977 0.972681050915424783
-0.7193785558547499681 0.6376147818230420983
-0.9343997045979107741 0.3250793083156813812
0.8773308748394721412 0.3773140004486550958
-0.01775607834840675636 0.7311198602956706649
-0.2591343273174804285 -0.9558307863077172284
0.8369337361596215219 0.3082863664987013363
-0.6719379335653220542 0.1712384086499847136
-0.2821116287844181447 -0.9274637908838887501
-0.2395162719220813585 0.940472971545654568
-0.9092827838623760428 -0.3883078734126789167
0.6538021510391888169 -0.5353686285722735194
-0.2811855818477666524 -0.8880310784391870493
-0.4361484337240860709 -0.6100132349680739141
0.1002260045279641937 -0.5203027015794077226
0.4333010581064564715 -0.5085054151708967574
-0.6411032190166631173 -0.4737529184511190539
-0.1791127261154482619 0.3839559857721539515
0.07041581923631262674 -0.6090462323796917987
-0.2085416968977001628 0.6019090317529153245
-0.7356794875021893665 -0.5866096501704990418
-0.4546847239778339378 -0.8721160373012354361
-0.07032735843142365328 -0.9800909928795379367
0.6537706235022451295 0.7421137666264234767
-0.8219964565469375373 -0.2960509444453027217
-0.5712837958703549379 -0.7675199578481326501
-0.2757190722818305684 -0.7279459869720028564
0.8251139526005154545 0.325503220064622012
-0.5737209412813745191 -0.1341351395046788408
-0.4886556333248568973 -0.08842532260391819388
-0.2022939811161565404 -0.8531309048919608617
-0.02595189242458724455 -0.4092376274086718668
0.7814966751018728175 -0.2643990071667534636
-0.5816796380310101933 -0.252480848424783022
0.08233937729981623266 0.9238905763473287402
0.233959445638746405 -0.8080951717909685694
0.9263321073079054946 -0.05328591365336682317
-0.1468654270580162513 0.6711964161364805115
-0.6115879998019309038 -0.5731177060466878803
-0.4886587348622838944 0.8139770482426069709
-0.7721266444229042403 0.4317470427922778797
0.6074347075973480781 -0.07034503060150804066
-0.8992751898270399113 0.2015687468068728949
-0.3991730949264335471 0.682958603934055497
0.9163825383786232681 -0.1896173677018608839
0.3822038398216753285 -0.7826098264491782031
-0.2295835382012393899 0.8580122553606892577
-0.8230624657912446462 0.07031144839595096507
0.6244304957032661418 -0.352561437257620458
-0.6332421586779074518 0.4887817926949244995
-0.5541645648171068528 0.1815004698569637753
-0.2890148282734972818 0.5926501837228155267
-0.1085185224542487004 0.9163141608147539197
0.4169807949913938439 -0.8660436479807631649
-0.4192580673692627435 -0.8585360503898379347
-0.2624931704336674887 -0.9282281967147827384
0.4998280075426632663 0.8444544774241958818
0.9272811242886257466 0.2397434756945973633
-0.6904421618573498565 0.6785822965528992556
0.6301421036485643778 -0.6186894029685673368
0.8860676844564890908 -0.2840165039866596741
-0.1105007597481821036 0.3377038208224725779
-0.1848837077819306396 -0.931223168254981748
-0.8753630766727913404 0.3753029067700704435
0.7967235214788218611 -0.5385962646836446321
-0.7423808079304707874 0.6366471723871727217
0.4180846223726289446 -0.8720084723460139742
0.4829241492945277603 -0.4799681772153827075
