-0.8221534872345613865 0.1979489892277848662
0.07493341136590302154 0.8810913285864234723
-0.7466890644294658097 -0.4885239318661102059
0.6586795041590611799 0.3768402806993807475
0.6785722496417344596 0.5528154496672296192
0.7948423981068577504 -0.4907681831804269201
0.16535162568623471 -0.9086554853252716279
-0.4565441198499634035 -0.7438855253395429967
-0.3826601120932612843 -0.655394398977579784
-0.3463447607532036399 -0.7893568064099004689
-0.8297610046483817614 0.3724850359646200149
0.2789755905984323547 0.7770896377633205176
0.7085649806053696542 0.01462255225915634962
0.5439704735433463778 0.4918122853080312828
0.7023438601134724957 0.4342393772886008474
0.5502455278068433264 -0.7266946685603756784
-0.6034998408143593673 -0.4893898643412738503
-0.4604076526469413899 0.5659844015469165379
0.316368495784968673 0.7683283120027151192
0.8012425346166631712 0.2594032522015163877
0.5469159860781147575 -0.6726441474212370153
0.3589027478635470336 -0.767507324987497852
-0.6137636188849983077 -0.5979987361410274982
-0.6918063177105504558 0.3805459227570465175
0.2869314459563959141 0.8120690172005696761
0.1953195853619473787 0.7536370915545428373
0.5322361169184727236 0.6441057668579450723
0.4643354163007176738 -0.7719312422127994067
-0.8090310433952353497 -0.2745000464489873448
0.9244598599581275167 0.2557202872089517909
-0.1240600465626305188 0.9701367668978112535
-0.8718659506253152447 -0.4283300850145469463
0.7658751702171656683 -0.6078614801091245523
0.4622216129779624927 0.8166676435217122831
-0.7211077868582884687 0.5355707080812459608
-0.2349261396526958756 -0.8683070143541982144
0.854675017842547069 -0.237141161927464067
0.07681988210726023447 0.7580297918245572086
-0.6826588642817957853 0.2125514519107292999
0.1224281075595299723 -0.7256721259670873003
0.5780495969748349339 0.5049963778233226286
-0.4486351741894356593 0.1779633660048208499
-0.3683326076386242431 -0.2986772978120105781
0.6677791264264172355 -0.3792347277200517341
-0.06523554458105927656 0.7849547014100900499
-0.5245563166753547391 -0.362920956404269357
0.5376446517587576412 -0.4286685302444874224
0.3829681224417367802 0.7563571574909241368
-0.776340800651091123 -0.2512298413613806569
-0.4024410830862814592 0.1081863744479937134
-0.04527010853139733226 -0.6290052488712321033
0.801358102982759668 0.2346537371680940953
-0.7139751566642158487 0.6342488577280566142
-0.5886851544744412523 -0.7710413170510961312
0.8370316025898282275 -0.5132730424848157558
0.2940048569516980348 0.915470318310971698
-0.1854215732959058061 -0.8928625496383538751
-0.7755179535463364582 -0.4296626195934300507
0.2998242159691953956 -0.8427876223251908883
0.5829480402279270113 -0.5728669880195642605
0.6207387889700144434 0.5756615629269706824
0.3538888438566187844 0.8011191691569914397
-0.7693305925032468684 0.296374679056685908
-0.7271217140853891703 0.4852190427972044029
-0.1403057748627443979 0.8450942562355951981
-0.8873591008425334437 -0.0967872509313618401
-0.6563830362362030879 -0.553394122512911979
-0.6082943602869582689 0.570844197079386162
-0.2202589235018861946 0.8402165794040080682
-0.8439523405507318721 -0.04632704879274361642
-0.307850140803384964 -0.7552832130835236413
0.7292620703884509226 -0.448755878338252312
0.8219602234615224212 -0.2539919139104445667
0.4330594975898781618 0.7880433123380727878
0.5025750941555996443 0.7421563806438682409
-0.6422058756866632079 0.641186009995958206
-0.4461907912718868774 0.7524131343642539438
-0.7909397663607614648 0.1623150186039518383
0.08843754801738087923 -0.8670596288798945173
0.6582479271846548574 -0.5663804530743183907
0.1628402904744191415 -0.7400130412196742613
0.08230649704164884339 0.7328991711308689982
0.1966341818847283651 0.8199599602149684197
0.9434994007860989518 -0.1418576000982189611
-0.5075380835496445808 -0.8379675838265084886
-0.1866295169278453514 0.4168358218168957685
0.4230653896306830197 0.845557824946709724
0.6303681246525969506 0.6721578204858971173
0.5913326309476824028 0.7761797534749783622
-0.7219363013463786505 0.5524836096780540995
-0.07353572229479320155 -0.6030927091701233644
-0.8734185436130892377 -0.4313780531302882637
0.5462006009633829651 -0.8269714064775403051
0.3331531667123757701 -0.9278453142898984707
-0.5770537667509025859 -0.635676771783452943
-0.05869454452677483336 -0.9375441220256756081
0.1662064586118925658 0.7318417694132329787
0.6699934962105141834 0.4427520020082404972
0.233109930726309228 -0.5797897387055466201
0.4240883383285803943 0.8551945040991938418
-0.4021310171485505403 0.8565299616647683578
-0.5912398803882287224 0.6385527219066278182
0.3023575176620647009 0.6991644815691963055
-0.3854746232737844003 -0.3023258468454604886
0.4764161137890683406 -0.7074792697300306132
-0.5203486193741259092 0.5733699753803687127
-0.7588594901247062152 0.3184554433461621037
0.3516294644115686152 -0.5765384804838188382
-0.3373567922747576775 -0.8568041231398237922
0.9066032301126137893 0.3890008079752145798
-0.09961764231915755385 0.9704564407665915438
-0.1554768958394386891 0.4707202799446503771
-0.77351830744618566 0.05261776456188661105
0.3636947671515945446 -0.7956498033951429072
0.4115144801611297365 -0.653130299102384182
-0.7415338549378726052 -0.3493935104459717778
-0.6827650087633378995 -0.3475761249321607793
-0.5770568863110235869 -0.5754123233301539075
0.378283089457444488 0.9104528719980962137
0.003767013970045869197 0.9937447861112599368
0.3648998195782661713 -0.5637234207872187097
-0.3296490675047524244 -0.9372148820358585652
-0.5394503369572031248 -0.8230390685621363778
0.512143277473109837 0.8381249636796430647
0.9146257234608420328 0.2825574870440657471
-0.9633201235755117775 0.2182425615695119114
0.8638137049803179535 -0.3361374486396935812
-0.9552180663565563723 0.1654069152272746313
0.9143885600130817748 0.01034989455189997028
-0.7801942906673232647 -0.5593886708766184768
0.3717972113448378413 -0.3991626445178285132
0.6229842381044602417 0.2731519248660816412
-0.1594993144005083519 0.2683973264067434639
-0.3739902790720325831 -0.6805791497057716022
-0.700415047071614727 0.3889536020709437047
-0.4476473499894656483 -0.5968374466437837977
0.5472843376273585081 0.03970794028560158812
0.3362627856871702181 0.6374605071250202259
-0.7558079315280353816 -0.5442820025778392079
0.514703758917922527 -0.8129305548837022499
-0.8319958532420090869 0.4949951974147407396
0.7832859834432718271 -0.5542460550577351652
-0.9100016182320297409 -0.1934806566156706265
0.3375213171373009358 0.9248655981359736877
0.702915494850281708 -0.3918840940954427809
0.6008465969710445886 -0.7136336095324289364
0.01150288904096109094 0.9808221193075560285
0.2117649213933668895 0.9583063457875160562
0.9104143253615528675 -0.3385665737747259318
-0.3408318297159722565 0.8421461895832819122
-0.7135657184327854896 0.6780153329985104671
-0.9534986785743637672 0.03897857335080609498
0.4530826188359134421 -0.8592611851150691038
0.9370452652486972456 -0.04137936653251981373
0.115462258532484055 0.9608869883991131289
0.9685767729943198789 -0.1199221917327554926
0.8314868935823677143 -0.02192742417115014011
-0.1621408460940056973 -0.9755581340036059146
-0.1661032027447347237 -0.9442936254315553724
-0.7758064708014651423 -0.531183277533394449
0.5874938894837149483 -0.7910309669275527034
0.6127486676402903454 -0.7097127726295504591
0.1956486750569035316 -0.903403576447574741
-0.7599586288526959388 -0.1402291133283969649
-0.5739698947345935887 0.7840022139659967859
-0.9575490334467789966 0.06683219313941174411
-0.60094456633676685 -0.2041656818319501354
-0.7516550048622817615 0.5631808466613192898
-0.4974312884065052454 -0.8409618434083161453
-0.7203875992167206865 -0.6664264435404990694
0.3734453027866967978 -0.9016651606460567292
-0.7064655921654214854 0.4816711725436357838
-0.6449146513435833894 -0.4330355486466969661
-0.8130180834489572073 0.5598348295913861961
0.7070440198081677785 0.6941499805110759036
0.8633970488327935566 -0.3702164714152588187
-0.07726922717490440629 0.9893856446867926868
-0.6798878804991259628 0.6980034295115148391
-0.6718953457029630538 -0.2166839532413682712
-0.6626059162110250478 -0.7215605316244155798
0.9309129274203201687 0.1633197187263668304
0.6697520338266964579 0.667217697869883164
-0.6156854157638674829 0.7676088207021573018
0.3342877606863364215 0.7434140468341162711
-0.3931830285539336667 0.8806838998820338826
0.9346030215813825315 -0.188676758796573113
-0.3823551324827731968 0.9013040293451004548
-0.808189269592779258 -0.5657820813744817157
0.8113702641116931069 -0.4452209277285708589
0.6016462706031187047 0.7791516679312551208
0.4803929637431892385 0.865860066307837406
-0.7085644665943188203 0.6788889014761564367
-0.1204225215737744215 0.8236361243940276688
0.1855189649164647181 0.9528508951613968714
-0.01743432891225125958 0.910223638275448943
0.4345664410932008059 0.8921975256855079195
0.5564599825687485124 -0.8178789870677243279
-0.6490262257787160483 -0.5085591585741757736
0.4026252037695686736 0.9002459376832238069
0.2635638072269881893 0.9274471112567350684
-0.3546907375671202733 -0.9222348999638310119
0.733720265671493177 0.4343190485187178873
-0.1738451850249678465 -0.8020918661874631983
-0.6819832722868245378 -0.0839302164222351238
-0.4420796487858853485 -0.8524240380196760336
0.9185934463580605058 -0.3737360392039426604
-0.4640133260403273563 -0.8756678640073772835
-0.813259541460548796 -0.4546198047252200669
0.5483845436409617857 -0.7861567439987806605
0.7223931491529990145 -0.3282542515050850818
0.2827063081755438745 -0.9448737801059460262
-0.7710390999466418815 -0.5614239977776812607
-0.8366555929017663873 0.3210970347750693454
0.3241439697709469492 0.7562617565746235782
-0.8204682874810307336 -0.5180315169047154944
0.5742222824678755444 -0.7850930675508229761
-0.9138233248638266693 -0.376124940461066759
-0.2858708108349346522 -0.9283622209325257391
0.3407723695297761313 0.7213287736952378459
-0.271472631280259058 0.8914948960339539319
-0.9487951902487025135 -0.1794828290498608758
0.6196782850345833316 -0.7648318179300519493
-0.9916307884972040965 0.07831167934411259468
-0.532970405363600408 0.8108911105519946982
-0.7814683791033918414 0.5647891350621057072
-0.9698038345186210663 -0.06884412942215527298
-0.8818004596020961872 0.3690168121621365538
0.9460138488319632666 0.05336934978212630465
-0.6996755947630304284 -0.6968487137547073607
0.1895013395493672925 -0.9733674780594879783
0.3408340139012502323 -0.8980956964489437144
0.8968655078580411999 0.4210872665333264542
0.9357970044297826417 -0.3100137104529234189
0.9017043262950319438 0.3320590423534335867
0.8644742014425731425 -0.4597108391610169598
-0.8028375297815479872 0.5513183806974252255
-0.6442703468997856842 -0.6678525891031891204
-0.6155427110436141325 0.7376187108340359622
0.7578610175039841579 -0.5860492993428617625
0.7712586083954202643 -0.3012513988849128133
0.03147007691692810943 -0.7331556532409150284
-0.2999240173771487439 0.9374315913705488779
0.3775634590283701297 -0.7526194058057166236
0.7853212221094820755 0.3375758097242847477
-0.3100112894594629909 -0.9001835187737546873
0.9870523755312988756 -0.01063840304787554494
-0.9493076892615801565 -0.02981166335833609904
0.6760087088941313382 0.7167828504640445519
-0.06672948916698795419 -0.9604825862615301579
0.2165166792031872345 0.8843299962723139007
0.7511366051990691073 0.458608725169089515
0.7931132295385605602 0.06357452295762379413
0.3146087084137595968 -0.8126378442013467707
-0.5250889478691546097 -0.340036798746918445
-0.1906859426892419107 -0.7192399416543039381
-0.7577518110133580898 0.4301280843922546393
0.09586710026154673936 -0.4631210883142378165
-0.4993061785934488905 0.03602485064987895336
-0.6337265233290455546 -0.6853765985200889199
0.7557730866333186581 0.4714657418206960049
0.6389124203837497351 -0.6360087123533514353
-0.1745455650162819339 0.5459147624025607604
-0.3534425266514098496 -0.3634234285255685259
0.5541260349429613097 -0.5747735841057800554
0.4024952609636961998 -0.7171406866370542144
-0.5722531811011418723 -0.6880719966844348612
0.2004733324424444463 -0.7770020253361230589
0.2917775643779111916 -0.7073658523052209768
0.5716427558476191439 -0.4842632053907418022
-0.9337162116300096182 -0.2886793131498671672
0.6713317277125796512 -0.6222101023653068275
0.9732597216166015697 0.01761913691070522703
0.8717836713930970927 0.1690642193737251497
0.9297765771134401946 0.2679968216914320189
0.1826551370957632259 0.9574493460224635655
-0.866047286666721261 -0.4794088616659138435
0.9040957816475296838 -0.3352229959522511349
0.8845936674171109848 -0.4507098034952631838
0.7245636190645723396 0.6396276915749800063
0.2157530795967717852 -0.3796453857831543766
-0.5788262826696393137 -0.5919692726830355634
-0.6952846048382276267 -0.6161824062859618811
0.1517075030501898181 0.9558635351943213232
0.8671255988940353987 0.05145351892060932159
-0.577936302894552445 -0.6332452087798645657
0.8243787157922378706 -0.232454391758058071
0.8487598638612635638 0.06591514493116099049
-0.3979284555215826802 -0.642970064620835946
0.8252992610226269621 0.1315700910189292472
0.05139102751544193798 -0.9336525281524767905
-0.3194614192879639547 0.8622132918758298459
0.2940793135283509829 0.7088558980425960776
-0.03751266286944068135 0.8413013468568608655
-0.9257497330351646125 -0.1048394114322232923
0.3410968379322653621 -0.6841245243251057317
0.4444001620952089948 0.8717078541404998937
0.6913602413363841848 0.297196691840804772
-0.7961535985502412593 -0.01741630490521426863
-0.585696410648422594 0.7744968937533580622
0.9360649967103592539 -0.1477311116362423349
0.4574922603690919631 -0.7300978569275750063
-0.2913792825946663334 -0.8462760050743065587
-0.1563588478450397001 0.8231043340773640526
0.6993597062423474453 0.1691937798266389403
0.9115518749436706258 0.169845549649140698
0.3214785283075506928 0.8223960602677736764
-0.8543935902306313279 0.1288632156684596797
0.5597022987902138258 -0.08211273948200667472
0.6080702224133599509 -0.6693328520700891904
-0.4336050717547674238 0.6619627958702269943
0.3238145016697517864 0.8629860515429902401
-0.9421432626656260911 -0.04516038869353136698
0.5299373146559109848 0.8300352622634955546
0.9166046729595468401 0.2826674659996613603
-0.2498061777576026932 0.9432070563041586864
0.7983924053987859759 -0.4304264130315594294
0.309486473192880196 0.9019932133430982324
0.1335341133297301142 -0.9638010182322555019
-0.8636464406480507394 0.245469186414808499
-0.1614297313811438872 -0.9392348907299824523
0.9708572627276130795 -0.005755299050595928667
-0.4384636017861617829 0.856759995365370397
0.9380344114827519064 0.1676671448593407554
0.1869509964277886738 0.9711353867308013532
-0.8100745036535518251 -0.562058755968530499
-0.8285284030501715025 0.5292567040803587419
-0.8486785414385862314 -0.4678736210404786378
0.3749557194844571062 -0.7772266749380666306
-0.8348682993934994911 -0.1118328099038224804
-0.2744928478288797269 0.7655175629959739547
0.8640444346319410274 -0.4238176476204627563
-0.8140753691852442575 0.4890805790206558257
0.8225261552216008853 0.529014221743557278
-0.6484884723401965756 0.7415144657182241028
0.187797257588803862 0.9597678799365704227
-0.6526033443088820052 -0.6497643153602359334
-0.5083600945829407358 0.8257417932220521006
-0.1912846971253065187 -0.8422810792555769366
-0.06755765760856136115 -0.9836543312725682942
-0.6575937298739372716 0.3755992978791727888
-0.3186986448286752149 -0.7070208164147719909
0.7432612283576645051 -0.1346370457259701281
0.118648850960383398 0.7739080159657325542
0.651180937030061413 0.6176988613519369675
-0.3361167962979993984 -0.5864837765233344991
-0.05338004904344634954 -0.9198449110348021485
0.9256600239586503243 0.2215459098110052483
0.9126737478623593303 0.1978462539426419364
-0.1006810711640426237 0.9572666798291538104
-0.5704453298468483702 0.7692014768470631925
-0.7733823228863196952 -0.5563221083575112802
0.450649036839535333 -0.8061609336477136845
0.7015408756444275751 -0.6654723719618103051
0.6121415420848043132 -0.2790168388489970841
-0.9249978663237287124 0.2893333785386140167
0.4153490800286103735 0.7832746119349588421
-0.0202461151252315355 0.8390334723174139864
-0.5695687777988445166 0.6727861598202150573
-0.694922667922745152 -0.4122095792101923006
-0.1881689597427100291 0.5877053652014972984
-0.459694886936861391 0.5702050567954835003
0.8449697257611245016 -0.489860751179352516
-0.08370851003522926381 0.9429782342765140601
0.5332766667685301387 0.5977691496039966301
-0.887798440883956208 0.2806980105513202095
-0.6808059753824750038 0.6358895406297815356
-0.2108294239779097412 0.9240555434664257106
-0.9368119521707841679 0.2581968659391385978
0.9418432713356613695 -0.09805373500650355068
0.01846609189629609335 0.9565030836679214721
0.6173960598798881039 -0.6288824663278468341
0.7708721799508709838 0.1714564201118244369
-0.8074612819383536477 -0.4620850075091416653
0.2297516907377770978 0.9152627668293760177
-0.8848214326131617069 0.3940868329806916925
0.752881090258745389 0.3783081776691036846
-0.2395668994861854251 0.4059128109413797092
0.5023735607168923201 0.6502245339536401048
0.002554414891188319832 -0.9024955195894109883
-0.2400804106657298542 0.9018250112466847934
-0.8453141400502035552 -0.1340901823701514672
0.8857199098822012839 0.3529387030017295257
0.06333911660486257755 -0.7471507603331744019
-0.3429921931181657557 0.1772374270207079383
0.04219480790103751627 -0.9869103814389896812
0.5900101595048187209 0.7582228803024307906
-0.7348267589221948448 0.667290147767616304
0.2762939746102948124 0.9330393771078998588
0.05801622858960521489 0.8358849450979141116
0.624273752968917961 0.5030798431706636764
-0.0623287060204574736 0.986070840315144026
0.9522975496426372422 0.1730538795709914701
0.3307964074637036456 0.9069409742486349568
0.4706653492425253438 0.5469304793155849165
0.1774760733388201506 0.7011582250934131899
0.03585666223094869515 0.9352250826854411336
0.3705696976902023709 0.764379843005352666
-0.5867544760217905386 -0.4109972428474178985
0.2239555960123032485 0.9621700722285914109
0.1475683627809785958 0.9421266626720137261
-0.3942593479923718336 -0.8868855198737248813
-0.9533517052083581023 0.2734319478822665461
-0.8755206266221756684 0.4620524256035649091
0.640370436603111659 -0.7157691664706495871
0.7347606418097468728 -0.640516579096547245
0.4623202316063448891 -0.7843939528813873574
0.7009496172167720696 0.5307602491081770957
-0.3388198746813968487 -0.7528525406171590051
-0.3755702622604396579 -0.6275512420024516036
0.07554926620420011896 0.6020422597192151004
-0.2059635898728047199 0.702496203529675789
-0.4595501675463187774 0.6297882325296522144
-0.7660893645252093709 0.2413672358502718662
-0.02739167689194179842 0.8692847457580389348
0.2405250593047466856 0.8132484141681972645
0.03600427069876503683 -0.8224709896877197002
0.8371526779457983958 -0.2308533288664183225
-0.9053694916299935835 0.1177348411403175699
-0.8733723433571010109 -0.2437839320129441545
0.8981251490150196082 0.352936662113926547
-0.8106997662312553921 -0.5355808317188452961
0.6661007851859255258 0.6934900971639764711
-0.2549512898268521677 -0.2541798309238474385
-0.629244270608370404 0.2135597233885402901
0.2466233094702117434 0.6977697452261713007
-0.3395932046457879605 0.1737570245642749145
-0.545277743231809886 0.08321258553043923978
0.758698637426509559 0.6203621839198782961
-0.3693959826179051276 0.9142374505638830584
0.581020106176313833 0.7858098954843008022
0.9333239314360136651 0.310436665757748087
-0.5136219007563462835 0.8429827275852991297
-0.07120187556635564075 -0.9753914010052627814
-0.5070384042142770387 -0.7981465703620814756
-0.878220176090888538 -0.4254975418581412039
0.4155047847412804418 -0.8727933310334980987
-0.8298439262868486654 -0.358185805927811296
0.860702903371288186 -0.1854166863732765458
-0.7802020433356747775 0.1830618417040923429
-0.02555216505878768474 0.8892500973737986758
0.06360573140599518061 -0.811565630712581032
-0.8293643138516572089 0.1836910546901931451
0.6672301523553744174 -0.4414378909682932228
-0.0487158801727378965 -0.8219778933942355481
-0.6830278912177901729 0.4893463351177087528
0.8497836357952333053 0.2718413263581133665
0.6394481195957406605 0.2506791886189101981
-0.2907160584638441847 0.5685592071825709137
0.1279427105623273664 0.7179101359197724852
0.07941851472198392659 0.8746359303429269705
-0.7075606557410558661 -0.3373952958622476461
0.01329987637386163303 -0.6558164033261817405
-0.2699018071425141052 0.3189655770703416771
0.2801830250378065101 0.4671623086099483402
-0.2109476465775467213 -0.7343563101481046518
0.7084819943498574801 0.5435823819304270721
-0.8239744245963237512 0.4705525057509075681
-0.8951982515362169046 -0.04170561683194672076
-0.7381249702958410097 -0.5809523727705113716
0.7335211032459645342 0.3436662882250113848
0.3906783358747110135 0.6841262309689539745
0.7558022780017416009 -0.306597976265290062
0.7443073016728143365 -0.3426342802429220846
0.6581840946233150635 0.04969367136294638998
0.5763765064088737233 0.623313894254068801
0.573741646921701598 0.5950860994925792902
0.08125911084400923301 0.8504894412869404841
0.5810281052911856481 0.406516873265745593
0.7873999693179332127 -0.4321035854421881317
-0.5200886222760944255 -0.5978518650729552908
0.6391355118501819144 -0.2204794997261337597
0.609173885199210674 -0.4957224452574751083
0.1145114227810715285 -0.7835494433014242865
-0.7918571049509355309 0.02590676980330284748
-0.5732505232602652656 -0.1569886442133898996
-0.06191775888934008404 -0.5349262910353947964
0.7486748438281953799 -0.3668378416686811638
-0.09738069106010130427 -0.723893139064030855
-0.7506888653652221688 0.4592607950636066194
0.4571823810130261623 0.5531202415679575823
-0.1056417577263223523 -0.8361222654321704972
-0.8965031068172706341 0.11468426256589212
-0.02388807224381175529 0.7001957605358160031
-0.3476540136183234875 0.4214331469510075312
0.009203794579919986549 0.8897039729853026824
-0.0931053544176684289 0.1229015205780617515
-0.8946431579901646947 0.4022041547858835053
-0.8970337164298671784 -0.3695704459643094908
-0.3828375028339230379 0.8971475354223222842
0.9864072224179274428 0.1122934960543449517
-0.5238419817367664377 -0.8378013125998021726
-0.7753099007546502275 -0.5700775363293320019
-0.9390734507828487621 0.2429246358637564829
-0.9667278793510708512 0.137546234418529173
0.3774727864469756833 0.9096326455850732851
0.8559472716541594028 0.4244906204577948983
-0.3278547488290833312 -0.8653185127703576507
-0.417401314379976407 -0.8855302670693657729
-0.7000388569060118638 -0.6933989974654851673
-0.1839812943034274673 -0.4009068338606830428
-0.2938157736510033646 0.7951998908687387679
-0.5729923739699581686 -0.559442000604308487
-0.2630718542289473549 -0.8129870158899327182
-0.7315444381830189524 -0.4504233827937981771
0.2734452691704862271 0.73824008795999152
0.5768574256258559574 0.637433133197674473
0.08770881646877790039 0.3858441116841730967
0.05413804423996323306 -0.3678244379847877554
-0.7086170862203519105 -0.4646116737685188625
-0.1865920441676287844 -0.5944011158009145923
-0.07749373451249359779 -0.8252112298896602249
-0.9127144235575374021 0.3548457540531695931
-0.4729330582019453666 -0.8577078831672687587
0.3012501066368925562 -0.9157276512311595118
-0.5776921024203347521 0.6918502021504773225
0.1457975395013838271 -0.9334711278361181863
0.7969291179015735027 -0.5051893835481821027
0.1351318550200546753 -0.7411171931594078277
-0.5003779039127448369 0.8323025074507783838
-0.08243397133286087253 -0.7606793179568049901
0.001395905553257839517 0.7700664846193889801
0.800885736169737017 -0.4261789839159189075
-0.5651262907263860935 -0.09254836949292227777
-0.8131703735436891511 -0.2918329948052040268
0.1628014315963083047 0.7887952628739182126
-0.4673996062303897303 0.5578732334984394248
0.2913286139818504483 0.3687995045442319375
0.725489255292941948 0.1553547373417057398
0.737126815103872346 -0.3207210907398660993
0.7010203110401536097 0.3066379184982901962
-0.8480923150110087905 0.01743041293260981159
-0.3362534281126375868 0.7583386110610945696
-0.4197918851073495494 -0.5188169872554255768
-0.05247137539267996559 -0.8938780270776479631
-0.09128078301740273626 0.8277136415305402783
0.4651171764018632304 -0.2466926396850133152
-0.4946064805675968179 -0.3088678284424721254
-0.294546182387966482 0.7394785045701902648
0.1150426235517944262 -0.7386339480852955885
-0.1560806783839461809 -0.9652225779190510835
-0.3171537897981356879 -0.9153431069832973499
-0.7576235201948898768 0.5757022915693720266
-0.3201137048056028611 -0.894563848055780042
-0.892182003326778994 -0.3015702885555117119
0.7450866910759598172 -0.4171894591511616235
0.2396748026865567205 0.9513752104452157798
0.4544595136749948194 -0.7884838194707285419
0.6546525698016270045 -0.5450423269819876237
-0.002036071708590741613 0.9075202114437207479
-0.06584050905781610452 -0.8403486362768866069
-0.5151394711791923431 0.264046427189784827
-0.6335589188565459162 -0.1867389378136214695
0.2928923156167650976 -0.8087521616669022251
0.4623282879123520317 -0.3525219233761653914
0.7408720412946130374 0.234327679912132214
0.266490743594183177 0.6816970576099899981
-0.4213289184693762568 -0.8571089344606178662
0.5221506275928931018 0.6064960674450690092
-0.3224173512250178009 -0.5596889264258598784
0.04764401299097247716 0.2796869030752970331
0.848929192495599505 0.3149063396037942164
0.2959435714940504836 0.8589084023825215297
0.9178276915475527264 0.2675664587463843502
-0.09993428258452444202 -0.82579784271621548
0.09532249169899695285 -0.9378867788810646422
0.8604194886752806193 -0.2372123514316369919
0.1177481157839530002 -0.7581911936056711099
-0.6228375719388032916 -0.40842352727665171
0.1285145506261790027 -0.5882821024940341204
-0.722436676720040416 -0.3894421767888245345
-0.6209205343604662364 0.6328520225634070018
0.6504904949879082299 0.5863446344395379928
0.5205400808440471261 0.6782218330175303622
0.5617020439827925538 0.7091459491811342719
-0.5123387811866227937 0.7288169210105263085
-0.6010905678301312616 0.5633426250363520182
0.5361995765370948241 0.7732629144544651556
0.4958658539713224345 0.7522687295094190318
-0.6806417619389508733 -0.1470809512596618907
0.8755665044255122043 -0.1617009765946756938
-0.7425223223632669844 -0.5394689042061351358
0.4243552165843899604 0.7988407151167518094
-0.3963138416447011259 -0.6592957957952416681
0.3382496520128709383 -0.6941383269042592508
-0.5102208753869816871 -0.4850496703228849849
0.7042476560820744025 -0.467491308499244973
0.5287616955886084158 -0.431361191409207867
-0.3444779249899703744 -0.588629574976254899
-0.5604334951434638556 -0.4597863138019898099
0.2284291562467925807 -0.07541192554454602404
0.6884800074502667178 0.3427977462905035244
0.7903568025271429098 -0.3105253938929278812
0.8461278153670129809 -0.5116914374985053193
-0.3847496687595375886 0.899456572531179277
-0.6697506051135789784 0.7295404305640540432
0.7643837896249514596 -0.4074377065301385548
0.8109901845412883503 0.3551608328852454699
-0.5760999116244823748 -0.2939196654961619415
0.7092132639063271071 -0.1852559313847548239
-0.8892777811894210238 0.06195931892769528798
-0.7525305982062157062 0.2569615067014093257
-0.2453607187386803445 -0.7731495873930220863
0.3915648778238838279 -0.5583608584882817638
-0.4209683405919253385 -0.676750693463507802
-0.583323142851080334 -0.2727318082221900086
0.2339044229015927456 0.7135050570369869671
0.6301656836406231976 -0.2775591202467887486
0.4692272207214669422 0.5427861765298964691
0.362832329648888674 0.2013617944730176357
-0.4494834361221022312 0.6554756945007832458
0.2717297540363516339 0.725164937490062278
0.7561821468000380353 -0.1581057362322678128
0.831976440436706266 0.09676393567110612437
-0.1676993324453829315 0.7740407970362985779
-0.3368298275699432853 0.7568952974779017406
0.7787247196083872947 0.3792575506733325552
-0.4992602775101388501 -0.6114138994102193969
0.2016752179398469125 0.6604259513998904652
-0.5613352516479166443 0.3922934660386600547
0.2558358113566121528 -0.8155351780567157149
-0.4511583292831636283 0.7158580790940098915
0.2143637996040671234 -0.7423952179502933957
-0.6432687409136091938 -0.136318743689630123
0.5070828478112953119 0.4383510043029412717
-0.9118502682483359267 0.1925637822680357492
-0.9317234294838202535 -0.02312043968714781045
-0.9550921664671984113 -0.1635502069121395896
0.9489754479318093239 0.2135582899018163283
0.01808692460185352957 -0.9501392108056658792
0.8913839400003266134 0.06819478218447661
0.04560644809490961571 -0.9349029819111540629
-0.2718481215343765967 -0.6400252835227442372
0.216979749600211741 0.1698611680254618617
-0.344698460388165151 -0.7540869921077769655
-0.7493251357988340855 0.4376452104593816506
0.2632269773371825883 0.9142696906459640838
0.2120288240109059474 0.6670749506707582821
0.108586132121077053 0.8792593395372026999
0.7639356519692696024 0.009708945849457239
