0.3746785195554134806 -0.8103942272791216928
0.9129019568297130904 -0.3047836259570597672
0.784630148733279853 0.5041956615003400088
0.7819745447816041084 -0.4528469367968433468
-0.8617463359659438549 -0.36482932627026321
0.6825361375230967198 0.6288669950224187177
-0.7438531355917803456 -0.531468776909968299
0.4073209880759758317 0.7679931812152434034
-0.3035666846075097958 -0.7701683224160950081
-0.3424492141128470113 0.8612163172096360952
0.5855140383242611879 -0.7467526971458608998
-0.7433626747319935779 0.5540859996066599402
0.9163946687147144221 0.2465635041997946975
0.5435334392549635574 0.7744474691004165079
0.9068516305248984777 -0.3154688886711717877
-0.7902775394671899267 -0.4657462636265864431
0.8394286348906113693 0.02481800950420614757
-0.2349300227131172203 -0.9006376308291097477
-0.2437148476830887367 0.8520094418802935943
0.3762503105239548562 -0.8124219729759648567
-0.7280030035924774934 0.5893510293768585706
0.815287929552071966 0.4084563431277620782
-0.04022993677886493868 -0.8967092075316155375
-0.942355656929380836 -0.1259547318780506742
0.7282900774393047394 0.582364188161592411
-0.1785723744841013483 -0.8868077212837063295
-0.3719197795903210757 0.8738625417858136846
0.551088143148555365 -0.8011073148725741389
-0.749704516286164302 0.6072729261611993223
-0.06352197599542709627 -0.9765780213598389548
0.4908063612088929828 -0.8201968156958366896
0.8974560685078732947 -0.310565887302293564
0.9162748095763254552 0.348643821541064991
0.509798667206592282 0.7916985409163607157
-0.01513014543012179344 0.7869076698628598709
-0.2832024804346833791 0.463940322011070716
0.5627095802617332332 0.5588700343979792207
0.08340311203983141741 0.9522336293283627517
-0.7302045854901771937 0.6430727867867978009
-0.8685251468990734525 -0.1133093626581936214
-0.7734871672859727765 0.2311916082918167581
-0.8672932487159026316 -0.2404716134449798315
-0.4490721017870688558 -0.769096872306870516
0.01928782585875062766 -0.8670524226972800008
-0.2885724562448278574 -0.7549506330674926602
0.2908762870680980384 -0.8770074871167982122
0.9378270707039711995 -0.1673605237610482632
0.8760123016035263888 0.3107407889857556893
0.5815844666395509899 0.6545349869256732456
0.7873266238364593494 0.4873677337450054159
0.2519919027388240473 0.947703711973246099
-0.3690720120272272253 0.9214526945129420943
-0.9130599266328852659 0.3988395627591193038
-0.9409327613112271615 -0.3237259801906123835
-0.4742484217346980557 -0.8744030265960504034
0.2756864194765911713 -0.9296409756562252769
-0.2848140913071482982 0.8692132146502347112
-0.3444796617902874947 -0.8147691065437705493
0.3321844993648808142 0.8056884091047105123
0.09437900704268313568 -0.826793437152195887
0.02098178952623495214 0.8848268931035601081
-0.2187126832760376005 -0.8910283493235553465
0.2729153763990960768 0.8711565199981374796
-0.8667397212593772604 -0.4065368299550175535
-0.8837990127347405966 -0.372058998496657245
0.9228037400823697611 -0.1863216401598706273
-0.1214610210085417807 0.8938362744565345741
-0.9047366633631162003 0.0327455051484145665
0.3878711620094050794 -0.8374906171832464663
-0.08983452642447008196 0.8898404421541756815
0.03307038992267527511 -0.8871324283579323788
0.1270914640952453545 0.8728212967510566855
-0.1662173317724844612 -0.8549918384373910163
0.2759958246287895767 0.8390024396587099087
-0.1911634045913347402 -0.8805183385771389037
0.3982760583035760416 0.8526113774242929377
-0.8210036405471101695 -0.4790393960058313416
-0.6316361341822718245 -0.7483854110871640541
-0.9557309639584042893 0.217774616085402134
-0.663830550247964557 0.6533752242446837499
-0.8915767437391088901 -0.3272640259237968308
0.9164992916897209962 -0.08792750306181554287
-0.5304389683212917816 0.7326472341638848862
-0.6584355611881059778 0.7253781022344552021
-0.9824034013132536547 0.1339096004570769216
0.6380184989478090429 -0.4820833247027908053
0.6299661528295301682 0.7050933500304512602
-0.8585649701935039735 -0.03777961153669974481
0.8319018073896635723 0.5353753429413156129
0.8373511929479486859 0.4157869271295697722
-0.8692503564807432248 0.174006004951804627
0.9664681711604473646 -0.2254221502403579158
0.02308735212855832566 -0.9953050261097757812
-0.8397771835217036074 0.5131061642170702264
0.8970452887136698417 -0.3659089111408584949
0.5596390218568774166 -0.8198457903081977083
-0.8948555058017843011 -0.2830739220407106904
0.3642086131194874343 0.8904303002915445742
-0.5704306265585499247 0.4190043620238982358
-0.3781332695084122508 -0.3893180224309357174
-0.6388653409951435824 -0.2235551948517330578
0.8047764161187680454 0.5413580828302722026
-0.7360902598363847638 -0.666294220428806816
-0.5215517199239384505 -0.8128840930111932428
-0.9103992581885765878 -0.1469583069188444835
0.574080555630734457 0.1979957833259818889
-0.9424560615225731075 0.07683758897899189977
-0.5903141994612063348 -0.7567876324203360872
-0.6140290726874318983 -0.6921476504772682281
-0.8192920683376400115 0.5603386560902692271
0.6150889032612311125 0.7745219217904210085
0.4940109819962451576 -0.6153615753039218816
0.9244000304756621045 0.06261588848229952819
0.7025822653382842731 0.6710100772298375205
-0.1366268013990379893 0.6626537288897782485
-0.1504543828439429409 0.8819837591002906985
-0.1324313181550248186 -0.8164793202086688684
-0.4985254595773296882 -0.8246012164383892395
-0.2527647947217438462 -0.9637731469670951512
-0.2385092288770380153 -0.4870948393801383114
-0.2958162529991000267 -0.9424203901903470681
0.8757599518758625301 -0.4763528008701001792
0.3046886729746400846 -0.9442655304783362791
0.0485637112248501826 -0.9207963243903212192
-0.2991389191828198735 0.9404595507786803754
-0.07384248518799066408 0.9912817871517175528
0.9325420722379474947 0.3271746263086252049
-0.1383845430288979661 -0.7855547699677711826
0.8728613426424884914 -0.3548891783213184992
-0.3535965833721503859 -0.9163338197933669216
-0.455732375044932525 -0.8262076854087196942
-0.4128493008547189369 0.7973738799199429073
0.2065292884208551616 0.8105440323036400274
0.2649090164670889203 0.9273289568964637741
0.9225134444401749123 0.2190128872706904595
-0.5662117172511980101 0.7826195932216817308
0.7158232543478779686 -0.6313699186664201157
-0.09881806639051690655 -0.4241473196622550512
-0.9762280878822751085 -0.1263705507349284773
-0.4679201419823688091 0.8631370346095030843
-0.8913929758132462799 0.4125486708603807728
0.6175386614199042112 -0.5029224186503640226
-0.5102638867522882871 0.819614296356775851
-0.8263016534120145584 0.5562255887896268014
0.8788277060140767816 0.4326900504550080795
0.8705686163697859969 -0.4294442948333270782
0.5701425407010625168 -0.7880241837784176528
0.7651718237077478335 0.6304890012417843081
0.2597176491765589845 0.9382073665355817882
0.9387552109872584483 0.2879401024857617397
0.1599660029340860823 -0.6837855239167298649
0.6469382767556177694 0.7094433823116853555
-0.536695934124499674 -0.2936463402190115368
0.3798645893612250246 -0.8562642740805299635
0.5921506828999409944 0.7846351752116446088
0.4108123652201666753 0.8794105765008792819
-0.8053954564125015425 -0.230038686754623356
-0.9748432442465350123 -0.1591950653354206602
0.001916712419387230125 0.9820552737895352768
-0.2993264876896159499 0.8900040692170830825
0.8317530528837668857 -0.5045573999854060521
-0.7825273135501567001 0.123006720566793265
-0.7243121447248419553 0.6634225144477334801
0.2906343195265820856 -0.7726700899434876257
-0.8101715974822863986 0.5627320351977880275
-0.03462420268664882783 -0.9288170690499868432
-0.5048651171471528754 -0.4245398685850564346
0.7548343309716809557 0.5853911353274506846
0.6644161103450432204 -0.7326200520065668798
-0.1741321125329169661 0.944996528732301333
0.1397003023867612603 0.9137158433162526627
-0.603037677434451691 0.7632178274723375733
0.604213696719480331 0.4039026422776529346
-0.8240041895188320309 -0.5447217536297449536
0.961434356353019548 0.2579393859389331189
0.7068508659321556253 -0.6773660537166457107
-0.877886483440636245 0.336783575332556151
0.569183516630582309 -0.814279101835501562
0.6768923224216014667 -0.1721458638403040864
-0.5120128341435774555 -0.8285220825772796616
-0.2710792880955333883 0.9165221557883592718
0.3556392006698440023 -0.9255413302407416998
0.6218088958382869125 0.7577367824267353669
0.2418359009576601382 0.7258865041789201999
-0.09241306729552592469 0.9484310766102527213
0.5599243848522957867 0.6248147649372939316
0.9931849654853898146 0.02668106657589238914
-0.9528251955543010077 0.0005619520911240259708
0.6944650050477821912 -0.4502953265457430576
-0.4528378791951191973 -0.8672128511314642907
-0.3108353543314584799 0.8833783964805992373
-0.3216691407401663372 -0.7071716932905079966
-0.6634210620840640393 0.3023764024520884663
0.9299156176238031479 -0.1883630136267801236
0.516632331404964229 0.7725543754685596509
-0.9874385205659750309 0.1158456394761846892
-0.9128475773666330229 0.3696654051845073563
0.09641510391322737072 0.7167127748697175171
-0.561412947407593621 0.8195973696953899879
-0.8522604191473499569 -0.5087014432673743203
0.8096597146667424694 0.5775958031694656825
0.8622513379413851986 0.409131903441038669
0.9477611904928529007 0.177183461474970716
0.1566499274976477507 -0.925315760704293222
-0.03187284733128215031 -0.972187187932396113
-0.4618944489986980817 -0.8832780332686449576
-0.4469421006891433068 0.8860291236625407185
0.1255830537150362802 -0.9660477937386824365
0.9512529019985418444 -0.1230786816838211062
0.8767663335969493321 0.07982760875522210142
0.972602461913929961 -0.1834036637612584952
-0.06449389131000506092 -0.9599963306276456665
-0.1394661158422225988 -0.9852167476782357491
0.7546036990729958482 0.6370233300508699736
-0.6377985898519263896 0.7537393728082377731
0.6613827071925691969 -0.7470417534784951075
0.06446510337196688367 0.9913535411801994712
0.4766261424822447745 0.794431878347975573
-0.08601703975778872413 -0.6454091973406795857
-0.774540732505339391 0.6085218684734449157
0.6918486363315261567 -0.6996692763703358242
0.1268580336597094071 -0.9839286206495243547
0.8305615310894308712 0.553075944032523692
-0.4772499009249897561 -0.8722316935225897794
0.280051871085981563 -0.6844041487663071743
-0.01455337188578255912 -0.4170266247209521993
-0.6287023011673646966 0.6730271530856747342
0.3387404692454138999 -0.87455216191122509
-0.5701486123877899104 0.8178043486641545234
0.546531537123710609 -0.8271550658934337941
-0.4019342640389657606 0.9110692819535523013
-0.3522394855378699896 0.911367059052792694
-0.589901518147854631 0.7690044134732268999
-0.7460452590305275411 0.5423965071348701983
0.9073706040553267682 0.3535584016673765095
0.9069265178366281432 0.3736015440210749827
0.9913274987921960602 0.00609851089411461364
0.9711908991647552059 0.048936947375053233
0.8578962488082043647 -0.08488305583857186365
0.7403006332480813745 -0.484237123585037732
0.7901690420637681456 -0.3935785999256807277
-0.6297035384833172822 0.7728536043046944082
-0.4183739538256768253 -0.6878056845356541604
-0.377449290718106012 0.8764378729061231832
-0.9873585940703468733 0.1052606583405944624
0.7873985252139327207 -0.6009975163260125042
0.1757105764727144026 -0.7634998265084611546
-0.7939058125999274296 0.6034069041637237785
-0.4258439432747543885 0.8488702808240394804
-0.9735995227053123591 -0.05188744966468043784
0.7275213821496069322 -0.0523587234788901873
0.3745184624301818865 -0.3133375299827886318
-0.3633996910179965179 -0.5915789991482153232
0.5540493230674031766 -0.6130266564483288771
0.6266187724286365057 0.4360028310661239193
-0.5627890634294040462 0.308551167670079507
0.4314146808242533271 -0.6863697784306224126
0.1951407840598635701 -0.5530555247018027476
0.8871274480906107263 0.306038383192822061
-0.8444484242793330875 -0.3331865213822737259
0.5070031345312027149 -0.5271774508709100582
-0.8847554003065093431 -0.1818724359210135144
-0.03790258520182397672 0.6788194026193287156
0.3727747263082913931 0.6755459056382240313
-0.362429189773197713 -0.7529235395946161091
-0.5454137586471540233 0.8203374056139348669
0.7802638620581637818 -0.4887349134162896624
0.04466054665032220816 -0.9364212215950388218
-0.06329709414025239123 -0.9175804896464777594
0.57496037039305814 -0.8121542727163907349
0.9587740490124978532 -0.1293297167480343679
-0.01987772344042389519 0.934828946838992203
0.6874373447211379329 0.6478880248590331847
0.2331794644116740034 0.8887839610326437878
-0.6773171961318960044 -0.709130042737159183
-0.1811013261438935984 -0.7164784913926232068
0.338383332461609232 -0.8216716244379768108
0.9460970786410122235 -0.2753818558936780847
-0.7733610117897067315 -0.6265704867467495331
-0.912900998142276765 -0.3728079780838075008
-0.8722824779540919726 0.4304658289708577779
-0.5925283702110645256 -0.7379770474124097701
-0.203191546432971909 0.8903415187180495627
0.7457619153299294146 0.6501882287423667028
-0.1922066516940102998 0.9682771121914666157
0.3622501674339034805 -0.9020409286332264909
-0.09924700990243516541 -0.9717191619714610207
-0.8892789952885342686 0.4199413743390300047
-0.7384230894790480004 0.656093023375756812
0.8862739888845948544 0.4509487293976298106
-0.5031177481412359986 -0.8560071639955266765
-0.2316158365653557261 -0.953037968891133791
0.8618235157012308356 0.1257028195539562909
0.8920402691946430762 0.4353863513475536018
0.6726129931443394216 -0.7081557011046335504
0.8024640025390987752 0.593480421720304463
0.3314241903120381805 0.9115516923385711401
0.8174398101319714227 -0.4544514793517507312
-0.9503649387297857798 -0.2985915850701092999
0.328892148387234462 -0.9380072138085940869
0.486744658685152598 0.8516174382951451349
-0.887984409271478925 0.361321113729688892
0.727260507882940388 -0.6468266324536178224
0.8722718104505053915 0.1992345129601810205
-0.9740217451846361341 0.08085760837584804461
-0.8614287127040317626 0.4054662070923870654
-0.3280008273449876444 -0.5136039174030814225
0.6006193431441133601 -0.305075822024459764
0.8488646294500531431 0.3839890592918987489
-0.3345058121369757775 0.8768564401970532218
0.6206120669009576041 -0.1374680344467376913
0.07231976199288937812 0.9926344201066938933
0.5161620398284130218 -0.8452975207094552967
-0.4985667083953186918 0.8282524164890875396
-0.44208296452570639 -0.8873825044375773796
-0.9246795897660353702 -0.2780065640982243291
-0.3852674054600793707 -0.9005501357919770689
-0.7085852056161634493 -0.424876417374199733
-0.5735536771896272423 0.5909099223802232181
0.3672759421646218381 -0.8543749789743252387
-0.652000001974818999 -0.7337235280300203888
0.004697464175481639789 -0.9575859869796866652
0.1762815918503638224 -0.94700553335279547
-0.9650453089388626449 0.08938002861824213829
-0.7584847680893506139 -0.6248551591170955488
0.6118150405520718094 0.7818327081937295198
0.8213421095234368918 0.50924909161916454
-0.9152017475265339375 0.3716853789246326589
-0.668179485406075524 -0.7167090313069772733
0.313076879527983909 0.8992076378461542063
-0.08844957048056370508 -0.9872378346882805245
0.8037482308954518873 0.5075072856728578552
0.3005654300057615247 0.8784866962764810161
0.06666363618658623091 0.9797261300357408276
0.6423903242385841095 -0.7536756259339362218
0.1463181626293512394 0.9820211786895620687
-0.194323297596154021 -0.9052330816821424486
-0.7743577669246483053 -0.414489243557647935
0.7391338373930126382 0.6656560897938476051
0.8706348773226344484 -0.4467469394581231601
0.05766800762242871997 -0.6962558700768249897
-0.6438993449304569738 0.06123321029386951525
0.941524840987016054 0.2759371953711224346
0.6653594556771580404 0.7046861234969135079
0.397734039435631459 0.8861793635394631385
-0.6349586232207664604 -0.7150313935438878943
-0.3081776881313399996 -0.9434274225758190191
-0.1359392791013148416 -0.9072903495176697364
0.582425333827216285 0.7487936022907523137
-0.6999333972244504709 -0.6330354731978451444
-0.3420647290746346436 0.2801394003026076995
0.4571196752272114749 -0.6035471206437792446
0.420722138397894907 -0.8896846216304349353
-0.9896853278138588728 -0.03149137939986412782
-0.8574911638505481326 0.4865823973841255645
0.2021874635017948951 0.9485157552015853755
-0.3334251803290733118 -0.9259809131187188846
0.9807598603116778335 -0.005491151165948381443
-0.5949034277096698631 0.1881839873694936272
-0.7363378593164192631 -0.3949811384257256863
0.4276121271694985904 -0.301535328721304563
-0.7837294700481647336 -0.5756459044132372638
0.9310904652047683472 -0.2340904091479706073
0.6364425952151898658 0.5812370005546345642
0.2710326180390095208 0.9348313825494253271
0.6459890925753931645 -0.7474075791874439378
-0.9506894309968761947 0.2465829442488954026
0.1809203240563957427 0.7349717470587744383
-0.5950684147656518652 0.7936517073156612589
0.6294441418514925557 0.6675871089155692717
0.2872062916774978936 0.5571127702111999813
0.6667149319909160265 0.471532801991728201
-0.4738575094046804104 0.8676491852704018015
0.4300831785945459784 -0.8961557126574432042
-0.4703045186196997407 0.8689945709541100349
0.3926674455377169304 0.1744898043089839479
0.4911706505646188381 0.7835674068135390913
-0.4220461063355757103 0.6662875157668328718
-0.7630555863736210309 -0.6164367911234296393
0.5639818588289705614 -0.3960897225739454242
-0.9631106608812793901 0.1049623676499485264
-0.2246259241738221002 0.9168998543868762674
0.2642346754526221364 -0.8181018894155047683
-0.05432136783615398867 -0.4681999922531403513
-0.02517296986638368692 -0.6290382871298852985
-0.8265021293874902364 -0.07421049034491802865
-0.9292327472121441057 0.234701147452594544
-0.2022363162304343376 -0.9762718824223759473
0.8261394732477974623 0.5485077706153080879
0.9457720485382788977 0.2252025612709439018
-0.3090305509448741383 0.9487707575253927494
-0.2239305225655216502 -0.9700500546799576407
-0.2212667218435404037 -0.9627726862387440132
-0.6635226760599475249 -0.6980324620703233229
0.5742132348336675962 0.7709325876663876143
-0.5258266430101126154 0.8439243073220860092
0.8116668530735898779 0.5045022023299817748
-0.6741430735718241252 -0.3958854307398600447
0.9723229718507179209 0.177728523850247816
-0.7959577622392294272 -0.5715153181524231796
-0.8179323643809205402 0.5329384639737591023
-0.9925086245882068781 0.06427910534143717325
-0.5235579157050276322 0.8457946756189113069
-0.8864962593983227723 0.4493654385643950921
-0.4949110369835251211 0.8604175374928261233
-0.5502027400537879975 -0.09059889559590998676
0.003664514146665750517 0.9065698343009233051
-0.7668574178262645979 -0.6231119865042579198
-0.4200161120628825295 -0.7105598558092469652
0.06517658900730491367 0.4809193455319029642
0.1235668576164733468 -0.09278233931082034702
0.8384382063086004422 0.4611593565133452199
-0.6249488130965239474 -0.4584259228772459838
0.374991513592460024 -0.836546455401646516
-0.4056731998730537803 0.5066204332244643727
0.2262549805356923183 0.6123500453577751523
0.5535525811753826408 0.2601634709013693203
0.8772275773595653581 0.4196244769212119641
-0.7932447802217490462 -0.2628957999049817973
-0.3214426996155193561 0.3995338197718741324
-0.4219714146270983623 -0.3938944058206129695
0.5412921712869449564 -0.8013302742339853957
-0.4289760460497084593 0.8190100465222772685
0.7623792296552126535 0.5209441519789786978
0.6261292330284289331 0.2460305617464522421
-0.8536581602463255702 -0.3454884552372831097
-0.8063278759592080736 0.3834085072184349463
-0.8885464571586046967 -0.1639540541938257767
-0.024458270554511094 -0.9178593002723685057
0.4102656261144408956 0.4073015663478770088
0.5638903479748806902 -0.6154715523202178851
-0.4726112838192740861 0.8423424125524423545
-0.8956386324883159888 0.2414651487267705232
-0.1023155534395807642 -0.6380433723540996915
0.7090545771946547005 0.1903594374813228352
-0.9321928902936362782 -0.256397309078666813
0.5222213764984534601 -0.3810272320640919474
-0.135312263821744827 -0.4360131516787162931
0.2211032601273119624 -0.9638886752000430658
0.6038966831731860108 0.7255447484040369321
0.1873111318926273527 0.8702481866872668892
0.631187758036294122 0.2506686421143135002
-0.8921393154344646748 -0.09603522640431221002
0.7503048172197822607 -0.6410881122618765637
0.5748446606933671488 0.4681731330435233152
0.9501516524129461905 -0.03878580669567054801
0.4364114067627232751 0.8730852576094141337
-0.654801649324402546 -0.5191287438509007979
-0.02924897014572480289 0.9119443975932594038
-0.09712990039677128762 0.7787500575148827986
-0.7296679230171188024 -0.4539415327978063575
0.8554052389610540263 0.1450644465006696304
-0.2006428894538812291 -0.543621376560625813
-0.8656116046800536035 0.06036996157479530833
-0.916517481905338216 -0.2136008358868029533
0.6263086435458800061 0.7081263801564749993
-0.9963543805589150093 0.006619280875294794066
0.09139714984699739975 -0.6838584152043334363
0.7310077032725033064 -0.3118863726700157879
-0.5126902422261184755 0.4167399345112492437
0.8674755830343862106 0.3935420114626581034
0.5966795244151187338 0.7335409664869780855
-0.8088292570498427647 -0.4776515681930747492
0.8571838148248731581 -0.1183518514369863855
0.4306623305641111843 -0.8774908395107220427
-0.7436807354092958011 0.6144833461758417714
0.723797906009540859 0.2529896403060704624
-0.1510798400202566782 0.2347622095730680924
-0.8949701769965121567 0.413606044889356872
0.8557338224635933077 -0.4624740241963762877
0.8867714065747887009 0.2565727550113841016
-0.2653115317105134152 0.5073362934533550694
-0.525103041016576233 0.1591527845353872539
-0.6772969232587993105 -0.4974853780863671138
-0.7862555399355810604 -0.4297577126815285697
-0.9133664664878240469 -0.1063864708042516483
0.6542289595561541216 0.6458596438505168624
0.3737263194577228331 -0.09434576395367738622
-0.8004729678033367657 0.4778702464533923777
0.6600080792513747241 -0.4988471914212296299
0.8127165082227111315 -0.101543607910256517
0.07815531541758921619 -0.9504086263335383977
0.9151567255664094791 -0.3017580176325390662
-0.4237494284969666181 0.8210936796616120636
0.1490396914047660282 0.8936366178077951306
0.09846535029858548282 -0.2982883131047169289
-0.5891665881217958978 -0.3974257892118346347
0.8587338100396135765 0.4108021330248946001
0.3284725337032287085 -0.9223178354046454031
0.6173152895388041017 0.6701667370490409503
0.2727965813420793473 0.9586319030858510004
0.9646409812760412539 0.2188256404665624433
-0.8193652322953062228 -0.5539899093377891326
0.7774702464835963056 0.2482502654580356627
0.1367187551543835866 -0.6349074690396347975
0.3997617833927936681 0.9078318530674445164
0.7803141724271841495 0.6151582881854594786
-0.9858443624007026118 0.1270638228584141105
0.4972981347332859903 -0.864503875574351488
-0.445194315449874034 -0.575170973144734865
-0.3887910815968598222 0.8639010930217985162
-0.1600435961012658392 -0.7330770648369757669
-0.4768000000667804716 -0.255259560324425705
-0.1780730946778292523 0.2009556292929182697
0.2007358390227292899 0.7065178920794623618
0.08941779735516712513 -0.934435585859810125
-0.296083033947841523 0.910037218370019052
0.7225840840628789952 -0.6497039003900449972
0.3930304802177325696 0.8654305396241429582
-0.06351641255163159583 -0.962755498053424752
-0.8126359898683250815 0.5201314671309086313
-0.7306237136909544683 -0.6721048208274741365
0.2247437061972034078 0.9592038392306484473
-0.2454668456720180136 -0.9244071215576528111
0.4848307850957153109 0.1383936078111700774
0.28496955487573572 0.7275586092523056436
0.7082154869998391611 -0.3494430111151379248
0.5401169896941384607 -0.7426559519772434337
-0.6716037425954254347 -0.29925346616878018
-0.9590722930877250141 0.1557881817047462869
-0.266823873576496895 0.8762900875558132796
-0.4144888129255278053 -0.4496582510881909633
-0.6823420190232610816 -0.6494650623927977762
-0.2989065251319740768 0.7106386176542471844
0.7182325566071792178 -0.6662622047618197429
-0.8324498465969272232 -0.4508488682510330969
0.01182826621804998653 0.9259179905048645631
0.7378626562468939554 0.03624844612318665199
0.5959564045653462649 0.2530208271345585902
-0.2733294167808759112 0.6056119099120497173
0.7084273647918569727 0.6633271523644189704
0.4911140740245043546 0.801274032154856819
-0.5389127743451412877 -0.7595799843849769806
-0.7152594329790370464 -0.02528983264090300942
0.4977228716995462654 0.5977161776955259853
0.8310574410356014186 -0.434510708002520174
-0.771204541585355563 -0.5397147121933673075
-0.02373939501098368612 0.6620043807950959369
0.8292046529393669596 -0.5024977520956644961
0.9651296798965770529 -0.2238557804960837339
0.9172512426049171941 -0.1864620330864438791
-0.9441235291281478981 -0.09787050634063136634
-0.3502276670619081655 0.3474869243068978708
-0.2789240898451466055 -0.9026736648190463175
-0.4197939985047056677 -0.862326818295829467
-0.8976974709317172563 -0.2637821039686978897
-0.1088319231983790741 0.7329157741236359547
-0.8573279287715374064 0.1883598568120323224
0.05190984799392792809 -0.8406436651516807634
0.08178441492680256497 -0.8679375351143581163
0.1006370562425043663 0.9721875994785479369
-0.6379147857664502208 0.7254243389498677974
-0.259247098462289105 -0.9345910247305474483
0.2345202493608755101 0.6791026309854170107
0.4579358170268990613 0.764503471210637664
-0.832770830356576508 0.2683697475650497211
0.3690984066939812513 -0.3873095696732848925
0.5583427852268049163 -0.7710980701483091115
-0.9404908551776102188 -0.1912034133098464705
0.4307871292180430189 -0.2649568463367737992
0.8000668496729088641 -0.5688156946077107534
0.6835871142307475834 0.6954912071317814748
0.3190431109612431038 -0.9280201681654567381
0.4715455669835368901 -0.5516754185441320457
-0.5870768196104716452 0.7409828341496745852
0.5029912954724917729 0.3080129893451894474
0.6922401087960962096 0.1014054647354269145
0.08960608387256606411 0.3790832745228839284
0.3325442501641500126 -0.6616764348525777661
-0.4819186068262004685 0.4396257072094337248
-0.7423528564286400178 -0.2462841191408657593
0.3509670021322005007 0.9071455629304147061
-0.6253337348645069405 0.7426447663077609951
-0.9176886499670018349 0.3732638924423355986
0.7730947825313784216 0.5589979756647801556
-0.5612835519650949401 0.3109426884962971926
-0.1238985126799142661 -0.9834700029204042071
0.4599692417120874177 0.740518403207264253
-0.4122552504929412054 -0.4565862564344025931
-0.009065276139810314951 -0.9653545151857940709
-0.5306593406266792989 0.8132765101014368669
-0.781110800868815347 -0.6012192980277700771
0.8151015155092675712 -0.1510039561833176613
-0.3104209016784310049 -0.8980588978209438356
-0.6932620133657888539 -0.2754867350614461641
-0.4509671264786619949 -0.3521322052018729387
0.6480592680628647351 -0.04913963274611480442
-0.7082835947182801739 -0.4870903500817444498
0.1033415765268823894 0.7355769431959714444
-0.4123764988816205901 -0.5981534091271906162
-0.6284823325935497973 0.3303345332208427187
-0.7107103382246544587 -0.6588257614012000829
-0.3131765621436672364 -0.9349335473997796297
-0.5263038494900852404 -0.8454705864190023012
0.6291894242808900861 0.7704992067113088927
-0.9365094509042685145 -0.08084196390547761235
-0.556554985966936866 -0.8089436181969529294
-0.5800869378884349059 -0.4103912261743310474
0.8918553945244638292 0.1997892971839150267
-0.001937215113604787414 -0.4103821939199721602
-0.06215879441600164618 -0.5305419760254468375
-0.5264676698141315114 -0.7141929690330121039
-0.6409369585573838624 0.0568856218313965184
0.8700906221909685545 0.2765226320402739968
-0.3822074873712821841 0.3379566749816743654
0.2377951767422461227 0.8955263865418813252
-0.1187601337732351325 -0.8152809349348818513
0.8771568672331124805 -0.2794540959484639875
-0.5344861172915194025 0.6091832705495128231
-0.4645164380309219077 -0.8039146477938845514
-0.5617899414005906866 0.7733238083901113891
-0.8160551467276710991 0.506489478710409724
0.2367454590841621132 -0.5213303365882803186
-0.9211156124039396875 0.1911726689773693422
-0.6724120335813686955 0.4282895275425412374
0.9413209096532388909 -0.1238365663426135993
0.1314109495641468117 -0.8565308650273830704
-0.1863400136677202112 0.9132479634860389828
-0.6731493459336707064 0.4241486477338750616
0.6526619286557578947 0.1799322016461464002
-0.744189986535168102 0.03359696366813925278
-0.5688308860073516549 0.6379592981787703954
0.2227301732123110056 0.6624864809265259558
0.006698053436792655684 0.933511323000112081
-0.4054497141224258083 -0.4565986681193992536
-0.8479053084358306736 -0.02866599221399786929
0.6898251989973234188 -0.3089070395206083841
-0.539248586352296555 0.7434720586685094057
0.1235410597236314967 0.9252691411410307598
-0.5379859054603732815 -0.2383550334820350169
-0.5326403227817908537 -0.2226035820409930088
0.8257050127057020683 -0.3286347712340279004
-0.7972171621209948045 0.00730888226054780734
0.0660847064469422818 -0.9445699295588850797
-0.836617014541150561 0.4798256447179143902
-0.07107048830597242906 -0.971309448419218513
-0.7714359480498305111 0.6128763870677533809
0.5593634646834059199 -0.7806077098405184156
0.04601828039491860645 -0.7490436104599588196
