-0 0
0 0
0 -0
0 0
0 0
-0 0
0 -0
-0 0
0 0
-0 0
0 0
-0 -0
0 0
0 -0
0 0
0 -0
0 0
0 0
-0 0
0 -0
0 0
0 0
-0 -0
0 0
0 0
0 0
0 -0
0 0
0 0
0.001084973918985571162 -0.004606059410663615981
0.005017689803820170671 -0.00489378062015903819
0.007088522367912976005 -0.002492150451657944819
0.009474629580949394531 0.001667064204847171563
0.007930004097735319016 0.005182829508513669449
0.007168532486230905394 0.009100921353942741099
0.001574934334838942653 0.01096931868731342366
-0.001038089865982146955 0.01229043936285950829
-0.006997030521406705575 0.01013590454334144936
-0.009992630195428498646 0.007990651000357914743
-0.01310517531947839355 0.001387305080713635563
-0.01282315133750406774 -0.001913805472399661683
-0.01063913448237507019 -0.008562027336280629911
-0.006912474596779941485 -0.010727971121597955
-0.001277594064451093503 -0.01390974295441764486
0.002327281321222941096 -0.01221039929494796214
0.008472649242640786435 -0.01102563929473082509
0.01036937631640972614 -0.005953645388549188948
0.01320180404350353685 -0.00140817445772967024
0.01087735965875054854 0.003343601583620489908
0.009191710376277613739 0.007891209502977248116
0.004054205028376997762 0.008916391420994321942
0.00122444230799130852 0.01056173841841029359
-0.00364694409592065125 0.00781907570398366128
-0.00536091332830358324 0.005730907918953981849
-0.0062636072391132145 0.001530506722004034738
-0.004426439410436622084 -0.0008897235819533989148
0 0
0 0
0 0
-0 0
0 0
0 0
0 -0
-0 0
0 0
0 0
0 -0
0 0
0 0
0 0
-0 -0
0 0
0 0
0 -0
-0 0
0 -0
0 0
0 -0
-0 0
-0 0
0 0
0 -0
0 0
0.005443418815918445001 0.003586099079410246752
-0.007923279696727398083 0.007850239236339784724
0.001299265579143530627 -0.01398070000440903432
-0.003109791022926296916 0.0102017751505495656
-0.004987188287736454492 0.001372539076924797355
0.003968252498929365074 -0.003875678028011811209
0.01120429194303243503 0.0004702980430473195769
-0.01092073201725841589 0.005763792930857030566
0.0103934226107131808 -0.001980528271899107459
0.00558499900705531141 -0.00544270809841012216
0.002105690311357680429 0.00792198588115950765
0.01104520323485501561 -0.003855453998348945619
0.002676993854995218195 -0.01027189843934214752
-0.01102933540336640053 -0.005023805196753878058
0.005718504894570673736 0.01214981874032979373
-0.005161426733043886217 0.01203850359694216658
0.007504895434555473345 -0.005298563669825640324
-0.003296375170442574377 -0.01098793164998388902
0.005814919790441580236 0.01100194965259666639
-0.008056485700153400917 -0.00067798411376059531
-0.008438739835055464669 -0.006950880551886455365
-0.01227343736545058982 0.002552631555469939226
0.01303438935073635355 0.001966950441946725171
-0.0127440291531054125 -0.005002440146854878443
-0.004158076023569837187 -0.01170408246627880483
-0.0103469490981917666 -0.00278510938931241089
-0.007555115793466335439 0.005236557666691830405
-0.0001673360502310355295 0.005397920036031658188
0.002001646356345186152 -0.01269539083371124151
0.01224247772832955106 -0.002061175080777151187
0.00988587477805705564 0.007708193810201817431
-0.012842536883622949 0.002216858402396856657
-0.003219935539940948013 0.01311750738989850111
0.006094569551220584136 -0.01220695312229574774
-0.008428875843487072458 -0.01085366307731231925
-0.006466001759041431138 -0.005083051881866641232
0.0009819740090013986261 -0.00793527147800565831
0.007055157526886030733 -0.005008444341031219674
0.006126624940369200696 -0.006455696237488059083
0.005911781203397710634 -0.00662179466709716686
0.009010324699200896945 0.0009535000652703626029
-0.005371074802491240981 4.195435216632016542e-05
0.006891631764144680317 0.007348149980486823676
0.01098651089968965926 0.001744822231716268825
0.009942775854777607253 -0.004010414256565368249
0.01058004601166855248 0.004238766026824090406
-0.006337871246900958142 -0.002127857094285541539
-0.006515959373403702043 -0.01032308239652918354
-0.006261976311916900989 0.01050758934287992531
0.01056944501315939047 0.007971017022599394958
0.003060135587161869758 0.01159819523631539645
0.01219449256620627232 0.004533853482067490975
-0.009318857309402026404 0.00735648179036883787
0.01157345363429913496 -0.005150833971718363387
0.003110680938700903682 -0.01263847059080028604
-0.008080937159846575055 0.00370244987124945411
0.002502650410870638654 0.005485244710153172609
0.001169681628376470972 0.006080074319542325308
-0.002130591628613758524 0.004845735208215740109
-0.005549194797299889653 0.003224040578078481416
-0.008664202444014097379 0.001140157141248852174
-0.001933659023857691329 0.00501320977185401237
-0.0009874508727596321023 0.005662163094739490997
0.004718453003570132094 -0.00579410438138421198
0.005978343942457304584 -0.0003736525123732843505
-0.0003334922359278721937 0.006154752157005427202
0.001844463180078716007 0.006342818971139459715
0.002586150083905208036 0.007588934842438155998
-0.00584648721363829893 0.002487250133147951743
-0.003822246002730605302 0.003853721243990360524
-0.003141139020416895862 -0.004529023079331996778
0.005285402926926395691 0.001307579965474881586
0.005576249297702776629 0.001731958387995291082
0.001115839849267691091 0.007299366435134377155
-0.007267834653686464259 -0.0006348259172371256568
-0.005377256512952345927 0.00356542673150983102
-0.002861961444622185963 0.004957295432535847868
0.001398724453425391695 0.006518357173365623737
0.005070156299108377097 0.00277231105527576396
0.001460394034692408076 0.005750830955492830868
-0.002810223127019374333 0.004756511607264706128
-0.004331793059598653718 0.001234811395701332967
0.004288093934178956179 0.003621296288311137961
0.001743521908499100648 -0.006227977126874815333
0.002326823603714434346 -0.005806983897575083639
0.006595406726199720855 -0.002601344096959285444
0.001111996464587481411 0.006121159913000178213
-0.004065272891329799881 -0.004614668783546061956
-0.004157919516449844199 -0.004191976272599307746
0.00863036812033326356 -0.005535015326666991968
-0.009727375841434328374 0.002434800803811412381
0.007321791828625356935 0.003065022392426081359
0.002720272762472075636 -0.003183689770225137106
0.0003866596248366075024 -0.00903087275263201629
0.009900139160092007867 -0.001038646086852433722
-0.002255433291359146709 -0.008973544729947524265
-0.00740293743347951276 0.00174069198596256869
0.004419931396125253466 0.01143701741007160412
0.0076622618194555972 -0.001511739142356325737
-0.00583049805673628227 0.007402296859043036407
-0.0008250172184276996935 0.008611816147816404518
0.007740409807612192578 0.006017361771214991759
0.009592818415586014738 1.723700811076756207e-05
0.01079985498581707316 -0.0006355035955752919279
-0.003055664487952961493 -0.009820892219488475475
0.00984041374789240697 -0.002783747195252010351
-0.006062054447917513723 -0.005800246449252060253
-0.008153840363843827335 -0.004963795467097041614
0.009765928448093907574 -0.002146739985307522577
-0.008865115882086993526 0.002138355066546718426
0.008204952473649945385 -0.0007097760351496596202
0.01142235671754217308 0.003782511064534408319
-0.006401614239202068658 0.003145682373266618908
-0.009413557803719090761 0.00254938294778466433
0.007951178221245016817 0.006455043741171746091
-0.0007354716317037152899 0.005421433113044034011
-0.01016268928428866111 -0.004565341661018918092
0.007978144981245152353 0.004579829904698179757
0.01355153394508066753 0.004224341342604649024
0.009528370463212683036 -0.00130382184619012376
-0.001081512388613483375 -0.01084505565359919314
-0.004265928997006762299 -0.01022248759283013106
0.0004461563733726451545 -0.008605267310885678089
-0.005865670005023609912 0.005620632199150674656
-0.0002832991703375380057 -0.01183777202068423025
0.009171219455710000537 -0.006986193488849245722
0.01355996095140974203 0.003329634989196782364
0.003980770064349054525 0.006095503710547834492
-0.002798001374053130531 -0.0008122524363971954679
-0.006525453802457437807 -0.003634249890145427406
0.008280016012517231461 -0.0002071125484585989765
-0.007084950223340673661 -0.00420560159573599851
0.008730011766373321769 -0.008717039982774611034
0.001048513640228919408 0.009437388318536049647
0.007816849539577218689 0.004484507531252708915
-0.007925633239174211322 -0.007935881321789618054
-0.004597688646680963068 0.01000438949615329101
0.001777716438114628058 -0.003174921566036615836
0.007188134369835240227 -0.007672388826768018234
0.005853028053873044617 0.006870014411654042259
0.0009830195403460507964 -0.01012869989963086602
-0.00470589350607956286 -0.005296456415055884361
-0.008709109531059496326 -0.001302769571526560081
-0.009956422500396130276 0.003027531305729596993
-0.005523896651677488376 -0.009506184047837578505
-0.008224011500279545042 0.004338965161305099669
0.008225581060584697887 -0.0005286478278858471524
-0.004547197189773895601 0.01016498414711803147
-0.009716357653952522461 0.000806852673041940369
-0.006211692395190112834 -0.003430437782275414307
-0.009322924402127808277 -0.004170729900784324491
0.002942856101517905831 0.01065677318277956365
0.00123266459888725843 0.009537546386323475858
0.01052048270005803698 0.006513098736172518929
0.01113309062992689016 -0.002775734220199282173
0.01038091812223831262 0.004262830963374031161
0.006481597982131731377 -0.0102053140610683709
0.007125256804300531509 -0.00955530035311692727
-0.008551461334285529597 0.006578986056320996686
-0.01019815736378916655 -0.004193103751429148179
-0.00030199945103104081 0.01129355278622917735
-0.0100916889573993019 0.004363584208856814001
0.007376101498449748849 -0.005871610975733122968
-0.001602725147040890037 -0.01083554766240204387
-0.008845335501373337989 0.001885376670067576317
-0.00201900707693862709 0.01009778282571948717
-0.01088474221003383861 0.002040019248188710589
0.008665202801774048516 -0.008064283070263918163
-0.002570646034967911595 -0.01179341391496304195
-0.01216258619553796209 -0.001696741005848447035
0.01230285360055201338 -0.001287360363637059463
-0.001561264161266240087 0.01295190321389622437
0.001445199559092411783 0.01137864585374364149
0.01245900705757006094 -0.006376527714349920252
0.01292532504797631009 -0.003953162033105284655
0.01015327213951058502 -0.004646531542209729124
-0.01091253375566484871 0.003855615253586916827
-0.002946163537591083969 -0.01035621272500665373
-0.01058669107657240864 -0.00638383191103058991
0.007487061132595353684 0.01046034603262556602
-0.00591171837169638878 0.01092257946382916428
-0.01030925067542752364 -0.008062900275461217653
-0.001908762814846319805 0.01204395535305675599
0.01234392576802146625 -0.004618968257340500677
-0.002913976550506674947 -0.01372136058155733716
-0.004797599770039033887 -0.01187650030404225308
-0.003207879814264660324 -0.005606940178702583474
0.0006811125482403876516 -0.005016023726278941164
0.008193870369085129446 -0.0004265895823438696369
-0.0009366677279323705994 -0.005945967655286046698
0.005524668266306142009 -0.005458786578088670009
-0.005400699766977852881 0.005740362168396463162
0.004639091608551034786 -0.005361292120868372743
0.004479222827870261645 -0.002022403541191947901
0.009881235062155768745 -9.085152321436330228e-05
-0.0006474236627167442729 -0.009375413640060652892
0.003968907521716255084 -0.006118612603660532855
-0.0004287633919515758786 -0.005146473005347131958
0.007098229989662252493 -0.004611589296699916511
-0.009442142056691742169 -0.001710881657743263317
0.007894348779187904119 0.008214441828973753634
-0.009893814394222676112 0.005940305030818542054
0.01060000789043290086 0.001287236024979355152
0.008137789493795800563 -0.006760313842709703668
-0.007983495249783813599 -0.00575090155917930973
-0.01027688076248829858 0.004643674177435247463
0.00646234956982043654 0.009449118737275731192
-0.001483543059707470666 -0.01148486861792150267
0.001749915209443987651 -0.01184717432727989267
0.01202839662710887027 -0.004033092596488635669
0.002773120855492823729 0.008689815736813162605
0.006849876603652126084 -0.00981131099868341218
0.007126852359279131979 0.007923427681746237836
0.002656255175637659959 0.01318049013860144759
0.009562483003116106425 -0.007556443071398920991
-0.007462656706230240758 -0.006657268103227976554
0.003801168983270568 -0.01034327567567164437
0.002841753724992447834 0.0113450294741234102
-0.009715079422885417385 0.006585067534946009368
0.006231562004752045497 -0.01098439290028862571
0.009843596157579839398 -0.006315968644549432853
-0.0103020040130190841 0.004678491330770459533
-0.008060907382256576187 0.01012764965426499533
0.004187440724643474305 -0.01210255967146119972
-0.000442898034571352346 -0.0136857252949048238
0.01247960274845173051 -0.002609183972045082175
-0.01018542012404028384 0.006557249013530341147
0.0007795257864090046358 -0.01153944800086227282
0.003185110588719667745 0.01124034025673803679
-0.001209301944254293111 -0.007301473894594714444
0.002725019341024980356 0.005495521167898804842
0.0006079605038135241571 -0.006515147107500431946
-0.002336231867457487597 -0.005419182143227262334
0.003876602831550588196 -0.001606418701781404772
0.00613893784614688142 -0.002925973539875599203
0.003131347952933221084 -0.004727508093626819029
0.001206090047665781418 -0.004658810831950558999
-0.007395620519592030311 0.0001368129967895636949
-0.004343643861799968524 -0.003253656691970687083
-0.003416280276728023146 -0.003415457651926750212
-0.008157694393151950288 0.002489847850357931967
-0.007881208546247422952 -0.0006991531370370342733
0.007305732391516329451 0.001849971247303667946
0.009323956789471786119 -0.0004122958890370501095
-0.01067792472389913344 0.005269551873569418982
-0.009836973414915031744 -0.003548662127864043742
0.007551376286692180681 0.007184763484231707943
9.888115329149863941e-05 -0.009858850570833315244
0.00944599412410962111 0.0009780701903216839146
0.005356950569515267491 0.009562199776374069593
0.003336057900874302151 0.008395835161071394867
0.0028718932734684041 -0.009735397335353977027
0.002839670162950772968 0.01108356975501579265
-0.004503130751651953506 -0.00879968412074317273
-0.01037024738165521001 -0.002777250999263276496
0.008209313042477560732 -0.0006038072549925662747
0.00864953351693229823 -0.006688135365097645259
0.01048058043716078476 -0.009054282386372633842
-0.004725554459465312017 -0.01247234738399327462
0.01252450088950924321 0.004478760696322344435
0.002877077637927423145 0.0122427829160992388
0.007107104666799759878 0.008763746323647313152
0.003413332404296127217 -0.004207037101831517453
0.004453933045708982803 -0.005542055565285491751
-0.003648516108335165577 -0.002141152732418413578
0.008524351964210084495 -0.003400869082340734866
-0.01127808459018120324 -0.001327743404864519666
0.003938948081833535016 0.009717468924918351916
-0.004808671266001224992 -0.01087642736960022817
-0.0009264181292229879206 -0.00321926012287045149
-0.00958432161323165277 0.002432851227151022581
-0.0057762038363941429 0.01008342527314712474
0.004458929463612781342 0.01145120502391866989
-0.002498849997528815661 -0.01187095941684226247
0.01108192233428039949 0.003149188062023684179
-0.006904186054663474792 0.008716168548422257092
-0.008878052086740256463 -0.008696393203974693217
-2.862393045203917401e-05 -0.01286823288604976162
-0.007638535419499600972 -0.007592661604896143272
0.01155419892096810203 0.0001762703211407319181
0.003515246059119884851 0.0110557023763891149
-0.0006546680416781660867 0.0123353757120253215
0.00743953182951568627 -0.009106948193912561482
-0.009522178581750770018 0.005390853682172865209
-0.008150826878164634665 0.003625370534148789591
-0.01126715419523163612 0.003582144532302150054
-0.003656825947572919268 0.01082816403564402542
-0.003244309993588736368 0.01038938818051899325
0.005059309554986762825 0.01137389907443534139
-0.008883524592469179901 0.008650857081443901614
0.006499918484885330167 -0.00861666600193143617
-0.008892269320741363545 0.00650281099994720526
0.0101696750890023814 -0.006615532979569724303
0.007889572375279395311 0.01068692869686254342
-0.01158969789574654241 0.003521358566831855365
-0.01029779595526083419 -0.006405169709257307019
0.01055104191586332327 0.004074566963092445156
-0.01038906417004198737 -0.005860116382186038309
-0.00989634216879306354 0.005118682253395406487
-0.003303088858818209288 -0.0130846542926032379
0.009488851339522689013 -0.008945471319198277163
-0.005223251454752166414 0.004386778500585164497
-0.006186453592303075254 0.00767623679031242262
-0.008669026818410119004 -0.0002257426433063802469
-0.003880774368441114019 -0.008231408524469062751
-0.002369639933155417294 0.00778558258129921632
-0.002602095761980634421 0.00783900632009042371
-0.006373954431904508937 0.008130467320114711377
-0.004317865306879950862 -0.01074957184220497013
-0.005443964944438302658 -0.009567652004111911607
-0.004691721578496678771 -0.01208143244710624224
0.009348957273519382244 0.008489100339521141528
-0.007287916820648492056 0.008659467544006840128
0.01301973454324903932 0.002107455520624644356
-0.00300623627818249594 -0.01311200926525018899
0.00946306249496037255 -0.003193574383260809613
-0.009437204351175863815 -1.877899437083510484e-05
-0.004019399062549322381 0.008709541005445766565
-0.007361145202791629337 0.003816420342157946129
0.0009261395828328398017 0.007138283585873486485
-0.009543858541151167829 0.005850519290788069177
-0.001283469064679952773 0.009656837971574789084
-0.002093629418187572741 -0.01138822015888557929
-0.009029833846727095686 0.009727988701881283909
-0.007618709001873123603 -0.009022377302960658124
0.001708376657174551921 -0.01296932287571608139
0.01191220110593793624 0.006411900889307251862
0.01364320838564604503 -0.000643296448229574349
0.01312454040333162902 0.001985504086000277994
-0.01303687516521787222 0.003244280402504425183
-0.003423807760514392413 -0.01135242240203490106
0.003599018217653898212 0.01271855243793240317
-0.008164607642955845623 0.009910936501224709705
-0.0009004361404028343339 0.01278360196302217797
0.005111634949000580692 0.01061401593582995961
-0.0007600509041235388018 -0.01098481587106212021
-0.007966846332169248354 -0.006572838103144660465
-0.009711700705942934511 0.00353410609503216136
0.0001376973489629464229 -0.009958426977976109207
0.0008295493978109152403 0.01266337332317035887
0.01262765889494210821 -0.001220636450370580659
0.01308494643335145549 -0.001288489709230959419
-0.01323454327376884232 0.000170003157013433456
-0.01400211767240828326 -0.000631088631979749592
-0.001454776433027266027 -0.009597367853406245722
0.008879588432272393986 -0.001938750788095116879
-0.007660141162042223041 0.004316234109376530792
0.003995495156362615513 -0.006609433324619653702
-0.004432799098882635874 0.005755587037334279274
-0.009363637060201830675 0.002671959656694732673
0.009619281350954522747 -0.003870805582452313542
0.008239606058622769846 0.001469953053972168286
-0.002445402041543073834 -0.0107825317749977341
0.0106835585110842228 0.0001467150059256465367
-0.009636515333847390716 -0.00699606056737846118
0.001917985792397147553 -0.01309938659775027915
0.01092964608370378815 0.00777327636443140603
0.009509293840063331657 0.007321416702628544618
0.01225006276174523193 0.001319930694569354914
-0.01164926816672918683 0.004696833474109604958
0.009468184460415073403 -0.006847944516102781078
0.01121598820079987117 0.005524630929623079896
0.01290447174174826073 -0.004714134886214142034
0.006749385188655701411 0.0117286386343186718
-0.009723754843894419006 -0.007734549583524825966
-0.004667172332594297403 0.01233373103033083389
0.006695235049751195253 0.01218147753606376588
-0.01122178129597676405 -0.007882361509906780916
0.01410451282741925425 0.001599662050506042666
0.0004353494537969958256 -0.01346609616430652183
-0.01239336758059213749 -0.003184647017337314395
-0.01250239406867112782 -0.002683351414894265697
0.0089893964778203269 0.01088798639101078852
-0.01190295468299226722 -0.0005695430118518358563
0.01007677950437311891 -0.005524804481654932431
0.009548712430990605182 0.006101497061904415618
-0.01164897141171269968 -0.004682545837709543857
0.008054886794047613069 0.009809997863535280596
0.01040076626437264409 0.009005280832710241962
-0.01095953663764259907 -0.007359601440125463322
0.01016631120288017873 -0.007421904375018452925
0.006707287754840491473 -0.01128036233287607951
-0.008597270731061854021 0.01049837145203442144
0.01063688213067678738 -0.007438863721217782096
-0.01192878412308849383 0.006130372521921284221
-0.01002758560315831528 0.005750790574532927725
0.009408375014416407375 -0.008602199167733141222
0.0133271346314742592 0.000165578142119755735
-0.00590099175830165884 0.01086401939194077751
-0.003125561028853102857 0.01191691151503785837
-0.002375473465492011597 -0.01185756398730324415
-0.0115150062863607211 -0.006343410328336162793
-0.01376445252881191954 0.0002522107784087330323
0.01077137548246932461 0.00849045264057654743
0.009949087945648362255 0.008633053985060028246
-0.01225797174944314762 -0.00106211196658646638
0.009560226625438348474 -0.01005859913891150696
0.01113487644688124049 0.005843529086568166782
-0.001250824315063694308 -0.01257001022559651668
0.01148679875376662322 -0.004035721078754854994
0.000278240610340199407 0.01185629765525753054
-0.004467605546698409126 0.01308378526156195668
0.01251822248124348502 -0.006399555533232311084
-0.00605127806311045284 0.007572132646563697195
0.008626231868281847293 -0.006467101858983352602
-0.008026276383511686541 -0.006305275605625837616
0.001744943595132590446 0.007297409780017934285
0.003768792334697250793 0.006382136385912117425
0.005618312333173035474 -0.0003286248424209626488
-0.005079272040328024033 0.0005473606023490721955
0.003165601112306927738 0.009246302997860575065
0.007172909949902643405 -0.005565494709128868296
0.006905787066322966253 0.004036610563321788893
0.008451466297746856177 0.003494155610456747309
-0.009177575502535208207 0.0003185659372568329459
0.007810595067868396704 -0.005306424335752769027
-0.01393604901107335994 0.0007655727449945777009
-1.978570272582211385e-05 0.01349519758205220896
0.009494625738265568063 -0.009513884297880146126
-0.01092973728521337215 0.007360004214930224511
0.004220134081089377785 0.01209582610566373347
-0.006453606059175084723 0.01238379119901542209
-0.002830222368388612009 -0.01219491795409250942
-0.00716694372801946443 0.01009222348957324739
0.01127443574519755923 -0.005198733554441595586
0.007088632529381431145 0.01013741589709138934
0.002467703177260954089 -0.01249563693399652169
-0.01126934547403441247 0.005943632218702709497
-0.008862706121828033481 -0.005368101895141784603
0.006922309790699790119 0.003984957006517107943
-0.00102193516295962742 -0.01072075405169358418
0.01030022681462952616 -0.006491934933975327185
0.004006802622267517308 0.01047131234373308364
0.01266903284846088336 -0.0001920760987591815057
0.002183361611826166102 -0.01241619805492372858
-0.01008536241511991983 -0.005932062431244130782
-0.01308812374324205309 0.0008350792413939564377
0.003163115408259912185 0.01201568045818607842
-0.01273907913114803898 -0.001731618500049352926
-0.004174973681490069463 -0.01170259207614994697
0.005403586895201351568 0.01153584047363633187
0.009399948315516321387 -0.008228415198167103595
-0.01288763835269716301 -0.005676005962558619208
-0.007245144987443791901 0.009970742304430884467
0.009308214345817173926 -0.01064717146176725679
0.00305274569511304085 0.01338892492050865538
-0.01268987303647228955 -0.001051386135599432364
0.008608003340552091223 0.009093312688706821703
0.003891254489602455607 0.01361363570131901221
-0.01150395565755718205 -0.004166156303454200856
-0.007928467119711355218 0.009627127971922487884
0.01363632366816767798 8.488636387149386259e-05
0.006543055682247846637 -0.01070567835341074137
-0.01256663892667486161 -0.004025893820963473424
0.01098627559295541935 0.008721128151167593934
0.01023219387212989835 -0.009373873901771587538
0.008599655816083217816 -0.007354356403842222945
0.008945619628614547708 0.005584436328690278034
-0.009655123175794241841 -0.006235753410416934941
-0.0104691583458056299 0.0009898597165360076625
0.003214689353902496893 -0.01146826590564137618
-0.009512175304363103615 -0.00693466528044214825
-0.005634091211366454646 -0.009715074299288452286
0.007372147489069150531 0.008347989456360838112
-0.007112637957398085069 0.009533338732727908438
-0.007773833323728855313 -0.008822806269661124037
0.004388548798151245545 -0.01321512416458420734
0.005478156581659581262 0.01151979770773951459
-0.008700245563663357856 0.008669630885391710687
-0.00371512743141332643 -0.01211636067767811985
-0.002971892588572684797 0.01222557291412796482
0.006004986193905933328 0.0108586450039382075
-0.01316158625514729681 8.522459622637023236e-05
-0.0009025821621353024432 -0.0110145927969634936
0.003172562778204049243 -0.01275789995741050467
-0.01115227589278216559 -0.006553768611974895852
-6.845107480605151611e-05 -0.0140935830238719112
0.006659876996289977938 -0.0105017044660259129
0.01048575041887603136 0.007297814078605753541
-0.002456588240770191979 -0.01067688466930503607
0.01164443752796492058 -0.006290940300987671492
0.001660204860983621831 0.01127199557636226687
0.01100238280391944469 -0.006369601964270327557
0.01041471362189336052 0.007154798102807950061
0.00507184199569661251 0.01205216934302004959
0.01120168001606209468 -0.008414710343367774043
-0.001292558616791803904 0.01276007080145263525
-0.003457820128203279494 -0.01210367336633480333
0.01009029536724758043 0.006974880622695601821
-0.003593458585496689655 0.01154106497863373153
-0.01069359186162757019 0.006996496207362697811
0.007090864156583258186 0.01107771872101354603
-0.01266932625362545556 -0.003120353215655766437
0.0005076583930964295634 -0.0118398603887668024
-0.002344473070833481138 0.0124871792570029512
0.001292668011815722518 -0.01329467420426453349
0.004351031225073883138 -0.01218450720080625944
-0.007376647486660719601 0.008905936008873186621
-0.004580288718421783936 -0.01105376280560136336
0.01045355054495760577 0.007011976885771870407
-0.001852389231510817103 -0.0129545060667186334
-0.01297826594494169705 0.005322962218930449817
-0.01242164963744974565 0.002096671456258861026
0.011554303921703259 0.007934609917227644985
-0.01067879361643233119 -0.007600327455898316965
0.005182706166184513664 0.01188000785254587216
-0.01241999929131146901 -0.00582715260805187138
-0.01238308727154368606 -0.002215231633629113819
-0.006548822578405529352 -0.01009669406760036608
-0.001172372040058404161 -0.007578739254263598159
-0.00569740409386242791 -0.004157927345595788596
0.004667802900268203277 0.006540905333362343442
-0.01162251365941559603 0.004277393755777499605
-0.004249225081673175738 -0.01142974056023465454
-0.01321879150503489989 0.004354748823232393144
0.01319459838035488136 -0.003742452897415711466
0.01003571820195736999 -0.007656110741317214037
0.00701135293070025839 -0.01122738486197966991
-0.01298702580628519065 -0.005062821433730486757
-0.009971487561164950678 0.0064973601785740338
0.009450468573736615571 0.006236926358759866708
0.003935351245696841471 0.01309530273064801222
0.008327081554815362122 0.01150431386907005415
-0.008559081857774679045 -0.00918526572620294475
0.008139877507821909747 -0.009533471601461672093
-0.00972763994928366009 0.008039959280179682574
-0.005430927328807093855 -0.01089407505110047587
-0.007569989856161817715 0.01078076670635666652
-0.008969228646822726553 0.008219724879659969299
-0.000197313774753217052 -0.0126237954669735121
-0.01232505021948043789 0.003474077254497483745
-0.01288462682328830704 0.002114303459335159421
0.01346382473152840306 0.001291671802110119088
-0.007164959508334748685 -0.01174222443612587749
0.001634286762945322356 0.01372633360518034015
-0.003185907461042965932 0.01361043142997042481
0.006334176725360206317 0.01082375795103343585
-0.009590799993403231749 -0.009231754322490829182
-0.004724729515027916577 0.01135039898441992517
0.01062489990952705105 0.007013471429899977017
0.005412101114736745169 0.01183845196786217392
-0.005955834001971054524 -0.003968063058773257934
-0.008013181342908824029 0.003107718769793310024
-0.00148373861710078569 0.007859295910369667321
-0.001841015910558242621 -0.006784668730882199156
-0.001924099304047601627 -0.00481144496405230826
0.005500787969207415751 0.003008213704060553814
-0.01083301175222716947 -0.001754082884517615959
0.0007439250246926676054 -0.002925172833874325248
-0.01256504377429377463 -0.002308934202510941943
0.008416868161614325314 -0.0105860917579903846
-0.01014073955844129599 0.009212209406588687047
-0.004685083601766405412 -0.002284024618741486382
-0.01162706177162066944 0.00660647945398895424
0.01077542123565635238 -0.005517180440257354011
-0.006913154711174158105 -0.01096734122162172469
