-0 0
0 0
0 -0
0 0
0 0
-0 0
0 -0
-0 0
0 0
-0 0
0 0
-0 -0
0 0
0 -0
0 0
0 -0
0 0
0 0
-0 0
0 -0
0 0
0 0
-0 -0
0 0
0 0
0 0
0 -0
0 0
0 0
-0.0002592647977955631088 -0.001122068276302141477
0.001750576067932774205 -0.0006880416317196475342
-4.364811692488717101e-05 -0.0006539892052342668669
0.002843652587854190138 0.0005486586968414522078
-0.0003074963469311714926 0.0006330742998267269942
0.002853345908124338068 0.00174018865947895944
-0.001390760005103534348 0.0009739277503250980345
0.001393133097885095604 0.00293391029099249797
-0.002547666304155355062 0.0003072449185285513161
-0.0003993676096637384116 0.002939326348566895317
-0.002843388441147316238 -0.001664474971711647766
-0.001964141634301835859 0.001803170576004817834
-0.001367824313520901421 -0.003463231376317336876
-0.001817033271238914591 0.0002787953583634223548
0.0009346110094858466923 -0.003970729996284441329
-0.001195116813413388702 -0.0005171639481819953303
0.003133694928322788668 -0.002904819549643912306
-0.00029115217237165778 -0.0002063624066298916241
0.004062654615373796803 -0.0001088857417331007466
-0.0001216202134008293606 4.553283170054592786e-05
0.002736828852546311502 0.002455028558729102205
-0.0004853495084403457518 0.0001787032154324061806
0.001303186871177278551 0.002815809897659043298
-0.001040518970609664515 -3.49504052782629443e-05
-0.0002401452433886260788 0.001897138156740167322
-0.001705212949583423832 -0.000572884164640145117
-7.456696765508082341e-05 0.0002712670207329489981
0 0
0 0
0 0
-0 0
0 0
0 0
0 -0
-0 0
0 0
0 0
0 -0
0 0
0 0
0 0
-0 -0
0 0
0 0
0 -0
-0 0
0 -0
0 0
0 -0
-0 0
-0 0
0 0
0 -0
0 0
0.00126646819302479556 0.001515790992193570726
-0.002894763334718387406 0.001745787685928270726
-0.0009083196463635453575 -0.004028650499802957641
0.001182096207046719498 0.001125146655892180023
-0.0009950199891962734858 0.0009205093353545125163
-5.233964374945672404e-05 -0.00146732884147164188
0.001790208815112406988 -0.001750241780062756613
0.000179764868967144777 2.226532215988366765e-05
0.002194907700029353776 0.001226785756377644096
0.001797001003560780253 -0.001357470929653730677
0.0006001531284616257482 -4.114940117850587019e-05
0.00175379718087759727 -0.002418178695149823983
0.002031050801947806295 -0.001084851133710962399
0.0002554477335903596914 -0.000424291959953728955
0.002994974367412838075 0.001461275801828474221
0.00126958948063231325 0.002296195055443306637
0.001238884021645602837 0.0006425696351103326589
-0.002227974879645511132 -0.002257918314255788744
-0.0001776945964071688193 0.003254274861644186698
2.715161862158971609e-05 0.0002122732952877168233
-0.002943758838044973139 -0.001471539753616819346
-0.003733432666349459621 0.0009094137914015842147
0.001609420208373278129 0.002387408955138064278
-0.004038625893878884654 -0.0007608363482135629963
0.001132130545248295588 -0.0007742194744820877703
-9.176577804224385869e-05 -0.001308582696061668781
-0.0003738127244141515541 -0.0004194548601567835676
-0.0007186049094014580751 0.0009443550191433271353
-0.001296973954267651753 -0.003191378242164313699
0.0008293274762870223374 -0.002032980364178898179
0.002784253009213030934 -0.0003439933590469916938
-0.003912144307461349127 -9.859790255152875828e-05
-0.002494879923354407017 0.002795593540848096206
-0.0003086388523373566947 -0.003574872056428184813
-0.003379776939201772044 -0.002193726726051790313
-0.000781241403911780985 -0.002080597184066401879
-0.001132801830639427586 -0.0009049575737232834699
0.0002414519300761050567 -0.001984321695540042924
0.001810895034824602269 -0.002107299308825673779
0.002260862578068944476 -0.001268945647024576334
0.002828168597852937123 0.0002599290961919602109
-0.001195911375930055337 -0.0006247199899027856438
0.001521872955079969824 0.002664803570151484495
0.001542864236132826528 0.001972643981904079365
0.001804578294976308828 -0.002304025720803352679
0.0014967016073120338 -0.00113395054636942702
-0.0004086129573483856083 0.0006503995718102624068
0.0003155876910175216179 -8.754705439090073975e-05
0.0001782411764427197995 -1.6242365354398507e-05
0.003213118985468103005 -4.719243084683167298e-05
0.001732571161697638593 0.0003209448182112349668
0.001811815216387695129 0.002752263911047297083
0.0002986824589176720769 0.0002704551769440990874
0.001215473904869278149 0.001191672204471833736
0.002271385565158070847 -0.0009105423440264734034
-0.002201834860407576085 -0.0006154352525206464343
-0.0002444093938460212365 0.001679373036212132965
-6.643302693421575494e-05 -0.0001067794228137152347
0.0004184288660905109269 0.001178524953657688213
-0.001886971434015455393 0.0007865307714937414159
-0.001516476407515757576 0.001574296787253220932
0.000679662967404251364 0.0004705161893353871911
-0.001095128806397042574 0.0004015339646201933257
0.001376193706054237593 -0.001900982387767349759
0.0007811783078220348913 -0.0009620098435062159363
0.0001215602251834832102 0.001939453202844836251
0.001097076788366865927 0.0001101098794288986804
-0.0008593795604422468232 0.0005869580605516017645
-0.001800087025673716753 0.000848241096693130945
0.0002341470852340576383 -4.329895434015485281e-05
-0.0001849320157776285635 -0.00148792656178996425
0.0005228335826590016673 0.001115524863061200097
0.0005135708258388904136 -0.0007268292545621075212
0.001443823654013670155 0.0007645869160964663055
-0.002212502879520922977 0.0001417170671028173605
-0.001871567028898157717 0.0006818592645119118771
0.0005488492778833647728 0.0006841670082803769917
-0.0005112239401084542941 -1.742520004460973264e-05
0.0005403338403405224741 -0.0005730137902677743264
0.0008682586476663579434 0.0001705975334092101189
-0.001157179608036035734 -2.431437725067015377e-05
-0.0005985404445387585044 -0.0006190250491808215686
0.00153980034518053175 0.000722794364367521959
-0.0008337258177051028521 -0.001488673124858796298
0.001340282105638967774 -0.0003496993434277115894
0.001638420077836252658 -0.001355989174975543105
0.0002188799921594546669 4.778967344533781129e-05
0.0003175548572960982087 -4.206200168851775226e-05
-0.001570636230167503367 -8.767268634160508764e-06
0.002254363199138668776 -0.002173384479820049571
-0.00299683214897449382 7.436969130154109583e-05
0.0001700521650086540566 -0.000438927201256016173
0.0001510807918324731224 -0.0009434379141831663283
0.0009992579199468020357 -0.002555691406131134057
0.002994241054938515459 0.0004911311539237933187
0.0001695127734394873413 -0.002817463761258731485
4.595378750068168823e-05 -0.0002105718857894529634
0.001283697997470771221 0.003538450020766373272
0.0002707826135674908791 -0.001180241434577311262
-0.002457381527622468954 0.0009741459699710476464
0.0001675921471005846334 0.002732039329424565226
0.002106307801092565518 -0.0003173822069635111667
-3.546820880048350173e-05 -0.0004254450299031054266
0.00324307481124438881 0.0003630646016228919861
-0.002087225716392762664 -0.001613013128218186449
0.002792366591004909627 0.0005446481903199081693
-0.0004729821922831583007 0.0003981797303976668517
-0.0007824008876075824216 -0.002216726900819552658
0.0008999699980571150646 -0.001822517758712513883
-0.0006367261825390486572 0.0016802953727706872
0.0007636837157104776723 -0.001384492318481715363
0.002805046087292993422 0.002106049180942757768
-0.0004580296327601462427 0.00153405903163160006
-0.002817360875097225242 -0.0002759387999569421998
0.002320670550131359675 -0.0002385885959177286558
-0.0002493938149266255728 0.00177278279404301047
-0.003080456188824929296 0.0001537206227873219155
0.001186453409750623045 -0.0007996319293936185717
0.004273643165404332304 0.0009053874848626588222
0.001545931998836557689 0.001321017139539591104
-0.001861683382326919517 -0.001159210109906488786
-0.0002311871420913839004 -0.003203775885257825664
0.0007768035243216775019 -0.0001721827259508043519
-0.0002011199825247078979 0.001810955143374393898
-0.001921845871304698247 -0.001677426621742990516
0.001080338914192498093 -0.002846171847829002087
0.004073447829648751614 -0.0003590008748759720677
-0.000306614820180662077 0.001529899533583858016
0.0001482185525559607674 -0.0001892356225213731005
-0.002121472078648779444 -0.000835317730065020074
0.00248346446907054012 -0.0003336209108810339781
-0.0006959626494568980394 -0.002055589987231615061
0.003013544092071328805 -0.002428818825653338356
-0.000717228378668104561 0.002608679425589859394
0.002579229699396229022 0.0006403044379961164408
-0.0007334541903586489029 -0.002935996752415879346
-0.001515028908512865494 1.388886355130260902e-05
-0.0002341017844061073563 1.94045160088625844e-05
0.0005949770190912340249 -0.002682242739359479936
0.002207578453084115336 0.0005687986315898251695
0.001488511869674837874 -0.0005087141441953298929
0.0003789442054207024574 -0.0003701489014998857489
-0.002040392909674703867 0.001028747828657942389
-0.001000323406102271396 -0.001167776401224918017
0.0001677982290889581257 -0.002817766236588793889
-0.001001158824375681256 -0.0007505670939507881742
-7.875914185543524473e-06 3.653553218833342916e-05
0.0002851489796183395058 0.00293406818961394842
-0.002834961979959440843 0.0008253708764014254648
-0.0003049059934864704544 0.000450207625066583665
0.0001990269855627426789 -0.0002634627895967223761
0.0001099942257229978874 0.003286937881537281732
-0.0005532864700973714588 6.344403948353879129e-05
0.003479620441617161351 0.00176324633498146097
0.003050586067107886185 0.0008577608713797013054
0.003350843420585257644 0.0006757589003131272629
0.002287844985900469585 -0.0001144982712733941428
-0.0005623213844866432193 -0.0004421123884950108312
-0.003008955755688038844 0.0008981751250843262235
0.0001811094242401580217 -0.0001347768912891597441
-0.0005371739015554008109 -2.749125938223675666e-05
-0.0005073524013699854014 0.002205807822651531698
-0.0003768246227577360004 -0.001361677785847713448
-0.001290802070691824972 -0.003085448564686228516
-0.0008968542122001708352 0.001709575765634463234
-0.001759887640555291878 0.0005427027829098924564
-0.0007399260207135512253 -0.001187655106980647782
0.00225806763151636166 0.0004043137540832920148
6.589838929648090052e-05 0.0001101881830113445732
-0.00101510693210682683 -0.002025013171433811144
0.0006760866567870802389 0.001405814322616676668
-0.001934966112873102344 0.003119936336285103733
-0.0007625578258192984397 0.0001298643191712282267
0.004064173644196098292 -0.00103621316637379844
0.003844164328875438776 -0.001516533254319624418
-0.0001422163554945312953 -0.001557850140557459715
-0.0002310755044674017364 -0.0006862176003026206885
-0.0005414393842008073492 0.0002419617229268027948
-0.0001196201687577226093 0.0003679242027154095047
0.002185012696878491176 -0.0001636258001836581912
-0.0008043105971302754852 -0.0003722953348583115697
-0.000170678576995648805 -0.002764823786070995208
0.001187524969249006057 0.003151640500053038297
0.001304044843844043115 -0.002739283819461850716
-7.750252338945082947e-05 -0.004210310907030326809
0.001303790387471071704 -0.001604121852867299806
-0.001319387276895285553 -0.0001199825910673382257
0.0008330939182986335598 -0.001017800377108426428
6.07756081512633977e-05 -0.0006188359411816636178
-4.958390324087192432e-05 -0.001915232655173595283
0.0005977789756114132522 -0.002007573410601266005
-0.001941200190711900178 0.001191897437350377406
0.001851087303338432022 -0.0008014892153315256781
-1.78110980654109987e-06 -0.0006487015398384408851
0.002313261963067415362 -0.001466284757050377238
-0.000535668322100918198 -0.002883902857715861696
0.001848366733197097812 -0.0006871728094876461846
-0.0009396075055766061517 -0.0007226311047355646767
-0.0002559561109382270296 -0.000224834243313197968
-0.0001094410495602981918 -0.001075457193978486634
0.001127725805972628476 -0.00058451965900658924
-0.003059234213986991406 0.001812397450733724963
0.003006064263893728182 0.001142259347882436469
0.001260032314465714875 0.0006819061675070294329
-0.002370489701589034194 0.0002185039962782856643
6.842980603239301636e-05 0.001514435355313906509
0.001862521485538253061 0.003019245928247105311
-0.00205662749868691392 -0.002047978438820786343
-0.001253321695364617398 -0.002870831769699185368
0.002285394686856096792 0.001339686667780531047
0.0009498993517784689103 -0.0001126463358582063638
-0.0008587992675117086822 -0.00163388050393432167
-0.000322073825621000797 0.002152410118313532149
0.0006174510078096231546 0.004061500458791155246
0.001721429173476443078 0.0008001499701078944055
-0.0002121188575730866173 0.0003519763620767641255
0.001301212094195890179 4.842178947469968735e-05
0.00141316204745683266 0.0001453018922136252705
-0.0008299678245708974871 -0.000772348855422752556
0.0005448694778659167763 -0.003574436168653856785
0.000292193828261469446 0.000496164638314099387
-0.0004471372914151901679 -0.0006879712873761244197
-0.0004626793426716871611 0.003404750200926196044
-0.00144198747049603497 -0.001675195229688016419
-0.001201638048438781513 -0.003877768275707979204
0.003811339885992566165 4.515210681908191775e-06
0.0001605110184065275045 0.001924594331719667751
0.001591625609592741677 -0.00065781260029811159
0.002325287464948440526 0.001911693027882188428
0.001115179537415674025 -0.001148113593607150932
-0.000193491940820658204 0.001655519394325889477
-0.0006602306680852493802 -0.0001072982967044067322
-0.0004322779346445133767 -0.00178783323198290333
-0.0001292549346629928144 0.0001467838947751417232
0.0002883703684073486056 0.0005444972103352574725
0.0007199640729737344976 -0.001614620772187328173
-4.186632713845417917e-05 0.0001224897335943913278
-0.001485549963267966548 0.00125374962147278661
-0.0002086172331286151793 -0.001261513947739776979
-0.0002974926963685834607 0.0003243827325266192361
-0.0004683805777667327972 -0.0008666274442146970581
-0.002495804139139313257 -3.170158485678752547e-05
0.0004470560293422898117 -0.0008625465574780568322
0.002968090002202064537 -0.000120043588372786516
-0.003554888561150939055 0.0006752792807882572121
-0.003173966256538011607 2.996198979117394197e-05
-0.000455928013176649851 0.001829200712651477337
0.0001388964957051581071 0.0002414575626944407815
0.0003762661058646361682 -0.001137591184632843165
0.002513783343860920977 0.001774895401685839614
-0.0009498121147934427289 0.001267776598740852009
0.0002348472902071275039 -0.00297777781643915546
0.000144010051008250004 0.003580517893681957504
0.0007776899781058281298 -0.002067691109479857445
-0.0001434120188331003236 -0.001517912304846263417
0.0001754520269433149701 -0.0009156031411218294681
0.0001484347297527111899 0.0004285745021969324022
0.003157062183844603145 -0.002854351274830223013
-0.002209285071322622789 -0.003384824519043972552
0.003915538150369371993 0.001297317983424651046
-0.0009834655439276114922 0.003314535014436782896
0.0001908165826392232284 -0.000356940760046384805
0.001428865209910311004 -0.0004068151376530475304
-0.0005253055287538291318 -0.001135623429321917311
-0.001045410248902945653 5.683569184055075729e-05
0.002092314606601261041 -0.001783760413080102362
-0.002971593240468773604 -0.001427683887956949192
-0.0006558210796281388347 0.0003644408948506197652
-0.002580918984118625754 -0.001623527550692675531
-0.000228424993063839623 -4.176214237289774343e-05
-0.00281671629443342765 -0.0003200524507240982671
-0.001576851934616407911 0.003243491439608420235
-0.001004825960911790231 0.002710832737524641444
0.001566502249981250976 -0.001982018586828181422
0.0001099091773737689327 -0.0005369101003076313765
0.0004282745231892141468 0.0003459068953534541295
0.0005851660972551785481 -0.0007033518804425538873
-0.002044900221300718305 -0.001918167101978995046
-0.002452554754514574969 -0.002219051931221936898
0.003443863046378530923 0.0006153959613328731414
0.001611992502173654682 0.0001594679600811800806
-0.001042313570762476568 0.003532748555051349985
9.404200925905111842e-05 -0.002933465736979538711
0.0002653495134370396392 0.001404542672647804587
0.0003024941276321127179 0.0005629401512329678271
-0.003363353964448192665 -0.0003654236663716794358
0.0009535934012895135297 0.002640963593334505304
0.000516873203150245591 0.0001186143221302761886
0.00187346405258317656 9.097919768370809138e-05
-0.003001008135734739742 0.002222450629010493377
9.485278012889820053e-05 0.0001256949823395373846
-0.0003644104507529602553 0.002370952171484746497
0.001702794264548725253 0.0009399417488106973865
0.003175467499316400252 0.001159414666534334341
0.0001480831691100074898 0.0007287569650638840582
-0.000483332133498509068 -0.002610367486782710651
0.002897038706315528851 -0.0006651702504781751776
-0.000562085466671815269 -0.002447184461953110131
-0.0001514869731071054673 0.00190847121479928287
-0.002326144071936733955 -0.003060766882847690273
0.002960403469439120295 4.679924844091230308e-05
-0.0005815372312301548413 -0.0004650189251846389548
-0.001387464639280594318 -0.0004038378866032582473
-0.0001760803860939223579 0.0008813056750334560862
-0.0004301520168415037208 -0.002801671371727006317
-0.001026085775534403555 0.002399468230403145434
0.0005811830190461542839 0.002186146929024057259
-0.002550016484081173585 0.001623364447406707356
-0.001147433428443686565 -0.003364223274110382349
0.0009256765954007528489 -0.001065115808988955411
8.167123746295312098e-05 -0.00367966785701129024
-0.0002386194680954825415 0.00240856619148539005
0.0006202972009468775329 0.00191064641341081665
0.001821803355371448508 0.002390475300859639263
0.0008471722571778035615 -0.003653515566346469262
0.003043139542692486696 -0.0004662312172593800308
-0.002810468259353681754 -0.0005615660781505491797
-0.001067443210918716254 -0.0001529186864264119559
-3.800072806351491479e-05 -0.0003132236808102953525
0.001309537363011739532 0.0006449716375699153081
-0.002850363519825118135 -2.080684656590283191e-05
-0.0007844623618971134985 0.0001152799344547052705
0.001556377305643184003 -0.001771252190544996734
-0.001421122718304683452 0.00358190379251280451
-0.001805334113152504312 0.0004955204152800383836
0.002259844622164697801 -0.002499874225286704676
0.003730115439716521 4.389386289497024772e-05
0.004123600106448958857 0.0005018823545856433352
0.002234294821355317477 0.002390672775954275162
-0.003737132119491093016 -0.0006743735042874921112
0.0002723528191235562125 7.239297725345340655e-05
-0.0005120193818777214528 0.003750757463110926306
-0.001991371578810140035 0.003407987658494710491
-0.0001016028286308372935 0.003915257225550588735
-0.001112930906374052023 0.001520267360207667139
0.001106902631572046283 -0.0003844304784165507912
-0.001500029694519894666 0.00062848781073545734
-0.003125474085398530742 0.0006234002148305510006
-0.0007956300216805977168 -7.031977036893065011e-05
0.001994830829429400116 0.001140019931497209156
0.001471519473512398254 -0.002192914742670617079
0.002191163803383358415 0.001849099034552205596
-0.002212632197971763949 0.002070536410944001041
-0.003975329792568463652 -0.001182340720746115391
0.001345262916468583595 -0.001154434453549307025
0.0009645579130120993019 0.001178003021352480497
-0.002580125816045975538 0.0009797303373944733079
0.001381516571557688932 -0.002042985217856363792
0.0002043747616150644233 -2.636613185657827978e-06
-0.002954222518422178721 0.0001627893921987136534
0.00223813288290061101 -0.00208155874377844493
0.0007012605128297857895 -0.00108351984054229117
0.0009083567433422795774 -0.002822822015188046138
8.202143135515043045e-05 0.000917063419599160076
0.0003423412857749203505 -0.001738987540362950564
0.0004256262919988461303 -0.004011296245075894606
0.0007926783971495001378 0.003094834280868704462
-0.0005161933549052669275 0.0008752183840524407638
-1.132743661155614923e-05 -0.0006505612388026827276
-0.0005232356390894633575 0.002336952643612118241
-0.0001042113657671738143 8.204547328601974159e-05
-0.0003392631972832943228 0.00108350937855808383
0.003966001566563097033 -0.001551918421323084281
0.0004229380311309693117 0.003830061821510172878
0.0005730303296106774909 -0.001019989924357734895
0.001313797587216928957 0.002470805171596174299
0.001556434643156250682 0.003964389388551673062
-0.003715863626412021017 -0.000341308094652380354
0.004341849184837751931 0.0001561773062238053385
0.002106452331338618412 -0.002684509751073332721
-0.0003883762962028191722 -0.001891985129474414804
-0.0007231076715132132675 -0.002027558659351948525
0.003180240083622051534 0.002846612591040057275
-0.002411520976615468079 0.001774410864087058552
0.0004717878816680989764 0.0006716555927682361406
-0.0002762680517052566991 0.001603268979776161385
-0.001198231463044155658 -0.002595753524203288972
-0.0001390578830609352952 0.002886650107815314122
0.003378865152586598732 0.002481141555423011479
-0.001541468503042779789 -0.003126136714502545082
0.001581285651526725348 0.0008561282754487773393
0.002830537784647257048 -0.002576575097433963027
-0.002188057575523768596 0.003513980783625684189
0.002848702536460252354 0.0005302203904929780973
-0.002044459327376745277 0.003027128012490064995
0.0003264817315134318533 0.0007095039227542722978
0.00336022512851249849 -0.0008949340362607868067
0.002580428483974647746 -0.002003885553376915426
0.0005807280504314740743 0.0003139906595604200542
0.001138907693089644905 0.0006589652791257980674
-0.001285564825528494846 -0.0001088303465614900902
-0.00097929064660267056 -0.002899227397088963588
-0.003880315223770343033 0.001235316366715946863
0.003740113747793026924 0.00168086441030670811
0.003543748228728102641 0.0009698384537906133696
-0.001933340254643741828 0.001799170659582215561
0.003477746806992912908 -0.002190041139105143413
0.001112559502385942036 -0.001009029757233894774
-0.002159290117958150099 -0.001398201740472309294
-0.0002231123208761356946 -0.0003915451748340902723
0.0005376322866481517398 -7.950993651511866975e-05
-0.001352277426259370068 0.00403035904888431832
0.003715255998622383343 -0.002227964023979003491
-0.0005993905234418668831 0.002653826385266338551
0.002179350558949958404 -0.002490923413298854264
-0.002877449610959171081 -0.001037824732916984172
-0.0006705617770286747669 0.0002800759154520899652
0.001770738398364850655 0.001367654220606118274
0.001693706021747200946 0.0002006491551358800091
-0.001044148798578230838 0.0009508540502300923299
-0.0005831569101740706994 0.0001040852366591391888
0.0008043000073340904549 0.0005976932991055635032
0.00241760391406241771 0.0007803422374156261708
-0.0001243261753360617658 0.001366787673507455919
4.474308240422263452e-05 -0.0006984273588029635228
-0.0003589182417134651696 -0.0009793664839178389207
-0.003865882440651983824 0.001415312569319930776
-0.001695686658413545541 0.003304337275887458784
0.002723940673460891002 -0.003098229060471895373
-0.003707922200259780761 0.001255284684443557343
-0.001269987595251043967 0.002506803086995580167
-0.002171151570402132282 0.003705143688909015055
0.0009809774550426986813 -0.0003866833105264021967
0.0004485883615138305715 0.0002559928892222787349
5.951205328001349382e-05 0.0003971591803550637931
-0.000349221908396702297 0.0001362078630879229139
-0.001637299693959528343 -0.001465230747494022066
-0.002232985523630377604 -0.001065977893101012703
-0.0009583608156699930346 -0.002396487718265003994
0.0009565914899108361995 -0.0007341507616959722831
0.001487158455309629769 -0.001402641204956491926
0.001553856728171206002 0.0009800710842515268726
-0.001206066864391294215 0.001835243182277004979
0.003525141283244053944 0.001162960842792215782
0.002054830106084405694 -0.002939171221855376923
-0.002279438294514886387 0.0008295066153460345804
-0.003219330254846889533 -0.001531780176415138087
-0.001516071884082907488 0.001997143053212043981
-0.003028533722181514162 -0.002006511675274177172
-0.0009753220059016180993 0.0002338467769574361158
0.002393670220247709479 0.003065871936607270434
0.001823547976714731678 0.0007302946778070962958
-0.004113903898525094957 -0.001361859290815377408
-0.001009336856642081056 -0.0004838986479990181264
0.003036999984218293099 -0.003124391251312291957
0.002432375741589733707 0.00294886839250958939
-0.0009371936673501248243 0.001632663468380582492
-0.000760616703320599009 0.00127057258268706611
0.0008198217743206720172 0.004259992549550903687
0.0002304178588909125067 -0.0009835159719059191532
-0.001363921644592229563 -0.0005574694028360727659
0.003848263718933861433 0.001215691063519855905
0.001422720346044450621 0.0003291792111629967838
-0.001313584014094487749 -0.002614122048196179226
0.002508855677445286005 0.003324478043580190306
0.003555481999301297619 -0.002218091129924750805
0.002510936574119067028 -0.002296378487260064723
-3.947853209993737109e-05 0.001980439651655041197
-0.002844960576203169056 0.000336308977140394429
-0.0002672618158230280309 -0.0009968854031967139522
-0.00129784486440040806 -0.002552759348113144144
-0.001359924671895581475 0.0008270611914563280338
-0.001087971216901285421 -0.003340636167495180178
0.0002339439082084825063 -0.0003004964554506072728
-0.001696460362356948378 -0.0003574339981972703834
-0.0002389794297607444103 -0.002898654200964651678
0.0007004479860116015607 -0.004160855173699930937
0.002678909361954402799 0.0008869251547046288781
-0.0005498207001402864768 -0.0005046885724333783577
0.001345860878325126761 -0.002477808343393867775
-0.002015815643885150721 0.0005380439865250090208
0.002402256854976889382 0.0003607047082724512081
-0.003931119340480506916 0.0007089672264227432023
-0.001908048203612592577 -0.001635352725961128307
0.002551585456940309252 -0.002133814395708782952
-0.0001212745603495668685 -0.002400062415707830688
0.001060597235110049847 -0.00403619377297596317
0.002664791311299859276 -0.002595917971390557938
0.002638636619108998202 0.002782815262442966779
0.001365204937352927552 -0.00189556098125765642
0.0009310421086607104015 -0.002828289590923787657
0.001806660878149954526 0.002566492173121539752
0.003516984924047271768 -0.000133396839366697168
0.001141390498335992203 -0.0009037865615466168876
-0.001181679152767582154 0.002433184908463891481
0.003721541878293173518 -0.001970966898322075792
-0.001620819697676335013 0.00336096512776685747
-0.00186011041831889894 -0.003252290827115005521
0.003136867024521462332 1.027804594063179075e-05
0.001361821271599258747 0.001438569658165271851
-0.002877201901721365349 0.002553392432646274524
0.0009411120690071012734 0.003676287713957140674
-0.00266958148315302006 -0.002343633858691753467
0.00184314465892812876 -0.002242269045532221949
-0.002084680183698222646 0.002859003431911697098
0.001886635570441400284 -0.003222465235069736558
0.000274930671162221989 -0.00380473915539999161
-0.0001043545740197146521 0.002799998080759318227
-0.002500585778967476941 -0.001045038040326552731
-0.0002813695342508092372 0.00180606676035115904
0.001711649334791874328 -0.002370429776262797817
-0.003748902197022211183 0.002060697416172281755
-0.0007405157542612710291 -0.001356242819524128155
0.003824133647941981712 0.001888887820321474061
-0.000419980622413734404 -0.002791938698120683543
-0.001141764896263420224 0.002338172133600667762
-0.003737798520773766633 0.000102710566315711337
-0.0001816855294647409368 -0.001405123259167026691
0.0007580141217930530702 -0.0007352476203180807182
0.00108284106502997161 -0.001542073622160718919
0.0003824874304619130076 -0.0007438954975973652815
-0.0006502136716547651882 0.0006787192982015688436
3.149673058774893342e-05 -0.000303767814115149244
0.001163338757284176211 -0.0009430069510771488164
-0.003352169916565213813 0.002390093297974192014
0.003639853305906097947 0.0008690976572565457282
-0.0004619829071151203195 -0.001715081841825756483
-0.0006862583544254019247 -0.002917772075908896257
-0.004124853635339547839 -0.001267678067799484724
-0.0007328176476802078336 -0.0007783799259468110292
0.000833545943205215743 -0.0008178864911240230507
-0.001002988650913828276 0.003400810542622359142
0.002519375004661485954 0.003534225197581239777
0.0005126867583604302701 -0.000497470817706094099
0.0009478382070094166622 0.0005468961546985031969
-0.001713064664855070123 -0.0007637934920770076373
0.0006016143212106539852 -0.0002874104674886292839
0.0006520749262034978948 0.002662790545982405069
-0.001414112170940189659 -0.0007221602807491172161
0.00164993089115647606 -0.0008197800539110899898
-0.0003510788938757710385 0.001886052745097600847
-0.001669879530308474198 0.002342888342763493371
0.002939074216344482113 0.002128926465795748062
-0.0008033591209695362719 -0.003926047043731182955
-0.001234950869196879252 0.003681621912296607554
-2.999523294771266023e-05 0.004193749171883192663
0.0007823541195657509337 -0.0003932507718553057349
-0.003067920492281452603 -3.461086554682932769e-05
0.001266709624307224384 0.00165293813973695536
0.001549522606152235402 -0.0009690422909350794502
0.002456146930454263747 0.0005122019033145133564
0.0001523038590590041711 -0.0007202381685751834328
0.0001402527885094725577 0.0008552678556843514414
-0.0003433545825097298839 -5.346013471637062024e-05
-0.00139392116140994878 -0.0006657699352228376236
0.00041114609964569012 -0.0009715705458683614138
0.001415734693409545584 -0.0002381085135718620169
-0.003166955223637731107 -0.0011169028520472391
0.0004305673173896958777 -0.0007764329778376527231
-0.003665453937887465548 0.0006349426088086192882
0.001963593388543104397 -0.003613730070622545032
-0.002431870801913969295 0.003411129975275822932
-0.0003076521723518758824 0.0004031696001353945471
-0.003844491859397528195 0.0007388645930470286866
0.001937961951110503921 0.001072904621728680867
0.0006426628137761768774 -0.002767934996681853908
