-0 0
0 0
0 -0
0 0
0 0
-0 0
0 -0
-0 0
0 0
-0 0
0 0
-0 -0
0 0
0 -0
0 0
0 -0
0 0
0 0
-0 0
0 -0
0 0
0 0
-0 -0
0 0
0 0
0 0
0 -0
0 0
0 0
0.00171904878539176631 -0.006249451455173746402
0.006558781188672715978 -0.006877619765649316264
0.01045275372868555153 -0.003359207643367226586
0.01260244891731505772 0.002194613972774397698
0.01181561751503083443 0.007328940456007509464
0.009203997853262304782 0.01257296507774641192
0.002973846759340110796 0.01568412573306263158
-0.002184893150825185926 0.01670389647223073995
-0.009095787227657341906 0.01477206474372489212
-0.01451775405663829031 0.01037335130780650712
-0.01794564082812512631 0.002826823973367070548
-0.01794532572580700633 -0.003667096061269698413
-0.01501239399598552557 -0.01096711977022558036
-0.009315984655997406813 -0.0159198421027118113
-0.002321087023855309978 -0.01859795661391443894
0.003988789875296681019 -0.01772607634530926762
0.01099102391920588062 -0.01485621464618691427
0.01539792749036320713 -0.00866462792719036555
0.01751272358507417054 -0.002021046493577108739
0.01606555771165214114 0.004899294391129896918
0.01223646581199992756 0.01045544579743391995
0.006195504338196498699 0.01303794246135371419
0.001187298646111133822 0.01421547828668918295
-0.004876389909746588029 0.01152380500080532263
-0.007776369972131393603 0.007539289882262384911
-0.008413793224740475502 0.002522672234572043756
-0.006479209430616594129 -0.001437360658692241749
0 0
0 0
0 0
-0 0
0 0
0 0
0 -0
-0 0
0 0
0 0
0 -0
0 0
0 0
0 0
-0 -0
0 0
0 0
0 -0
-0 0
0 -0
0 0
0 -0
-0 0
-0 0
0 0
0 -0
0 0
0.007413678543698468126 0.004562659497908677989
-0.01029522137692032678 0.01072969751483578149
0.002340579364760075626 -0.01867506297827982442
-0.005134266131404135146 0.01448320368576531438
-0.006870286541764840209 0.001585760653137195664
0.0058647582266080538 -0.005011691795247740465
0.01564489719205131718 0.001517722487910563075
-0.01615681545415726533 0.008472060670808514646
0.01426064662518668202 -0.003493412247501348836
0.007371790518137636555 -0.007369706762917854065
0.002815849359893555538 0.01167818176905479483
0.01542794193956134423 -0.004533414047027777005
0.002981683974357205325 -0.01460541131935685737
-0.01635234631702525004 -0.007193386912225645247
0.007003189105494179306 0.01719158427735871866
-0.008194924947042093316 0.0166339321542529478
0.01046056119536201666 -0.008100985040078455962
-0.003800337571761943766 -0.01510586246872356112
0.008641624689898536396 0.01465651323323462728
-0.01186952217127367967 -0.001097916853877723515
-0.01103071200345664103 -0.009535475268051376088
-0.0163017414688001773 0.003327734274370106222
0.01842352573864346546 0.001768620954592319949
-0.01685035144519339903 -0.007003196655647951456
-0.006653456480559523031 -0.0168596782171263164
-0.01518429972090380546 -0.00348158424461936537
-0.01094252290150981959 0.007904488103884572264
9.269643050972976156e-05 0.007498658251545021851
0.003557599333049353985 -0.01717841564104469892
0.01762603916797225029 -0.002074474475398968652
0.01323569636713442521 0.01150639530513049985
-0.01705498621200106021 0.003309054772655528609
-0.003561942906255354414 0.01798633467718642812
0.009114950873653574967 -0.01627868947412007203
-0.01081052627003674209 -0.01493853871469935993
-0.00914749249259315389 -0.006499304097810149755
0.001979509782416882541 -0.01125145728191243727
0.01026916960085297661 -0.006434917287017624145
0.008162346593927973654 -0.008506826864215598707
0.007633912630439580391 -0.009146723450150275395
0.011926436067761257 0.001280656182760175075
-0.007340491513133309484 0.0003564233814442001997
0.0094245368627601106 0.009557275645739342698
0.01544106121268816294 0.00163735914200503741
0.01378154828864614281 -0.004815314509283299786
0.01486464242881785358 0.006773066297198390359
-0.00913469119480311495 -0.003438355521689222781
-0.009738387233979749896 -0.01515116510508497487
-0.009299814749822383 0.01547166090336781277
0.01403941012056094187 0.01175319129309289855
0.003686345221814809302 0.01691765298070414814
0.01709198188215843225 0.005374225921227960071
-0.01385543267181697791 0.01069894717405975131
0.01645929312931321623 -0.008142582168034493209
0.003506574982824881091 -0.01817051221663699284
-0.01085409862184610191 0.005739188137178746763
0.003798433337623779993 0.007280467197861208856
0.00175275457899471917 0.008998401556502721998
-0.00333295978649313096 0.006575551366026143214
-0.007276658647905755173 0.004373809354769396356
-0.01203577132915482038 0.0009353742893599987368
-0.003166358076339739844 0.007155989763608080166
-0.0009366593946287781738 0.008143591929701422122
0.0062949904080587607 -0.007630482680260090508
0.008429837166341864682 -9.612546938605251977e-05
-0.0005481396232445491816 0.008143100720288724836
0.002197003930886192672 0.009282776089870856812
0.004211399916144573617 0.01089175407917709545
-0.0077551665475838567 0.003260367603173810504
-0.005735638968751672999 0.00569193831867456472
-0.004535576286756172991 -0.005963502568738615096
0.007531897900637430157 0.001398171994915297419
0.00796430518065743831 0.002891763879767648374
0.0009611305074063801858 0.01038180960449188069
-0.009652425113198512263 -0.001001119777774834522
-0.007030883628072246046 0.004925600064999416036
-0.004470834426936124394 0.006972922047750691743
0.002299643506979092041 0.009601273387238373758
0.007206865006074345686 0.004350294472984979517
0.001739703179516016631 0.008383016531947368177
-0.003589960635973778961 0.007011618203734222912
-0.00609276127424954704 0.002109262548947632345
0.005584458834649911295 0.004988514176963785955
0.00295920479821806413 -0.008463497882542747597
0.002792173366957578697 -0.00838117472500308873
0.008933607975427772935 -0.003188775663932748219
0.00153327781950636185 0.008985957195809064421
-0.006132644470870318894 -0.006771558774988299667
-0.00537833616092264679 -0.006165188066922489517
0.01163791761146278775 -0.007120690254424983517
-0.01290216060202859123 0.003548211705938710166
0.01069525393410493408 0.004717828804540278448
0.00393215576749075639 -0.004240412343829840294
9.769816487896860406e-05 -0.01208520357645318823
0.01315763826629648588 -0.001760239124954427045
-0.003399275774754728901 -0.01187735650763091858
-0.01091656536790413211 0.002661099472638050762
0.005899286772849064373 0.01516275674464954287
0.01114880861468583485 -0.001668105985648313857
-0.007421590759148458984 0.01043444350483170927
-0.001293229183299531926 0.01138529577913331009
0.010398005093706357 0.009005448553374664766
0.01413446304973058759 0.00022604929019278311
0.01436437393608720574 -0.001106526330102737066
-0.003512475229254942433 -0.01369253330027634698
0.0131649642935940548 -0.004353745018634990263
-0.00869840928548088789 -0.008724032383049100739
-0.01163093445640809437 -0.006259582526661894297
0.01394798432075277338 -0.0022996749978523379
-0.01274643177810017534 0.002354420959837299349
0.01171498490664025886 -0.000391513637351520265
0.01548712588275404957 0.004573294971888960253
-0.009205191883750145701 0.003905882062717099153
-0.01252497144929544046 0.003882081885398629313
0.0106070780661099498 0.009612417485081873811
-0.0009647536207495122822 0.007142494584270931215
-0.01350336527271495113 -0.006791314436399219397
0.01118177308100672292 0.007117311901911291608
0.01792789752039969375 0.005789885615124455535
0.01329367162565425406 -0.002541953443232441642
-0.0007135072028995984332 -0.01541385072137877073
-0.006169109117249863342 -0.01353320066243970769
0.000290190736132535528 -0.01258313739811910831
-0.008537627562806109766 0.007417649678290430017
0.0004896002169111223932 -0.01663038777490179546
0.01298767254133146448 -0.00893903388555690806
0.01803473129186303897 0.005069557566589590059
0.006003121424976279145 0.008249090586474237818
-0.004187727754529117601 -0.001106128291998998391
-0.008602803672178502975 -0.004954500909051280134
0.01101423843867132928 -0.0001474387925989598873
-0.01009862360724811392 -0.00521975801484184012
0.01142645878255350508 -0.01168318203802049329
0.001881410818953930522 0.01265847741898236227
0.01028742493588900679 0.006297810877128460182
-0.01131817052635136246 -0.01029431743941873999
-0.006051773428835725485 0.01471688979455045357
0.002726687297794220047 -0.004681679151907125122
0.01029811425226165832 -0.01002623132082865014
0.00757257975235838942 0.009842286006023954342
0.0007445797623607738891 -0.01466642902955328856
-0.007104401860560819425 -0.007620186374280412366
-0.01185473057888251219 -0.002402541930104155378
-0.01418099754487436685 0.005006450035425122867
-0.008208658387888076446 -0.01266109810974738042
-0.01163101747947947739 0.006739687923218253864
0.01210928718075933615 -0.0007952437524491397279
-0.006826605760241931387 0.01357579356103505268
-0.01296229900960963778 0.0007981176714572775716
-0.008997912395993717255 -0.005260930898946167104
-0.01381441090575542645 -0.006013780424929418729
0.004279111703307957384 0.0141331105890259226
0.002075094348408309999 0.01400646258766306829
0.01384164414271882824 0.008753595151828677534
0.01494559278220000502 -0.004489646999245972339
0.01369699109471616931 0.005954846087459361552
0.008459783357712516091 -0.01496513282983958498
0.01075147293108693648 -0.01385397392133481259
-0.01116585075815226986 0.009258613854074143612
-0.01509403792418035836 -0.006107408874136689182
-0.0001910681064440785618 0.01663366790208361742
-0.01461260242722445084 0.005381403258953643999
0.01103314212166082824 -0.007998937952094163292
-0.001749858673620637755 -0.0144912547839661076
-0.01259461912834181421 0.001968301624988855799
-0.002141233226176049442 0.01460489605345986069
-0.0156700328653735961 0.003562507151570483508
0.01168743637265031408 -0.01205890421382392434
-0.003814299065281304395 -0.01740832056495096244
-0.01742083113111868309 -0.001541895644723275142
0.0177871776306298135 -0.002557725781681274239
-0.001384989655791305256 0.01758962343918448606
0.002486594551975293988 0.01668467487948534569
0.01641883413935022948 -0.008895544010565071408
0.01720889142491068002 -0.005102515230645690222
0.01500963463715450884 -0.006103456731668346728
-0.01595095745905986823 0.005997989241270660146
-0.004080467383529893556 -0.01535535161554130168
-0.01552398867459820267 -0.009568622530722097064
0.00998802737585802354 0.01547165350093180312
-0.008320872982340781626 0.01625035059528552248
-0.01509159600487652332 -0.01056199295913584982
-0.003369275920551661509 0.01623844349126605732
0.01755141676999194544 -0.005505611860113448879
-0.004251935997260081895 -0.01820770476765498289
-0.007675613995279649028 -0.0167219618376153456
-0.004098678180948328066 -0.00819512772003996165
0.0006094232227412151167 -0.006901978136265032697
0.01203023582235582083 -0.0003359073376090611308
-0.001355103494296284973 -0.007847257749678713049
0.007848672648709316413 -0.007086717317469521348
-0.007032539189744811854 0.007885864400021974988
0.00595418797893433778 -0.007512142548008395038
0.006592903930547997816 -0.002670376183339828041
0.01345103369380121726 0.0005579377380290391356
-0.0007001384460260961541 -0.01243744702795913926
0.00496916261064038467 -0.008680612506572270987
-0.0001877991874114672542 -0.007233190882994097563
0.01056718569749266583 -0.006680813378486104293
-0.01384435951288581768 -0.002010610178387025552
0.01108615206844038893 0.01236489536103995215
-0.01311767296980554526 0.007887431247839681372
0.01418205677087590495 0.001355621250025071172
0.01138201457838546385 -0.01027079497960438695
-0.01063113937629078277 -0.008566658896659305397
-0.01515674423820560432 0.006119730225605691555
0.008632079798255429606 0.01248207760945904687
-0.001213220211132261727 -0.01593623190995013816
0.003166536390957480109 -0.01608129817519532087
0.01662415225930357482 -0.006567422438125034359
0.003633130998754312366 0.01284192048807324127
0.01048604446740865163 -0.01366858953394241641
0.0106404967861188169 0.0106456057777050625
0.00361795525480182803 0.01748190036492705546
0.01326109330011594582 -0.01149823224192100292
-0.01088272172918172687 -0.009963515492522665926
0.004980393930947303247 -0.01524501976300482627
0.003515617723830002407 0.01662791984294877817
-0.01390616979944886769 0.01005554696436523551
0.008913964140075690545 -0.01447965550955030919
0.01434897461480548475 -0.00952923906099449429
-0.01495052605151148822 0.007209841622349037575
-0.01164497721224944798 0.01329882864168895583
0.00684283138272814926 -0.01702112780437307557
-8.500180161501790324e-05 -0.01831212011528069242
0.01656840598546076987 -0.003842060945029510816
-0.01506557632330764694 0.008742463486082544671
0.0003964598320770533024 -0.01667229488792083825
0.003590687533894774703 0.01564064555336815501
-0.002305755473343900144 -0.01020400233845677324
0.004101675606046508056 0.007306842759206785137
0.00120616388678464366 -0.009537717301272142026
-0.003234323345199456145 -0.007132082573059507491
0.005766158381651334194 -0.002433401058647700378
0.008898639486590056297 -0.00456298804469204046
0.004268793179329205024 -0.006195851169777523253
0.001794748715026269837 -0.00691414128739629031
-0.01018338964993356979 -0.0003900439016459186998
-0.006294128120607209512 -0.0041933466656645128
-0.004887406493878701345 -0.005179533304970791729
-0.01178472921172988262 0.004073090913835587627
-0.01042149364393992785 -0.001013988774857905225
0.01054095709065502699 0.003129460777861084713
0.01232200716082542703 -0.0005501507478409479231
-0.01403784744217658267 0.007436661587145438831
-0.01297990131980985423 -0.005236692372041032786
0.01132840661681898918 0.009710972338750683761
8.000599177562153894e-05 -0.01462314686023319724
0.0137241677176214074 0.001976023669073818847
0.00669806718538995885 0.01323545655688738304
0.005357694700717577363 0.01175812693575561257
0.004115782888214289566 -0.01292295371220058761
0.004111207951602906252 0.01462274516130534011
-0.006994083926066001558 -0.0119751525222824718
-0.01519422632638261876 -0.003371278685309037071
0.01199887012527673345 -0.000456733723799517574
0.01265948577503587733 -0.01004507398174602981
0.01393507017929106022 -0.01197877819370395808
-0.005912473982174127306 -0.01675891477312030364
0.01658533237023559689 0.00597944122127408613
0.004698088572764703291 0.01645422060556265761
0.0103695047064981255 0.01306595721218207877
0.004349401835610191419 -0.005999594632104380577
0.006802630486493327008 -0.007620561289796611709
-0.004876396230708853786 -0.003177939724993396331
0.01155833184987462188 -0.004163656190482542888
-0.01519624088721536689 -0.001280601667556770197
0.00610629202591922958 0.0141292745994786046
-0.005859497814059056245 -0.01524100275587737287
-0.001255660174581076831 -0.00471807992499193897
-0.01277658827304213596 0.003731390697846834366
-0.00775703020515722437 0.013309809156891797
0.007036172588388522192 0.01557402214014226745
-0.004416468982203374839 -0.01653555414798097908
0.0162574002384816424 0.004887913610293172575
-0.01036289387440530833 0.01266440517722829465
-0.01334183424900225318 -0.01246669571507475795
0.0009224497916463942617 -0.0180333582558944612
-0.01008475271430385803 -0.01012738314908208891
0.01537982905049148363 -3.086441479895728885e-05
0.00441300717088697475 0.01619543559162870544
-0.0004718163770157553227 0.01648755833323945624
0.01090438551831598643 -0.01201896822076776138
-0.01413893711721671796 0.007271189064024309243
-0.01213824244693668605 0.005069913167599649113
-0.01499536185126155996 0.005444205003374710805
-0.005831552055526896712 0.01469005103673342097
-0.005018453010918444944 0.01523409283070234835
0.006562066867441283813 0.01669603109177101793
-0.01165829650602316116 0.01168312427598795951
0.009521175892789305803 -0.0127404211831913302
-0.01291484425941513865 0.008451801013372893176
0.01416348679865033107 -0.01017943615333407291
0.01011320675073363977 0.01518103908852679387
-0.01712638707728265236 0.00483862347332618143
-0.01492726002212985473 -0.008195170757594381211
0.01416142078829152676 0.006310292063833302691
-0.01502443148295244495 -0.007469989929465720331
-0.01449297197807889077 0.006632932743299238369
-0.003763911871498150114 -0.01781290307078981297
0.01256830788201493583 -0.01318710837940543883
-0.007412739296036133761 0.006675362191986013681
-0.008450127626747639883 0.01148759276998963068
-0.01267513362610643742 -0.0007479352462968691037
-0.005508426421082440044 -0.01079260529463040887
-0.003003391894297404146 0.01032620255813698588
-0.004103642356804591308 0.01050544942908399407
-0.008177698746915517888 0.01119985546761848721
-0.005813352041991394666 -0.01423322682715524867
-0.008448512840588798256 -0.01357828228483028837
-0.006943321963383296443 -0.01604452895186801037
0.01387139913277167687 0.0113572768244436656
-0.01101820645347649508 0.01184287373768420915
0.01830177755639884885 0.001973955624287382533
-0.004823881813729806109 -0.01757356289680854847
0.01249132803848296107 -0.004480057008733181675
-0.01256302326241274386 0.0002372526489214828171
-0.005411831068035458103 0.01288994652047981485
-0.01081545863426715617 0.005764365636010890248
0.0007452915733144908558 0.0102011665803563023
-0.01270116751347477417 0.008620012751804094486
-0.001518849584860537455 0.0141575728947446397
-0.003815330703013400555 -0.01592452580432924744
-0.01261884852994521293 0.01262708535724377593
-0.01036086696825077452 -0.01351195169835721181
0.001448250258594294517 -0.01790774205044691827
0.01577167547679709722 0.009415677788558327044
0.01813358964941825385 -0.001183475128802789853
0.01826144869671668045 0.001794386779418203617
-0.01742354641320220318 0.005092702056651555141
-0.005167279732041727032 -0.01674148626018978278
0.005538186896678246908 0.01694864440718781701
-0.01107651144679816166 0.01297836520062565363
-0.001277244306333021528 0.01696678344296160407
0.008047750918516916388 0.01490351998093481477
-0.001640689364357305041 -0.01598499766004587985
-0.0110172315386076209 -0.009969689949314528357
-0.01281841137601105046 0.004907080566825373392
0.0005779461087004671106 -0.01462262849099836039
0.0002798883451606864916 0.01809891737584637048
0.01788998881071083777 -0.0007620146143799973832
0.0182235231456005578 -0.002768484399694716436
-0.01843355793216368971 -0.0007264747929538151964
-0.01873173459686102577 -0.0003710640618069355971
-0.002775549711091345514 -0.01357988360805574557
0.01261309339418762755 -0.003408917679343983868
-0.01005637481581403772 0.005890056643330331999
0.005228503922780033605 -0.008763418280640072194
-0.006620145259494758169 0.008471730268711608752
-0.0123869458063243093 0.003855530536173986961
0.01310095515664032838 -0.004714789940317345301
0.01179542942927983701 0.002674421400441252816
-0.004027363732526731063 -0.01453711185037966092
0.01568428354869227589 -0.0002166568873165767618
-0.01434352317329187602 -0.009475811995215965844
0.00262192895296238385 -0.01738622166976649605
0.01571123461509731783 0.009980088667998718646
0.01423829723391644396 0.01036207628686255586
0.01803373738361164005 0.002249408021631636636
-0.01689739671750264266 0.005809984809249928162
0.01398346551050103775 -0.01011680771864466657
0.01666657848291457078 0.007619499585785814016
0.01712073125834503648 -0.006205746426257094557
0.009733558376167367882 0.01545438241394532161
-0.01458072898234022072 -0.01090179470577345468
-0.007488384558920348211 0.01698605454860190045
0.00911919750569220762 0.01605746251130531904
-0.0147623084986016409 -0.01143946217747960833
0.01870954284750487098 0.002280551080827852677
-0.0003529066205150901015 -0.01855175013281274224
-0.01805609931851162933 -0.003794393190857550321
-0.01805866123714184104 -0.002992687620338754708
0.01172956458829121223 0.01468108724005358356
-0.01638004605392471766 -0.001675181632577729327
0.01460743593017737457 -0.008447663007326237927
0.01418313718697921701 0.008223302761021514945
-0.01657856572712239004 -0.005666881834646455597
0.0119199550379667403 0.01307572793698809355
0.01371298376993209875 0.01208270502010987991
-0.01540202160679345761 -0.009356518763532498811
0.01421585155729218272 -0.01132663675731431473
0.008535943401158053653 -0.01538592234959405662
-0.01162048448367415839 0.01379289535222722254
0.01431055175059024742 -0.0111978656607039876
-0.01659120147955629732 0.007594167101841669404
-0.01491157962894687147 0.008128755976315312978
0.01226127590399371872 -0.01223770158823896635
0.01839633564444577429 0.001188910073957808247
-0.008958406762421060668 0.01584044803929000184
-0.005137102878826097126 0.0172272635131095822
-0.002889581314531406136 -0.01739941947821916496
-0.01648468347492583821 -0.007968024918547105331
-0.01842678144628436335 -0.0002115182726795751306
0.01408800837618456002 0.01170252256051514984
0.01297047460457301238 0.01224777829226258302
-0.01712808094510324605 -0.002411773582703769219
0.01242932087942204278 -0.01377018310108431981
0.01586238443956770189 0.009075868163833288038
-0.0008223027099248003853 -0.01783973120914567057
0.01701034171350377516 -0.005754671976830686049
0.0001558860460439954576 0.01748639557590500604
-0.005937099943131917551 0.01735426932414574699
0.01667056516172513506 -0.008367287377219720032
-0.008622923128991861683 0.009892088430194526105
0.01166721361796669958 -0.008342657729589248242
-0.01045496825735721218 -0.008789922243696051546
0.00288433292162375331 0.01060747292368106887
0.004711270606552156633 0.008747458161999852391
0.007469541725355032663 -0.0005782823884383412293
-0.006982632060021322015 0.0003570335042919872194
0.004933883198382870046 0.0135586698663518173
0.01017697124356705535 -0.008472658863956429934
0.009022854590974167463 0.005572586188749224616
0.01249665142655955255 0.004497631052413960523
-0.01352772577845003446 0.0007982797561529632064
0.0116641390818221051 -0.007347489360203207989
-0.01868612758202684021 0.0004590916957845055991
0.0007707336159948021586 0.01830220716043180762
0.01268834510845645407 -0.01254013676835573528
-0.01433625383471978307 0.01023958889912204677
0.00680981411709900928 0.0166189501710732393
-0.008473631761426476255 0.01647749285472599121
-0.004627958134158098417 -0.01776483995577463407
-0.01075917584572384962 0.01473195490483313747
0.01656449409044168444 -0.007838305599157000328
0.01059705443399375918 0.01485496685652698719
0.004404025286327219527 -0.01769865872008260371
-0.01553177941290423934 0.009250052082761067024
-0.01259117088888371191 -0.006769806695555360444
0.009736327857109674383 0.006210951236806296072
-0.002205469888558333515 -0.01511609030015447636
0.01442587308182684616 -0.01001646607464837246
0.006465703323521673589 0.01454492987272180092
0.0169821892471480676 -0.0008312444674155009157
0.002243989680572279575 -0.01688649373089936775
-0.01376740209465059789 -0.009121481792843265726
-0.01774321501135298074 0.001951522363002019525
0.005370279225402751523 0.01674140564921156732
-0.01731952507877375716 -0.00160195190796217149
-0.005684243339786507372 -0.01733298776157795457
0.006823358911688918657 0.0155311086514802292
0.01297372206023405389 -0.01245422174343794978
-0.01702619234051417491 -0.007710980807720524237
-0.01018656391706723903 0.01490217671595442384
0.01226633432770343757 -0.01419565269311393735
0.003345373031680638157 0.0183134798865459518
-0.0182335897200204787 -0.002317447269552269217
0.01302716373860524773 0.01278328443682934766
0.005340043506244805671 0.01802573152762472486
-0.01703903750493835842 -0.005667401742863767758
-0.01102495083439018753 0.01443118333737463885
0.01825333307818362977 -0.0004485120793588655394
0.008958308199324921048 -0.01591079984613420067
-0.01787468369675994373 -0.004691823902457479753
0.01498505857196963213 0.01126671782455787932
0.01338158626497357867 -0.01274924313377480932
0.01147169319436819671 -0.009740195043739467012
0.01318387347800817171 0.007284434761254068684
-0.01286746402465795483 -0.009335782838510013962
-0.01528137369013704561 0.00192700364093823461
0.005343243230460471144 -0.01567369352711695668
-0.01335757654609306608 -0.0105958570124697303
-0.007778487435170779347 -0.01272188473881357904
0.01073922464985248293 0.01242746394306435027
-0.009667438709775981465 0.01419879756806997385
-0.01132800968880815114 -0.0116172176228198365
0.006128218992556738569 -0.01748600576405792348
0.006798556213595987122 0.01653530362898238473
-0.01254478559362707038 0.01299714006361109113
-0.006102386068082408209 -0.01666284762781220299
-0.003422872279463031256 0.01773855825733690675
0.007704386825476236544 0.01581050363396922093
-0.01751558008282030898 -0.000208993625564371662
-0.0004283057274762034359 -0.01543876264177593098
0.003465476608988832773 -0.01776926107142074926
-0.01635557840808055802 -0.008513063987572568395
-0.0006010210323136464189 -0.01883763455731339229
0.008544351376002297382 -0.01423084903896711627
0.01418721919235104399 0.009427530501324048184
-0.004259320871960342071 -0.01481901848442172299
0.01669792593329709127 -0.007924266107621579305
0.001591121834018370887 0.01537836510619279909
0.01453323086046292081 -0.009311208155262606229
0.01478892264243929049 0.01095601728410727262
0.008021616122330665205 0.01658942615177294924
0.01473004706217950939 -0.0114542119683893294
-0.001137718484299100625 0.01719361121356856661
-0.004211456783809118878 -0.01627885380936301002
0.01337021439683537365 0.01026007051739134292
-0.00593085474450421278 0.01630639295998677699
-0.01438056825780974039 0.00909229987468176612
0.009991690612987104772 0.01456895976207788802
-0.01738618699441434046 -0.003486730270827470644
-0.000122287958710975438 -0.01636702611670763988
-0.002467016885519923708 0.01702877162732900976
0.00101249463510549734 -0.01804571617086585256
0.006273720165598251249 -0.01613722797694129227
-0.01080697433224609739 0.01178609540892689919
-0.005561280670994569846 -0.01577485939299514209
0.01551719209175402882 0.009467594869460884549
-0.00353353949863472773 -0.01794699488297138434
-0.01733173941094145673 0.006861766371174867797
-0.01793161845027449464 0.003725404605213101291
0.01520061065460951918 0.01078636562331546263
-0.01551785634945997139 -0.009868435360510408039
0.008165947233376933886 0.01638087375770870199
-0.01651537701326321467 -0.008624257878979977102
-0.01813846545176960035 -0.002597358225356513964
-0.009995443663404858514 -0.01451247069367691406
-0.002236151806609524857 -0.0104262230429913727
-0.008565277454392776491 -0.005768319726727118638
0.007176301283250735748 0.00930608742541931197
-0.0171196883716813221 0.006438319024594787651
-0.00680232123212475611 -0.01637631301738442027
-0.01787285829204890084 0.005281473127599469256
0.01770155360415147372 -0.005917712593015832072
0.0149874640081236396 -0.01045848286371884456
0.01064230165009915317 -0.01514701353465456451
-0.01716729569824067964 -0.006852983398792280439
-0.01432935072790303757 0.00992931305806499763
0.01351505472021369107 0.009564668269082454363
0.006264756857305646409 0.01766817640424501665
0.01106656577658605804 0.01526378965750817274
-0.01283821799746105198 -0.01328328219247504327
0.01153234887612969092 -0.01428836205248061944
-0.01350809998910846958 0.01219267285199887411
-0.008276465842966408692 -0.01589721872261549637
-0.01144832230067375708 0.0146100007442690541
-0.01253296283355977148 0.01243759523834349866
-0.001068655598295525054 -0.01819172726558786549
-0.01797314990136943125 0.004223145419308749378
-0.0181746019614863405 0.002006480401114247008
0.01842832969152082001 0.0008967403569753883055
-0.01016571440803532012 -0.01542910056461394182
0.002987700740370889414 0.0184644051584273855
-0.004674545304484122379 0.01805226268378515644
0.008952960973376458687 0.01611479980145265334
-0.01266762994676256214 -0.01357002953803045087
-0.007550880052450151259 0.01592467296776094859
0.01490573826017554775 0.01077880809067123004
0.006806419126190745537 0.01718102275302616291
-0.008837031106230514368 -0.005500055931508198923
-0.01185914083886084949 0.004170195616071120139
-0.002021655614549396855 0.0115917280071083633
-0.002051909660156494338 -0.009670941747702652136
-0.00302563015484632377 -0.00662270648206360335
0.007427699891753580981 0.004539497768981505185
-0.01444907615250520458 -0.002054639503607416217
0.0008917352639865222573 -0.003938729369740680102
-0.01676296350844769245 -0.003697555339925829177
0.01146086569608188201 -0.01387494161052238266
-0.0137769984058598461 0.011948567628906075
-0.006749909747716655202 -0.003551569061607939316
-0.01529808531512215006 0.009374222312923823769
0.01494403410572514752 -0.00862571112987340835
-0.01047721958143374953 -0.01483498566734807803
