-0 0
0 0
0 -0
0 0
0 0
-0 0
0 -0
-0 0
0 0
-0 0
0 0
-0 -0
0 0
0 -0
0 0
0 -0
0 0
0 0
-0 0
0 -0
0 0
0 0
-0 -0
0 0
0 0
0 0
0 -0
0 0
0 0
-0.0002085388084830674146 -0.001253539639862951815
0.00187386337872097789 -0.0008467487633588698537
0.0002254903919369189661 -0.0007233537805710094516
0.003093878134763443453 0.0005908626782756302639
3.352726452469662749e-06 0.0008047631756262342648
0.003016183137486850435 0.002017952157383253505
-0.001278847011143441044 0.00135111231398503482
0.001301388835097652165 0.00328698685974219626
-0.002715566840655405517 0.0006781377345592269103
-0.0007613775185605219271 0.003129942373162782933
-0.003230625681839054825 -0.001549313460299372698
-0.002373915585366071033 0.001662907328895215026
-0.001717685074609738138 -0.003655638771032932929
-0.002009314075976311939 -0.0001365543201256864785
0.0008511315727335090359 -0.004345787089044185481
-0.001062196129087489456 -0.0009584181122108998037
0.003335164902447996377 -0.003211265577760399025
0.0001111319215446209853 -0.0004232410097211859691
0.004407528178699447567 -0.0001579155046008958526
0.000293435630831298316 0.0001699882563012985841
0.002980409287404096885 0.002660167462285636161
-0.0003140455636547857072 0.0005084272986611579684
0.001300215378226864506 0.00310810908712135436
-0.001138874635715739604 0.0002614279384674704585
-0.0004333817748948509121 0.00204180871380483988
-0.001877227828433604461 -0.0004935109236347043739
-0.0002387885692694787561 0.000227456054593841477
0 0
0 0
0 0
-0 0
0 0
0 0
0 -0
-0 0
0 0
0 0
0 -0
0 0
0 0
0 0
-0 -0
0 0
0 0
0 -0
-0 0
0 -0
0 0
0 -0
-0 0
-0 0
0 0
0 -0
0 0
0.001424088971247197471 0.001593915825673445415
-0.003084518669133821771 0.001976144348207950312
-0.0008250145435142216925 -0.004404199537712621092
0.001020138198368492066 0.001467660938709440012
-0.001145667849518544439 0.0009375670614515044113
9.938081446483849543e-05 -0.001558209942850516047
0.002145457235033917595 -0.00166644782447369715
-0.0002391218059847634303 0.0002389267413560025024
0.002504285621187233787 0.001105755038329464751
0.001939944324447366412 -0.001511630822814349125
0.0006569658523444957873 0.0002593462698531174247
0.002104416277254103802 -0.002472415499044130615
0.002055426011496764866 -0.00143153216411213936
-0.0001703931395023484952 -0.0005978584971914705512
0.003097749104286718486 0.00186461704479078832
0.001026909623512456621 0.002663829340028169186
0.001475337282510126363 0.000418375925490107204
-0.002268291871751060632 -0.00258735277975496265
4.844179554938806385e-05 0.003546639948095223725
-0.0002778912990680326538 0.0001786786760783465582
-0.003151116611517066832 -0.001678307330910013126
-0.004055696994617426741 0.0009714220089135976134
0.002040551119405847012 0.002371542596149711548
-0.004367131677245923195 -0.0009208968689170089154
0.0009325001086891204815 -0.001186667134549888565
-0.0004787538278592071324 -0.00136430068448622501
-0.0006448052930576301687 -0.000206020425181363976
-0.0006978023109421968746 0.001112414076384396358
-0.001172497716131318084 -0.003550020226750990465
0.001260012391458438822 -0.00203404431574864342
0.00305223873633922102 -4.013723945269680529e-05
-0.004249140253731598441 -1.122219293083490457e-05
-0.002522240512659559147 0.003185099723831130714
-6.700834654271717664e-05 -0.003900610964574130739
-0.003570308973325745858 -0.002520516777042753915
-0.0009957606625959189352 -0.002193897361341882405
-0.001052998968766188882 -0.001170252438035826025
0.0004985728959934609267 -0.002098439531218955229
0.001973752767109304088 -0.002271389758963876949
0.002398633092232294126 -0.001470939949668825016
0.003061457507337766049 0.0002861015855911452129
-0.001353464712781420661 -0.0005995624675605552584
0.001724505362969204264 0.002841533623371686121
0.00189922826117270736 0.001964046934727180747
0.002111680089685792107 -0.002368417741020787531
0.001839469320683977897 -0.0009312065247394828377
-0.0006323585531805581833 0.0005455596976179678814
5.779346217143739931e-05 -0.0004737936710753644625
-6.478589858971883948e-05 0.0003808833594846328628
0.0034907161940602267 0.0002553815107926486836
0.001782667932469873383 0.0007465014377623356047
0.002203614361663867698 0.002819493706180134507
-6.424357007552418224e-05 0.0005378524076393723574
0.001606341064470404771 0.0009523323487665427342
0.002303057088687989092 -0.001353105674093410277
-0.002423687777367538286 -0.0004524961912463027966
-0.0001407467597057699424 0.001822990835228775926
-1.978719088475586977e-05 0.0001266867561431166394
0.0003222394134601610626 0.001316910246282520331
-0.00202516854206392493 0.00087851227362901465
-0.001786201918327015841 0.001557914159102112865
0.0005810470432056875174 0.0006419385886757126604
-0.001091065488146574381 0.0006000482714171481409
0.001502316698413328107 -0.002047892651677419868
0.0009772977657327998856 -0.0009398076800672374104
0.0001043884341981490376 0.002098521087907500183
0.001125280048431463904 0.0003453064489274106303
-0.0007293595738630974032 0.0008511835994907170902
-0.001952781372389361322 0.0009100904942951997239
8.107564795237210114e-05 0.0001037584116345816911
-0.0002964869970847706991 -0.001602684920942493759
0.0007025531805558845547 0.001122772225416433312
0.0007046152964752634088 -0.0006340448152203188251
0.001431446906664765248 0.001011182369645066952
-0.002403270116281886783 0.0001124135582598006198
-0.00200385719810774977 0.0007906731311910786004
0.0004201394392982493991 0.0008454171374975646578
-0.0004391504158241580605 0.0002292080970652105292
0.0007112705368978000479 -0.0004467751168510370428
0.0008906033792522466972 0.000381172379525573121
-0.001219558608752388269 0.0001560941504668912931
-0.000739417901710830161 -0.0005490689569211176443
0.001643509537218208316 0.0008321717954597339286
-0.000736471186527585522 -0.001667514785312231192
0.00137751008669841947 -0.0005556346096219521484
0.001825476177774496868 -0.00140298370033342017
0.000252582500552965127 0.0002769734560700488251
0.0001521651309328566834 -0.0002146132010038969036
-0.001668269561725327279 -0.0001666242121800151849
0.002494967158429031023 -0.002300238474040689103
-0.003250814929822034779 0.0001634425634717249793
0.0004399291334470202888 -0.0003067026882868803496
0.0002480314322339675958 -0.00102797572007154274
0.0009761410031501908599 -0.002800037872036827743
0.00325484098343487363 0.0004334037108756337597
7.800537476784064452e-05 -0.003049768703473403238
-0.0002351364472532879463 -0.0001369392868554142979
0.00140204642760867644 0.003836509167532608545
0.0005497063571859100387 -0.001192750782040670303
-0.002584668943815442935 0.001216717701634141818
0.0001301351899108380591 0.002953917699929918192
0.002318915423980098377 -7.833526439073707458e-05
0.0003278633619310826128 -0.0004087400473365441827
0.003528236327265999589 0.0003253827828606962818
-0.002123770575696920775 -0.001922744414681216334
0.003058330634661041332 0.0004190483644492696896
-0.0006838905792882284292 0.0001642768556939034133
-0.001060568415012723854 -0.002320389865584740561
0.001234534467869824285 -0.001834752559716099247
-0.0009472314542201033544 0.001697580644233933527
0.00104448631034970282 -0.001359031326657864081
0.003130227620509943524 0.002169311893531122078
-0.0006823158443239924105 0.001594875006787638315
-0.003066273966743333391 -0.0001693228849478249426
0.002533142537720554227 1.400130359508161386e-05
-0.000267736374050289304 0.001910467711741162429
-0.00334771026789903222 -2.435719924310229302e-05
0.001442743657731548716 -0.0005966333696165693982
0.004623752251429854437 0.001030631026664243248
0.001847156091831883215 0.001221966611776205544
-0.001832242967469808461 -0.001524713715328855201
-0.0003834415517108321746 -0.003468632930826592159
0.0007643262733424687361 -0.0004904123329294788735
-0.0004148765871473080987 0.001954716541705574066
-0.001860013920324805285 -0.002060835882080396149
0.00138565516104221533 -0.003002399079565614727
0.004431429456885015682 -0.0002198070686845473394
-0.0001448267113304839079 0.001702186483657970508
3.704044211788170421e-05 -0.0002127456909695173311
-0.002287660068226464796 -0.0009409378115774882445
0.002702202263162868136 -0.0003288470104122627989
-0.0009370565201694935464 -0.002136722500760082459
0.00322925985336574347 -0.002666110190073008729
-0.0006505966043701034724 0.002866366553625564629
0.002776875731101172487 0.0007853687056661766896
-0.001004857173332821246 -0.00312467164182620924
-0.001631355691085246452 0.0003908888874230760386
-0.0001581841156317399842 -0.0001011360908607780371
0.000843775409685347446 -0.00287055013888433061
0.002345142588962942365 0.000806580359139418392
0.001469436687436015843 -0.0008717324745891241386
0.000187063537062201685 -0.0005560472982378479893
-0.002292042593500545362 0.0009407660399717346876
-0.00133828940966053021 -0.001009462902849275843
-4.698270980788899799e-05 -0.003070159361541578182
-0.001273719302711676452 -0.0005585092729977356391
0.0003028205754284280828 1.520785822327000306e-05
0.0001027962939808965345 0.00320693294272731029
-0.003094637288412010329 0.000824672076274652428
-0.0005278035935507590813 0.0003037681757329232721
-0.0001602919347274669917 -0.0004109068315283300236
0.0002168946738662021244 0.003565044874036990639
-0.0004858920901356871924 0.0004209573355907064978
0.003745313357030024583 0.001942486048233953936
0.003355586239289735408 0.0007206478490559659836
0.003616129258383486526 0.000811120110239953911
0.002446099815946932172 -0.0004952837727750915384
-0.0002722240943437306913 -0.0007860062739524417957
-0.003218106909597377979 0.001112545348904578129
-0.0002105610205911376872 -0.0002879213011057631631
-0.0005282993939884437357 0.0003997179498861189346
-0.0008690254789559975247 0.002287233346659278167
-8.426137290084971011e-05 -0.001531863943956596977
-0.001302572752818204581 -0.003377905134411353632
-0.001196796902357649076 0.001716209762028165619
-0.001769665732494285623 0.0009032718411291227115
-0.001122749273140731963 -0.001065856074710105949
0.002499846317186463305 8.474406259849137299e-05
-3.359385312859050621e-05 -0.000339004348987689396
-0.001435766526953285039 -0.002012625542543797306
0.001114832579193304274 0.001304185089173139382
-0.001920864152435107497 0.003490953954308165241
-0.000679246226388667898 0.0005543466412305650057
0.004380959810738512157 -0.001237734470071010645
0.004186849639030189307 -0.001608481510122856863
0.000246292644316982532 -0.001674404155714149254
-0.000634149400739003697 -0.0005148276812879210799
-0.0006321836918759121682 -0.0001579693883159692148
-0.0005146039765997862617 0.0001131409531400886289
0.002385089996339504782 0.0002372787972808410115
-0.0009970429659818271471 5.392635565819705115e-05
-0.0005532662033515688312 -0.002964751200764966128
0.001070683920792578694 0.003487199551109782664
0.001720644124001682092 -0.002810215307683686277
-0.0001845392791297234612 -0.004569218441918138258
0.001073549249451822077 -0.001991758775553147467
-0.00139065114622997899 -0.0003270375943743288006
0.0008273587722586997397 -0.001168676729907313847
0.0003676848444129189944 -0.000611581361602878972
-8.305876454998510617e-05 -0.002067335862725008626
0.0007836993262036671655 -0.002137807869751733991
-0.002071747344533257044 0.001363537615880418665
0.001956295012969096105 -0.0009735572495027276178
0.0001673133784076779023 -0.0007005393512102713917
0.002598845853599051053 -0.001414381616150904965
-0.0005398855047656662617 -0.003128865528747740675
0.001928387140311028144 -0.0008921328017205855518
-0.0009203303692133973967 -0.0008895685349473218774
2.156034568820668768e-05 -0.0003903721698560931076
-0.0004616184460558244492 -0.001099435475629987604
0.001383070069112827573 -0.0002524833764412932457
-0.003317142900033621337 0.001968167548095416108
0.003292628174329168857 0.001147730165886093725
0.001519570321232888198 0.0004010676765554546316
-0.002582301231709592006 -6.756590720114223278e-06
-0.0003219592720249916419 0.001632519839167541906
0.002036099903813052593 0.003261882638021770635
-0.002035001670800897292 -0.002404087502183077305
-0.001139992000843537742 -0.003209561677532420023
0.00265305513743167333 0.001136940280449618952
0.00101870016323938814 0.0002195220442426004583
-0.0005679058384111860223 -0.001942462786755042026
-4.098227147382579524e-05 0.002370184365990238122
0.000694387014142756713 0.004405613276897204014
0.002017317997236430828 0.0004848068364661276518
-0.0004857240594092057315 8.747657093318870689e-05
0.00139555009001002912 -0.0003437177375119548298
0.001467071167363836895 0.0005679331217196552546
-0.001165255054695973902 -0.0004947105010692141001
0.0007594616486918087227 -0.003854057177394791707
0.000652624104839521265 0.0002391030049984942986
-0.000819019054494582498 -0.000485463264049838198
-0.0007494049290711171955 0.003658444519920113318
-0.001229556217849260471 -0.002068680680320966921
-0.001173006349802274912 -0.00424787986133804904
0.004138444144953289626 -9.411494715684624044e-05
-0.0002299014775348617173 0.002099411489523844015
0.001560980333246185427 -0.001068440351262797206
0.002357733620562449395 0.002263717451612597738
0.001027463255088505384 -0.001380315869116115679
-8.335943961893584487e-05 0.001800425121630527727
-0.0006123743974475598373 -0.0003491039122061436514
-0.0005041252528638709169 -0.001924865266369482891
2.190950934506685245e-05 8.062530622583805734e-05
0.0005091464996428028602 0.0004135360499499420158
0.0008109596910854132736 -0.001732088218279384268
5.226366250384939863e-06 -5.793670284126735924e-05
-0.001708571493695289819 0.001211601069597947932
-0.0003646559738331946101 -0.001336689145635283193
-0.0004151827937406378293 0.000183256680283095828
-0.0007585433632529675054 -0.0007399679991364844969
-0.002699026946954713631 -5.688843588245723196e-05
0.0007058740052733857842 -0.0007601873950334632479
0.003207934031910355827 -0.00013107197707709834
-0.003823682378613135757 0.0008486480578743387003
-0.003425400488929597649 -0.0001050804297429852466
-0.0001537655867665051104 0.002031297421012995784
0.0001373864827838879293 -0.0001396861404575500815
0.000718519993345578898 -0.001057754906332672266
0.002621072673130896407 0.002068755944126905374
-0.0007880811708059806252 0.001536759940715589582
0.0003343584593867983358 -0.003232782326586884289
0.0002457330741004206645 0.00386365192618512085
0.0005784137241527042249 -0.00232172858160300177
-0.0005293303344112935266 -0.001565434519729924125
0.000478616593567249022 -0.0009038372586263854983
0.0004692309104009975956 0.000160019412865061543
0.003433421363215024766 -0.003088310939416729229
-0.002304238633139327978 -0.003727749910174134665
0.004240404668827480947 0.001417372425420790468
-0.0008377846691406291369 0.00365145002959385654
0.0004518085858150926648 -1.276388896360330406e-05
0.001503750764415435993 -0.0005502197400748766107
-0.0003374097334910813439 -0.001301903887282806994
-0.001143640658692840744 -2.610726756544791936e-05
0.002335032997454424518 -0.001844783381731446813
-0.003285045744231507043 -0.001423912548972329018
-0.0004824335641012831482 0.000717385348815440145
-0.002664985107963251977 -0.001972693581594847558
-0.0002547643566924867337 -0.0001616677265426168632
-0.003072097627218266236 -0.0002161692930684332332
-0.001735318044117454715 0.003501602150307993842
-0.0007986465109297306766 0.003040658106822529457
0.001413092731207286467 -0.002355186165319279098
0.0005239474097098683301 -0.0003978120564460723091
0.0001515778976098672553 0.000661765825657937342
0.0002280635242742183599 -0.001004976081330559131
-0.001968814323532843465 -0.002331377131566571368
-0.002648252138098915361 -0.002421829654756812913
0.003749913456740402128 0.000598825182457697917
0.00168381339111502203 0.0005706466173003477312
-0.001027685437589483716 0.003864923164748481493
0.0003712303043630754956 -0.003166427339127954755
-0.0001039911694002365692 0.001554969503195920057
-1.649911786965165342e-05 0.0006785035619090366669
-0.003661610576930586676 -0.0002164588286858743632
0.0007796153126531952127 0.002949914553421657121
0.0003749417617638688355 0.000506190694144944978
0.001993684637579538552 0.0005167497590705624234
-0.003222989888819058173 0.002465032004574018061
0.0003365533727612164943 -0.0002042054321612543199
-0.0006862164458468625935 0.002526871372558801496
0.002022299201320561322 0.0006548294949095493245
0.003353358249352739705 0.00151894349786747449
-0.0002948519654128807684 0.0008341381575834301391
-0.0008536892588480308238 -0.002753567570649676551
0.003185869016109785408 -0.0004863122424189064838
-0.000932914851704652083 -0.002575974345735484484
-0.0005192173578499722966 0.002029611253991589221
-0.002363009912951128874 -0.003439026785102617008
0.003206759992838500647 -0.0002925317163756612198
-0.0007566962585328724719 -0.0002819322298725706688
-0.001568558562036159645 -9.892940822908138573e-05
-0.000496568930709628039 0.0008395302667942170427
-0.0005603641810528098332 -0.003006567113339914197
-0.001076785932425762494 0.002602717828550167329
0.0004610592914602376635 0.002399462377743542818
-0.002694316029282054631 0.00186891549920700957
-0.001267072367252602191 -0.003642915672906404684
0.0006853127637087127935 -0.001385966231446425587
-9.845679332797657463e-05 -0.003996715577392231759
0.0001231758806447011498 0.002638020310279192565
0.0003218740303206370484 0.002165318908905006223
0.002244366796423433522 0.002379795309152658422
0.0007017606143340185008 -0.004010439856871137604
0.00328540078617429402 -0.000569149827297169811
-0.003060533772252632331 -0.0005410835466871637828
-0.001178837771357607199 0.0001815137547763118805
-0.0003143458025815573653 -0.0001573880573020596408
0.001295069522250271495 0.0008900022771285407992
-0.003102948237611006729 0.0002007526303153791061
-0.000803292803511560286 0.0004753387283082937276
0.001418641202857117605 -0.002134156642180490542
-0.00170824389296213297 0.003813831524941803733
-0.002024706750462716524 0.000136354463648313308
0.002239034510278277521 -0.002894947759265171713
0.004038873389385253324 0.0002841960148350565919
0.004482830607550735563 0.0004586680601397860753
0.002645247484826121834 0.00237538339142770883
-0.004088065819329840186 -0.000526499771955721502
0.0001328750614013693042 -0.000358732131398937365
-0.0003568858875557734877 0.004089164820651359535
-0.002224323883117525127 0.003653381954446786178
-0.0001317474819052522864 0.004249911743945743864
-0.0008780416288127449072 0.001863427683816055612
0.001036451554753344689 -0.0007844450215352520312
-0.001744060511034964964 0.0003567396630418677352
-0.00337401093900397981 0.000733238172574008024
-0.00076041012090159591 -0.0004434558914107110221
0.001950857945217381864 0.001574863455711290449
0.00189250586677389707 -0.00215622499579137079
0.00260224994036328686 0.001730699459315105304
-0.002628553370643352 0.001998818174946620854
-0.004353699146524682949 -0.001161538755132290185
0.001239601054223457219 -0.001473035713921267082
0.001263238309965318031 0.001060389670052571277
-0.002771824508347720678 0.001105636140110777483
0.001480157272871082674 -0.00221530401433799734
2.938706876609445753e-05 0.0002146548453245286864
-0.003196087218111977064 0.0002574750625570540572
0.002516666787355475825 -0.002149077492407647748
0.0009857263824823514833 -0.0009871623728247643122
0.000781799808063586869 -0.003123188421218600196
0.0004820794343637947732 0.000887993668139782223
-3.421934138063864768e-05 -0.001937367654589951206
0.0004819417448440650601 -0.004354243050837191924
0.001175205479660982938 0.003271379265154089264
-0.0001378730833970177524 0.001118471150791161463
0.000451366533137756952 -0.0005762030526377001464
-0.0009430859231513400668 0.002426004750423344392
0.0002570111182397035333 -0.0001794635829173313064
9.678402528588226153e-05 0.001251098871051102741
0.004303302327890838781 -0.001671247344526520431
0.0006616718861319028418 0.004128121323880304741
0.0001844723985350133454 -0.001273369534137625296
0.001088100609110845144 0.002842991053057859329
0.001750351639631531585 0.004274468186570997384
-0.003999105802622011582 -0.0006258761480582068987
0.004710251586444601582 0.0002106484286495502011
0.002043391845393651221 -0.003091362068553830424
-0.0008413948352363784071 -0.00194076482335603373
-0.001167609044990870629 -0.002052305555787507525
0.003399453532459722344 0.003150060658963481103
-0.002769688286290064323 0.001685959774428986979
0.0008342403957324398545 0.0004378269107145312325
9.448592877383263713e-05 0.001773013435705529531
-0.001592599008276931105 -0.002674500403958241651
0.0001701475764525951263 0.003147908513691539435
0.00364384255303135552 0.002727335490414982931
-0.001896867300574848862 -0.003285890100375108043
0.001905248879879686049 0.0005437496848651080395
0.002976830236352662022 -0.002905019898771401491
-0.002429914675732752771 0.003777542695641108138
0.003142596106053329418 0.0002295002353340813185
-0.002417452715894170389 0.003144231578883696122
-6.423779054965305865e-05 0.0008997411548968631484
0.003588457199678683936 -0.001185774229901253099
0.002985964565012369162 -0.00192201899882987119
0.0003361348501019216679 0.0007121049513483580264
0.0009779843450918052766 0.001083793438971536634
-0.00132669345345164634 -0.0005521787858347641884
-0.001376864821687879843 -0.003029196564305839529
-0.004253301537168138226 0.001198218042628882004
0.00400544437929024541 0.001937830003901796615
0.003785459161442074685 0.001259016398366817786
-0.002322948990296550085 0.001691197730292831169
0.003707274347311608279 -0.002486967856078968649
0.001490760141800859294 -0.000750442631052684753
-0.002125008389547038135 -0.001819779419156241935
0.0002187711159028367901 -0.0005290612466801570364
0.0005278439215044554867 0.0003708978971366798556
-0.00146983697797405089 0.004371997773891022308
0.004047443413060915728 -0.002385382571497996623
-0.0008051221287123794257 0.002839422847956804899
0.002422629098924746361 -0.002640967882947326505
-0.003071744960866813149 -0.001236596463962601374
-0.0005794106309093817421 0.0005448809669451409009
0.001846136660113243105 0.001556879962693137175
0.001841804373121760756 0.0001806765514544896869
-0.00119641760015369472 0.0009356278823855256142
-0.0004416943432879951066 0.0004490745861384388277
0.001044624910827243562 0.0003651201667193583987
0.002586969316034513824 0.0009032202874498210417
0.0001992886349689540915 0.001447065708864032994
-0.0003032689396689637173 -0.0006600502532912730716
-5.063472059716844602e-05 -0.001142651685873874142
-0.004245888726328262038 0.001390794085383124934
-0.001632445112915895547 0.003688898042157827493
0.002979438223076161761 -0.003340329258109942662
-0.003980443524220294085 0.001485651459178903393
-0.001062813192370273049 0.002868653012228340824
-0.002332753626582243466 0.004032639821365860931
0.0008371585937811396646 -0.0008322770706609722725
0.0001612097920974798863 0.0006271714024430701234
0.0004827167208995438406 0.0001859934167778311796
-6.854815602771601075e-05 0.0005136119398427708548
-0.00148239392523422716 -0.001881472490380908975
-0.002573980238739964448 -0.000801464303976343875
-0.001256637997034447309 -0.002508624102298089801
0.001181712935223626967 -0.000556071223272837172
0.001392475677261733246 -0.001754268104833363578
0.001883908429546991619 0.0006981085929976830941
-0.001009354808290961573 0.0021611325845961025
0.003870193795139028909 0.001111827373299710498
0.002059680351584094668 -0.003296794875933428248
-0.00257400146887734084 0.000574353066418103542
-0.003591737556295763589 -0.001442464726686493171
-0.001339498778711480445 0.002375201068494082763
-0.003394969397991571408 -0.001996138347907202345
-0.001096063578565333214 -0.0002165848778768048044
0.002507251981566714898 0.003385493390834782776
0.002109449876292150607 0.0003922301541854282363
-0.004444988217550455492 -0.00152465727842832988
-0.001244650371011957191 -8.938389507713454321e-05
0.003273649582769194016 -0.00340826974982002661
0.002455785928515141769 0.00334283278979257293
-0.001380691002033980052 0.001531378577664355275
-0.0004070838714763465229 0.001565770322536868273
0.0009357248956520600874 0.004612960215655360907
-0.0002123886888995818976 -0.001103615607058684419
-0.0016116403417665362 -0.0001731449735999008623
0.00421762447173513761 0.001173019188061427296
0.001615940547410616573 -8.723050825488022977e-05
-0.001738227595701294674 -0.002667396454715699819
0.002828758315766423219 0.00352812521745141279
0.003807433390728792028 -0.002488120668485009016
0.002740699564381865114 -0.002487245578451844057
0.000299581775851552861 0.002116439526260144744
-0.003101947844112266494 8.830662289294795991e-05
-0.0006522390433695416691 -0.0009219138892445355449
-0.00112756055427576992 -0.002889193557831190931
-0.00166755677123397875 0.0005341658528941210706
-0.001259522914805631753 -0.003581181002657190561
0.0005033100810711493367 2.586150348567401239e-05
-0.001900844422547180029 1.580270863009523158e-05
-0.0005233135389670882671 -0.003122207109217348814
0.0008396216015640410157 -0.004502525701657827603
0.002784541332509314973 0.001288165628404058577
-0.0008573839025373836695 -0.00015848783817582748
0.001154880187391599689 -0.002841527299404594375
-0.00205189401915637816 0.0009790828139817245139
0.002538208905502513379 0.0007568533986749329499
-0.004279438846694348306 0.0006854297686794837662
-0.00187010608883986457 -0.001989286313546123359
0.00257501856340309164 -0.002534723284829602189
-0.0005375387615734388089 -0.002556806045755644508
0.001017991638509442142 -0.004415717895651281866
0.002815549261676844779 -0.002894249537225854728
0.002934754120986999854 0.002953192576260430316
0.001220986326857715666 -0.00222693168646699146
0.001335321181087284481 -0.002958955655454499796
0.001801134235992734277 0.002895001735507982121
0.003799452768570750049 -0.0003687253346460797046
0.001491327219979666835 -0.0005996890270426706582
-0.0009456972226368576349 0.002796165453164124043
0.004003811241982567146 -0.002214127028323800532
-0.001608432487076918646 0.003715648360736132153
-0.00192040135076736629 -0.003586305262557262091
0.003399260546888485755 0.0002730932375162910004
0.001174829578878656879 0.001819795896673515739
-0.003172160013415939624 0.002721056726031800127
0.001173178185519409278 0.003955586997242287531
-0.003046930342416131251 -0.002372944023105489839
0.001792748950783536362 -0.002604442303767489243
-0.002094483688873138068 0.003222330821537782494
0.00186422170030458201 -0.003602548592397842274
0.0004287457864041715073 -0.00412095681749079408
-0.000378780721666545318 0.003030410832763615319
-0.002579065135173299814 -0.001422725767318055133
0.0001237217894929048927 0.002002516199046280518
0.001577157313421961166 -0.002769828881563018118
-0.004097180074302191749 0.002183801748351835333
-0.001181313259287251633 -0.001225944167607788838
0.004115838186574482561 0.002117028276808499265
-0.0008071056410559459757 -0.002973387330489650916
-0.0009031056108880261123 0.002698241406013694547
-0.004065428738529906771 -0.0001210578553585371902
-0.0006421157838828147387 -0.001435693386505218711
0.00048228443499310613 -0.001088509750404204795
0.0009977386837058820242 -0.0017698723252589409
0.0001530575616194849217 -0.0008727268880878718974
-0.0004495338010161624778 0.0008999338655661265904
-0.0004082772463935096206 -0.0001308937926097663218
0.0009590910652480494998 -0.001338732747649130569
-0.003724495259526333993 0.002464231242323557808
0.004000409723809826221 0.0006950768816085360494
-6.584324262181879411e-05 -0.001939271611617886986
-0.0003957824568734901165 -0.003231342369722887617
-0.004459275226695987027 -0.00141089102500442827
-0.001081446701019255028 -0.0005038236955875335672
0.001158712834923381844 -0.0005516671382982158041
-0.0008166362019851236467 0.003766640436510119636
0.002738533742403141593 0.003834983260656289663
0.0001703558671855202964 -0.0008253121350078622322
0.001219235916474039391 0.0001665049186169867759
-0.002015501468041054536 -0.0004315764063314720799
0.0003739712400779087939 -0.0006876619612098313489
0.000341808330642542511 0.002969129269015395936
-0.001699210905879153417 -0.0003847306520544343297
0.00158022354527309161 -0.001265214597800238313
-0.0008029268684268909759 0.00194597819828250208
-0.002093077541364317135 0.002334262498105820188
0.003336234613143875503 0.00209733195018496979
-0.001043419512945582134 -0.004220997134010227164
-0.001126677751002833896 0.004060667636556372292
-0.0001490862604230053061 0.004549095672188371332
0.0009918568594070513271 3.003257617823201081e-05
-0.003314066888550199191 -0.0003816728827899993053
0.001040617581313445054 0.002018880058404237416
0.001891989674204115233 -0.0006678153580733788789
0.002567692371370583915 0.0009396075661276324757
-7.819190928175278124e-05 -0.0008427975983939787379
-0.0001674239711666896963 0.0009402660033865763243
-0.0003863879423056187598 0.0002451344330227252493
-0.001410792661377808762 -0.0008966717765684741655
0.0003230236315817923182 -0.001116471467309265242
0.00156988764721323901 -0.0001156057883781858291
-0.003456240375659974228 -0.001140947381574423328
0.0004423921365332042326 -0.0008575175007069610507
-0.004001287516619779147 0.0005238529178154280406
0.002207113191300508984 -0.003876838058825105016
-0.00272277150970745346 0.003630038633061214055
-0.0004728382640278960109 0.0003017660447060782191
-0.004138173742877646749 0.0009602840217618183096
0.002271450980716007914 0.0008242221665593963721
0.0003575376241554092168 -0.003077346552339962297
