                     0
                     0
                     0
                     0
                     0
                     0
                     0
                     0
                     0
                     0
                     0
                     0
                     0
                     0
                     0
                     0
                     0
                     0
                     0
                     0
-1.544163378182697e-14
-9.566649159450111e-07
-2.056254803423888e-15
-1.828034805302768e-13
-1.336088651774116e-13
                     0
 2.954996163512432e-08
 6.745740206560865e-07
 3.207858577614326e-07
  5.63738650144739e-08
 1.833142174632204e-08
 1.050237461904028e-08
 3.147257154218149e-09
-1.343737974069857e-07
 4.534459109958741e-07
 3.016277634807341e-07
 2.588909547622323e-06
 1.855909726625746e-06
 4.719108529167406e-09
  2.83971457788165e-06
-7.226806058073054e-07
 1.103800791559709e-07
 2.704878345361265e-08
 3.546107209047095e-07
 3.598943127457373e-07
 2.176554798502525e-07
 4.979882779706618e-06
 1.023967586298233e-07
 5.620188136818251e-07
 2.020128426806559e-06
  1.02260748483379e-06
 1.695619041555629e-05
 3.116909733018524e-06
 6.027841879155175e-06
 1.641939093389827e-05
 2.621154698957281e-05
 9.745281428092497e-06
 4.065314316253275e-07
 0.0001870684916291018
 2.569844094543945e-06
 1.278112926460467e-05
 1.882204265880339e-05
 8.370813009962503e-06
 6.963818837494364e-05
 6.649359857566735e-06
 4.825259042471118e-07
 1.359551662603312e-05
 6.664311871169383e-05
 3.230650287519658e-05
 5.787092557959621e-05
  0.000141241486943358
 9.885847719590143e-05
 0.0001227482215379748
 0.0001365969450879176
 9.628586227501944e-05
 9.392123205958297e-05
 0.0001704961097497113
 4.522972760101565e-05
 3.170842909771181e-05
 1.905254866580533e-05
 3.314588493258494e-05
 1.538553914932148e-06
 4.474216213327974e-09
 2.121787644853806e-06
 4.738643508389188e-05
 5.270385343640289e-05
 0.0001005199801379219
 4.802697445376757e-05
 7.587166652705456e-05
 2.712524019925569e-05
 0.0003314786616420372
  0.000134261475881208
 7.194518570878206e-05
 1.186623975637189e-05
  2.81043722615195e-07
 0.0002570424701938957
 2.464875512185939e-05
 5.123781658394711e-05
  9.76620861150671e-06
 1.946424260666608e-06
 0.0002090455476231311
 0.0002493879120433959
 1.691415265945947e-05
   1.2774432149113e-05
 5.604876558867147e-06
-2.527738873849139e-15
 2.434660943840279e-05
 4.306048115891111e-05
 5.647363729478323e-05
 1.329252609910484e-05
 6.324693790689004e-05
 1.703889705784696e-07
 4.487794778915367e-07
 0.0003424275652156863
 0.0003086815968930385
-1.686219416022214e-08
 9.181459173250828e-06
-5.355110442690196e-07
-1.777378316661725e-08
-1.046750238093345e-07
 1.858152148170812e-06
-6.725930811400991e-08
 2.314254804589592e-06
 3.914036146724761e-06
 3.463871569514314e-07
 7.955330444653027e-06
 4.672767484335908e-06
 0.0002990736394641545
 0.0002923561150106276
 0.0001295279488340743
 0.0001514820853881581
 0.0002662060600621115
 0.0002395624905863477
  0.000158487101793135
 0.0003774086319325534
 7.941123881378609e-06
 4.110992948186731e-06
-5.293955920339377e-23
 2.304860624949594e-07
 2.296699263100057e-07
 3.271124225227641e-08
  9.93223181998794e-08
 1.586429304671367e-06
 7.707043970417614e-07
 8.790635737650282e-07
 2.704033988630067e-06
 0.0002485148259165522
   0.00023168365475567
 0.0003002065601672062
 0.0003443034367028781
 0.0003446284473580604
 0.0003302236368343685
 0.0001660966515766223
 2.482812103919404e-05
 0.0001164540533866347
 4.202441375732581e-05
 1.006002787270941e-05
 3.540706821655812e-05
 3.630500445286707e-06
 6.903419975117776e-08
 1.694414021146643e-07
 0.0001805093174855015
 0.0001951674555712223
 0.0002835899115710845
 0.0002802449983325451
-9.721658156376891e-07
-6.636711047350997e-13
 1.234243014511334e-05
 7.099079575576714e-05
 0.0001894610438027391
  0.000135981574438412
 0.0003235833430219026
 -6.19521151672358e-13
 0.0002432860275724556
 1.049536059929902e-05
 5.185940753753592e-05
-9.170819945862101e-07
 4.821908777788256e-05
 0.0001476707276745974
 0.0001500538766795021
 5.507682523343524e-06
 0.0002711580135251915
  0.000304747926630512
 6.721137050771872e-08
 3.442749102315406e-07
 3.759881712110059e-08
-7.751239064586392e-08
 1.949153527106733e-09
 -6.24766788045704e-10
 8.350105097281511e-08
 4.903479134457142e-06
 4.061592977319068e-06
 1.372914799114429e-05
 6.788960160769229e-07
  6.95880148402897e-08
 6.076481809344181e-08
 4.897489060402668e-07
 1.155916837171167e-05
 3.250988024361098e-05
  4.73189718841351e-07
 1.799287316849419e-07
 1.432668115813534e-06
 9.302121074435436e-07
 2.247605097865607e-06
 1.504741730075499e-05
 0.0001076496205712355
 0.0003800206319374422
 0.0002642243531197004
 4.432988802464491e-06
-6.753252383560869e-07
 6.660670825435782e-05
 0.0002616865556898503
  5.32982311465633e-05
  7.78321666998409e-06
-1.637589004788854e-07
 8.302642879901638e-05
 0.0001638386165025315
 0.0002653101534781949
 0.0001211901668844811
 0.0002352115562911204
-1.191835774977332e-12
  0.000283547256413483
 1.317715887921319e-05
 0.0002254703377233261
  0.000205736865719767
 0.0004166839246892216
 0.0001039829749163937
 0.0001205094454626947
-4.051793187865191e-07
 0.0003010180742486402
 1.597409392605292e-05
 0.0002383348524382069
 8.185218567647722e-06
 0.0002413171434776569
 0.0003679222041768339
 0.0003046640991242662
 0.0003375939501705729
  0.000332814270074954
 0.0003743452109810933
  0.000361270100194137
 0.0003501178521341377
 0.0003669488777588167
 0.0004090223224831944
 0.0003924416679507114
 0.0004065905261181964
 0.0003882392206234307
 0.0003175017987424527
 0.0003633672141580609
 0.0003773760057057617
 0.0003862563206168829
 0.0001060396329160789
 2.384717270357909e-05
   6.8059915427512e-05
 8.132375110467037e-06
 3.942069339702678e-05
 0.0003114022714251305
 0.0003527698935017559
 0.0003800264701092197
 0.0001455922069660482
 0.0004077086394051301
 0.0003972272541910844
 0.0001550755448035379
 0.0002389171998527658
 0.0001799602015385744
 0.0001949229250147712
 0.0003802811516189762
  0.000136342773669597
-5.557319680432471e-14
 0.0001210214407891005
 0.0001504480751658637
 0.0002415993119768506
  0.000171055902311452
 7.106071056345446e-05
  0.000162277904974008
 8.693477588622986e-05
 5.051702780620182e-05
 2.759377386807727e-05
 6.810018320988215e-05
-3.649315160254243e-17
 1.949146981632446e-05
 2.033476726557093e-07
 1.027207163118723e-06
 3.733768873635799e-08
                     0
 3.444766257249514e-08
 1.873339521144242e-07
 3.052435952993101e-06
  8.99076403935127e-07
 4.800307378611162e-07
 3.311940133201241e-06
 1.995319891428623e-06
 8.278548214523007e-06
 1.763529299773084e-06
  2.25494920173378e-08
 2.888417749715245e-07
 1.067819233987208e-07
 1.116049649946889e-06
  5.13688860594869e-06
 8.296431451602194e-06
 1.664381192539979e-05
 3.241066317979452e-06
 6.058801708623407e-06
 4.660335491853375e-06
  1.36953039799839e-06
  1.17140027986127e-05
 1.777526328997109e-05
 1.154729001265312e-05
 3.108183326902823e-05
 -7.79983241519724e-13
 3.806022234335735e-05
 0.0001667400912953309
 6.692438107520161e-20
  7.92519713039908e-05
 3.167096817791182e-05
  4.97038615894653e-05
 7.709320059371999e-05
 0.0001191656769382619
  0.000201919795432178
   0.00018414993798688
 3.114302212932328e-05
 4.521231928358367e-05
 1.729329263696661e-05
 4.112177733326119e-06
 5.199008142044154e-05
 0.0002850343463284725
 8.709424745111162e-05
 8.943724370904267e-05
 0.0001073205183838679
 3.304231564596389e-05
 1.871220650522401e-05
 0.0002616144889146399
 0.0003293845506291427
 0.0002264653888199907
 0.0001668841378133673
 0.0001395129531677047
 0.0001504906769093323
 0.0002222785775095425
 0.0002151405375985398
 0.0002689603419222724
 0.0002596318675695464
 4.772233679901058e-05
  0.000149230539539171
 9.347070490451282e-05
 8.029020307829052e-05
  0.000112789275041818
 0.0003131537306456679
 0.0003006422381859906
 0.0003253889738271184
 0.0002077548814333035
 6.418507969941318e-05
 2.398373514577358e-05
 8.741029855681966e-06
 2.325696670811101e-05
 2.230846394851283e-06
  6.87162316507217e-06
 2.665174698796199e-06
 3.829247463124038e-07
 5.707752448755217e-07
 4.136885071375665e-07
 1.670770055153665e-06
 1.163264797077828e-07
 1.218810205037441e-07
 6.926049585108926e-08
-9.866808089479182e-09
 3.113888388953194e-06
 1.368198548395504e-06
 7.600205808645989e-07
 8.431185880544522e-06
-3.291360588266411e-07
 6.300905340226837e-06
 1.424123560184454e-06
 5.593315206747092e-06
 2.443990853999368e-05
 8.834367503384694e-06
 1.024847703820306e-05
  1.27224885219388e-05
  2.12976225051453e-05
 0.0002606870986892383
 0.0002643184754643209
 1.842989481227246e-07
 8.564850164205017e-09
  7.09910692121673e-09
 3.419642143547291e-05
 4.200245844800373e-07
  4.10456237126652e-08
   3.9590660924289e-08
 8.700759058481331e-10
 1.718121303452457e-07
 2.478348862232149e-06
  4.54479361067766e-06
 3.208495950905932e-05
 5.823531332624084e-05
                     0
 1.763113833622354e-05
 1.896059826175973e-05
  4.06492716165506e-05
 7.126046914459922e-05
 5.630276331190302e-05
 3.166467348918009e-08
 4.523496067259934e-07
 1.905252751409372e-18
 4.127176978141643e-06
 3.430476903673783e-05
 1.125339664100694e-06
 1.734006289354898e-08
 5.950740253224816e-06
 3.509811934739733e-06
 1.609532106565563e-05
 2.442948223336358e-05
 7.438039333899574e-06
 4.195408478800607e-06
 7.690192617492322e-06
-3.490620229133838e-07
 1.466836047019125e-06
  0.000136503704929456
 0.0003440788086222608
 0.0003367715049193392
 0.0003853514202843425
 0.0002767971656343863
 0.0004155740304410264
 0.0004159762739611664
 2.498876695631942e-05
 7.506975796158333e-06
 1.872822241535886e-05
 7.378754696766791e-06
 6.820305745464666e-06
  8.39456862150826e-06
 1.948992074507699e-05
 7.176550038758014e-05
 7.418356848134761e-05
 5.810941570172252e-05
  0.000264993809284943
 0.0002821262841333607
 0.0003323100237615124
 0.0003315208031723928
 0.0003591706084287686
  8.49786634013736e-06
-1.286615615672571e-14
  2.54145926007989e-05
 5.587927834579612e-05
 0.0001145030504273614
 0.0002055804205831652
 9.726047985540318e-05
 9.471879837250668e-05
 2.278950327989939e-05
 1.292314638168953e-05
  2.76982102261312e-05
-7.634110507381451e-07
 0.0001247455162938043
  9.78984883420158e-05
 7.204242340304922e-08
 3.068346897343747e-07
 1.493054393348975e-07
-3.945117664802316e-08
 1.529673547234031e-06
 1.090467643945625e-06
 0.0003211862219845999
 0.0003812993904130418
 0.0004075715231346322
 0.0003951100273213618
 0.0003664234306301913
 0.0004304818944889495
 0.0004242767522276852
 0.0004234951666040043
 0.0002188921568307604
 9.716777057278239e-05
 -2.38038852582375e-14
 0.0003468119372306242
 0.0003668085818631532
 0.0002941627769553783
 0.0002108526741271483
 0.0001979606589753073
-1.889253610476743e-12
 3.904022617301249e-05
 0.0001867534314841379
 2.075467596163449e-05
-5.839683929889257e-07
  1.24836894770864e-08
 7.438764332112997e-06
 3.728538485607003e-05
 9.650447446690307e-05
-3.326225507424087e-12
 9.062510645533643e-05
 0.0001985695186493462
 0.0003017614600842675
  0.000136574112911277
 0.0003980169911401866
 0.0003498580232516834
 0.0003813322899722695
 0.0002575852493369798
 0.0001523514448609421
  0.000231455007071849
 0.0002826691038268603
 0.0003388198731528653
 0.0001457766925861888
 0.0004193562032332365
 0.0004257800661684989
 0.0004172560216612412
 0.0003388248435778595
 0.0003822672545641492
 0.0004299509723505752
 0.0004224308593028204
 0.0004106955989404148
 0.0004180626217926255
 1.787888357858136e-06
 5.405489911233065e-06
 7.659857650122097e-06
 8.196520938106053e-08
 2.072436855628802e-05
 3.576012092137813e-05
 0.0001200745052298828
 6.769231280200977e-05
 4.678755014944312e-05
 2.417502890365435e-05
 1.957761605396904e-05
 4.368838547096131e-08
 4.103034034045083e-05
 1.867336625388922e-05
 1.154703505272916e-05
 0.0004002307098852049
 0.0003747062791254402
 0.0003723307668410826
