0.003360927776118306 -0.009389346381361605
0.009250919046225761 -0.003950959035112922
-0.008933720653328548 -0.004540143410933986
-0.009971969237454442 -0.0008782175886909783
5.381890733520324e-09 -8.26017610098283e-09
-0.002178944557344062 -0.01307662183958067
0.002547752549064357 -0.001361211980968669
-0.0005831488825707355 -0.003652677504669708
0.001661743166682226 0.002118459134552353
0.001939867239024145 0.001528425936389183
0.005239169639230499 0.002172455610347216
0.00331979183701223 -0.005528085777235561
0.0002253279823594987 -0.0003649345601113258
0.00939045927785799 0.007937303186533238
-0.004176987824088349 -0.00530690074877008
-0.0004561277743698059 0.004696094841595881
-0.005788197726760495 0.005188492525192749
0.003188545858588671 -0.006736781277251224
-0.00504926539321734 0.002466098667789392
-0.004689455020712063 0.001026815010006256
-0.004275139798894434 0.0009558941945491748
-0.001918012565535422 0.002715476479280453
0.003966299169648212 6.537628922223029e-05
0.002604189373997846 -0.004360134339236547
0.001129601421371775 0.005783795365131551
-0.004188597501273227 0.003498299499813611
-0.0012101998159991 0.002106000881022651
0.002350109518225973 0.0005261523977112907
-0.0006157690885553041 0.002699944664091996
0.0006430566381076218 0.000121692097715569
-5.95833075541217e-05 4.731294049124871e-05
-0.0001063147696117202 0.003786470136587471
0.003099288198039489 -0.004592595066604236
-0.00242109086491036 -0.003069295691255213
-0.0004072771788583805 -0.001681098721069894
0.002991651342536923 -0.001207748871725113
0.002916111534647316 0.001226339686462954
1.129902604590935e-05 -1.504272934413722e-05
0.002086857714166476 0.003813680323835637
-0.002528212160397425 -0.006447875034699422
-0.002526396937903783 0.003710554993153151
0.001325957573578363 0.001751104617013164
0.003691397128114146 0.001421605864945796
-0.002352681330650629 0.001330046712545004
-9.973981842322267e-05 1.647072387283756e-05
-0.002344423654820784 -0.001769785051037943
2.222760380494963e-05 -0.0001377071316837613
-0.003063460432412515 0.002133365767847412
-0.001038474420409998 0.0006099914438303057
-0.001235622816151926 -0.0005023101681601407
-0.001716412889493578 -0.002997991480525665
-0.0005168920814074084 0.001510499718137295
0.001188200471984586 -0.00102126657483808
-0.003387655682162557 0.0002431873004408483
9.927729735933912e-05 -0.004804764569075391
0.001934995920016558 -0.0006283225973321015
-0.0002153822405849873 0.002936042406651217
0.001583045418042214 -0.0003175593324593522
-0.000133726541532638 0.0001200116777910687
0.001376447756265881 -0.001758285160320206
0.0001035196494480848 -0.003642511690548347
-0.0007271140358098048 0.003099034174013296
-0.0001093328156810371 5.101107299889134e-05
-0.004336913448859573 -0.0005321001677622693
-0.0005679659317321779 -0.0001844326369488295
0.01189355833451646 -0.005256657043304844
1.461900359052354e-05 4.632496496873184e-06
-0.002066179175416739 -0.0006470596107762659
5.645370382617289e-06 3.371062433305786e-06
-0.001642366729835034 0.001903109187023959
-0.001397913925464799 0.001167574829202779
-0.0009309201777843187 0.000877830160018074
-0.007672570274356878 -0.005819052563072771
-3.554651235724056e-05 -0.006052741260657389
2.660238690272484e-06 -4.85398449823367e-05
1.314569645816357e-06 4.866057737569016e-07
0.0009347929153861804 -0.003196335260398201
-0.004214484721139175 -0.0009939213078574043
-0.0006123631228955702 0.0005936726915926269
-0.006676830236260256 -0.003000737430587105
-0.003633767543975253 0.002189232425867068
-9.975862766436044e-09 1.100976060008989e-07
0.004887043036884663 -0.00267780985668359
-5.277273818380384e-06 -4.481168987559122e-07
0.005710548078529144 -0.006316518736149074
1.41015640629766e-05 -1.766958955079522e-06
1.56615026129842e-06 -3.578463643636907e-07
-4.029722418631223e-06 1.685692158535178e-06
-1.224236987694908e-06 9.106817702197806e-08
3.02094955480855e-08 -2.947579369558777e-08
2.136933642040863e-07 1.268010301973093e-08
-2.609531401294993e-08 -3.78475910744156e-08
-4.866177575175347e-06 6.499184813963901e-06
-0.001472529701348964 -0.0006260772372344972
-5.948659696908667e-05 0.0001290809266269447
-0.0005414809761401216 0.0007444222695424219
-0.000536821290835756 0.0007135899221226825
-0.002257155702300738 -0.0008788866263708987
0.001080367107964131 0.000166158432053512
-0.001852760826965768 -0.0007674482856168059
-0.0007500716850707639 0.003510903722044338
-0.000256476734405336 -8.259165167967141e-06
-7.054153772739426e-05 6.826131271205389e-05
2.54973069475761e-06 8.418902286582536e-06
-7.404133467589529e-06 6.305931519554911e-06
5.308133626112178e-06 -8.469653808982795e-06
-2.003731141872087e-05 -4.838890150599936e-05
-3.21068735254553e-06 2.645023703350344e-06
0.0003487067394388185 -0.0009261771725167538
3.932922035721766e-05 -4.151829225150253e-05
-0.0008534098346120533 -0.001192871297118327
2.184863301906614e-06 3.635335554909364e-06
1.705816417895537e-05 -2.067984916626162e-05
5.174611146577848e-07 7.124896356453943e-07
0.0002896424599389528 0.00334601544950933
-4.803533661127008e-07 9.075134330999711e-07
-3.435383108909491e-07 -2.231780908450046e-06
-0.001435884056741135 -0.002046731308710973
-0.003063522492976868 0.001077802995876262
0.002695702523968213 0.001040815525410768
0.001917060690901833 -0.001346591221320264
1.915449842920992e-06 -1.122217919732049e-06
1.041173499017774e-06 -8.082965190481095e-07
-3.70358489548773e-07 2.316174517099478e-07
-1.702655248309574e-06 -7.702040715011721e-07
0.0003053385771073452 0.002700632695976837
0.002954788085655062 -0.000879398696308481
0.003701679289632318 0.0001665935668937105
0.003175875372647519 0.003727372320368484
-0.01196759473472266 0.0002264187980449874
-0.004143990691121397 -0.000168662325003145
0.0004763517615308264 0.004506636498443998
-0.001010661640582865 -0.003922255375601974
0.00509433806419968 -0.002430932716748034
-0.004768725450338072 0.001205772838936013
-0.007670753375372624 0.003411353924462891
-0.004323443071549922 -0.00105037721953243
-0.005660675673219712 0.0003121528485943695
0.006537321084726581 -0.003716908332933794
-0.003288148553827814 -0.002235304179476621
-0.002840826731812105 0.001542915025870356
0.001252892640755902 -0.004742408210041445
0.001156222839277122 0.004835196333236036
0.003902369670645455 0.0006592328202538154
0.00389760745362702 0.0006489378359624948
0.003841175292770837 0.001796857932686741
-0.01074012363513185 -0.006471524482763639
-3.828313578485263e-07 2.957137884344648e-07
-0.002041548370205405 0.004592577738770137
-0.006076024560673677 0.002009670770901352
0.002725482403970249 -0.003088775303387104
1.013974286133838e-07 -4.138921842167253e-08
-0.0005991530252121624 -0.0001224362233753293
-0.001690816450162813 0.005393825613374661
-0.007873138012073712 0.00356227462326901
-0.004203032137658991 0.008076808683071852
-0.0006289117493791328 -0.006488892514993547
0.004080630882558915 -0.002610366640063074
0.007150065108331917 -0.004003836985764338
0.0107976355835536 -0.003534776956168345
0.001880002238064626 0.004317642993207127
2.130719419322268e-07 -4.723869773802401e-07
0.003513329373743461 0.006296038168530848
0.003540401917511941 -0.003997925130570338
0.004613706448377191 -0.006784538838810477
0.007754662923633804 0.003259604995864272
-0.001831442543308088 -0.008915458948750957
0.0007045255215958402 -0.007845680280772168
0.001042597953010129 0.007377870613933294
0.005630890382442735 0.0005028028040368867
6.995215776870007e-07 -7.913666419153789e-07
2.303681343006626e-05 -0.008430030625654778
-0.0006119536541382277 0.01142550815827013
0.001831030264679015 -0.01191021529351446
-0.005678057826449839 0.004314401612738833
0.005951016967624301 -0.006764394731781091
-0.007507674363654291 -0.007885916501711299
0.005172529093950081 0.006592740199214693
0.001540239754120528 0.01006537119879395
-0.002524451982860764 -0.009913845075329988
0.005941038892596564 0.007331630184905754
-0.005796868368587327 0.007445039582234459
0.003277597647020891 0.001133887896056036
0.001638844728617704 0.005979796495089493
7.875590891590604e-05 -6.485276375392245e-05
-0.002443074590893076 0.0001493229800619919
-0.000343298991559523 -0.001091331447141013
-0.000906156099221299 0.000606768525850398
-5.818276871279409e-08 2.505332929950023e-08
0.003321045518917229 0.008938397212588703
-2.445335183248942e-08 4.800177875676812e-09
5.654450274998763e-07 -1.909256730786295e-06
9.056185361791507e-05 1.946328889201781e-05
5.789466713353726e-07 -1.651375612057454e-07
1.996750156245652e-09 -6.343968823867268e-09
3.82936537645775e-06 8.850709956115483e-06
0.0002265269792312379 0.003733715181814777
0.004640922873610343 -0.0020614843182467
0.002383176139091837 -0.002893196315945352
-0.001993849430799661 -0.004342795148571488
-0.00308180561345767 -0.002023742505130569
0.002280725508358217 -0.001642642321593681
0.005980679474732586 -0.002138217869195662
-1.156793372394185e-05 -1.615510877141707e-05
-0.001052308474902777 -0.001570420290724536
-0.00580542214736935 -2.70498707755973e-05
0.004411150833089125 -0.005131987385652223
-0.004281064875850232 0.004370816557570232
0.005975400159050896 -0.004492505854692776
-0.00388985572512535 0.006106100928442067
-0.002945495810585917 0.01127196938512512
-0.003176804277591934 -0.007027136355366634
-0.007490080968160814 0.003021425420263694
0.005589110923401885 0.007472255293418681
-0.0007585516572523782 -0.009010852096659557
0.009680746394525935 0.009159911563476748
0.002954488748665926 0.0006284580244179922
-0.001414630682283694 -0.0003364074605700042
1.331728327832233e-08 -2.347760319742942e-08
-3.736117477338491e-05 5.192518425838017e-05
0.003696684677962548 -0.002090549404466497
0.003631870832504325 -0.009986103839101004
3.168886270339481e-08 8.364649490076341e-08
0.002573460940462193 0.005456965277732024
-0.004984141568019801 0.006837838287718437
0.001301392687735323 -0.0005178270131806653
0.007806017671217394 0.009543701489659785
8.768425406702229e-07 1.09388719382295e-06
0.005062347758332511 0.01001631523721414
0.008079616027642025 0.005713942995908113
-0.007976314546067368 -0.00901109210854527
-0.01142847437931161 0.002716413616472443
0.005025444189676811 0.01125328316564306
-0.002109353689583831 0.01334158896505903
-6.85493713444894e-05 -4.635470142663675e-05
-1.786375477705867e-06 1.281034107608384e-06
0.002336264380975839 -0.0001433174538172719
-0.0001058725061641003 -0.00181573998521554
-0.01023368807901158 0.002906468223994953
-0.006170563521446149 -0.00290887834007894
0.002594646172104334 0.002265862045056759
0.003798763386965629 -0.004078657296318654
0.002919795547464312 0.005148866641965271
-0.001898875870734858 -0.00679054866912615
0.002453299981323225 -0.006271655325617863
-0.005083634372420273 -0.003917732280049947
-0.002733567723473318 0.005159868714956902
0.0007029867745734156 0.005422301138385086
-0.004749542390706949 0.001223626919731597
-0.00233358808742286 0.007279496762539212
-1.823169705301297e-07 6.911775954775064e-06
0.001357128962051102 -0.007137650885492511
-0.001824332265217405 0.007287769857923671
0.004616711607248155 0.004353859328113737
-0.007660391117448557 0.002009294710217907
0.001452890862914136 -0.009244373710547232
-0.007414956211690926 0.00552198269891071
-0.0005203239335427968 0.00983646411072284
0.006325407462994834 -0.01051328788271648
0.01030431041226465 -0.003235152582675946
-0.01094421245577067 -0.002347683963145532
0.006753191029365809 -0.005323592794340866
-0.002586204661773968 0.008089870199680185
0.009648124125413535 -0.002427985969917095
0.004524135684151225 0.005487841169404943
-0.001192677401285568 0.009195542440320991
0.001626845744901335 -0.007555224073512287
-0.006649092572743455 -0.007450054901609416
0.01178881964173869 -0.0004646092854597832
-0.001504838688295415 -0.008130925948302727
-0.006371991723168921 -0.0003361405693126136
0.006428726745191605 -0.003681650050475736
0.006191107322335875 0.002538840795068069
0.008412936693284585 -0.005964774047381771
-0.008404033414193364 0.001676304631120409
-0.003871386953187979 0.003350885346129934
3.644183735077977e-05 -0.007548814686432502
0.0008046039452634478 -0.002244720933484707
6.060216606646664e-08 -1.677519985227256e-07
-2.61751499854615e-06 -6.023980908348283e-06
-0.005524769314633871 0.002906786672348756
0.008866379262371474 -0.002309610453956841
-0.01166840715519797 -0.003312548307278757
-0.00738491020595422 -0.002562041761621418
-0.008390916713678516 0.005804165586221281
0.008204418924768924 -0.001794047772802434
0.0110181421619465 0.0021945146875212
0.005999302421721604 0.004136954268351829
-0.001684167822730798 0.0008567091433790405
-1.895212584078307e-07 2.627012416148732e-07
-1.165131570737608e-06 5.891465616718825e-07
-0.001323351167128441 2.644705511467202e-05
0.004603751129893161 -0.004938520793466909
1.36752045953616e-07 3.431619847881833e-09
-3.924875271808779e-05 5.540994924324697e-05
4.865614081776234e-08 -3.031257956888728e-08
-7.978675140483538e-09 8.804879397256227e-09
-1.055655597971772e-05 -6.808667034110358e-07
6.682235901710968e-09 1.056099107665887e-08
8.116361356770734e-05 7.043385094078391e-05
-7.899130723397902e-08 -4.205490931158417e-08
9.255787969134177e-08 2.058139371317234e-07
-0.005282144654079365 0.0009264068491655472
-0.006168158455581161 0.002702281927415423
3.444540441396703e-06 3.338816956697608e-05
-0.003359234136418727 -0.002768914077075067
0.004937940164342959 0.002768234572565089
8.637154138660685e-07 3.728860558498895e-07
6.716730915992231e-06 -4.306771568168107e-06
-7.306430673122411e-08 5.397983711443163e-09
0.005451372094734518 -0.0001609260502987524
-0.01009345368620816 -0.00018849880084997
0.01075893739586729 0.006558338207500901
-0.01051827894504169 0.008725099017987995
-4.018420120406831e-07 -6.441248338229644e-07
-7.809064206113543e-08 -1.064269805387575e-07
-1.000952959569738e-05 -1.485690324526127e-05
0.001470340305870093 0.01022001318632355
2.208769993097436e-06 -2.365074086332788e-06
-0.001589540232455105 -0.004448536637705107
0.00614745314206195 -0.006434444292806344
-5.945578400857175e-08 -2.010508734179501e-07
-0.001720447903968651 0.005493528018439649
0.00488383421748468 0.0114530664220528
0.005624295702448736 0.0003641232009976488
-4.259338897342914e-07 3.347872758070757e-07
2.834448542182458e-06 3.901503733671408e-06
1.818817811242166e-06 -1.268392422984508e-06
-1.833904053287701e-07 2.00835128653974e-07
0.001315465046535561 0.002569765231124377
-2.994753868536005e-06 3.169212955709663e-06
-0.009856336693314387 -0.004022224010679853
-0.003641535338344971 0.00538140628004512
-7.034319301272676e-07 3.379464385219878e-06
-9.354384584546901e-07 8.420221972021602e-07
-0.001772957292534711 0.0004814132159538768
0.0006069077284923691 0.001582849316514892
3.306428458070074e-05 0.001939235742657791
-0.0007442522138529438 0.0004344465101335981
-0.002034282174067464 -0.001614869308468136
0.0006509778529395065 -0.002576003543794583
1.970115914375777e-07 -5.150844913087637e-07
3.856090129348857e-06 -6.82994697508862e-06
-8.073847830829735e-07 1.968528576407003e-06
2.319598881118945e-05 -1.48224631607327e-05
-3.728845495239668e-06 3.04799940466294e-06
0.002452387628740241 0.00168347652293531
0.001740615187538729 -0.003519478545505793
9.018921393317164e-06 -8.550666671956792e-06
-0.0001171554607694833 0.0001499327599540307
-6.455046814062526e-06 5.736233424104905e-06
1.327367757032096e-05 -1.925760736830569e-05
1.704582751891835e-08 3.109909531247235e-07
-0.002945810344390575 0.000951557372758316
-0.003329047375013343 0.0008749396995769873
0.003052417653923352 0.001702998359583602
3.89282954105611e-07 -1.177107593533338e-07
-0.002735852230623071 0.001857590769250812
-0.005026427021931186 0.0004842412620872751
-1.20128278541393e-05 1.215260587485203e-05
1.596529181853692e-07 -2.951640021034936e-06
-0.002706043329306762 0.001231842428215624
-0.002762201807590956 0.003629760436095223
0.004458426473694419 0.0006286479174337454
-1.684067382853254e-06 1.054819685140324e-06
-4.809194042750682e-07 1.176332844829552e-06
-4.61419144904693e-05 2.792240518265794e-06
-7.00558551746491e-05 0.002445941931961402
-0.0009561683315368937 -0.004139336415460998
-0.001371363893991023 -0.003500520100990153
-0.002207164686256019 -0.003846048517055025
-0.005163921918799232 0.0001407184797417416
-0.0005650046699013531 -0.005244219453498228
0.0001344801817318852 -8.995727707758523e-05
-1.81634559508205e-05 3.356838572199391e-05
8.084797767958482e-06 -8.407995262192419e-06
-0.002224966490739605 0.000724203908445453
-0.0009401633871168046 -0.004613502994712495
-0.002536057495964635 0.005813074865188416
-0.005001102228469935 0.0004981868229055459
-7.850292556435667e-06 1.914067310269615e-05
-4.575550413408762e-05 3.677112007413579e-05
0.004314010952354884 -0.004144025352617489
-0.00207736902011249 0.001092998796526202
-0.004582626669751915 -0.00306779132262578
-0.005790533690895432 0.00437713876833165
-0.0009311546463664456 0.001002258951695467
0.005382424736789022 -0.0006206811464052376
0.0006224446365549288 0.007399848049675869
-0.005504079454044687 -0.001362793012087753
-0.007555698138008376 0.002355490734352524
-0.01091250794586232 0.006337612351762278
0.005151662810979207 0.006516774525025264
0.0005078838644500585 0.002063170853472117
-0.003692663766352894 0.004005125660756071
0.01105640601141525 -0.004555535819554939
0.003772046895877746 -0.006461676686883075
-0.005928372249397515 0.003296252959649205
-5.586452063028153e-05 -0.001272331663658425
-0.0006469144583057526 -0.001521104716512601
0.00608348156206578 -0.003108325024509783
0.009577309437126936 -0.006149013360659933
-0.001424787607628786 0.0005536801586845992
-3.922557919416171e-05 0.001239294164861471
0.003937127654006473 -0.00804702685957271
0.007968708095522411 -0.001882672622641527
9.332844190797218e-05 0.0002758714994639626
0.000177643686685564 -0.002856632823098165
0.0009270129936859412 0.008087775334168169
-0.0003384633309577405 -0.008418641274000219
9.119807065896161e-05 -9.894394541524237e-05
-0.0001204413012549795 2.255071353940486e-06
-0.001333592621730455 0.002047895466268715
-0.005698806342972066 0.006363127729226641
-0.008762992526635786 -0.0004280905144983203
0.003765834257743314 0.004819301106568097
-0.001884237095255851 0.000962050216284878
0.003484885748521435 0.002396951693850618
-0.003085679771288797 -0.008328140090079761
0.007886309915568821 -0.001317762210441887
0.007962710070460921 -0.001108663775780336
-0.006310461138080006 -5.176795591955453e-05
-0.001912881421368245 0.001490939372920682
-0.003189818152615675 0.0001446944655124931
0.002314566595380612 0.002645776878066403
-0.001076930022792249 0.009362384664289366
-0.00686428795537525 -0.006680904896624311
0.00300985969219478 -0.009231890838808651
-0.00830631054603995 0.001626201564884795
0.008191091643145241 0.002981501379019653
-0.006300874242450062 -0.005480676060711347
-0.005413094145079897 -0.004183089052933257
-0.001893347231875276 0.0008018851588911671
0.001216068882735059 4.039828494025583e-05
0.0002727571745311904 0.003318077396314635
0.0001755147216581368 0.001089269263281129
0.00242107237636106 0.001067233609725331
0.000642984545596129 0.0005596389257162724
6.701660819016201e-05 1.18830121739467e-05
-0.0009490185623955474 0.001475282491687902
-0.00289655426573887 -0.009739968625424611
-0.007906761966528135 -0.004715465688864116
0.004795332010444833 -0.003971595997798871
0.0006629079726393399 0.006780935839253821
-0.00604761688151806 0.002507380654926576
-0.001557770978958157 0.0002795277077124062
0.009274104708095279 0.002145873217085466
0.006299201928842181 -0.003854543484830028
0.005406600043351207 0.004517582219601905
0.006502649086738785 0.003333075646536519
-0.00328233379329034 -0.006455596523393894
0.0024285707199541 -0.005734588920104388
-0.001321756781292187 -0.000575169165667816
-0.00199167659514036 -0.002161455729744328
-0.001659468428254172 0.01008741268126006
0.00903529282149082 -0.004639559474828194
0.009199332260943757 0.007688245606394157
-0.003533819722495942 -0.005764186504095199
-0.003398974118262549 -0.007259083132365051
-0.005390990492770565 -0.0001530315728713669
0.004266577280654346 -0.005306473210238146
-0.001089485281374408 -0.001076182324940979
0.003260062515182661 -0.0001863671588697424
0.000639403637215587 0.002187406801316435
0.003534873949957359 -0.0003275066440922328
0.001812571508994472 -0.002301385350834481
-0.0003548097497842737 -0.002812906511643739
-0.0002052673260591597 0.00230186816108669
-0.003153506485670414 -0.0002260494304865412
-0.0004520241804129176 0.002166354279973939
-0.002522399263629088 0.009491815401235733
0.006051362092647807 -0.007049939074650773
-0.005732522938272216 -0.00892930505299693
-0.0004648082973698325 0.007467614425458487
-0.002659319388141305 0.005239522763622817
-0.006356056184887223 0.002184410079331292
0.00460072011975179 -0.004391039130755085
-0.005927824185255584 0.004950910065530578
0.002170521827652317 -0.00206279337398199
0.002339135718493694 0.003597821864643807
0.007695349342394923 0.00187442280410529
0.002910579129146018 0.002376529345868283
-0.00866390664646307 -0.005625477728656031
0.0003591070080944794 0.01112112324149408
-0.003990547978919763 -0.01130122442772038
0.00472495925014264 0.008946602069957149
-0.001609803635693069 -0.01099212891307859
-0.004968310966258997 -0.005908538543812438
0.002849002366435376 -0.001855023210301453
-0.002196278443722848 -0.002193270054518652
0.002750726009384541 0.0069763929749095
0.0001454084201589697 -0.008610852077985759
-0.0009755465879926312 0.003568410763635056
0.0005632743806927752 0.008237741901631119
-0.002917425989320597 -0.007563298234307266
-0.006379862424591411 -0.006567513642134287
0.002729894116084491 0.007608458339301848
0.008104195202034255 0.002902282081950851
0.008797256062052608 -0.001674097927278919
-0.007817284139947778 0.006450679212969569
-0.0005187926490471808 -0.008583125926608483
-0.006263046424368703 0.005109804088868156
0.007729032141212587 -0.002718283764421969
-0.003824267369832454 -0.01265630372830305
-0.008237944442765811 -0.003058325161576441
-0.005132094532461988 0.007520293652250622
-0.004925096349507425 -0.005448839832901092
0.006217764674492668 0.003921739630105504
-0.00451655436120183 0.009976937315963661
0.005790852568033482 -0.0004546070729787406
0.003610105613448948 -0.0094647811347003
0.004089757856154426 -0.00511432478871056
0.001966310712236041 0.005340706913721596
0.00713274889130046 0.0008381230482395264
0.004691324497701134 -0.0009144004968428051
-0.006530673214792842 0.001889190389662915
0.006943800783472586 -0.003731453882100423
0.004101520912610399 -0.008188253699495664
0.004443174768405177 -0.01116590299517211
0.004505794926162534 0.00729751930339678
-0.001097559116632857 0.01291722444066288
-0.00784831499175594 -0.001727074410114155
0.002063032739466115 -0.01071434444352923
-0.00919659913143968 -0.006995820225490545
0.002053455101373245 0.006233598430365687
-0.005767457278354705 -0.007864027381711988
-0.008254812286903118 0.008573287466500155
0.007455769792038303 -9.157965660293088e-05
0.0006357927702497011 -0.009001381609003541
-0.001169387144227878 0.009382491478708933
-0.002429254331441758 0.008648699174073217
-0.006574577019526815 -0.000488813841802871
0.003147540804604537 0.007230704652874024
0.0003268651906613657 -0.006116077107667715
-0.007454533005842128 -0.00360260164513023
0.002697454682461492 0.002918163910643931
-0.005095508332148231 -0.00103603136969366
0.002342771559688827 -0.007026528497336352
0.009573109864822096 -0.001283486342286166
-0.0005192984676655229 0.005177334455029228
-0.00329087498458276 -0.00340244578878077
0.001569621646624214 -0.004550920510753093
-0.0002964483945042175 0.004077359534449372
0.002764097026616383 0.001882597564090345
0.002911584273307242 0.003139191233915607
-0.004439086175974533 0.0008633439561012989
-0.001168913749035265 -0.005750122510690923
-0.005620729745746964 -0.0004409283415094582
0.005913068186831435 -0.002418716001522458
-0.007098509209529061 -0.005512139049985439
0.001398441141356065 0.002702219085828096
-0.006335734998930836 0.003171205256939388
0.005982920206711434 0.002059529410179181
0.00341960464238128 0.007671325679384364
-0.001348379321666616 -0.007721819180755466
-0.006056122474946676 -0.006814512033922836
0.001344327922141153 -0.0008257798321009031
-0.00460300459484922 -0.001008451813059184
0.0004547123312082626 0.00210323200116185
0.004382982226684727 0.003044728085147218
-0.002027044119478837 -0.005322347811654123
-0.004558269913833942 0.00219692720229735
-0.001238400116823484 -0.0002199703945722471
-4.764236785629905e-05 0.002538890937310863
0.003091467578036727 0.003062257885582952
-0.001152281751891003 0.003528479125054317
0.003329249231477657 -0.004190119969251258
-0.002207575785609831 2.092381825274817e-05
-0.00163403191147282 0.003014398333470506
-0.0003139736165819094 0.00271654401343304
-0.001803277633109148 -0.001345931781869148
-0.001216290369889806 0.004772057115312056
-0.0005778688797273761 0.003313026553999181
0.003821214966636032 0.0009256913337169409
0.005005495480857926 -0.004458085071525804
-0.003078093886734384 -0.000249244729963818
0.002916187838762016 0.002767187051427685
0.0002916116974578186 -0.005757434397869853
-0.001334171993541118 -0.003395473929915721
-0.003056831676548644 0.0002831561210797899
-0.0031522634254873 0.003325946058561422
-0.00202942204773206 0.003926639887509661
-0.005143633606202542 -0.0005986372667095322
0.005096108535543373 0.0008718384448877758
-0.004760752336100451 0.001890918355123761
0.003614825557316079 -0.001341156987846176
0.001045875843647332 0.004695914488655879
0.005826659679554111 0.00140057353621927
-0.007501505365125006 0.002856704769798694
-0.00851717563664784 -0.0001670075600877935
-3.742082812514214e-05 0.008873994835341006
0.008135935913958647 -0.001963057187928005
-0.00757461870701394 0.001728582653061039
-0.002620783799171089 -0.008943751369144529
0.005172316552476606 0.005695519006325657
0.001759526089278167 0.01026736062770258
-0.002119023458891833 -0.008507241286248688
0.005767353393303911 -0.005230278031385709
-0.003013102539547607 -0.01188966606691929
-0.006085794581339473 -0.004212889726856118
0.001343233172330273 -0.008443661343958481
0.003641872159963512 -0.008762156374087797
-0.005351982174833485 -0.005970021834318029
0.009621965100324098 -0.001044434369023271
0.005449350798187561 0.006512499608564853
-0.009324711527520754 0.0009702526647181655
0.008815024877185334 0.002211149227840334
-0.008140047103747338 0.004994662885567233
0.009022159388502274 0.003931126888796722
-0.006517904491686945 0.009757369506284965
-0.004530028426294353 -0.009368527195699122
0.01034434335028887 0.002178217041192284
0.006609076293508854 -0.01131808900526926
-0.0110088670769217 0.003783549290772491
-0.009063350087029068 0.006483061509274134
0.001042055543011868 -0.01139511792969397
0.00707679646854318 -0.008850157305229684
0.008096954027897504 0.007919176471399142
-0.0009588571782490383 0.01264030227874033
0.01091197049383012 -0.005708112939203654
-0.01016738914694529 0.008016661402851058
-0.002112689097606776 0.004489921285425934
-0.002777280800301811 -0.005099450554896055
0.001603971221266416 0.00631511740592094
-0.001431244815960563 0.008617670939030824
0.001874700830265271 -0.004290413575858672
-0.0001092760673221132 -0.0002543704164489585
-0.001086069965011991 -0.0005406765137144713
2.86449215436431e-05 -6.944174982877813e-05
-0.0005977978431231028 -0.0009269609557565989
0.002771022871442692 0.0002674184808901616
0.0001252458160206072 8.411273874347757e-05
0.001269366456713642 0.001723777132667652
0.002147846236998364 0.001377962885322038
-0.001230806350032855 0.0007854655151403764
5.265014895800811e-05 0.0001345542548173681
-0.0006603490657646929 -5.753076026664609e-05
-0.001197441998718602 0.002023496429833751
0.001051731264319057 0.001241622596562918
-0.0007911056725035164 -0.002550793176778217
-0.0003012717223019446 0.002037434049269097
-0.001264951543318789 -0.001132026102561351
-0.001686328487134385 -0.0003312745355135271
0.0004492717563742614 0.0004232809972616554
4.415590174501106e-09 -1.769760185834022e-08
-1.339826152670281e-06 -7.53687190377033e-07
-1.779889649918907e-06 6.340231709731899e-06
1.275645140533803e-07 1.982029293290228e-07
3.924391685977782e-07 1.924989386585642e-06
1.492760817585319e-07 -7.887606004015429e-08
-2.019185173746836e-06 -1.851955200702272e-05
-2.841648269762697e-07 -1.044186976608903e-06
2.483028544795392e-06 -1.809855517855324e-06
-5.985823302086748e-06 -1.262592095880231e-05
-0.004460412754381266 -0.0004301107717927057
0.003546778860224501 0.003664796229665642
-0.004665127171379019 -0.002515870833109892
0.0002832753222964719 -0.006704408678801631
-0.002578006917167311 0.005587004410590965
0.006108553794728309 -0.001550308165544276
-0.005485770420908318 -0.003677346749649541
0.005457265558096126 -0.003357223776121371
-0.006704846638874146 -0.004167463621586431
-0.006053683605155387 -0.003584704615763617
-0.005921758747617574 0.001648399457475412
0.005718813118660578 0.003505067421598711
-0.007567097933630683 -0.001759741968100064
0.003626211922453366 0.006444541652023719
0.000815535251859565 -0.007173249366884822
-0.007084409567936827 -0.003771710593319747
-0.005657058958356449 0.006251922988612732
-0.0007326142542084372 -0.007494456121803083
-0.002578155509242518 -0.00676409915324591
0.001316941920181932 0.006873578350360519
-0.002320754095465695 -0.006059665471049156
0.005093540390848315 -0.0003793229643240033
0.001186953460499295 0.006229385551656753
0.004360081544828741 -0.003159423437271789
0.00492209272000942 -0.01037272218028658
-0.00202607004930293 0.01167208957245613
-0.007526187149900337 0.006752756322222268
0.01007534494560342 -0.00297707411719676
0.00381114294556722 0.002839652248612129
0.009265931200654247 0.005553632305542206
0.001776165486556093 -0.01118400162289673
-0.01057507445863158 0.001146941991366682
0.009783928647112972 0.005192526621318275
-0.008806240023977655 0.007837277857683435
-0.01257849987991536 0.001126242258100147
0.004604834720197175 -0.002507286270294716
-1.561735103673004e-06 -5.766725371131701e-07
-0.00172131556551875 -0.006683098292142381
3.44965671342755e-07 -4.985354927157587e-08
-4.806108548794797e-08 -8.962508768547123e-08
-2.929027590019799e-07 4.268676112714891e-07
-0.0009126849909799673 -0.001408441646883004
2.881763747943398e-06 -2.768666760585115e-06
1.512901623901065e-06 -4.437621529063708e-06
1.277251767339676e-05 1.160239605066113e-05
-3.442492268110098e-05 3.474593283517401e-05
5.151457345919151e-06 -8.690040864725594e-06
-9.111245982053608e-05 4.813047669457317e-05
0.000124129370399104 0.0002215336810708081
-0.002830791883960816 0.008045413651294915
0.009076860744701746 0.001298904589890585
-0.0001689593325678771 0.009768730596889199
-0.009748962235625706 0.0001212476266666904
-0.007463893839112813 0.007941652874221636
0.00955648466462318 0.003674937956323383
-0.005184749360660816 -0.009614187466061828
-0.0003561612951616553 -0.01172650711741055
0.01224104669884235 -0.001183563866519843
-0.007591054720606401 0.006689187692857958
-0.0026419275131014 0.000873069976887777
-4.824470314885077e-05 7.475439225883835e-05
-0.008684545860259522 0.00197217125822625
0.002728416565518864 -0.004514877145643612
0.002737884218899312 0.003613300828577478
-0.004318144303517869 0.005166806765797759
0.01110172816277517 2.949895753102963e-05
-0.01160763523115392 -0.0006011349963624945
-0.007825232064391164 0.0001955627882599717
-0.003633312539205947 0.006194027806196207
0.005161580564031899 -0.004961589972338388
-0.0006903825557906869 0.003462029240860514
-0.002064524467557063 -0.003940367276578343
-0.0001318158331031424 -0.01118325773231773
-0.003530760294149033 0.003468847716252109
0.004014936610280457 0.001273727748961464
-0.005061376380470183 0.0002496759160182044
0.005774380528538361 0.00114587778013507
0.007725212014912649 0.003284840011487003
-0.006369052694494962 -0.006778533915527502
-0.006873832375532045 0.005405820774526835
-0.003431446754522508 0.002252459028908564
0.008256411885435046 -0.006312057910762655
-0.008063237029734365 -0.007221508301417811
0.003818369535761647 0.004142291742402456
0.003936658674290845 0.002621942504151555
-5.270930436054681e-05 -0.003964285734923538
-0.0002787238644280468 0.008561194199010707
-0.0127136421571998 -0.0002556375792036732
-0.01097252791912902 0.0005662917560734404
0.001523855053649078 0.0007323731874060274
-0.0004679721537190385 8.884107215713161e-05
-0.005599173424684308 0.00480535764571653
-0.0108280691837493 0.007169046790819532
0.00626894251629563 0.002753533218491519
0.009440445632224371 0.007964031679904657
0.0002760712509461011 -0.007746995501504729
2.986205702317048e-05 -0.01041989564083768
-0.006054280892401355 0.008357609283727986
0.007654905827774456 0.003344069684038625
0.00926530778020488 -0.003749995866589658
-0.009165402413449314 -0.003175464745395142
0.01313162603687468 0.0007964820016457995
-0.008188076432224474 -0.006480374700569396
0.009556962996839419 -0.004651508067290594
-0.004754363064640179 -0.01053494106693971
-0.009244902816360775 -0.007468597844658023
-0.001499036889123727 0.01142383682959495
-0.007528038959445728 0.006807475610056514
0.008193516753257923 -0.00605208774387731
-9.032121986221343e-06 0.0109530023359627
-0.009294587491160076 -0.005359796555011331
0.009466981463412731 0.005111347527830936
0.006396793364076598 0.01028846510841674
-0.007808204200395145 -0.008743941623671378
0.01220446477988468 -0.001537674804432712
0.005017744804138244 -0.008644408541025371
-0.01252837140059496 0.002913239286690895
-0.01189261168650674 -0.002018440181724823
-0.001961920947866942 0.00524535399519648
0.0004801282534835731 0.01001737933764785
0.008753696391393192 0.006164501190772078
0.001899464577831682 0.01207219623534761
-0.01088323589058028 -0.006258442337421251
-0.004764855336600154 -0.0005078992297174347
0.003532595091188902 -0.001238203143761231
-0.003377806305119614 -0.0007292286944499695
-1.372657344560139e-05 8.897450075512573e-06
4.149684221685313e-06 -2.17760237580071e-06
0.0005808192303910216 0.000146736195881318
7.031379795679511e-05 0.0008934086039277168
0.001827473371351355 0.006268901904563555
0.005093698499170755 -0.003344883145524183
0.005794546005745406 0.001539429643675869
0.002750215368962392 0.005048638003502394
-0.005620756638744792 -0.0002616542254418051
-0.0008842169104810869 -0.005285540174312276
0.00249576604068844 -0.00368413049469149
-0.003266462674972035 0.006141461682576241
-0.006372775484050123 0.009999535266356387
-0.001439033981895947 0.01062245354622316
-0.0001901209755363688 0.0002113679543652412
0.001103232305887294 -0.0001757716810242177
-0.0008910297472086633 0.0003987105554158166
0.006859282852992787 -0.009666506409890122
-0.009853066687443776 0.006427634312216594
-8.469507792630601e-06 -1.599557380393983e-05
1.132507277380864e-05 -7.791400342569907e-06
1.612162074106039e-05 9.769951677646543e-05
-8.910399301811472e-05 0.0002097159802225024
0.004800804264995249 0.009897073891932071
-0.009138706505583193 -0.0006490296912809887
0.004312228830362322 0.008666334204338749
0.008725820024481261 -0.0008956030629460271
0.004418630938530824 -0.00780339213141693
0.008006687396524284 -0.006256999889127125
0.000517139057545988 -0.01016992622971855
0.007913641567241975 -0.005857477481973758
-0.005668718068833028 0.009131105508349696
-0.007457478222527317 0.00567057683029411
-0.009737747869951999 -0.006286471758280058
-0.005837105770721117 0.008759670834108158
-0.001603749344061547 0.01104829391558063
0.008245995602459021 -0.006571712365404688
-0.009668443826174867 0.002120588182028493
0.0006299560823541536 -0.01087562495697168
0.009410876507602224 -0.0004663074179454418
-0.00949306581713567 0.004281620057022264
-0.003663370119403559 -0.009643317628673946
-0.007388219096629394 -0.00595464718513389
0.009277356054832646 0.003052740703339805
0.009605616131189104 -0.0008726727592111424
0.009088013955922016 -0.00431172348507248
-0.01102734012669079 0.003627621443740515
0.006291573907050345 -0.008991310257663646
-0.002864290462218515 0.006402869875859078
-0.006277634619805684 0.002667322242053252
-0.002107413592381094 0.01050309234493954
0.0008117946392420929 0.01139415139270106
0.009106737127328322 -0.003588842961721001
-0.0002665169516852104 -0.0110306400408542
-0.00929148300994388 -0.0008922994453594747
-0.009908717420647743 0.0008131880956533392
0.003648649305429874 0.009107966574822986
0.008673256338931779 0.003411658539099054
0.01012690247798371 -0.001145766284176643
-0.00831846640570085 -0.009111315374660926
-0.006045474035339851 -0.008515190389817694
-0.003277269926857691 -0.01107592339842677
-0.001096461113625063 0.01010837312566955
-0.006594558040880501 0.009323782450479831
0.01111442390947292 0.003561542202948291
0.006598891413031851 0.01171521202167244
0.01097003791847234 0.00524800995248302
-0.002420857540137144 -0.003656175206856465
-0.00786399719397457 0.00599216103396604
-0.007030025063538297 -0.007330548123978571
0.01040761054208877 0.001213436745375015
-0.007880799516604786 -0.00429350532863302
0.00143223152068346 0.008078580231352779
0.007520406988861022 0.005772423156196024
-0.008402625611421756 0.002297678236241285
-0.003894942608496316 0.007057599994767225
-0.001496197398173545 0.01009537586532578
0.006818825960330958 0.006547696269270605
-0.008280916640065828 -0.006443428110250217
-0.001684010066205694 -0.009513554881536735
0.008734159693881999 -0.001410536973342181
-0.007840596986210141 -0.003584198997311075
-0.007082339326971938 0.009443705943646239
0.01119792044985784 0.004501648927601968
-0.006998264616012008 0.0004834342290398588
0.009981511917478232 -0.001407304611337778
0.006086308946367897 0.009377206853795237
-0.002912471476216847 -0.01067772466579811
-0.003554959083216362 0.01094763835192241
0.006561236713686247 -0.004221466358499383
-0.009012034948648618 -0.001849434151020262
-0.002510144698531139 0.007853109881615918
0.008287580313042229 -0.003020006086479018
-0.008706137099050125 -0.004410642585723996
-0.007976326601400338 -0.004091783283504263
0.005984855779862884 0.008642550585345153
-0.005452587210398411 -0.009033122284438765
0.0001776992585625749 -0.007153152850534775
0.008316904708964245 -0.0001723522815787417
-0.007261117235080426 0.002204301433346901
0.006812822157639422 0.002555530954451258
0.006773226224956868 -0.00400653302728741
0.006355129253423488 0.002026303953001757
-0.00595681287184808 -0.005735272159193941
-0.007225593973243751 0.003660591210730535
-0.006930146993792554 0.001194777602799337
-0.006296854677921496 0.001717411979088002
-0.005899112542710291 -0.00620449642998306
-0.001596452119827494 -0.005274759807805428
-0.01098512387451409 0.003054522958247246
0.009538364761678048 0.007010845683455744
-0.01192996255948575 -0.005316605976433957
-0.000132117698623775 -0.01146658718000327
0.01035109634733497 0.0006860950290621296
-0.006679497493807216 0.009284945518811084
0.00520158021944526 -0.009964080858073468
-0.009704911139394604 0.003586366950945941
0.008851187146202614 -0.001590493516281664
-0.01214083992811574 0.001677176980784967
0.00487989228327915 -0.01166778235340251
-0.0003909776018462889 -0.0008902522118917102
-0.003266729556424855 0.003550719143176285
-0.0004518605943886439 0.005367421510718728
0.004035589062721195 0.004830721602000543
0.000802774419459003 -0.006264209398293859
-0.001809851208002464 -0.006562536698249123
0.002546242368023743 0.006958030105668417
-0.002066959841192772 -0.00686540938461068
-0.004516579391053742 -0.009897039533152262
-0.01072281866953464 -0.003439171450040085
-0.008987816348904056 0.004394830218967104
0.001471495714838945 -0.0005026795832857555
0.008819846694185141 -0.007162181445097246
0.01096608622677171 0.004113863784281083
-0.008671345659739007 0.006856094957397641
9.023433957396852e-05 2.604045836113945e-06
-0.000505581148196601 0.0002192049777167232
-0.0004685471617242478 0.0006356725181273579
0.003019853890728252 0.008115417509928545
0.001635388429521709 0.008934198826689886
-0.008928568834240142 0.0004573998198022623
0.00916488839684142 -0.0002636849132258393
0.005297383683505352 0.00775414934247055
-0.005131010890537493 -0.008127333250594398
-0.003459204195809363 0.01010706022871541
-0.005494514016987115 0.008917548810471578
-0.0003377963634210459 0.006511275275006854
-0.00444230298950247 0.008754615976483249
-0.002734058533815318 -0.009444102070517393
0.0006285391442956743 -0.006240794028959883
-0.01168827997930372 0.001833682524051795
0.003679735113576258 0.004008042934744388
-0.005790255968537635 0.00168379345759352
-0.01152842963115086 -0.001963737465633145
-0.002915622432408861 -0.01122016784270986
0.007228122322083311 0.005953973170264735
0.008363615884271498 0.003826794035287378
-0.004302060628020051 0.008769583667306969
0.01041971820495028 -0.004787875824057506
0.002697845894252085 0.002799719247884621
0.009348033585517876 1.774161016514894e-05
-0.004228833096268627 0.003074739383292373
-0.0085672553150558 0.003689122043801152
-0.003202162965899792 -0.007695677373650533
-0.00473563777683043 -0.005659938826327737
-0.001496851298980603 -0.002230488501285746
4.120891820202255e-05 -2.393969013863606e-05
-0.001245210454823479 0.007785388245792211
0.003521642916552391 0.01078430731738469
0.005132444895494352 -0.009697405672018421
0.003636016619983424 -0.009676993498920605
0.007548040041280601 0.005662699715894166
0.00942629087298699 -0.003084040482792402
-0.008573094488394972 0.00554616576600043
-0.01102130553028439 0.002579796549916871
-0.009300505708315285 -0.001296412920856766
0.00910669461973679 0.0006953297611164275
0.0002004984048903598 0.01057012539565589
-0.01090793887839125 -0.005017849640139939
0.001283846926842735 -0.01066309349092397
8.488773321007916e-06 1.535832982463795e-05
-0.0003423016938763746 0.0001447664431197204
0.006516168217857351 0.008513902936249875
-0.008665816090642235 -0.005111503994383357
0.009232088170931907 -0.00419760807988756
-0.0002797493015871945 0.005863275806900129
0.009332919145320983 0.004922188652893525
-0.0106934842274613 -0.00293843101983462
-0.003109987268284524 -0.002529586961331029
0.007197638811906461 -0.001581414795920478
-0.009467191009038176 0.002657131671161172
0.008877746746476602 0.004057781298282664
0.009697054528024537 -0.002233875879085681
0.006849514023401271 0.005802799408088564
0.0001442192342006212 0.01148264347991898
-1.187470692974888e-05 -0.01168622044294777
-0.007238890939917859 0.004908977373254666
-0.001398521553796539 -0.006537655015583154
0.004528254818548856 0.006229192601537375
0.006271866420377729 7.290969151567082e-05
0.008258899143289993 0.002246258974712599
-0.008040694960200297 -0.00165405710812711
0.0007364344011964257 -0.001573311292089568
0.0002890275619588261 -7.310628118790955e-05
0.0001064846961575661 1.197106459555956e-05
7.400947317548987e-05 -8.097040379767907e-05
-0.0007818166321948554 0.0005228099102871249
-1.14548160915934e-05 5.019958522070785e-06
-1.514798022101598e-05 -7.789987344241035e-06
2.127838632201374e-05 -3.619272263600458e-05
-4.602554649963819e-06 4.573270228283984e-06
1.26123569298249e-06 -3.385279250634477e-06
-1.941555145013572e-05 1.640230553964521e-06
-7.548724483509175e-05 -5.481211438593079e-05
0.0007453279644518305 0.001087233736431543
-0.003690232960952263 0.0004274601181810113
-0.002147580387599133 -0.001691650109238221
0.00169647955284394 0.001726557328711779
0.001525660800295302 0.0009804627035856445
0.002367129670845916 0.0008614411951906528
0.001624570293614609 0.000226980039591238
-0.002562946604655388 -5.886896368520514e-05
-0.0001749038599274611 0.001945713312362003
-0.001074364921604759 0.003775772728696879
-0.001103061035221557 -0.003054767276734309
-0.00238813702331428 -0.00344240421696591
-0.0004187606782966326 -0.005515325970252422
0.0023635960594977 -0.003007657644364637
-0.002305544744997657 0.004143082110718208
-0.003114379139224532 -0.003370781495372746
-0.001897699626189402 0.008346313972092704
-0.001311719626099307 0.01146252682300678
0.0002992692253457468 -0.009991150489801719
-0.005144839798209879 -0.01069045756935267
-0.002487880606203802 -0.008816384446508894
-0.003436931085138387 -0.007691974612912255
0.0006837154824693054 0.007921559473920876
0.004124229768940551 0.007272534135316544
0.00740288911013235 -0.001991829277770086
-0.008888150751906946 -0.001745727748146514
-0.000368985875388713 7.299617020945706e-05
0.0001601531642970017 -3.799681387369654e-06
0.003637088248367115 -0.009463386166185967
0.000706697570394037 0.01001562963483547
-0.009373647501875164 -0.003421628466784451
0.008113315710660568 -0.006150983785230489
0.008318651110736076 0.005674529552149357
0.005340691286600249 0.002236859364118972
0.005830868459334327 0.002374347648898166
0.002632394610982331 0.004557314755971534
-0.003939225382573704 -0.002007260105901329
-0.0005132826488563146 -0.005635463675290625
0.0009869458133042754 0.007957079710817721
0.002267420369006364 -0.005124538728107661
0.001012721242205563 -0.007090639377515555
0.002449105090184573 -0.001112434742028417
-0.0002559779316989968 0.006538124927285629
-0.0004016273528183553 0.003544121165360536
-0.001916351961928761 0.007446075263592331
-0.001125926257077581 0.0006190789769305427
0.004484268031449601 0.005051362235903736
-0.005611492524630047 0.004138438811881633
-0.003221978918745552 -0.005001452552302689
0.004114873336928013 -0.005834208519791604
-0.007452202050317481 -0.0001591764453307773
-0.007604013943768356 0.000960922672098594
-0.0001734043693561635 -0.009187116470313306
-0.0122875926167826 0.006404798840586333
0.008179342637217849 -0.001769280474322125
0.001332293767459323 0.008024698052478194
-0.006426360168012903 -0.003769482342845689
-0.005923638387688814 -0.00379752849255839
-0.006374449301157555 0.0003344803107705983
-0.001301688607581272 -0.00862115284669948
-0.006817898662534222 0.0046774773990437
0.01104406265088823 -0.0009893501915678772
0.009135843493700438 -0.003865441443723739
-0.003027009539225017 -0.008614927113276173
0.00839211739905168 0.001674056943062404
-0.001378112698881856 -0.009436243034781647
-0.009366723075259407 0.001037328365011829
0.002699524428617365 0.01006120378303963
0.003860401853980583 0.008532349803964133
0.008935862188619848 0.0002849534768389125
0.01008126684404644 -0.001648099820049188
-0.005725288033892344 -0.006986794563127599
-0.004459451850606904 0.008575653719842095
0.004249595766521297 0.0002160902038368797
-0.004722810040798151 0.000649644771263407
-0.003806573463511627 0.003436498040138008
-0.003754090971077656 -0.002429062319077724
-0.001340921920279998 -0.003385170379225772
-0.003105034305759526 -0.0001055271569991563
0.005090779799121655 0.0008874740306369658
0.003203499949837548 0.005587163967228923
0.004388580438910694 -0.003598269629741166
0.005939448980246432 0.0003894999625227799
-0.005501785739852212 -0.002696570334888798
-0.00647656277482309 -0.002646451966392054
0.003876979924467296 -0.005679793364548
0.002311504464198859 -0.006880169559427937
0.001494027976324874 0.007224237333069678
0.00396561039283648 0.001454095880824581
-0.003091933995058416 0.002139990321862959
0.001843145286911351 0.003273044805762129
0.008206231976034453 -0.003571517768097115
0.001431740460442433 -0.004073028343865968
8.9750984369212e-05 -0.002844307685027551
-0.00235219053078755 0.002650915038009329
0.002815630527089875 -0.00106358004427321
-0.003597693205367735 -0.0001595334666644975
-0.002515103016692874 0.0002629672127544733
0.001957286837381347 0.002471866227474761
0.0006254861953039851 0.004195938305830246
0.001830287718465011 -0.003306748634490756
-0.005770157053965135 -0.009156601317688759
0.002868096205701089 -0.001720040247071498
-0.001544308842836455 -0.007817312528062451
0.004396861738519581 -0.006844310801382697
-0.004785004588319505 -0.001458948087213523
-0.003197271583379533 -0.0008569246416009315
0.002787049387651516 -0.0002414488376624273
4.778642095424269e-05 -0.003025289941749464
0.001623923067757929 0.001647930800453871
0.0008977050977870544 0.002226621687911773
0.00332029093296013 0.00762892912391354
-0.003390145712882012 0.006786331422794827
-0.007942938234794545 -0.004200598393241121
0.004311011980980497 -0.005150978496178482
0.007653561920472096 -0.001960144646395707
0.004947326441306638 -0.005938457836657467
-0.005747412943943901 0.005986791609789873
-0.0004896496159191722 -0.001875677040309559
-0.004925378937305422 -0.003671407126061544
-0.002129147831537048 0.005904266179935621
0.006999548542863353 0.0006796897832186333
0.008862299135971112 -0.005494449770188909
-0.007663742506051827 -0.006031356869172451
-0.006965394392854665 0.001426402503389433
-0.001712066698179441 0.007188010419500041
0.002899751498341192 0.003353414333646013
-0.006288300085960029 -0.006712214427983971
0.01019536647658259 0.003534284347233419
0.006073449452629578 0.006452520398332218
0.00999743313946096 0.000852666533247346
0.003489760087798291 0.01187520729940492
-0.009893745343676916 -0.005425604858242982
-0.007283879297140781 -0.004532188520416237
-0.0007780130012458744 -0.01095012497599732
-0.009299965755566342 0.006280464578875111
0.000381773845863816 -0.006612242644102544
0.006446459328023213 -0.01038393402001309
0.008670120694130585 0.003967003442113617
-0.01081139226046548 -0.0001942658499274625
0.006350249003846528 -0.01021268536434581
-0.0098474297780129 -3.694765075794246e-05
0.007124586792310842 -0.006833598491811185
0.002823860020647701 -0.009450193655880831
-0.009059345723220931 0.0003170416642744819
-0.01007429174532214 0.001315538605786272
0.004678133490211498 0.008936972903591335
0.004483806574162451 0.008268826388018312
-0.008482682351079228 -0.005795013146302232
0.008593332307253022 0.004181937234622708
0.001143862934982123 0.007909569367796444
0.008030324380835308 -0.007917105911890925
-0.005761324320818783 -0.01094439377579774
-0.01094788517137295 -0.001540323684692791
0.007040582966162469 0.01023167319399924
-0.007661171954040423 0.005733260480533521
0.006629576712250266 -0.00506239679136824
-0.007294104254068105 0.001718677930177375
0.004142508342003667 -0.00999619217504632
0.008898492097439285 -0.0004398401719409167
0.006635552229360571 -0.003280023806141211
-0.0006435401609896367 -0.007777868553758528
0.008151004806373681 -0.001140227631775756
-0.007163356643806401 0.003681327546370938
-0.006773573854576173 0.005123394172578895
0.007570819127858282 -0.001542476938318765
-0.003815018618867085 -0.008161479617157652
0.00355470718473533 -0.006160840729968319
-0.006705742288906886 -0.006471828909883627
0.009564664422677034 0.003148596840951937
-0.007543608846292404 0.002265882384557954
0.005071621757237422 -0.006308793156690242
-0.004569799455516325 0.004807783230990575
-0.00486859027225438 0.01027565029350892
0.007205468423026353 0.005790810981291589
0.008855189123926712 0.0007030898773520027
0.0070639615475238 -0.004834214003471258
-0.008106065971050146 -0.003476041684724042
-0.009327933262070048 -0.002164556983292166
0.004175255343182639 0.007194784630032785
-0.008173423168949246 0.004265306950709338
0.003168613395139576 -0.00966431464253256
0.00621417867011096 0.001713406817753395
0.005325232924179336 0.004959879237801722
-0.005767280821660267 0.004085284826898558
-0.004882645088847395 0.002944744152388339
-0.004973624397426075 0.003374653823354751
-0.00704717697827298 -0.002836440208297806
-0.005224180594460367 -0.002995437931150646
-0.004241298025813426 -0.004371646689596575
0.003423392198271645 -0.008967343691231269
1.617204135279309e-05 0.0001324474666533593
4.777143595971932e-06 2.123722823371006e-06
-1.216896450964349e-06 -8.939265006702096e-06
0.001017425523442113 -0.002306529043014182
-0.003523696710086393 0.00291995183384084
0.002604436508355945 0.001280661571352099
0.0006244799126289283 0.003612332438798706
-0.004384700954315025 0.001785632156583935
0.001073370692743465 0.003353524347683179
0.001370045063515207 0.003528767747903277
-0.001271132726018006 -0.00294658679791978
-0.004002830877696446 -0.002528614004446217
-0.002986981081655571 0.01050463518721645
0.009944110545111453 -0.004629909612231988
-0.004612431720059944 0.01091441272260954
0.00824020252967431 -0.008169777194134916
0.00947129921784459 0.001491707116258171
-0.009943709917895574 0.0008957565676117357
-0.009271476168391225 -0.005968845245825576
0.008641951689493756 0.002676601359602537
-0.009958271496964502 -0.0007627382513887665
0.004877637321149204 0.001376881099021885
-0.001465558655527493 -0.004854504640022357
0.001191204959800467 -0.003254091809832634
0.00259142472166517 -0.00226560832375806
-0.001802095778816835 0.002989796326964733
-0.0006584265422074915 0.004786426607277108
-0.001289180927674003 -0.004308583979038703
-0.005948974519085771 -0.001463902235218044
0.003008337154809346 -0.004107171204486645
0.0008000938707920235 0.004329733260113813
-0.004630918288356251 -0.002370566868590475
0.002942515716669261 0.003733073500551819
0.00180278342795976 -0.005690358607704233
0.004533102194390091 0.002019826614199681
-0.002076787989529381 -0.003699666581714457
-0.006146180878022134 0.0005428216163308989
0.003672296388610653 -0.006079739101653483
0.007495475400746072 -0.002990563763539003
0.0003928818634054804 -0.005712681222319851
0.003730212734704744 -0.004516660651397868
0.005011288194286547 0.00252071051351616
0.003055731598279199 0.004783901651741475
-0.004728071421777466 -0.003120625907794528
0.005233364895911686 0.001634651643778745
-0.000291377485919915 0.005004490817327976
0.004156775561542416 -0.001603101995301103
0.006816192878882771 -0.0006380504766718674
0.008172986762966048 -0.002072803371981147
0.005921739657502472 0.004004183977529934
-0.00750035018325981 0.003361963347462445
0.005445149064209548 0.007669136645327695
-0.005482083930368865 -0.005943456349661617
-0.004887668349727765 -0.006891205855430927
-0.01096821499977762 -0.004025816590554763
0.007969437824365405 0.003619320855322845
0.005883031705781775 -0.00581662346729372
0.00110153940378017 -0.01104999077635007
0.008419840721614493 0.006835529604356268
-0.007751764344480793 -0.006337969709457002
0.001229797635276625 0.001725421417476502
0.001408708869061901 0.001777803964349004
0.00487489505503048 0.002700830732087346
0.004533007532395967 -0.0003559383574835548
0.009867963460374879 -0.005454235601065369
-0.007259825803325835 0.008020159333578017
0.002118717815018253 0.00603020554273809
0.001151182415262462 -0.004812576438532746
0.001166042399633003 0.005189339364251156
-0.0005831612903063135 -0.005512863358864591
-0.003041844634357101 0.003894069364655688
-0.006317267447920264 -0.0007779271098821421
0.003646375360142598 0.004898483346882945
0.002910735715858555 -0.006745732501149411
0.002754117495245677 -0.00478616395753027
0.002856873172876683 -0.006168682960450772
0.004436074290044213 -0.006716476758723883
-0.00120312054545208 0.007202108399263376
-0.007026614659562952 0.0005387460779248608
0.007059567685691963 -0.0007161064178325729
0.005776966257433287 0.001194504820331625
-0.003940893062310468 -0.002364378249841289
0.007670597830442155 0.004792527801477582
-0.009459925358149842 0.001217713774494505
-0.004559293888814555 0.01003453772540935
0.0115128456408324 -0.0001656617541051695
-0.007734356539514438 0.006735622917068872
0.001084387885721172 -0.01017861858422606
0.007447621387840188 0.0055796291506551
-0.00923166964986075 -0.002985693027057139
0.004921923254242026 0.009344450061092668
0.008031701557028882 0.006394093131956467
0.007214431573225147 -0.006397403191787394
-0.009752258816385778 -0.002259159030689313
-0.007635480759852484 0.006324683244639381
-0.003507867331919584 -0.005926588223746983
-5.480646759451453e-06 0.006660948332007238
0.00302909095855353 -0.001426040851882478
0.0003022095663176618 -0.003886016831407479
-0.005853704045478887 -0.002713685793792354
0.0004588644491995101 -0.00408817373886053
-0.002098484392061872 0.005117883669851183
0.005793964132779001 -0.00105664465589641
0.009696980276148097 0.00266514425871756
-0.008183545610141495 0.004230232016685289
-0.008429216391765746 -0.003212163870961412
-0.009079200023893891 -0.002577701081582487
0.007694829516121296 0.003661530492703377
-0.004592238435225332 -0.007263288015926404
0.006364417324472307 0.0003693999598284747
-0.004426199508284019 -0.005676239051903881
0.007040583287272317 -0.0005467865346148617
-0.006448530201421475 0.003863125589325519
-0.0003496991571002156 -0.007513517454255507
-0.007769739306205646 -0.00230262988640568
0.006727415267275043 0.008782427518453175
-0.005009000801760153 -0.006952988001144686
0.006789437758862701 -0.004467004129838111
-0.006528954780113815 -0.0004587329099888864
0.007793863091313712 0.005215405214879907
-0.00718992355740936 0.008520870892453897
0.002581230649577802 -0.009324189849516719
0.008011444039511631 -0.001720085575918465
0.01247639195698237 0.003380621735258198
0.008724663371137479 -0.008630242020323725
0.0004609094982199665 0.01208649026649012
-0.00416566299742112 0.01047296006123765
-0.004734654322672352 -0.009843804628440573
0.009709293962649988 0.005300634643427854
-0.001911437857222407 -0.0102986338113778
-0.01006221336024943 0.002947251027138579
0.01236963539344644 -0.003477585423867174
0.008994246152000149 -0.001953482186806708
-0.002324853546083011 0.01145326438863791
0.005292212343066981 -0.01111114255979338
0.006685886591607607 -0.005641546800556924
-0.008799120498491166 0.002665351477665808
0.002099881142580048 -0.006748265151779536
-0.001988460379151549 0.007657584857139654
-0.004820681186880903 0.005106357126222389
-0.00787456590775731 -0.001504612343081846
-0.0007253370717034897 -0.005969537285962749
-0.006029588704887691 -0.002684538024093215
-0.006787708931840832 0.007824236250665187
0.006355538458946921 0.003930293668286121
0.006317873283635671 0.006940179207618716
0.005441177103921916 -0.009466376508265288
-0.006181001373812678 0.0005470483078404863
0.005201236826893204 -0.007081002041371965
0.00589566325902042 -0.002631845842574652
-0.004542186773242635 0.004233767709216347
-0.001810260572883926 -0.007501207171566454
0.0003216922928439503 0.003037212383178923
-0.003086533047225989 -0.002546390122910844
0.003041572966252936 0.00218646773547203
-0.002882074564477249 0.003173015651378787
0.005733646260448685 0.000243518350794878
-0.003022299990589795 0.004088712018301082
0.004749946417331789 -0.002602245123071928
-0.003612632676614908 0.003459958033171613
0.01049414372318412 0.0007962660871664029
-0.004385322510269784 -0.00162697098086696
-0.008226404494342221 -0.007115584066920232
0.000639738920290266 -0.01014223195042717
-0.007636348131522582 -0.004407840947094213
0.005361464914686383 -0.007382018207306827
-0.01060013143046822 -0.003494196089006567
0.002313167148105572 -0.008161683976491776
-0.003136408986133327 0.007825277895155429
0.006387409266157819 -0.006225924528941434
-0.002469836627273382 0.00706720907514687
0.01040131638493288 -0.001239543972687549
-0.007970177748956643 0.005581090381996598
0.01197498236100696 -0.002711264555304106
-0.008536166395663796 0.003602668889390882
0.007998185721511302 0.008060932936130959
0.008458518597297902 0.003368618301461054
0.00614669733731821 -0.002168625688295796
0.002706569354183445 0.00178507531980315
-0.00248940364410395 0.0008603476066683593
0.0005608923001110523 -0.005624082115446537
-0.005566863392534197 0.0004576962240387709
0.001647004164722361 0.009820846308366162
-0.01042657372469471 0.003379769141756923
-0.006189706404716677 -0.008094341797159333
-0.006603267190061503 -0.005503907476035637
0.007515757657458806 -0.0024501877583808
-0.008728919820224414 0.0004947980546176923
0.007057318401806153 -0.0003318431158080313
0.007586328904784283 0.0009336021170795021
0.009183030706510008 -0.00716345989960652
0.004754388411292725 0.007619924870383814
-0.006113811121351742 0.006741361211951871
-0.007061104867613913 -0.002047913790420733
0.004780247390395878 0.005441393064786307
0.005038288568010156 -0.005369262249468431
0.008112867091143771 0.004141133929609348
0.005623724463967688 -0.003049446510897626
0.009728944156386272 0.0009970108565241309
-0.007176097925393678 -0.008874136358412336
-0.00846965795611241 -0.0002118824992287379
-0.009477686375600234 0.001019378723034358
0.009765687656041919 -0.0004621411606375485
-0.009619126707947801 0.003553736830622382
-0.004543214422814451 0.004413650420065713
-0.006425957715813366 0.004822212696549869
-0.001331709005066767 -0.006635291956920372
0.006718974423355622 -0.003086659847839515
0.004209925211272465 0.006818724557255351
-0.004136962133581982 -0.007391746297917545
-0.007844709947493535 -0.006225933383657839
0.003698074038573167 -0.008885521942932538
0.0004151271761470127 -0.009141609576564846
0.003489784246700587 0.008298842104341286
-0.003285560130579328 0.008196939311885256
0.0004611339495983082 0.00955734245072389
-0.008352215955952239 -0.0003390750659579427
0.001659009207604274 -0.00871916531680951
0.008068064509846182 0.004998928092644387
-0.0006879006232274069 0.006468991736821026
0.01126775269377627 0.0003490595031873871
0.00521203426148889 -0.003104590068418289
-0.0064681157732952 -0.00294637021933399
-0.004627790721182815 0.004521728142806679
0.0007823088086287345 0.01038601028457827
-0.01009002907144316 0.003247682855835636
0.003678134641553904 -0.01005298795798243
0.005606798694365717 -0.01048210099744254
0.01025248654198977 0.007724691642546042
-0.008425745972049327 0.005964662108748172
-0.01267484912049937 -0.00334135350933384
0.007829283686201624 0.008396074555264945
-0.0106643045537461 0.005572503021539769
0.003444297930578324 -0.01171522595716023
-0.009369618578722693 0.006692632206942576
0.00981103722783117 0.002291075697938366
-0.004286230491488427 -0.0106344637992974
0.01192835326442512 0.001528804662754157
-0.007730670714273935 -0.01018971545964244
0.01012875920940264 0.004220076338663717
-0.0007172237163772708 -0.01055446929195605
0.007988942329608893 0.007558238965168685
-0.008598651572432966 -0.004387765976917324
0.004240448950447721 0.001586262744040936
0.004567333185003336 0.009736303766955197
-5.963935872365303e-05 -0.008217085954508159
-0.002500106679969513 -0.007226138259805791
-0.005602756980744697 -0.005426746589620567
0.01055017057586619 -0.004727108085453625
0.008068040150037967 -0.004983518851400891
-0.009413573137610889 0.000879759916728946
-0.01033215783464284 -0.000412751896819331
0.00735914316481576 -0.006699255999598524
0.01030740174579784 0.003485520003686852
0.0005633275381203344 0.008337038295329965
-0.006888690457482095 0.003295845618800175
0.005935530020113886 0.004545513182945886
0.004963770715162642 0.004105253334759476
-0.00620859764801478 0.0024915906047822
0.01088255845777543 -0.001861003985956541
0.0001498764995757456 0.006793956180818884
0.005804102251024566 0.006855286574979815
0.003630093070928331 0.007794318197665726
-0.00501848743247337 -0.006785754813798096
0.01018648249136994 0.003767664898129508
-0.007544424730216356 0.002205790839687452
-0.006365043155162256 -0.004342714997318201
0.002607281839703349 -0.008334540159995383
-0.001438794082171281 0.007825638003381033
-0.009229860736275389 -0.002178086729575729
0.003671805199084066 -0.009181245249085894
0.003609837538314338 0.008136259660539411
-0.000939467187456527 0.01171591401998204
-0.002119706500222514 0.01028580033202331
0.003435606742861757 -0.01032281126207746
0.006710764343055124 0.003356055028051939
0.004167787267640559 0.006956218782805187
0.008831764008101322 0.001000520621487955
0.009518724523068364 -0.001864360422569883
-0.01065210989025482 0.00515785145183135
-0.002827546618412178 0.01252085982266223
0.01143995883469132 0.00223165312761049
-0.001801768992984377 -0.01264224230406658
-0.01040303202298133 -0.003962842984550395
-0.006636415393773003 0.008324419733934699
0.008469990465129322 0.005269644450977713
-0.008970982543020865 0.004453540139234237
0.01016201778220227 0.002937008605646361
0.006828714406325181 0.003341261348346426
-0.002470980582235835 0.005524833614127945
-0.003159815661078898 -0.005880009659362794
-0.006507785578072611 -0.003406284368943418
0.005905941709067708 -0.003125847727714208
0.001980494122588779 -0.005726717833637689
0.005478507830027749 -0.006995810229147363
0.008129101825242867 -0.005429409039912724
0.008795348243003707 -0.002017567275292234
0.009583796637134356 0.001940521864441495
-0.007883383948560467 0.00662867793921598
-0.008292743891303259 -0.005898475887504898
-0.008764734761271093 0.003297547407177109
-0.005204480887164274 0.006346630477208345
0.002583331465943032 -0.009921753786380074
-0.005093285424657989 -0.0112114418664461
0.001413679163926433 0.01189831420490909
0.007915128367495639 -0.01052172045325092
0.00177519271109529 0.01059128858879827
-0.003981544500706724 -0.009559770600285128
-0.001663638023633346 0.009897943308967006
0.001263421262152393 0.0099010830444558
-0.0102870376287148 -0.00208418574538235
-0.00589496480759235 -0.008072538387096342
-0.00773736061907363 0.0003639370274784355
-0.00809158800547898 -0.001964189971342207
0.005244205109474327 0.00634114019323134
-0.00786599043498052 0.001162102235149269
0.004459680172487606 0.007496824601457418
-0.00597557839149846 -0.006420540934435061
-0.006430519435460053 -0.005893779079824725
0.003019734694376322 -0.00808288784186433
-0.009502872364100969 -0.00157308190670168
-0.001726690824519865 -0.008776867619489039
0.005590842402579573 0.009950417756073138
-0.001946050599672885 -0.00896202666958397
-0.009689775938562713 0.0004139424264400977
0.00212899561866738 -0.009691343826950014
-0.004281319074576149 0.009715537668798844
-0.009764363068727815 -0.001399582677598934
0.005183947077715042 -0.008903990031740881
0.004538858227313917 0.008231750823902819
0.008178963447975588 0.001591944025232488
-0.005985124454946061 0.003439566965466729
-0.007477129139873757 0.007758006807769955
-0.00309678300814659 0.00874614062157583
0.0008652005248763501 -0.01049252537707676
-0.010091121119791 -0.004689517388455205
0.006296391163985197 0.007047955246818578
-0.005613463887421655 -0.007766439382836227
-0.007387837014176061 0.007311528450290247
-0.008505755201495043 -0.005519660241647033
-0.006079608540201514 -0.008604871015483373
0.008696717775894537 0.004750917431233811
-0.008180040609532572 0.005679536878735317
0.01011547627154696 -0.00201688463859498
-0.01129333411186393 -0.001806529519206644
0.01022581337500278 -0.001127281389329325
-0.005763574622941622 0.008612367131917032
0.01003264513250659 -0.003645534969674128
0.002681653137231355 0.009431382927017845
0.001089962795581363 -0.008958158574247668
0.002243047511623018 -0.00923249738107098
-0.007098930425813527 0.005159054600376162
-0.00230353427583098 0.007842281415422403
0.001710387203000104 -0.008212535958163479
-0.001348943305677319 -0.007740646485844966
-0.008259891619553948 0.003969273033097419
-0.009092471366550493 0.001036612749188506
0.003528255760534958 0.01088210673548446
-0.009810957473789062 -0.004238477044823462
-0.0093465153781524 -0.005996168066034497
-0.01212534007647622 -0.002219096597776628
-0.00989408703634354 -0.006953308541286749
0.003916209584077034 -0.01078712697832817
0.006393926272104243 0.0100071144760949
0.009345784391855325 -0.005348477834989771
0.01180489184145159 -0.004036680028950982
0.005827990737352485 0.008481606612583714
-0.008629820099865515 -0.006088551572904915
-0.009398437464711149 -0.001528393548403601
-0.0101091427087014 0.004442067167348466
-0.002245999510460674 -0.01069753666783237
0.005465625173865483 0.008151141788733234
0.0002012579906418233 -0.01051163066698655
0.008983485105062894 0.003703916478889716
0.009823861302573868 0.0005359249582913806
-0.009711616216443555 -0.004491830612920094
-0.00951718083791965 0.002246025564306489
-0.005031197887598084 0.005756594635982644
0.006589904211784904 -0.003011981104008297
-0.005110199114553987 0.004185943981857803
-0.002723535197838002 -0.006288318041302027
0.003458108171872558 -0.006099163467552653
-0.004767555084037024 0.00613436437587849
0.01022588680381249 -0.003578181031888801
0.0007854630464130636 -0.01080134348565186
0.008973932914774278 0.003822855649999404
-0.002183729075290393 -0.009657077584888613
0.006831395666027129 0.007475386704350804
0.0100503137610269 -0.0009917211455730739
-0.006366958141672328 0.008983161594409476
0.003615056785591023 0.007782041826536888
-0.0005367920058275967 -0.009215639210005724
0.007888538156995134 0.006184943763997648
-0.009298017860621411 0.005754475955753912
0.01334510832324194 0.001956184038257639
0.006270548875342763 0.009402250563415225
0.00168134492736285 -0.01177205063748051
0.006910448948783232 -0.008182523754117424
0.008709296373244796 0.005672296205318344
-0.009947365062045913 0.001422387123139611
0.009863605846556791 -0.0005554005802540953
-0.01001160772775391 -0.000979050231201289
-0.004391204190242613 0.008796062900839303
-0.009500650708506959 0.00352508172037214
-0.006287722953535239 0.007930835903008065
-0.007417236421341526 0.006712953895246425
-0.003047884964382126 -0.009089020655594809
0.008059785204403312 -0.004846263036750087
0.006433235178925177 -0.007379703855606962
0.009677674378055185 0.003163056624592797
-0.009416238982800753 0.003219693829857031
-0.002436887582996724 0.006895699496699765
-0.005782169016304517 0.006975447280589838
0.00612181981542472 -0.003055056085425291
-0.007619403351627692 -6.330045263076479e-05
0.0009647588840948716 -0.01019420669461462
-0.009815072279111737 0.00322666112233091
0.005314288638343899 0.008629409482897856
0.008496218541901881 0.009020125143015712
0.002252067441861795 0.01085615911172857
0.003086093890599441 -0.01056336939479447
-0.003045167936670052 0.009845241435337477
-0.01024508100325461 0.001861262646889982
-0.00875798433932873 -0.004253178439515586
-0.003996777168141711 0.0109151838567361
0.009401649538888205 0.003486774180124825
0.009238133474348577 -0.00389350014074688
0.00965331488896805 0.002444687411834306
0.003605171137354978 -0.00923924862624719
-0.007319406390145567 -0.006742750959942836
0.005041941206980869 0.007787076188658074
-0.01073553221943863 0.002405856813303411
-0.005172529107456639 0.007578750902838654
-0.002372245105737659 -0.01024681396153837
0.006070327344767113 0.0081869821226621
-0.008264727566967087 -0.005707535656064173
0.009994471277000903 -0.001549417350224323
0.008704811423146599 0.004510895860290075
0.00612048356747675 -0.009140686976179578
-0.003195120680879366 -0.009544143889611506
-0.008353489631858694 -0.00559441381493378
-6.259757897311632e-07 9.06569933013195e-05
-3.392674575943445e-06 6.033261981423999e-07
2.928534235393333e-05 -1.749100523201672e-05
0.00104415491117477 -0.001729974931680302
0.009226575638394276 0.006913560552891392
-0.009322702671861303 0.007490575559193404
0.01244843459532055 0.001063165205131865
-0.009354748254373779 0.007987007154742001
-0.002691408574676236 0.006612810108841376
0.00887938126379407 0.007409318470853886
0.008170546266057073 -0.002736764751402429
-0.003513426986012964 -0.008139403722633285
-0.0008943381157149113 0.008043946071397582
0.005195020084443162 0.00177945497439752
0.006903365840441053 -0.006737628441447299
-0.005088287064306748 0.003633958956591855
-0.000390467550797828 -0.008085281363414217
-0.00447240096797138 0.006836692998474568
