0.01257848070113013 0.01817382078834822
0.02100340412053666 -0.005928574380698888
-0.004325435851768038 -0.02126315394189227
-0.01905811998022642 0.009830460829526062
-7.203274676030659e-09 -2.664879872647101e-08
-0.003846293610607136 0.01846310722949374
0.0004879851370447981 0.006362847058640352
-0.001070111088398727 0.00524107853637923
0.002847304508092835 -0.002392422965192932
0.002880417888883572 -0.00346329058969735
0.005839438236382383 0.006638671785162273
-0.005068525792336599 -0.00810848918848295
0.0001385949998452936 0.000476165939950641
0.01567904153599022 -0.01415166662091192
0.0016817880035669 0.009718141042728418
0.00665943256340418 -0.001739844788774796
-0.005315430824084164 -0.01178383840824442
-0.006582693802091868 -0.008832787532137521
0.007446580505111781 0.003595875658808895
-0.006141111371322845 0.004077340450565916
0.001623931219752142 -0.0063789441994954
-0.002494794979689187 0.004240375263209018
0.0009636541210069418 -0.005716485776894742
-0.004618781308972627 0.005842124488780954
-0.006205716027435536 -0.006144847355492059
-0.003284441743147702 -0.008448149534626265
-0.002664676250214742 0.002278458765733517
0.002506807635462534 0.002133028104688415
-0.001789848141049157 -0.003305824973625117
0.0003723083132091237 0.0003089915990104043
-0.0002055855826656311 1.170630119298645e-05
-0.002938238726676063 0.00496349451651184
-0.005228073983035212 0.008321637861643067
0.00390201927560627 -0.004760547846246481
0.001074225808191957 0.002674432726889991
0.001468734643876144 -0.006223212852290284
-0.001937419680818246 0.006163391690196632
1.484168289110089e-05 1.135933598521832e-05
-0.006779164955152143 -0.002361775228818007
0.008420913464611893 -0.007176300192348002
-0.00891085873107461 0.002228047964909087
-0.00247821187381787 0.003768047262338156
0.000981772027902653 -0.008957392718318859
0.005401232170121341 -0.001510420448692867
-9.80909023242846e-05 -5.915698462889482e-05
-0.006641706289186297 -0.001375788470677871
5.378325232001498e-05 -8.63508617100807e-05
-0.007554857042189833 0.0001888031156132986
0.002513338745892261 -0.0008848158184354886
-0.002236919265367588 -0.0006421540224391079
0.006533723795123152 0.003935478289727967
-0.000914283316349022 -0.001865627179648266
-0.000213905336312414 -0.001820158834747491
0.001535941918947671 -0.00463958048142529
0.006936575985584028 -0.003173728798022627
0.0007904853545363836 0.005053115281922816
-0.003697374898394886 -0.002630230643271425
-0.000539002193531036 -0.004208419613309463
8.1811677436669e-06 -8.371445662803572e-06
-0.00276626151754078 -0.003794693005173888
-0.001043929276412923 0.006072236415874302
0.006426798696654673 -0.004655854374499017
-1.323846267367538e-05 2.959648196453077e-05
0.005048534700345493 0.006184221772526875
0.001904450155577098 0.0008322846539544427
0.01622025045345866 0.00858776793494
3.733981323607281e-05 -6.382545946025094e-07
-0.005592968839392576 -0.0008858519917045802
6.357455031326755e-06 8.339772539142046e-06
0.005701236465708986 -0.002210694296565969
0.003882549080975318 -0.0009688981244242241
-0.002257427643731138 0.001973978013548087
0.004631424496349346 0.01301806569860708
-0.004428752500365672 -0.008497581751578675
-0.0002178402610159796 -1.653896603636666e-05
4.57284827158686e-06 2.352816407623883e-06
-0.003698949988099291 0.005298990158474081
0.002705139798086482 -0.007886197106764747
-0.0006262516589535097 -0.0009656013681759743
0.006893966567943746 -0.01229987147737067
-0.003276449413611186 0.008683718041090548
1.416074143260703e-07 1.610535662326269e-07
0.01100060252261169 0.001865842692127582
-6.92312059744989e-06 -1.008130302395832e-06
-0.0125399542405173 0.007998667539366285
9.893614599174154e-06 9.379350825291711e-06
1.232977329232464e-06 1.042397579599386e-06
-4.640420455645641e-06 -4.351166123944006e-06
-4.922523597207763e-07 -1.180875506800921e-06
2.793970138973375e-08 9.899366056181311e-09
4.034857682019238e-07 9.791148995501902e-08
-9.45815014212344e-08 -9.697237787670715e-09
1.513188112855652e-05 1.915472148831043e-05
0.0002326063985537717 -0.001981290416080506
-0.0001268988216181189 -2.045177613810503e-05
-0.002167876188122272 0.0007415767558483515
0.001367708167438488 -0.0006906358763590492
0.001306004169461706 -0.003386537843195641
0.001028323923841518 0.001434338677726962
-0.003357112683823582 8.688549342746709e-06
-0.001551657463921446 0.005707543207957457
-0.0005337239118131127 -0.0005085538769580873
-1.482076136187732e-05 -3.840011694668162e-06
1.554357756992828e-05 6.548951863121845e-06
1.357894702881246e-06 1.248208550550736e-06
2.200386782837296e-05 1.244782447060864e-05
-0.0001260431669891183 -5.586092367079828e-05
-6.544834332016976e-06 -3.931641503622801e-06
-0.0005307378534546126 -0.0007511082723990317
0.0001088542614125099 -5.261392001199354e-05
0.0003071867988260478 0.001711364577830268
9.971141715283246e-06 6.548190083416004e-06
-1.685881586042593e-06 2.396617688617443e-06
1.566610615719427e-06 1.033168796683427e-06
0.005054681730138901 -0.0008934129050596024
5.831905888689938e-07 2.11020775871338e-07
-3.711320687772853e-06 -1.316306270522449e-06
0.0004443704443802477 0.003560824792019827
-0.0005308763112686582 -0.005072103185631206
0.001244746476708379 0.003586360624567349
-0.0002651726792004967 -0.003205494420845104
1.915916201936419e-06 9.044981700842889e-07
-6.229295679947607e-07 -4.918970446358894e-07
-2.822540620123275e-08 -1.008322734249734e-07
-3.224641823479375e-06 -2.74778194275457e-06
-0.0006190688501536058 0.004371676065059019
-0.002113201405590944 -0.005110562484696829
-0.001283058545079196 -0.006815726594734155
-0.007467111865682913 -0.002783102078699353
-0.01993095132592002 0.006915447389221359
0.001405176511094035 -0.00647792568987811
-7.835218092413074e-05 0.007649104113236055
-0.001053995711558879 0.006405155300583122
0.0008016418794781329 -0.008590361696825203
0.005801686135218794 0.005093260596127417
0.01077118688927213 0.005445964503438303
-0.006694552667508337 -2.771951877027172e-05
0.0056552912012776 0.006943766270286347
0.0008474570098377361 -0.01122900582438635
0.007699171477373225 0.002710281206172226
-0.008120626847262377 0.001380735652329632
-0.007604256141630359 -0.004733107366227485
0.007647635179435896 -0.00866775083051656
0.001480930677376013 -0.009693533522012401
-0.0003068184864137616 0.009524107886510988
-0.002908990051787416 0.009493702674674045
-0.01715167466606158 -0.006929209020982173
1.246667599180436e-07 7.029160169825316e-07
-0.005630090862043085 0.005326093257141494
0.0001243602737032898 -0.01205265039800144
-0.0004849266433351874 -0.006670783304562571
-1.415590113103568e-08 -9.809635475083888e-08
-0.0008554340480937351 0.000549214628999995
0.009215569866262751 0.002156103267614847
-0.01295329522505386 0.00271183767693909
0.01302109321208632 -0.0001216590779296114
0.009743821097181374 -0.0008957750128413772
-0.007498952254509565 0.004217092477678814
0.009103509858712097 0.008164280956178918
0.01882827730482023 0.0005090174558599404
0.007610788477187533 -0.002186126613571426
-8.896258749537828e-07 5.490805337358242e-07
0.0110243438760092 -0.003558322289650893
0.008865844605581151 0.001355725142298127
-0.006324517606561613 -0.01029089311695848
-0.01202072676166441 -0.001474717551819821
-0.002101541211930105 0.01280194318617618
-0.00400369940497278 0.01058693996421512
-0.007273473348644009 -0.00803160905918677
0.004002888418162095 0.007537817016049719
-2.522574832111549e-07 -8.352782230303209e-07
-0.006508635685810958 0.01240150905619625
-0.008214629175927524 -0.01943817193834281
-0.007253036612021238 0.01557867420487299
-0.01007968608380233 0.004118291435356882
-0.006150546192940936 -0.01178820711726478
0.003409303097053899 0.01507778229693746
0.005290137381012573 0.0116205114441122
0.01297531669423435 -0.006443789313952816
-0.01393846636367157 -0.005534327406738013
0.01425377819309329 -0.005067909731162779
-0.01244996904815058 0.007178081937333203
0.005669206754162197 0.004878416549188925
0.004900507020786519 0.01179242622012425
-0.0001472427483739601 -0.0001187734534664999
0.004819365981774822 -0.00375679366944227
-0.001199323072332508 -0.0009029361028925285
0.001041799846316197 -0.002275676222045773
-2.145513758784944e-08 -7.950877318218489e-08
-0.01039827065411173 -0.009039016653216221
-1.30105127719456e-08 -1.959720120473933e-09
-4.675887144758343e-06 -5.637291228247832e-06
1.218210460100189e-05 9.861459835600696e-05
8.123179675352543e-07 9.053837751545974e-07
-2.860019201023427e-08 -1.114098106360047e-08
2.390849697517204e-05 1.039220496268784e-05
-0.001781252970590135 0.005162344928597593
-0.005419703306260273 0.005088608889268133
-0.001950353731082643 0.005028074169510517
0.005409136613200023 -0.004044794007219502
0.002506019360265202 -0.004152227359020102
-0.001859805862270438 0.003275053308440773
0.007713104479255673 0.004707043956769605
-1.314043298462389e-05 -8.311344284684155e-06
0.00195528293185425 -0.001722600053344821
0.00116521466420397 -0.008268361651961856
-0.004917200413766648 0.008649191344801428
-0.00353412033681076 -0.008169190771735202
0.01016028919963118 0.003360129835899614
-0.005527538864702601 -0.008815323894377962
-0.00789464393686041 -0.01946077276217825
0.003043639012212885 0.01100488315306291
-0.001461303039790242 -0.01151200648718752
0.00180659196024009 0.01317893048029147
0.01190078757143485 -0.004816647277249698
0.006528587256607155 -0.01827876388272754
0.0007179997724804266 -0.004428499396116271
0.00160369443230976 0.001157778942825001
-3.643770394614147e-08 -4.356944513602123e-08
8.203369330868433e-05 -4.706293611360677e-06
-0.002023849159984786 -0.006351472716426996
0.01638794837681926 -0.007350705820690472
7.587919283642339e-09 -7.383326232858446e-08
-0.008514752989591425 0.01041959027773671
-0.002987711272247103 -0.01328844628083939
0.00205528112777388 0.0009870448580886833
0.0112740975727674 -0.01318830412463856
1.588239458534686e-06 2.065019857379529e-06
0.01230515803227457 -0.01019473963319137
0.0008393466523597109 0.01505504555110645
0.01671893082762023 -0.007034804156117372
0.01377823058547864 0.009366452502680742
-0.01347484878232687 -0.01174748216729056
0.01812910692556753 -0.005007544846468797
-6.507386032084948e-05 -1.529335409085027e-05
7.925756218898541e-07 -2.103089249926129e-06
-0.003720548455910297 0.001410407174220398
-0.004459414551103216 -0.0005307361536775931
-0.005483107513844101 -0.01871709734682758
-0.01183652678433141 0.002684669181395027
-0.002217455515650277 0.007834339242297497
-0.005847244792275099 -0.01100882821544497
-0.008252311033954936 -0.00465702229791077
0.01046064253670341 -0.00478041246210716
-0.006726153915393152 0.008371060752369101
0.006933637180195063 -0.007862018426050233
-0.00383810082033748 0.00939463091714441
0.005923378569787811 -0.008941782103591993
0.009434440542941683 -0.001845559135032842
0.01097382211429398 -0.001326951467401769
2.225513904082652e-05 2.105046244222607e-05
0.01094688584921473 -0.004237302939594063
-0.002364073275317174 0.011181441371192
0.004630262610588048 0.008675584770503054
0.008302898858058887 0.01009994666335273
0.01388700245604123 -0.00651363160097856
-0.008094079031594236 0.01136779054710718
0.0001784511741391463 0.0151895897550398
-0.01161080638250563 -0.01342617120790598
0.01677544421048565 0.003918738788664431
-0.01484035680614739 0.007287798091247945
0.01386275032889366 0.0009450005401770351
-0.01000276761571045 -0.0103830499523682
-0.01449208234823423 0.0087466693323621
0.0114831720124652 -0.006177609365115956
-0.01237815056907563 -0.009875909514941383
-0.004877234580260495 0.01247096391642254
0.008784938708803104 -0.01395205118787666
-0.01716809044781841 0.01041705400493636
-0.001371907746348474 0.0145664183642677
0.007433619832984107 0.008776530402498747
-0.009667338074827744 0.0082088842146364
-0.01124010016957577 0.001238851441429387
-0.01241455354163994 0.007930408029680133
0.004258097466258331 -0.01181050430465933
-0.002407179937105667 -0.009137148061731342
0.0111681795961047 -0.000162442188781324
0.004529895568575249 -0.001431879783978226
-7.66857213304389e-07 -3.303397292331097e-07
3.599922441404899e-05 2.368186292095814e-05
0.007804640661201174 0.006911184537676631
0.008451364576506522 0.01098793302217187
-0.01730883897063899 -0.007526236393695388
-0.01154742211295822 -0.003354449658417292
0.001393961505040424 -0.01491318284746837
0.005536413417434837 -0.01190317558201518
-0.01604595235789773 -0.0003792567294673165
-0.01269411880577071 -0.003376693033467955
0.002548339627347631 0.001501289441315059
-1.102140799150775e-08 1.705713478337507e-07
-5.267570454563184e-07 1.642880510967932e-06
-0.002225770980320623 0.002006688322735067
-0.009331877465552179 0.00703350248390229
7.952352221413054e-08 1.190682948431284e-07
-9.100082388338098e-05 -0.000133233241849958
-7.881731625397406e-10 -1.644094056079162e-08
3.846901051398531e-09 1.05357834180184e-08
2.757862485036155e-07 -1.377309097676133e-05
6.843903062882899e-08 3.732519836861184e-08
0.0001010342315478169 2.27403864958528e-05
-1.531009354335192e-08 8.015891155497098e-08
4.611788306737068e-07 7.112337295096457e-08
-0.007605321497120836 0.002172165981926655
-0.008883834021342915 0.004250121568714497
-1.574627769477522e-05 -4.927762693175166e-05
0.003635859387126012 0.005458523974830395
0.003108695098026314 -0.008242238385615773
-4.969299479639088e-07 1.358997506738622e-06
-4.759072842741835e-06 4.470873712882435e-06
-1.632653762560325e-08 2.57092859210578e-08
0.004967269749603728 -0.009134157972126378
-0.01545301822478399 -0.001779488677755886
-0.000161293001707758 0.01912849638435808
-0.007612382415672511 0.01746399222509373
-1.513542797333319e-06 -8.020429447999618e-07
-3.166602212307469e-07 -9.835573330577436e-08
-3.505763343045188e-05 -8.708194445681006e-06
0.003022508447376102 0.01599716686888462
-2.091727617997122e-07 6.560523330376997e-07
-0.009369218377018649 -0.005617279714271733
0.001123815001191579 -0.01407779838390621
2.247578292141663e-07 -1.929421211611538e-07
-0.01065340137739588 0.004515765551830045
0.009315910860573982 -0.0160577379738084
-0.01030974333222488 0.0007819406724359462
-1.815899291321873e-07 4.135095959657568e-07
-5.823408260785741e-06 2.670208141983098e-06
1.178386117924536e-06 2.309399481931131e-07
3.686840267630464e-08 -1.354306977633385e-07
0.004455928456041791 -0.001692795089136485
-2.520596363517851e-06 4.182230950789322e-06
0.006073108178203305 -0.01392599545508024
0.009573811692897864 0.002993994890395572
5.036197442976945e-06 -5.51193870080599e-07
-1.419210873578127e-07 -2.936552877781843e-07
0.002901781936352347 -0.003281887611428879
0.0004006074434085371 -0.0036677704774941
-0.001139904558728806 0.003628766332610085
-0.001502854051707269 0.0007314653686459484
-0.005704121537829412 0.001250791194300302
-0.006389046361201561 -0.001699980857533067
3.364533708692501e-07 1.597992948710834e-07
3.722870684401524e-06 8.149466234362789e-06
3.642357730606637e-07 -1.179289956569587e-07
1.118629840390007e-05 -1.683587287082544e-05
-6.645452584544205e-08 4.307012664844536e-06
0.004218777511297746 0.004633268546112994
0.008480642376414032 0.004163515095886832
-1.506262837116658e-05 1.761663489130706e-05
-9.477318248818107e-05 8.902911930687902e-05
-8.232910487850599e-06 2.547985771685041e-06
1.419131508202035e-05 -1.403550492530001e-05
8.97640417097043e-07 8.959215744108674e-07
0.005629210565240446 -0.005315203031624782
-0.006123695739915979 0.0052015012706599
-0.003540122076606917 -0.008055900060225586
2.480394276732665e-06 -2.491458458580969e-06
-0.004614977939431789 0.005658765325394621
0.008694809031858505 -0.007808605770719583
-2.054493087634246e-06 -1.334488642475123e-06
4.907322299829823e-06 -2.20632865459964e-06
0.005049234937165924 -0.004736981962564563
0.005115253608568199 -0.008950559644016896
-0.006694931760542376 -0.008102479137850662
2.163516907943768e-05 -2.110249962832832e-06
-1.851901384146806e-06 -4.811647854289783e-07
-7.432129891994333e-05 9.01511019799496e-05
-0.000945207331312564 0.005207332998437381
-0.009587905370898219 -0.001068493542766781
0.008627075952143902 0.0001785998643318482
0.01069063929585587 -0.0008606521666471741
-0.009594084823323464 0.006925860084387545
-0.01183255590086879 0.001098667083233902
4.132488564898878e-05 -0.0002265900282324679
-1.527517307493355e-05 -2.227851653536118e-05
-5.016605908269144e-07 1.687646577826488e-05
0.004368490246300127 -0.003205083916907007
-0.01080585899028209 -0.0009731451595585772
0.004141146038024683 -0.01345419353717044
-0.005809708733592802 0.00894674869289336
-2.358981424064757e-05 3.661896000163981e-05
0.0001034289180224711 -0.0001463466080696544
-0.01224325477520562 -0.00490665996253333
0.001540074493678697 -0.003505350174232004
0.01198831456892422 -0.004773747600868505
-0.00453020581671032 0.01404811033800054
0.0005355663519463448 -0.002207282380011794
0.007848420702818023 0.009574329839680814
0.001305007240066818 -0.01607990163660698
-0.01139314102171367 0.006408717068149505
0.01209979816363375 -0.01203182717000841
0.01223905664458227 0.016622016261216
0.002119232200514824 0.017873361093792
-0.0001912054176723874 0.00580773636001516
0.006341050237167641 -0.01056161818970694
0.008445990082861624 0.0193597678570481
-0.01531669414038511 -0.004238752746048937
-0.005133890788190325 0.0129060354855927
0.0009281408902538413 0.001845685589122051
-0.00165871891321303 -0.001381977307853392
-0.01257680023298347 -0.007757958932625093
-0.01722031837478528 -0.01376761671118412
-0.00168433876054457 0.00155699698159157
0.001468888818695812 -4.89785268756697e-05
0.01694277250524834 -0.001915652952707698
-0.01272058202229827 -0.01144422461087157
3.166656057323139e-05 -0.0001704750549819977
-0.004273932222978666 -0.002964581494087386
0.003783003518967482 0.01570421231119788
0.01770599843930596 0.002766452452861582
2.645220485782153e-05 -2.985878877538933e-05
-0.0001985423453807036 -2.749664825108295e-05
-0.002213075615934557 0.003532191648727084
-0.004475136992362004 0.01665866120157216
0.004657532239330291 -0.01533619062621917
-0.002152457165261056 -0.01336721185380112
0.003891535236018419 7.926829690284489e-05
-0.006009012611195368 -0.002527398254404342
-0.01770964339338472 0.002944959258757234
0.01428983236293898 0.00571725823986543
0.01070404437586108 0.01357861996909155
-0.01160314432348367 0.0079524478827065
0.004922607838085524 0.0008867995024860049
0.002802777597884452 -0.004256319229893986
0.004571178019119429 -0.002541494944412765
0.0008034452500143843 0.01856414691101665
-0.01775530140930654 0.007042218236228699
0.01827716661840034 -0.002647633620409179
0.01394010220693875 -0.01086059082919041
-0.008681972724857176 -0.0160402652593541
-0.01768929592581834 0.003436992145828933
0.01459240141022786 -0.00520608742896554
-0.004193541315983197 -0.0004279340213566512
0.000361582075321431 -0.002130031950643315
-0.006553450476112985 0.002857806070129339
0.001501872931050213 -0.001955514252134252
-0.002825915570428903 0.004806853592318307
-0.001079799304162985 0.00131497488163183
-2.096279052572226e-05 0.0002119974218602285
-0.003745516423670026 0.0007798843448760732
-0.007297952922918172 0.01570355964965413
0.01820921484595405 -0.006202669887199943
0.01168183613987204 0.007966843525930014
-0.002027292794510879 0.01520778435474925
-0.009788874221685654 0.009207404845400844
0.004363218807498979 -0.001520938107061094
-0.01000699605480572 -0.01664599138953058
0.01164209712619187 0.01030206612407745
-0.003400271820806508 -0.01487612578650453
0.006132664047303883 0.01510572574633623
-0.01609441497924839 0.0004710735461173911
0.01234602041501162 0.004998411974038759
0.002195418629542295 -0.001769604844784166
-0.006340243674659954 -0.003791986278112526
0.006150141528703943 -0.01984805095583136
0.01831968868231427 0.006584757216973445
0.01128228101295671 0.01910308493298441
-0.01489843469951128 0.0009411578310308365
0.01680232684841812 -5.783407564410388e-05
-0.009595190900859991 0.005781099602128191
0.0124111106776886 0.007441410457726116
-0.003599666392227072 0.001305107580667359
0.004771169336582461 0.003814106182339209
-0.001070309113185354 -0.004769485832304554
-0.006432118155041427 -0.005163862664768118
-0.00645939287871577 -0.002028948090287516
0.007646969366916913 0.002563912809817637
-0.005037603308322263 0.002554631288798558
0.006236944362870734 0.003382335969720517
0.004016652909953945 -0.004663655570209484
0.006504768524386732 -0.01901497918994737
0.01653891595527314 0.01071869546724058
-0.02046043648172738 0.003986244298782184
0.003873508097223431 -0.01561859452735728
-0.00533349702739455 0.01123200313493356
0.01109378892403268 -0.005534241712219605
-0.009533457641339957 -0.008157796305806568
0.01124459609985496 -0.009002341642460721
0.0003731469794825914 -0.006078080449112064
-0.008070674704429213 0.00699501663562358
-0.00745377327968552 -0.01539919040245158
-0.005790750584292286 0.006974288677456937
-0.01789824892353106 0.009168731556336088
0.001964375434623309 0.02109252248465999
0.01952179078877245 -0.009078414825888136
0.006505033066248664 0.01891331117397832
0.01983679239296115 -0.005890564553697435
-0.01528282096987364 0.00110168584873465
-0.002118154097720171 -0.008358903415547536
0.01065774831008538 -0.0002233259472830062
0.02022923295901814 -0.004451898136997873
-0.01606885132102842 -0.005363866012413034
0.008136543663502293 -0.001209382546626777
-0.003476654519580664 0.0163219368099258
-0.01596626317258405 -0.001808250180084565
0.01854175759303171 -0.002995991022974709
0.003440977608513824 -0.01509984539933532
0.006396632239371103 0.01629015535495059
-0.01188576742563638 -0.01495565802709321
-0.01655264262211128 0.00343839828585191
0.01319428624083689 0.008130858726172604
-0.01358269815855079 0.002294303459646577
0.003757681986206728 0.01394069015493841
-0.005509701319695271 0.01919742305388102
0.01640145733958141 -0.001905111523054401
-0.01447052644447288 0.005447966457326466
0.01326351403568874 0.002416637432751735
-0.003626367978721845 0.012278204039285
0.0160724221680297 0.005842312884218984
0.0009628882413252766 0.01031234182122116
-0.002161801269053 -0.0161410372370505
0.006200891199600891 0.009961871497617687
0.002332302232348602 -0.01071848472017626
0.007658959417815388 -0.008803015636151221
-0.005151672193331084 -0.008142956633566774
-0.01161219714181683 -0.001073585002915119
0.004179026959879396 -0.01232276272125922
-0.0009752529557361659 -0.01485850492371805
-0.00458296957299398 -0.01931522057085418
-0.01040925082113603 -0.008182923941951005
0.02025616791199319 -0.0002839699384153721
0.004352083217499112 0.01197893742828637
-0.004370274875586615 -0.01698820307697557
-0.01559089564115686 -0.01062378744652227
-0.006967126832528977 -0.007419046317280807
-0.002115958565455632 0.01500299252039369
-0.01933099853384501 0.006801002936282927
-0.01157104044582661 0.0002238183624523716
-0.007789799863772209 0.01169632064601739
-0.00651159772815502 -0.01320018892584421
0.01378179517576942 0.003485402281308704
0.00455306312455436 0.009507154958901302
-0.002802970507269469 0.01160119735019224
-0.003121773918486766 -0.009789512227572454
0.009058588777948975 -0.008752120929733974
-0.003147430379975971 0.006537024735871208
0.003004658793066291 0.007658293862681984
0.01104544191881417 0.002151116820824514
0.008624111598903738 0.01166859336211847
-0.007431615578463238 0.005265809969997965
0.008843190188878133 0.001460096250183255
-0.001149754940308582 -0.008079715345357041
0.003466229454296183 -0.007273783109701471
0.004320110541568091 -0.003553311338772989
0.006400550118337426 -0.003148519336326884
0.002824792108757711 -0.006327520569299673
-0.003531857613835064 0.008517201354205516
0.004580034950427353 -0.007398213851005876
0.002800248916540436 -0.009368916771240512
0.01109277385996785 -0.008091695983151504
0.0005067039639058837 -0.005975362844253894
-0.01018004767499539 0.003307393395431247
0.002986276902267679 0.009214553763656576
0.01220368953154831 -0.002712962870816405
-0.006847252964003034 -0.009551744229656283
-0.01133618150657409 -0.007416135643588091
0.001273513497630956 0.002515986822337256
-0.007213979162342502 -0.0009642693616626673
0.0006090782663027166 -0.004100676940921241
0.0009953129495946628 0.008190241420264636
-0.005978288615986795 -0.006374460200673436
0.00564574523965833 0.005402622294693775
-0.001122637577071586 0.002398815734530699
-0.00352636292846527 0.002705959018591453
0.005709134445055168 -0.003455401840232562
-0.003821247090411626 0.004133913591081352
0.008483740198663544 0.00305402122839706
0.002291258350415322 0.002589262101331328
-0.005649286259542415 0.002268423099016863
-0.002327866945743951 0.003237824508898766
0.002817734301641539 -0.001615599873807681
-0.002863402660695328 -0.00749323124326376
-0.002041789598963623 -0.004507990565086637
0.003270408829005703 0.0060268803482394
-0.009312635832527623 0.004469258076600568
0.002922841376962478 0.003814016378715246
0.002872953494495514 -0.007185388084560853
-0.0050213330676718 0.007517745148305295
-0.006350661303809728 -0.002338465788349807
0.006134192247881803 0.0010764864381452
-0.00572352376681579 0.005976274825206795
0.008000727949296176 -0.003882493597196721
-0.009214474352774202 0.002402274328655273
0.0007662071358067187 -0.0102185720015286
0.0116831665757824 0.0009026007746181618
-0.001081036189039729 0.008226628074432434
-0.01023950147196731 0.003827856027518994
0.00493774758690557 0.009301295593584556
-0.01049501236900875 0.004691643780641989
-0.01219272736197308 0.001797314369268028
0.01341302724532949 -0.0007616478208698862
0.003361448742886586 -0.01197845012691564
0.008113185422851459 0.008862047770435921
-0.01007628881252182 -0.009238998528582884
-0.011046144120351 -0.005323902014646131
-0.002959012632225629 0.01455352363298609
0.01377528913126977 -0.004669891141771521
0.01245687942431047 0.004108868278553047
-0.008076265599209782 0.01745822349392095
0.008418667720815695 -0.009016715967932612
-0.007235271064286497 0.01131218595851939
0.01564457602015644 0.001522624296786877
-0.01459404405348823 -0.001225261187888329
-0.01536457207081983 0.001484629778304489
0.002904270908315164 0.01448112473980186
-0.01500229752251404 0.007269298167065174
-0.01439026289853997 -0.001445570058781616
0.01175606691068179 0.008992339465531851
0.009844138039412089 -0.01083586543318533
-0.01138258811686794 0.01247726087373399
-0.01219688311281204 -0.009043671532186111
0.009075106550424285 -0.01289342488477379
-0.00355428268302738 -0.01858776237169672
0.01142594555040124 0.01292868125393938
-0.01339147383695102 0.008766136197818152
-0.008656981922378602 -0.01424943002027801
0.01604513872025619 0.002419258729422143
0.01428173233960981 -0.008961046911062958
0.01894351555297265 0.001934353129964724
0.003112341489768146 -0.01764309133183746
-0.01525333323249705 0.01042273740861098
0.007467528183478408 -0.001633931002793774
0.002614667575100572 0.008234475043855598
0.007789640306589583 -0.006374701513701344
-0.00943167086661032 -0.008410724515941331
0.008139818048198647 -0.0001871296586258913
0.0002562285369051451 -0.000448735025888536
-6.035758607440369e-05 -0.002598359666523771
-0.0001262866820404714 -2.602984804748414e-05
-5.978652881391558e-06 0.002104673224722154
-0.004921021023011083 -0.0006339715073757786
4.699344344175003e-05 9.472370386162425e-05
-0.003009542473668921 -0.001972536166250227
0.002057489847058229 0.003613377265023197
0.0002399512679558607 -0.003066541760914815
-8.389547926332314e-05 8.933562116901234e-05
-5.604860450357917e-05 0.001669109566197658
0.00291263244967176 0.004892471104072874
0.003490764450350704 0.001700007889832756
-0.003148103813712589 0.004846885567845816
-0.00256280430761754 -0.003818975775983946
-1.213554350383701e-05 -0.003232342917179895
-0.0004628332771898487 0.003548522048529791
0.0006062699769850449 0.0005393182053480041
-6.480021765467226e-09 1.302322237058718e-08
9.913874291085182e-07 -9.54563591046106e-07
-5.762073188917681e-06 8.633035888900322e-07
-2.777597244851951e-07 -5.554136081158844e-07
6.409449669589017e-07 -1.15829182081501e-07
-3.619095513914321e-07 4.938680589074105e-08
5.564605505483509e-06 -2.842872018614012e-06
1.213241127070114e-06 1.18163333141082e-06
-1.36423131341964e-06 -6.578548545645308e-06
2.481195244183848e-05 -1.525071773985322e-05
0.009857628777209179 0.0007045834576632959
-0.005655673596100985 0.008782071312033334
0.01117703064984954 0.003050661787960587
0.009159559213158591 0.0104948765097452
0.01100547950870075 -0.007427332743527345
0.000179777732427667 0.01293995560022407
-0.01034787980177902 -0.007611315242703334
0.002692602126910391 -0.01169456895602256
-0.01238317093674099 -0.008342786510432288
-0.0150177102801835 -0.003472334617810452
-0.01358487865712896 0.002376051422683212
0.003373068449106215 -0.01411195592694486
0.01601526800658972 0.002126855541399122
0.00750200350596688 -0.01371736842747185
0.00945723199625075 0.01158445778148012
-0.0171859758261161 -0.003304680851933313
-0.01611565527270685 0.003724604301678763
-0.01277095708183187 -0.01044968560940203
0.01349403067172931 0.009612508175760674
-0.009608067717140312 0.01286580087088994
0.01229928801736276 0.008688834704918678
0.0009671576152935837 0.01189251611776522
1.267877004057683e-05 0.01106070101189433
0.002696962657089925 0.01141721689711139
-0.01095696429128002 -0.01223272454391747
0.0003093718774057386 0.01784325022032538
-0.007230504425144926 -0.0159523570901258
-0.01546278978519886 0.01015098849166617
0.006998921608693007 -0.005683669240104138
0.01505492374685998 -0.008465113326155094
0.01666018863930178 0.003189410501015352
0.007306685337059832 -0.0141713473734584
0.00162925133733518 0.01621831152748687
0.0007004733848398623 -0.01706107673825074
0.01370956089406725 0.01151835743919905
0.01016976610652515 0.001387231803546484
-1.438059800140152e-05 -6.061000974784717e-06
0.01061654152810203 -0.007607176568614595
3.422571612678845e-07 -2.951527803176912e-07
4.079687259123627e-08 -4.13092649729107e-08
1.453253513278197e-07 9.346717073449127e-07
0.001687408798111087 -0.002334691829729018
-1.112127616029496e-06 -4.635695212139232e-06
-5.35983819249241e-06 1.175872435753668e-06
1.70326906392929e-05 -6.412495221770608e-06
2.567700819924592e-05 9.358972725026217e-05
-3.147083757459035e-06 -9.155309196206049e-06
3.017977893030047e-05 -6.381041041730054e-05
-0.0005364481292535078 -0.0001865994139305459
-0.006786089020585635 -0.01377899007803263
-0.01605497241756794 -0.0009562487658617752
-0.01016515866116951 -0.01406342955595856
0.006620508831486607 0.01468659600008004
-0.001525782277563048 -0.01980321573116589
0.01258894758401883 -0.01001311695679187
-0.01093462798984889 -0.01296036408844233
-0.006142109032215222 -0.01709725340501026
0.01287091910127871 -0.01460693191671834
-0.001978693713199598 -0.01807598433656248
0.002675766134554362 0.002890759022870457
4.992314218203131e-05 -2.622932025437658e-05
0.0138882218443474 -0.01236960101689452
0.01022164844834155 0.005055941117024395
0.001226463367645299 0.009781685630434413
0.00741183040495685 -0.01239416219395387
-0.007026848519470952 -0.02009373749133776
-0.0172220745926547 0.01386470939375687
-0.01421693411677892 0.009661147856895152
-0.006951693525729233 0.0127502019866144
-0.01054491678908617 -0.009206335818147312
-0.001952764523997168 0.009395705633430769
0.008148618113871749 -0.003587747696289566
-0.0198359398243687 0.006164112061857928
-0.004018296160354952 0.007740596791524638
-0.006766030245217441 -0.006751865406402957
0.005358908136945135 -0.009097760715122067
0.008509809656564813 0.007420984592950047
-0.006261242524380113 -0.0166924812572774
-0.01859742812207765 0.001210718660772116
-0.01176218987935024 0.0146999850851963
-0.005672267436655013 0.006540609878462084
0.008792176013975016 0.01622746613925389
0.01350076890247086 -0.00970984688567667
0.00847207768718891 -0.003744028818001505
-0.006831243895839571 -0.002651517126706845
-0.00279332778974299 0.00535019017884786
-0.006572956931164088 0.01121053356435299
0.00576403635414642 0.01770597980558913
-0.01635243372835416 0.00035893902593149
0.00205353921524388 0.003161962794685432
0.0008524611185227101 -0.0008785891490117951
0.009012711591235465 0.006498503228890249
0.009461953253936405 -0.01670141694518419
0.004245535737565917 0.01096970250390769
0.001985726588140772 0.0186589555494359
-0.00694845172944126 0.009580844692293321
-0.007158263826195935 -0.01352265908104666
0.01322580387449986 0.007635395268675568
0.005756352452381147 0.01045066855762635
0.0124507973539394 0.0070212658858777
0.005112358779102331 -0.01279398910649608
-0.01696225487118782 0.008476011371480836
0.001572060329599761 0.01599998295313396
-0.01605031310837943 0.005183064137899951
-0.005174367096715889 0.01745792211340549
0.01657549250915226 -0.01102884439030887
-0.007920845231237006 -0.01683063758354213
-0.0005261333517881161 -0.01651779717435934
0.01543606924382367 0.007521205809565889
-0.009305098682668938 -0.01495000318646704
0.01285689290740745 -0.0126102956012464
0.007808560502166503 0.01716506935108055
-0.01429523894729039 -0.01343674220466922
0.01648600278801289 -0.009852537637356164
0.01344440836180101 0.01120851928902907
-0.00534157575218865 0.0136073016471033
-0.0006214966743595929 -0.01844941540990895
0.004277262595375099 -0.01679532030403385
-0.003210842380633392 0.008733666877345475
-0.01205949781618821 -0.007914786165422434
-0.01560165459240663 0.0008984697087154328
0.01821227653210425 -0.001470436873609304
-0.01749098310462255 -0.004231786726841021
-0.007128178498313534 0.002833719420653689
0.005696138658222937 0.002656083428939362
-0.005193280391772096 0.001424615290309698
4.483413586244734e-06 1.042830474599598e-06
1.271312819840597e-07 1.886504934965424e-06
-0.001157700407315869 -0.000636334945345416
0.0002342738428746718 0.0006142000548063557
-0.008607148776682113 0.01201799099211804
0.004225469625971884 0.01343770435872052
0.003101327877167112 -0.01365950257232459
-0.006109183309822269 0.01149090664345898
0.01310614039885996 0.0007395083830976474
-0.0084600513601755 -0.00917951773918059
0.005282400572804965 0.009279754459864772
0.01091016516844761 -0.007534681741768563
-0.01141205865069431 -0.01487441437202422
0.01899130482698234 -0.001930826260894318
0.0002335245451209251 0.000116916142632878
0.0007212694553479043 -0.0014495650396574
0.001103193051593507 -0.001402752558424372
-0.0182881881127644 0.009291199131846652
0.01231633828743808 0.01465484142694754
4.623514851975909e-06 -2.430385984630973e-05
-2.785130836794138e-06 8.963584759570813e-06
8.315877227668926e-06 -9.280369667400482e-05
-0.0002353325087277417 0.0001491657710173715
-0.0002360583562848962 0.02156494765919594
-0.01701597178037416 0.009772434952743421
-0.0007846297342460147 0.01917101276071728
0.01117444115968954 0.01508270036895229
0.01597119144603682 0.008698657350535486
0.01602676623226614 0.01259812348772332
-0.0184563973897136 -0.007686282541476364
0.01507756807811792 0.01266414791461578
-0.01117334357491129 0.01730197914537194
0.01210674726998887 -0.0154065707526878
-0.02119892979847041 0.003778238293084611
0.01055889856080701 -0.01898158223205021
-0.006911665579804186 0.0200716382539465
0.01672002861261756 0.0128551294518337
0.0156698992997444 -0.01315166901358275
0.02106708031996686 0.005316320273837143
-0.01127411134645889 -0.01647384103737904
0.01485744824062107 -0.01523600411412732
0.02144921683455774 0.002334280601634809
-0.01975718371689282 0.004463854700238726
-0.008382691655456574 -0.01878407178444345
0.01098363855470619 0.01730200352782472
-0.01483423597065549 -0.01510323445042951
-0.01343843000839843 0.01726282418704133
-0.01920089719893232 -0.009716287185464528
-0.002188816382151247 -0.01099796446878367
0.01079007027719604 -0.003005349961922506
-0.01440757076632401 0.01073478249636307
-0.01338867552791129 0.01420180309581679
0.00556122089724097 0.01634883842980098
0.01717560485084227 0.01003863709456865
0.01700893096293487 -0.004568210400183436
0.01736556050258827 -0.006664593001506455
0.003659745608152569 -0.01904604967941079
-0.002055724546344699 0.01609428274043763
-0.01592684683629712 0.0009609610102593381
0.0159576422842748 -0.009843202085240027
-0.00261782366809645 0.01621475170293452
-0.005834322598911627 0.01710383546363124
0.01569166322757982 0.002395543023837229
0.01627587556091298 0.007802284065365493
-0.01699508636658119 -0.003089529590797016
-0.01588123014781628 -0.0122143821054331
-0.01801381207817248 -0.004824720439108155
0.006870202565641362 0.006880248609326971
-0.01336962899920128 0.006311396943317812
0.01332571509250024 -0.008094859966205339
0.007211813971039352 0.01411972245511712
0.001072907739668524 0.01345628615564002
-0.006850496425236971 -0.01074151293716378
0.004961441268357295 0.01559843290060157
-0.01347064190865602 0.008105352831038411
0.01307666824667723 -0.008476326561671917
-0.005712127249169825 0.01679808467691503
0.005000581940993835 -0.01718924006015706
-0.01874990834617877 -6.681081539546913e-05
-0.01593538482595848 -0.007098762682412286
-0.004024321670913308 -0.01596322758193138
0.01651654442896712 0.004104771018172904
0.0198159493601423 -0.009342413376454018
0.008512360740604982 0.01891173660964953
-0.0155248348209961 -0.001602934296081197
-0.003382715486712531 -0.01881706746976502
-0.01469087390757371 0.01689171409822353
-0.01824338296352243 -0.008624366975897219
-0.008864209263287407 0.01792418973868948
0.002867111167865084 0.0159801446707043
0.01790697609264099 0.002702437529425357
-0.01570888241093523 0.008020320480277624
0.0005856926452248447 0.0182366558573772
0.01833952105070252 0.00595251232988147
-0.01763390356002349 -0.007475350698411508
0.00883446188749931 -0.01815960573409419
0.01701029682579427 0.01183933983928161
0.00931713519752992 0.01154342358060545
-0.001982311222294161 0.01706954773426178
-0.01662945792807992 8.618424654049046e-05
0.004560781285639747 -0.0159608355070316
-0.002797892006780205 -0.01729806147438395
0.003751999173111549 -0.01485545777396021
-0.01557533854172669 -0.009510974167184759
0.01820875301958737 -0.002997006678852445
0.015986986835849 -0.0005618143918010753
-0.01456622929049092 -1.45593804496633e-05
0.006105886031851945 0.01120345743969995
-0.006523078223494499 0.008467690009380897
-0.0008527312254711573 -0.01635437722158024
-0.01721221640848984 0.0008265589543718869
0.01419415702846376 0.0123648160429115
0.0001970440365511363 0.01668559376463381
5.725214167828254e-05 -0.01596787850774353
0.01665265574097712 -0.00286070614409624
-0.01275915324215902 -0.01196780382501171
0.01489050414685129 0.004048062140806509
-0.001784673435676018 -0.01377703448184411
0.0166924404607444 0.006371053955957928
-0.004605074702708017 0.01745095837753693
7.043709186882761e-05 0.001179986524408994
-0.01084756439286138 0.003059972666706456
0.009632706484742031 -0.007795080704627466
0.003674392791133866 -0.01159379746282703
0.007928080693085907 0.009964188736328728
0.0104745814018744 0.008804269166289793
0.007035165052763726 -0.01227603960965837
-0.0125505573565124 -0.004270433968842948
0.002125342368478222 0.01906422938409608
0.01299315786815845 0.015389534119232
0.01524721452084437 0.008868739217372204
-0.001956374218244922 0.001019512160176803
-0.0184697527572838 0.006429245840125532
0.01544851741603215 -0.01039317786085881
0.01288882162872228 0.01260403041517209
0.0001238053829951647 6.606782914907659e-05
0.0006209400659220889 -0.0003427500173813501
-0.0008946410121104916 0.001935573845126562
0.0007534426766923799 -0.01838859058079358
-0.002474398708184851 0.01923823221749743
-0.01540929354679376 0.008963761248482447
-0.007683927495631685 -0.01617605057868824
0.001276638167259365 0.01998280823455209
0.02027910799712972 -0.000634784792934442
0.008663463800337468 -0.01989932387093666
0.01009125613213966 -0.01907490277560057
0.001230296246373701 0.01222719297900996
-0.009884143829837631 0.01838907066358936
-0.02067438286252571 -0.001928072818447897
-0.0106830485858301 -0.002768498890540168
0.01974388431836027 -0.008270130185674636
0.004343363826605053 0.009020757695018353
0.003168349034818282 -0.009281848031503063
-0.01731457949240006 -0.002356529873948993
0.01734025720223357 -0.003943666540401398
0.01189673346283999 -0.00685759034352807
-0.00698708511153683 0.0177845838458561
-0.0188978008293883 0.0074250769808078
-0.007243080649011279 -0.02007179863759228
0.007757763394008592 0.001895376740554711
-0.01212209405877109 0.006190897369170159
8.017070952191403e-05 -0.009594547807222518
0.01359500192597273 0.003304767826760252
0.01313800257940313 -0.006660577130736772
-0.01180106384790464 -0.001149329088023397
-0.004694435376623104 0.0004918851884702922
2.306963711865149e-05 -5.085580189532324e-05
-0.003887926655633473 0.01319618764841132
0.01828292301600057 -0.008546365951791753
-0.004321123213342543 -0.0200833102786945
-0.004601582061226069 -0.01870523416198493
-0.007389738324921498 0.01689468511411411
0.005230192917035452 -0.0172970344633376
-0.01940880902416818 0.001823999245432656
0.02148263128035915 -0.005431066012558919
-0.01718048980964581 -0.005508162379467684
0.008464590556714497 -0.01423412216646996
-0.01046733205301604 -0.01573589734213194
0.0006082032774402242 0.0198668649401327
-0.01235442154363706 0.01378587386211189
1.793487163411114e-05 3.997538365630168e-05
-0.000540449223727796 0.0006051873359502496
-0.00206016398248649 -0.02132983810122654
0.0202337248805287 -0.005383542076205775
-0.0150165768018361 -0.01544174540060751
-0.004763211381573285 -0.01152676464128591
-0.002425129092888489 -0.02076082874003418
0.02011853132209807 -0.004728940165979966
-0.009046666364108693 0.006278307301186445
-0.003520212261112343 0.01117249383636001
0.007775250642843666 -0.01356512541380118
0.01100756880753893 -0.009182861488281202
-0.0005751509134234746 0.020000159858908
0.009201212770437832 -0.01768800974251216
0.01485104753502868 -0.01510883296814962
0.01274440213036474 0.01841399020521023
-0.009416141843015832 0.01108880227460697
-0.009704604416155624 -0.004353832316216806
0.006884287880521193 -0.009538956412446207
0.007964967091960188 0.007155964572180291
0.002254849417173946 -0.01288526327757239
-0.01250778370797389 0.004438315142346832
-0.002228576448684428 -0.001429787177616434
-4.293416808951161e-05 -0.000147328560537954
-0.000236858945029729 -9.949673581426859e-05
7.333296660377321e-05 -3.146046368896286e-05
0.001107210906516908 6.35148415181561e-05
1.240803427035613e-05 2.930049716556082e-05
-3.015360497377578e-06 1.802962867269914e-05
-5.441341034197984e-05 -0.0001766317162821854
5.913861480519676e-06 2.611218508426878e-05
-1.234451365641038e-06 -7.565261531547568e-06
-2.405248056989898e-05 -1.860732052698699e-05
-6.13172751228303e-05 -0.0001551605868712696
0.001207535677851743 0.001218986532631512
0.005001605512384784 0.001608259574062343
0.003279606022914113 0.002565755145308635
0.0008562708493082409 -0.003166742693080781
-0.002303141957455971 0.0012828772737359
0.00337745006809889 0.001131365205353087
-0.0001755447216491331 -0.002647923118037865
-0.003740341774278432 0.002233926833467805
-0.002226930711674156 -0.00168698106208221
0.004822543207643251 -0.003983807162919046
-0.005209634105260451 -0.0009522979538355049
-0.007116230591905835 0.0001901002136845958
0.004390954732088523 0.007724635171917901
0.007267456407622793 0.001561180737340489
0.006533702332464051 -0.004043399244805035
0.0005261534724131746 -0.007135083670257523
0.0131931339197408 -0.01208947613130711
-0.01785591032521392 0.01231425842079316
0.0132265553697427 0.01438478349123589
-0.01384177725093243 -0.01649024326824887
-0.009558388956669831 -0.01422975082386928
-0.009778824724329721 -0.01247929880986715
-0.01241659071323689 0.009607086275891307
0.01362103828132447 -0.006625908637273025
0.005079376666471453 -0.01334965613309658
0.009457313334728231 0.01282786910669444
0.0007672430086439391 -0.0008212609982632464
-0.0001666721807446114 0.0001009527018819063
0.01904906986304415 0.009521419875088135
-0.004976452046872064 0.02076239402816349
-0.01987931963763877 0.007331069515869268
-0.01645700747273002 -0.01380201216920895
0.004031484496388815 0.02109352368781162
-0.001075792896330093 -0.009762184494663586
-0.006868275199310289 0.007427999819676727
-0.006319195993167781 -0.009533560246773008
-0.007253711246966732 0.009930948855045644
-0.01025679566359886 0.01025786411594087
0.005182865114718859 -0.01246379259249523
-0.01262250449726076 0.004547903291514905
0.01348928901876862 -0.005308456953733309
0.00983283171226435 -0.00945614950156367
-0.007735672853755857 -0.0119261724361309
0.007630583456572847 0.01085816759451259
-0.009086569201009038 -0.01345555981526926
0.008167782564981624 -0.008961049051040563
-0.01326273489437445 -0.007357424228787793
0.007481061423051885 0.01444720695345536
0.001342859144591677 -0.009102781828413278
-0.01067471648509198 -0.006191939579235414
-0.009246501872392369 0.01023747076552242
0.01245970067141785 -0.001637902474401831
0.009922111275743113 0.01109372384633769
-0.01793290378105511 -0.008836161077313383
-0.003392174269253434 0.01276022638246558
0.006740577180500632 0.01000097893949466
-0.002496737266576215 -0.01110730497763072
-0.001681541942209057 -0.01053080056852366
-0.005387208552325126 0.007923601678722449
0.004859070941191183 -0.01216876362481984
-0.01072693151565451 -0.006663229681947006
0.008420800949531869 -0.01413971708762288
-0.01484063201980764 0.001681944757734355
-0.01389684038521088 -0.0140468576557215
0.004243703192314863 -0.01859521461516851
-0.01286397435061329 -0.01609656362862791
0.02088433804348774 0.0003923313972211162
-0.01637880068338505 0.01380628862462869
0.01322295634279776 -0.01587705316689024
-8.42940602073523e-06 0.01984390560245179
0.001768927833153694 -0.02214700582125455
0.01792504539206431 0.009391406478343824
-0.01694051545605312 0.01219984640649462
-0.007975398588513783 -0.001215973842808257
0.001125002802754226 0.009359121782127049
-0.006057915356319881 -0.00950249195919365
0.0007963425126945167 -0.009539505723713305
-0.003802295240113981 0.005729095285921896
-0.001679913006726206 -0.00644812582713469
0.01049679809021282 -0.0005761029484972486
0.01160099707304522 0.005531010014707554
0.01032280522575109 -0.005523278982001844
-0.01319295623408295 0.001864605509603734
0.0007695358242203772 -0.012946221098043
0.0007790931262500133 -0.01479962981250693
0.01148278882472359 -0.008050402622681436
-0.0120714016575979 0.007179759884906276
0.01189395407450181 0.008679298340717172
0.01067200944890728 0.0004027027025162339
0.0001196874581280792 -0.006786758396962229
-0.008191506012979256 -0.00231984704926
-0.0166357400043017 0.000513078724759356
-0.007235008619671694 0.007428538189220768
-0.004007846414872511 0.005826875626928568
0.004836487516317111 0.007569421507786501
0.007274478462018245 -0.001729305931078561
-0.0005662431755671669 -0.0090885910801634
-0.0002718546786114125 -0.006075797612343257
-0.00698799733480906 -0.002776076515563491
0.008845432644310751 0.002470661093445739
-0.006419570776614902 0.005841859863457032
0.005795788518121632 0.01979855747102969
0.005081670583532929 -0.005284258300891614
-0.01057711699463949 0.01103561459641831
0.0138830417725532 -0.009404291695620397
0.0001861991438854879 0.01218471854949852
0.0005891183667678035 0.007045165307569834
0.005323640724227559 -0.002826183571192177
0.00154824289538494 0.006090365714533917
0.004740318070839275 0.0009427572681764011
-0.004851404887585914 0.0007502598945995835
-0.01016401039857429 -0.01123098274657382
-0.003254769221151046 -0.01331437702585618
0.01051268836174684 -0.01221149924748183
-0.01207891492248202 0.00402724974466393
0.01149607855654914 0.00721420269376728
0.01353751049105666 -0.008099373230520766
0.006553291524981177 0.01500105464708365
0.001079771920945544 0.003156047647341672
-0.003912788934779762 0.01122554042654088
-0.003591662380193431 -0.01086248289994529
0.008563727238762914 0.008473064989019554
0.01715990823179005 0.007073109850363968
-0.007277842713545101 0.0171810677541017
0.003659765997717351 -0.01212321515771933
-0.01143352439970159 -0.01096372559907467
-0.01039874575640288 -0.002794873781988198
-0.008106826623350823 0.01556232858691276
-0.01844118234472031 -0.007404741796343484
0.0165462592703428 0.006449628894316372
-0.01771332401853192 -0.004777497412657841
0.003493710842505847 0.01998140532703512
0.002304746207633509 -0.02189003708324696
0.003150384064975044 -0.01758758267591263
0.01915361232764305 -0.00647353007609311
0.005252182461269504 0.02058578390540398
-0.009375430878025694 0.0117043323130668
-0.01371098056004678 -0.01303892859693636
-0.02008097805156648 -0.001241457771113131
0.008503386129311124 -0.01723308537170719
-0.02007824645717047 0.007332595962498884
0.00757800998528493 -0.01591753327979998
0.01775452789702475 -0.008333622565550338
0.01719024536730582 -0.0006934691500150662
-0.00227289108067251 -0.01864918255869574
-0.01367904008398263 0.009655994120759733
0.003728583927623855 0.01735743682518195
0.01644694510244574 0.00914133756538698
-0.00696134143949388 0.01859653823984826
0.009129797942078128 0.01372917919066975
-0.01422614002302384 -0.009357578479666506
0.01902297927300025 0.004990503119440935
-0.01983794210086948 -0.0008148834092465145
-0.01610395959424766 0.008363369922136574
0.009393316316878337 -0.01585398275780901
-0.008513284804738352 -0.01781392584804242
-0.01634075271866428 0.007830697150369978
0.004125008374976437 0.01608723018944915
0.0161754660005788 -0.01336949808618217
-0.01882070884503975 0.002814307886219897
-0.01515409372516446 0.006092684360807643
-0.009784827474391106 0.01420510961133826
0.01806122091857291 -0.00339964003444808
0.006238396182636239 0.01676451497311173
0.00797613627099927 0.01709608488389767
0.01697132247263279 -0.003386223325813568
-0.008399931109202651 0.01762688662865761
0.01306797673162397 -0.009602942779803308
-0.004845588975295166 0.01959620030126468
-0.02111546840837584 0.0002914472685910112
-0.004552879675697077 -0.01707667634485482
-0.01447003471536501 0.01027669912002733
-0.007912397192133746 -0.01306615820447632
0.01387628479540525 0.0169954412300804
-0.01918714333518098 -0.004818365150573474
0.01964214693150158 -0.0009187853456558736
0.01740655879706279 -0.007549406668306255
0.002207464598744337 -0.01928325135500858
0.001503538356673893 -0.02056847261554458
-0.01697765701269961 -0.007556431846909133
-0.005832313391271316 -0.01919617826788077
-0.01595901766768648 0.01357707601873761
0.01506421573301957 0.0001822684442824382
-0.01603397078465623 -0.00379195376938901
0.006695081862945062 0.01433286116450261
-0.006016800783712909 -0.01188892091573718
0.006034901662358785 0.01287442540621769
0.001489003928866743 -0.01676656787756417
0.001465544749821095 -0.01427860570294432
-0.002530847381420826 0.01364931861714308
-0.01086053227263419 -0.01012525591979673
-3.22588902851016e-05 -8.0684139218692e-05
9.041739686354113e-06 5.363985220016746e-06
2.556596196220912e-07 1.955601901846161e-06
0.00394279050142743 -0.0007830455498462225
-0.003576133071253639 -0.00617272882379543
-0.003900288497215668 0.001201704743482188
-0.005165849701992974 -0.002056529541914627
0.006939690532997369 0.000411864470663751
-0.00539058685057173 0.0001724666310162321
0.003715946733856845 0.004449858610109756
-0.004365319914459227 0.0008958678421016718
-0.006025385903023585 0.003681084664186127
-0.01816911581716613 0.00960997389209016
0.003634907866515284 0.02057606860099018
-0.01965718213924723 0.008736492307400211
0.009280088915795265 0.01985145177401223
-0.0007224908507747486 -0.02010778940524282
0.01995880355531791 -0.002260016492107969
0.02087197194637781 0.00443763611138058
0.001076151881254647 -0.01904353618803218
-0.01898265304647685 0.00993378848756832
-0.001061380841274439 -0.008466761118299868
0.002362943525968868 0.01287190956590382
-0.00494084347092858 -0.0102832241623701
-0.003547146127085148 -0.009200230443928403
-0.01269490925414587 -0.001178815342191515
-0.01381327267885345 -0.002048169290987288
0.004118967069575362 0.01088537221721394
-0.003522178373724501 -0.0151417688583081
0.002654987604522397 -0.01180424500797241
0.009694153388222687 -0.003250856459928586
-0.003922590158513228 -0.01423491967351022
0.01447396143425861 0.003100465561739371
-0.00555740545976766 0.01398829356374027
0.008101354394846638 -0.007738009759268286
-0.004835960762543235 -0.007967387005973769
0.002067196913451657 0.01515708680653066
-0.01351011314604225 0.008400364609611554
-0.01682330206580249 0.005094370883028982
-0.00154423555318528 0.0140045165723747
0.004030707725140868 -0.01383309032623022
0.01172285648454659 -0.006849035748675656
-0.01163224695990989 0.006654432127176343
-0.007248815320532909 -0.01077601101786239
-0.008009269721186848 0.009357236852611476
-0.00790921338351745 -0.0005197178211763141
-0.002512332803714996 0.006463321029332396
0.01207566921874284 0.005666853617199328
-0.009165088921720034 -0.01121521530286066
0.009767055083263192 0.004398347362196079
-0.00493975343819161 0.01470622247576928
-0.00104898121940242 -0.0162619540576962
-0.01340092452660224 0.006518554213053742
0.006907107444108966 0.0104784784736148
0.001911766698061025 0.01702859746318074
-0.01254035296588311 -0.005485455396664346
0.01194428009943497 0.006797956128196489
0.01180821036695781 0.01816775808788399
-0.01197098204646429 0.01845829284811845
-0.01817694788102559 -0.0112420806595532
-0.004706479554260915 -0.0007444376815182237
0.004416272456100107 0.0006754509036790316
-0.01228273330930139 -0.001159030138544477
-0.004591596681379307 0.007749826169325915
-0.02074888810481768 0.002575923338856845
0.007606562305724643 0.01920338122196387
-0.01273280829646339 -0.006187705698432218
0.008122473271154234 -0.008981230249510723
-0.01084606313349525 -0.005356525181426239
-0.005511789402317301 0.01133284078523299
0.007777709805639751 0.008015816722387903
-0.007291348402253968 -0.01067332345084756
0.01317290595875045 0.0009137687930002392
0.006735618931686238 -0.01364053924178041
0.006166441751304646 -0.01024864766302772
0.006451564739111537 -0.01245874154238673
-0.0007202151122008956 0.01476194400252928
-0.01409256606425664 -0.001238334051563455
0.0124124174073164 0.003279307334845018
-0.00715513828891782 0.01119134689944579
-0.007964179882539746 0.008613782217371531
-0.00361961551926008 -0.009651048871503275
0.007737192191217539 0.01331181793935581
-0.01305653851104357 0.008553558857186871
-0.004625804821571351 0.01861492764695357
0.02158981610826106 -0.001866715760220925
-0.01033725167316206 -0.01814751096127575
-0.01361474426727645 0.01700440752254841
0.01984710654374428 0.004387784912642136
-0.0002553698863356101 0.0208482644452863
-0.02035436582096124 -0.007939773880753733
-0.02051197046710997 -0.007107690160528324
0.01900505019535269 -0.00854564584522283
0.0006072977024479304 0.02030808921694697
-0.007760439598038914 -0.01977267251358914
-0.004910236034709074 0.01456315820959275
0.01314213553201472 0.006565849225414038
0.005583104232053444 0.001172294382904428
-0.006619679825289603 -0.00221610133345669
0.007711390197027723 0.005749091264650679
-0.005748253963485495 -0.001146196984466697
0.001508921874164701 0.008250955970648639
-0.003651456842120334 -0.007896676814506813
-0.0006572951176459908 -0.02113460723278784
0.01796127173249034 -0.00509843497548563
-0.01946125215508044 -0.001912834028468354
-0.02033505287565136 -0.0009221307532229336
-0.003772998439387693 0.01863104111190064
-0.01655855163503201 -0.007874881710723126
0.01541964752505107 -0.003590528353168602
0.0007620110554447636 -0.01695760725231584
0.01580172242324008 -0.005331386461541502
0.007770720972231348 0.01537732352872924
-0.01067554316205416 0.01286104564784059
0.00172144706559257 0.01818700239058505
-0.02164800196041665 -0.00411132168424944
0.01229639566108937 0.006693596110011968
0.01489037405234031 -0.01076545197789785
0.004637473661603699 -0.01268944578412835
-0.009956680833234453 0.01063384108972463
-0.01633881438307001 -0.004373961638661453
-0.01365999176209983 -0.005028972127586733
-0.005236167405822842 -0.01079025129271051
0.01374717880013389 -0.01308136281584665
0.001400569488977138 -0.01802534795929082
0.01762714329424592 0.001898878729464411
0.01529135751755121 0.00604836757972587
-0.00591858541083914 0.01482827820116909
-0.01398117073236828 -0.008955722882264594
0.01738625285169145 0.001979638214454232
0.009019898734730681 -0.01408341679558032
-0.01857002016150537 -0.002092781682078072
0.008967759685250942 0.01340264758350139
-0.001379973874642681 -0.01779367508602709
-0.01549875506547032 0.00877171323592435
0.01214121944781336 0.008730408249925341
0.006181761648767793 -0.01314718958816996
-0.008999244976836964 -0.01054294189214169
-0.007396033461434861 0.01204410682649762
-0.009351891215102628 0.008600295570581637
-0.01501127774254738 0.001505536109325694
-0.009738802344930188 -0.006226002346359738
0.01260209072370753 0.008835406185667742
-0.01776696513316879 0.009728608438884226
0.005762109540639526 -0.01406171661954982
-0.001478337895818841 0.01704737512753811
0.012977968057246 0.01446577042632189
0.01337117622113076 0.003054189313075795
-0.006736371824697105 -0.01552855816782293
-0.003559504311319768 0.01395345307113875
-0.01548697817852636 -0.004310297764491045
0.01255790232220971 -0.001951666485553047
0.004981234602165728 0.003223349607216292
-0.002854267289177222 -0.008004311195848501
-0.006416151828259994 0.004147183831430202
0.00755356862827651 -0.002470701070392604
-0.001565677746931996 -0.01018626590047406
0.00864564900021849 -0.003441540533027243
-0.002416260385702636 0.01019707908426644
-0.003907447861906907 0.007993473441981609
0.02041129942421267 -6.298531910643115e-05
0.001586740547031334 0.01026016142427431
0.004237234412131753 -0.02118629374836106
-0.01328449031534013 0.01686846204643827
-0.0005724418815720291 0.01874259714177775
-0.01560793559354237 0.01126718691402709
-0.00696800816812713 -0.02044989627820808
0.00777753892154938 -0.01561790338993389
0.01388229765450605 0.01120725378543565
0.0131263906442388 -0.01315319641629972
0.01318779362627086 0.009531527133245092
0.01933976875567488 -0.0076864567440238
0.01007547926061095 0.01690939154672468
0.0166794821756794 0.01099855224725886
-0.01277946705460072 -0.01328025283330961
-0.02033416086453324 0.00558455516783988
-0.0133287780209111 0.01046110259977756
-0.01377321034693134 0.005276279218629225
0.0005695968360163551 -0.005814524475276202
0.004762017244164803 0.0005723292258915843
0.0006013673260162469 0.008414910296213851
-0.0009728497870492437 -0.008792931551977076
0.01107989734551343 -0.01751262978681898
0.0207583796690357 -0.006469992496686899
-0.02077436458762863 -0.006972205047684896
0.01794528504869007 0.007285232777811246
0.002841175344197761 0.01764198528529554
-0.01885554798502001 0.001672310354074349
-0.01475793413458762 0.007306989729909518
0.0170790786878083 -0.004494445779873623
0.02144030469345221 -0.005273534499971518
0.01972730366385815 0.002928869149524825
-0.0006400936490622382 0.0135877658355134
-0.008024152739026704 0.00736314443389067
0.003045669091450269 -0.01020020893159371
-0.004005998416309503 0.01028848838805266
0.0001930194372791107 -0.0134531697582616
-0.003293170991619166 -0.012324530269194
0.005042988933038784 0.01760712763066893
0.01836924084060321 -0.002315327061668177
-0.01599083268754324 0.002285580155763023
-0.01748153280294149 0.003271292551892184
0.00259779234275839 -0.01824073924979474
-0.01844786987146678 0.005229974426112516
0.01126634909228263 -0.002647400590187982
-0.007624656147424604 0.01090562590762324
-0.01116445179116582 -0.003425068185885517
-0.004603428620015783 -0.01208404970357893
0.008074263868851893 -0.01181546275832553
-0.01416064220879598 -0.002552728464381555
-0.01683063788139051 0.0001030352415839029
0.01486974538585723 -0.003163139544631632
-0.01298476917890556 -0.008747898887815467
0.003295299521468687 0.01417321312096935
0.01462498873119735 -0.005738173339008709
-0.0009766680968623935 0.0157514836607757
-4.731629483931735e-05 -0.01306312502279642
0.01310402633779346 -0.005173626001874476
-0.01444607893959959 0.002779677402845043
-8.341634814689646e-05 0.01089222863344092
0.01405031999369059 0.01134884632814197
0.009803632331040256 0.0009692763075926936
0.00270713428712673 -0.01088915344791412
-0.005556011785020554 -0.008272260938633655
-0.001109859806708083 0.01699439936961182
-0.01515625229010998 0.01014235817014008
0.01642748878632986 -0.003230152366004985
-0.009789882158286804 -0.01784957682890763
-0.0192026308849458 0.001402788374842065
-0.005911119208813621 -0.0147760998497164
0.00582199699336711 -0.01861481915160733
0.006106283579793096 0.01808077063244358
-0.01513294715645533 0.01295632542001232
0.0184006891640542 -0.003302031535522068
-0.005993643893251314 -0.01681789895353339
0.002459981183351279 -0.01751586128976545
0.006310990866774321 0.01569455411060492
-0.01609825818786177 0.008273664185630004
0.009712976169612079 0.01603614669942404
-0.01590719022875743 0.004836708661731073
0.002757916966647422 0.01561095022342531
0.003723105723914001 -0.01598177451154263
0.01139482881088887 0.008790587169080696
0.005766601367583717 0.004934410422083872
-0.02008658295168869 -0.008482560781735824
0.004115642319453335 -0.01608568352027253
-0.0064351413470752 0.01512440816433946
-0.002798763371005334 0.01666269217641083
0.01998936690934469 -0.009449289980711453
0.01571800923415221 -0.01173490337325374
-0.01032738452776206 -0.01645942870000653
-0.009248151817372928 -0.01845507971758467
-0.007705827159463314 0.01759671993790606
0.0003982687964101042 -0.02208933681246737
-0.01218057778382468 0.01371160661654574
0.01736914616543678 -0.002909052079476208
-0.00502010814958011 0.01626899574644146
-0.01564752820376973 0.001495149711490076
-0.008340994609759291 -0.01386611493463972
0.017456532516946 -0.01260221824982971
0.01574546700930401 0.003114593499153808
-0.01782884619618507 -0.006238640651216369
0.01830189747491921 0.00527029068044274
-0.01193327636746268 0.003570674264224323
0.01562753579884129 0.003481449325710312
0.01146557624655752 0.001390312260054546
0.01066042327972546 0.009125100285882023
0.001173343705609433 0.01599575968201398
-0.01520908222989106 -0.001387855569276974
0.01483737863953802 0.008347572594081068
-0.0006508753152173653 0.01803345035822766
-0.0174529415451792 0.002363158970791136
0.01932732302877772 -0.007192747903163769
0.01691208143351613 -0.007376642513581894
-0.01270809308474028 -0.01423606425959742
0.008431431954090034 0.008812425369844222
-0.01221571001019404 -0.00103002901468526
-0.01147729100410884 0.006868037682071049
-0.00204995965865196 -0.01662682477726007
0.01772315636784511 0.0007273756955216603
0.007357520569549787 0.01753597139410496
-0.003104948368187025 -0.01729380258420714
-0.01900372942710537 -0.0006623930420816462
-0.01287639605409056 0.01049692848548841
0.01470519421755475 -0.004856032349686213
-0.01903229289270558 0.006907859175378022
-0.02039816837061868 0.007042794678578974
-0.0005517652296493446 -0.02182465059717708
-0.01680707783900157 0.004649650036849728
0.0141988750282901 0.005013762510451579
-0.0003222163402140196 0.01583482641333623
0.004288022356385448 0.01603106980225566
0.009937951742210648 -0.01394542396461643
0.003058783127732356 -0.01516089715856326
0.01729223852106683 -0.004410559620903355
-0.01759384649019384 0.009777829619753035
-0.01614777946152566 0.01094569586639483
0.01437338448682477 0.001765505895302684
-0.002359564893417043 0.01501028748862672
-0.003673342393725585 -0.01489719063144427
-0.01087027371518356 -0.009082359306633264
-0.01468640949910936 -0.006440205878373895
-0.01481244235267892 -0.004880675406698921
-0.01796376319199236 0.003139842319671945
0.01005707660454534 0.01455896525507265
0.01390955639912931 -0.01349447918063696
0.01827648910424796 0.01078878431190105
-0.01961097383795854 -0.009697802207114171
-0.01555723690642663 0.01529291790556227
-0.01315784359324359 0.01765220376915332
-0.02094842432038941 -0.007083222469082785
-0.02010495993381167 -0.007047609738526155
-0.007336293011685319 -0.01624318607918259
-0.005445576149809361 -0.01785578680337121
-0.01826791782753748 0.0008281733567163735
0.01067285808212007 0.01435148746809452
-0.01897734349994331 -0.0009582261578911582
-0.0004201728668783826 -0.01960775033101551
0.003196006138324867 0.0184634549239017
0.01099594799265786 -0.01570460596987281
-0.006786649774091208 -0.01971659257922147
-0.001171579651806931 -0.0192313311592075
-0.02036469044234961 0.007285496458946973
0.005804655291780459 -0.01942939858834335
0.01074966170474932 0.01652946410257173
-0.008722470789121738 0.0186572154318551
0.01851691329281733 0.01008310892709531
0.00844402750491955 0.01842193335992691
0.007370142870654655 -0.01902941761468008
0.01912892901551858 -0.001955493963885762
0.01573060801562459 -0.009773152225061171
-0.01584541879650889 -0.009191842771591345
0.01649914021747767 0.01386672908322413
-0.01764987184147062 -0.009684881419484852
-0.008524836172405799 0.01988432370939137
-0.009691898338925911 -0.01932315150605887
0.02050802323838226 0.001344633468039273
-0.003355146596205824 0.02028748490167159
0.01606953183838392 0.01491703482802687
0.00160210847179904 0.02137146560011662
-0.0004129667310659547 0.02129878633635698
-0.02060943426451734 0.003735252980611195
-0.0141620558508481 -0.01594686060809973
-0.0184683370504201 0.01083857194949854
-0.001291367247539217 -0.02209130818809812
-0.02015236239259532 0.005403073127467112
-0.01150022340618439 -0.017140551121338
-0.01963050767365802 0.009053943952704617
-0.0172222107250308 -0.00981102054394142
-0.01132254896077066 0.01553093551872927
0.01640222671104353 -0.01032699264527178
-0.005306616205629495 -0.01732801021903623
-0.009766774896285238 -0.01413869830930401
0.01502647880997344 -0.007410023890326603
0.012792419856034 -0.009157400110306949
-0.004493583160230952 0.01671585392050786
0.00640006529400628 0.01861668215447456
0.01554001043515692 -0.01221734549754209
0.01417765476525588 0.01280670242821895
0.01234576208946236 0.01595970753117034
-0.01053033165475177 -0.01510138898524986
0.01984880008524201 -0.001131530394933438
0.01023558747644562 -0.01372484714724027
-0.01432110046421306 0.01087432887937755
0.00117757768207097 0.01670281291638898
0.017498980546533 -0.005834592710024331
-0.01287650475958049 0.008830554503721689
0.01735895693041558 0.002027105209639452
0.01570304712167531 -0.001630495245312659
0.006646211286594366 0.02062223456883184
-0.01297440777616744 0.01771401916812122
-0.01880287502369334 -0.009082097099951034
-0.01487669265762389 0.01559870537396783
-0.003376288235632397 0.02096959582427563
0.004102827132604092 -0.02108134329215807
-0.02059441345950175 -0.009022566034386866
0.02155002867859988 -0.0008671190818243981
0.01447514933802948 0.009496631390784832
-0.01063082110638705 0.0173921982276337
-0.01666817053349215 -0.005171491195591112
0.007607084979556709 0.01665940686621677
0.001030329619435497 0.01677168958270845
0.01614657393454148 -0.002976653895783097
0.01556791779010742 -0.0142607679411923
-0.009755229143130753 0.01978491714882417
0.02066259362659753 -0.004312915494247831
0.00557907649922903 -0.02049371485010287
0.02156120161934667 -0.0002943604400454092
0.01897548861667116 -0.0106278945177184
-0.01197166731076872 -0.01797535317300874
0.009056713757157081 0.01359551921997012
-0.01661911552428104 0.00187403935362061
-0.00572384493090749 -0.0167802829514108
0.01465034761226214 -0.01184906736576045
-0.003912654116771859 0.01941177212656653
-0.004362976273628528 -0.01995718737939423
0.01271197996889481 0.01390173833915693
-0.0182458943427516 -0.005586307432931527
-0.02092460752013189 -0.005650448125910324
-0.002088720101870596 -0.02145960067583843
0.02123768747363333 -0.002299760752640664
0.000705092618363024 -0.02173793618456148
0.0130558696525405 0.01664961194680095
0.006339354007221501 0.02068380636504203
0.01202133425874919 0.01820987565772791
0.02132640249680167 -0.005890725473710249
0.01674921441532384 0.01293607604023989
0.00578237102298306 0.01991160587060792
0.009015530985046986 0.01969059587079047
0.006574802641091997 -0.02107633514902031
0.02184067221162593 -0.001942113723876424
-0.01906795383301792 -0.003428969908214637
-0.01969115651564293 -0.005776266721128698
-0.009248169238898421 0.01677011882799383
0.0160103229092971 0.0118907484482532
-0.007583391658292867 -0.01854028671753795
0.01172276988365309 0.01821130506992149
-0.02152050614576568 -0.002268418047335648
-0.01332877566302114 0.01368472417728923
0.001323109142752819 -0.01973664878463188
-0.02007438105861185 0.0002851417068306511
0.00669968374054005 0.01916248153946341
-0.007124339380657147 0.01797231009994073
-0.0124411887009957 0.01334292368826573
0.006599660886575731 0.02048567432177514
0.02158271650988784 0.001982829777320694
0.02097133300411804 -0.00589262825390172
-0.001912650924317028 0.02188001451619315
0.01231444444446874 0.0183098213795704
0.02015200535367229 0.0089486594255823
-0.008753262101658889 0.01836871337573216
-0.016405167700872 -0.01334886415335262
0.01896627419725313 -0.002083619880540585
-0.01375980254157954 -0.01377239971751329
-0.02153480150453468 -0.001009647342876277
-0.002989183351990324 -0.02144107899558166
0.01874644890295196 -0.01092121011139895
0.01639571540997324 0.009395188832448557
0.01947205879539888 -0.008186986084740657
0.01176826814827432 -0.01821395268150967
0.005500188059362138 -0.01928330265524016
-5.73051808910366e-05 -8.142163369884101e-05
-3.056146132452457e-07 -7.256440344363298e-08
-1.608127390769709e-06 -6.179869681222662e-06
-0.002200381946304626 -0.002206610604733237
-0.0007231557871279756 0.0176681931930517
-0.01765638489986757 0.004943776947767024
0.01161007089298483 -0.01498428985167259
0.01634320483955019 0.0104051036123869
-0.01305543772621822 0.005425178156651874
0.001641496407517355 0.01731163210027219
0.001615439596285748 0.01707538308597058
0.01482608985193537 0.009746418926227952
0.01227395116859753 -0.01178771814467513
0.01320417902600115 -0.0001858615821556362
-0.01825574452699117 0.008784326126873259
-0.0144857754054116 -0.004274321145106143
0.005355612367832308 0.02043555623485655
0.01720840813948358 -0.003040760122949508
