                      0
                      0
                      0
                      0
                      0
                      0
                      0
                      0
                      0
                      0
                      0
                      0
                      0
                      0
                      0
                      0
                      0
                      0
                      0
                      0
                      0
                      0
                      0
                      0
                      0
                      0
                      0
                      0
                      0
0.004200337494224114059
0.006201208922203389762
0.007326732204238375207
0.008351869262726022841
0.009319850385576781623
 0.01024030923276355101
 0.01066191684319842646
 0.01108855243798988373
 0.01151790305971320087
 0.01185190049203771814
 0.01200800547850027974
 0.01220153606652257632
 0.01228040129060916155
 0.01233587748468889175
 0.01231264622075212492
 0.01219768082982372256
 0.01214579844670666403
 0.01189523192114710567
  0.0115509984551282769
 0.01127289420398513986
 0.01052322428897569176
0.009703116299653900129
0.009367358032928731898
0.008334339496228285529
0.007133248597062982407
0.005844493704088643375
0.004448966416276673233
                      0
                      0
                      0
                      0
                      0
                      0
                      0
                      0
                      0
                      0
                      0
                      0
                      0
                      0
                      0
                      0
                      0
                      0
                      0
                      0
                      0
                      0
                      0
                      0
                      0
                      0
                      0
0.005741930879289276063
0.009779675160602742737
 0.01237166632059604615
 0.01026532851411149708
0.004617546414579869717
0.005233015473968932393
 0.01046241814489886832
 0.01226588443940416009
 0.00971403620419227995
 0.00677048100400308786
0.008029564291193398706
 0.01062539243230363299
0.009907360537048359381
 0.01199161341442811675
 0.01231077763557940352
 0.01235245919435260485
0.008827044992905317897
  0.0102812021718576424
 0.01120545293337353067
0.007992537538528824911
0.009572711566600559246
 0.01089795052265486036
 0.01231112903455462704
 0.01195447284717475814
 0.01215640286340209826
 0.01042803048139315063
0.009031144699970832662
0.004887690921840145107
 0.01158871306929937228
 0.01184838055375045211
  0.0116402546157094184
 0.01138601377178815113
  0.0121083414906908958
 0.01230300409197403015
 0.01213119550790149256
0.007422414022592657354
0.007639688291961219471
 0.00810416895918433626
0.007748305570466927639
0.007830898263312832674
0.007887204113162214064
0.004793171058468059971
0.008833579773398030771
 0.01027466623015482229
0.009649489267635542877
  0.0108786406636698172
0.006561465238191758684
 0.01209134436868002094
 0.01211433397280251532
  0.0120950659616451562
 0.01156969495951019888
 0.01185705798729269796
 0.01174675131317306359
  0.0122903912485574484
 0.01232125274595036873
 0.00819513191331442889
0.005474848317349968393
0.006188149868845326841
0.004902642534885508739
0.005609017668628146769
0.008009848509989940871
0.005319587629223922719
 0.00553573817258432542
0.006508837462610412607
0.005583270571653086399
0.005379919650591855063
0.006440732127385035907
0.007863473732295135285
0.005531618729098358375
0.005511716617272425719
0.004932446078975518886
0.005142219805109738383
0.005725365234290605634
0.007013599640821510141
0.006362045644555738844
0.005663020279919026706
  0.0055743849775977709
0.006716983465148096411
0.005684563129872885132
0.005723567999287885663
0.005338085062090110189
0.004348858924912395521
0.004930938403854986073
0.006050198757357019667
0.005944304570842281511
0.006255325264089238273
0.006048892632378582816
0.006218044456058047058
0.005526474015758823036
0.008967713435931877822
0.008772907374015471299
0.007857038030140163151
0.003754984780930549666
0.007992636312685883274
0.008752162155168901128
0.008164720457817303476
0.007562521099252919252
  0.0106589030141015749
 0.00756157558292483694
0.008497348493669468206
0.007566798415019887827
0.009130027976168776649
0.009489156660025928336
0.009439551617239321304
0.009348729822362126379
0.009145012671138529406
0.008263278556086581933
 0.00875898475394095398
0.009413628714529899064
0.008675274634110476113
0.007837752646183217958
  0.0106066405682421188
0.006664159450189823149
0.008629504902388129145
 0.00951489802254163082
0.004776611795461942894
0.009965096937744624683
0.008866578563676339939
 0.01235915980491831753
0.008993035450699436023
 0.01028644202540222354
0.009760399840241792274
0.008406635116418557929
0.007441349749695643119
 0.01105601326346977199
 0.01040988428086685354
 0.01231731559640824453
0.006741331475864023245
0.002966749301279266154
0.006509795525924541408
0.007207210424468031389
0.007613458977386826886
 0.01076019982228475572
0.008408857084496923831
0.007914207439480546932
 0.01011301685377761009
 0.01060948626686419177
0.003706727204495507706
 0.00945767606021489203
0.008199967985226814041
0.009844776416385602608
0.007006544887931762805
0.008013722306803154963
 0.01007288441391381018
0.009956192741043435809
0.008955070000765634822
0.008107607258924702173
0.009999509436868300391
0.008525129431582588457
0.007000034360160212014
 0.01011745099604227822
 0.00968070763275731376
0.009510636137973954574
 0.01078820823764412191
 0.01032683797639641528
0.009809899436074163287
 0.01145831154895328788
 0.01176852765713385859
0.009552124184326191841
 0.01094256013074971882
 0.01115547470434105626
 0.01041980302980885509
0.009140508119750005364
 0.00961730798424549789
0.008505016698921589666
0.009910481702711594273
 0.01073863899824511851
 0.01117970157162461765
 0.01196752564436271218
 0.01165171738054822034
 0.01203049130047612741
 0.01162333205665894327
 0.01132990066843191611
 0.01224938578013142799
 0.01175839439746594224
 0.01089053607458415063
 0.01145742305496883634
 0.01070653801182677722
 0.01224327971781413553
  0.0122784499245804004
 0.01226215361120580778
 0.01224319942898232164
 0.01097378736612604141
 0.01221907947973622892
 0.01225084560283577415
 0.01228015275106774176
0.006143387842483361873
0.004563169766433753868
0.008061297357822261658
0.005260213217008894923
0.006965580399202534606
  0.0069057401332953414
0.006331718310840395159
0.004742940674130054039
0.008943161383134182185
0.008196394646527336084
0.006675356409898000436
0.004835640782924104444
0.008419334638103364091
0.009374936322388298729
 0.01112166613860630753
 0.01003371850318614603
0.009361790234707290104
 0.01025991550121124057
 0.00906573394738930359
 0.01093802110419831927
0.009960820853614443457
 0.01059180700459581154
 0.01081025010605074672
 0.01187775992163354194
0.008974390015489228448
 0.01150097701964375094
 0.01001223523013243695
 0.01168836236730388251
 0.01173206899600732871
0.009920255964509032756
 0.01073782521262177381
 0.01136307621304858198
 0.01149740735508549862
 0.01116889227936389978
 0.01155886373733461432
 0.01111182666178202154
 0.01165720291985264216
 0.01226040602891725895
 0.01201912992057767998
 0.01114392229570562026
 0.01163409123235872866
 0.01113365741743378018
 0.01061396516171985577
0.007025766145975518261
0.005562663222677951408
0.006502761775751859583
0.005160033809723400811
0.004281524968702357138
0.006752051891133946382
0.004957134124953548569
0.004843018501001354267
0.006805907298643908143
0.005032692862228490063
 0.00482763923612112688
0.008402439931296835918
0.006897006688597432343
0.007422215367028910105
0.008132606339304617946
 0.01047043081424172198
0.009271892983798133564
 0.01000713384923322333
0.009903437987878838805
0.009360726161977583892
 0.00977690917442075938
0.008625690586948502048
0.008863772739343000681
   0.010033366914023744
0.009246838141882695108
 0.01045287176591390421
0.008056518313838998552
 0.01089835855926877574
 0.01204088855142482553
 0.01167532502250749789
 0.01157092710443109046
 0.01131752585609624093
 0.01124547723056295787
0.004941414810953844751
0.006873157310568765548
0.003824296473172494274
0.008105440568207979146
 0.01001455196197054837
 0.01031445843194952333
 0.01077960596598040964
 0.00322602570886556389
0.008742821590122356809
  0.0101165059315867778
 0.01132768994047978796
 0.01139600621199524273
 0.01139947967334052799
 0.01096722790962176633
 0.01226070459231096491
 0.01199340516734438353
0.009365626663584859096
 0.01008010848826963908
 0.01122499661990029526
 0.01081633266116140482
 0.01074348621155329746
 0.01066694457379172706
0.008881589522544971332
 0.01051869232848308931
 0.01046553757530103296
 0.01077342044310746101
 0.01197463539744741436
 0.01079832516189329836
 0.01064648923016412244
 0.01022241663027658592
 0.01165189686028726863
 0.01202236353025704606
 0.01191828034642970942
 0.01133301161060781131
 0.01026627872970445506
 0.01113231628401630501
 0.01062236373229381685
 0.01198385840822532335
 0.01209006790383695962
0.006712197958078588295
0.009561776991398355033
0.008544877521800569101
0.008027500995487340044
0.007109336237316686222
 0.00749744014424665213
0.009122907666572888444
 0.01007420493499551657
  0.0107159163618094147
 0.01149340344055360327
 0.01193288773143712754
 0.01079802865876275039
 0.01220535940610271639
 0.01200715635391055164
0.008728284094765306061
0.008250467398772914907
0.009362626599822447548
0.008261803517125923535
0.006867313631403834488
 0.01009101619447896891
 0.00949128229739040416
 0.01091323122743970142
 0.01175555667398808096
 0.01142094888135892355
 0.01187983049320618864
 0.01211389569692527396
  0.0119223770842675058
 0.01215078095074055564
 0.01195365112338300437
  0.0117894810334291493
 0.01175383278163554326
  0.0112116484593351301
 0.01114005354749994341
 0.01131330024406701495
 0.01076382490987604426
0.009922562530817042453
0.009021573743751494165
0.009842246389560611874
 0.01206710747341637434
 0.01193054034860410555
 0.01222429494154951904
 0.01221292017630182247
 0.01227691616645098724
0.009266262710715280834
0.008760087357907616473
0.007683605544121643177
0.006734336997818252124
0.007256006862398553352
 0.00852948709190749603
 0.00918778095146154973
0.008125167244849205994
0.009958262096322693588
 0.01054997998890742222
 0.01149958412163296778
 0.01150534021733379784
  0.0123222232614742036
 0.01182913658477806503
 0.01223346430005229669
  0.0119281612097352132
 0.01159841821137223318
 0.01230792173275756587
 0.01195100603351231458
 0.01203028530171043262
 0.01223256153286657495
 0.01234684963573897711
 0.01211518223194362268
 0.01233685283064667876
 0.01234896271456675972
 0.01227974590459629013
 0.01232942256682086589
 0.01218974055508108452
 0.01230824623791278334
 0.01093979346480033858
 0.01131230327379285049
 0.01098136454478355374
 0.01161263804101633941
 0.01170319683360923103
 0.01196599287526172936
  0.0118592037746374588
 0.01213052851177385053
 0.01153702166856723083
 0.01182392291867685394
 0.01206876243379637059
 0.01203472016805472167
 0.01138707592499637634
 0.01140636427305885027
 0.01220444382178435296
 0.01220853897528898814
 0.01204083431251301052
 0.01180367201023179054
 0.01214236628975768131
 0.01210580696075471037
 0.01202206777291868652
 0.01174912724335464356
 0.01149840553170681894
 0.01216026123385230244
 0.01221099942336622765
 0.01189536646540222294
 0.01206090481241974335
 0.01175260965899488884
 0.01201909569316878673
 0.01223346587518809279
0.008653708541030317308
 0.00944059118052955823
0.009008424247276915209
0.007390134525664851517
0.006586983627913015234
0.004913764666861005805
0.004675799114488215363
0.009739526862722171566
0.008874367690816837087
0.007024135147230083087
0.008976365599007893673
0.009168902348543539124
0.009252997326159773453
 0.01227809990173444124
 0.01206795639606206977
 0.01169140395227517316
 0.01156568108412701044
 0.01192322890640470923
 0.01214510257990631358
 0.01231688642663420451
 0.01224305377330264788
 0.01231773447065848993
 0.01225017358695071161
 0.01218023818089726193
 0.01204098378468109951
0.009455344556423812483
0.007753490044347131037
 0.01014030974682523893
 0.01174339078763454204
 0.01062406223130931207
 0.01118347212919183764
  0.0112402835296815367
 0.01099731384152454437
  0.0117763396937083601
 0.01171425750025321087
 0.01147895231108801185
 0.01225211821219950904
 0.01116355793838236243
 0.01202212461695558766
 0.01226183451614388034
 0.01210733864611118239
 0.01230196473394104019
 0.01227606299872245968
 0.01228734519066374334
 0.01225229568214666366
 0.01232236481048962218
 0.01206031448442770188
 0.01216982364922078452
 0.01200281474849602438
 0.01221556030592356457
 0.01226793360781446018
 0.01229814998717250647
 0.01211871540484436675
0.009824401700634000437
 0.01010554340235665996
 0.01056254011064929402
    0.01035414025422207
 0.01101871247173857003
 0.01139906490017410928
0.009847649592280977721
 0.01102605531588591453
 0.01148154363239629883
 0.01071781294188782312
 0.01214252467182668806
 0.01188045454748423192
  0.0121163491337870112
 0.01178350093877937252
 0.01207795399015365416
 0.01170521857491643378
 0.01148983741408105691
 0.01026042461589750029
 0.01197706924414831779
 0.01231361797898089874
 0.01236331747362911723
 0.01089052463538296885
 0.01116694196415019685
 0.01025907555234640244
  0.0122390801767776336
 0.01018165586552007874
 0.01139389718545111112
 0.01232693685684664239
 0.01223258598465754542
 0.01221281842830536889
 0.01133292935092043187
 0.01102733685038554366
 0.01113176216826921444
 0.01158254040324776038
 0.01113453659810426447
 0.01158085354849333788
   0.011671263602389053
 0.01080545865101175187
  0.0113270151665741791
 0.01189306905926088703
 0.01135536940527681442
  0.0105545813059715575
 0.01110993869422059223
 0.01214546299997739005
 0.01211722028327098452
 0.01221480148281185209
 0.01226060819502898872
 0.01221915977160416972
 0.01218858659576088285
 0.01214267930343600373
 0.01225134961763535944
 0.01226051769568730319
 0.01180453888111563168
0.007126683891628373541
0.006982728082517414454
0.007928047461911039498
 0.01229748174874065875
 0.01187733856656575208
 0.01225146596266661614
 0.01232279797457863472
 0.01224076560925111898
 0.01230428415402762959
 0.01213442902584718763
 0.01169275793815845177
 0.01111663393333204436
 0.01237500495559963436
 0.01234120096567219507
 0.01239249037791551392
 0.01230602837063922428
 0.01214624654984832602
 0.01203204645120986918
 0.01232937280894995206
    0.01182292140637764
 0.01216960277868566094
 0.01232924339911707287
 0.01212462108674390235
  0.0121771744570425746
 0.01215281382325975219
 0.01232588094522630261
 0.01223432048570583311
  0.0123774513587970366
 0.01231637870048708089
 0.01177183548562679358
 0.01229272464314754357
 0.01230967661204400432
0.006921697743976181968
0.008437928451702167779
0.007874577516051957035
0.006600281919385863824
0.004795003745378804624
0.005721405123698025501
0.009588836170102933362
0.002645614713536403699
 0.01129530075293321174
 0.01180923373488861929
 0.01199803022527937829
 0.00511821576139267348
 0.01179441224384752789
 0.01150221792568786872
  0.0120395375028007727
