                      0
                      0
                      0
                      0
                      0
                      0
                      0
                      0
                      0
                      0
                      0
                      0
                      0
                      0
                      0
                      0
                      0
                      0
                      0
                      0
                      0
                      0
                      0
                      0
                      0
                      0
                      0
                      0
                      0
0.006980441438597605706
 0.01021274273179022425
 0.01200524792328625488
 0.01368027900562219026
 0.01521927925277477556
 0.01671551913990980409
 0.01740481486812489945
 0.01814046689244191643
 0.01881892020847246438
 0.01931337831546625985
 0.01960842610956385276
 0.01988485477551515598
 0.02000704041754869378
 0.02012548866824470997
 0.02009365436695960405
 0.01987288984321325044
  0.0197651691257385749
 0.01936879996516469721
 0.01884849423402818261
 0.01840619856891509767
 0.01720956627401752648
 0.01581516427775383343
 0.01529295682758060118
 0.01366064535712527284
 0.01169228248356763387
0.009456614163848849758
0.007266773385773025312
                      0
                      0
                      0
                      0
                      0
                      0
                      0
                      0
                      0
                      0
                      0
                      0
                      0
                      0
                      0
                      0
                      0
                      0
                      0
                      0
                      0
                      0
                      0
                      0
                      0
                      0
                      0
0.009323260841143418687
    0.01591726083446331
 0.02017374621857119521
 0.01675443115850165643
 0.00758768670786960208
0.008351684852514248275
 0.01703435754521868614
 0.01999732778910790626
 0.01587207713000746145
 0.01116020628473616411
  0.0131439803220910062
 0.01734412263913806887
 0.01616063318542205335
  0.0195722672438105455
  0.0200516679653591455
 0.02014035216486562488
 0.01442382092395549237
 0.01675140070596978226
 0.01832665672686965494
 0.01305970257375752355
 0.01560815438291378136
  0.0177865999353229616
 0.02006498919840258785
 0.01952877730754496235
 0.01981704908718085259
 0.01701853645922992916
 0.01477637454067901555
0.008103874564421048587
 0.01889045075763191861
 0.01931857863875548545
 0.01899639028942777877
 0.01859367443197409986
 0.01971779141828798251
 0.02009722423334606503
 0.01977072862253975022
 0.01208246464805116938
 0.01243476884982549178
 0.01313358475054899645
 0.01259864733209517876
 0.01277398069558579631
 0.01281663735001490646
0.007914533499179664255
 0.01436585509429317079
 0.01680837811682962465
 0.01571115406872510001
 0.01778884619604520489
 0.01067342064354733291
 0.01973630414164135802
 0.01978153676568201319
  0.0197771389490662558
 0.01888622474426253708
 0.01933501088043939123
 0.01917961289730346977
 0.02004877721948964547
 0.02011831957013456712
 0.01326319613393312641
0.008840976123854791396
 0.01005474481356310491
0.007977414629785720482
0.009071429048645371362
 0.01303808452843688466
0.008556572956086781062
0.008922191601609482173
 0.01056974513537258138
0.009142870726564163858
0.008721816945007159622
 0.01041005087961592926
 0.01276473327183842536
0.008989288395996067327
0.008875480704690108177
0.008058831237003318687
0.008311547166713095444
0.009256017956132830959
  0.0113219450816822477
 0.01038041369836594993
0.009185540177417760022
0.009041962856376383612
 0.01083189834347814302
0.009203055863575960657
 0.00933822043781728367
0.008574489579778431236
0.007022823332438679102
0.008017260915514410821
 0.00969747549185143165
0.009593349825732512895
 0.01016373447714163415
0.009971224219709190831
  0.0100295068695109256
0.008848398582747303912
 0.01459713493524575009
 0.01432529796826000762
  0.0128053485111919909
0.006240517404579076083
 0.01294875837888888673
 0.01421201570066685758
 0.01323169191269362062
 0.01231722838401210982
 0.01739239043108420368
 0.01229772381229272092
 0.01377573727864991882
 0.01224686473241066477
 0.01490900910332706997
 0.01548673289458666474
 0.01541500329639728002
 0.01524706824721188195
 0.01490646786537348605
 0.01348648657934240977
 0.01427039801781290924
  0.0153492476648648072
 0.01409330593766469977
 0.01274774191745614918
 0.01731347829639472494
 0.01083775453603392537
 0.01406639235902426045
 0.01550253391210467714
0.007693511032703588201
 0.01625105379372334194
 0.01445295015300957636
 0.02014157325526049966
 0.01467993799598189993
 0.01676023331401611458
  0.0159475448336289273
  0.0137621024153898059
 0.01223290984679733552
 0.01803924742262001668
 0.01698501082500217599
 0.02008482758177639743
 0.01105293113065175352
0.004756900615662400938
 0.01061723704301437837
 0.01178140101437584984
 0.01227835410864445802
 0.01746493054156578531
 0.01373552062198365488
 0.01292325267049971443
 0.01647253483584123351
 0.01735998433485295284
 0.00595163989596739218
 0.01548025006039850833
  0.0133973222624203317
 0.01601929255024107587
 0.01140942418436230628
 0.01304562374417310607
 0.01640914666854356024
 0.01626857844673304174
 0.01466580927473516878
 0.01329000963527127675
 0.01635934291498913895
  0.0138973614674165382
 0.01141164226236882073
  0.0165096651852596546
 0.01581221044039129997
 0.01550968996614602441
  0.0174994030105323807
 0.01679068061427990352
 0.01597952900614088567
  0.0186898786559132335
 0.01920539290113608411
 0.01555991273463658113
  0.0178464110631462898
 0.01822030433611178044
 0.01691785202071301869
 0.01487095870074625972
   0.015623761947561602
 0.01383307911548830108
 0.01608013752179187489
 0.01754764920758438221
 0.01824782526470825061
 0.01953145677724361581
 0.01902002122865973158
 0.01962841205436960043
 0.01895534643254077195
 0.01847355593780558233
 0.01999084004612179666
 0.01919158647673952292
 0.01769692329160038602
 0.01866746241213155036
 0.01741322886462898928
 0.01998223664404714939
 0.02005065318059786467
  0.0199914875406208177
 0.01997992227650957284
 0.01784369798151287309
 0.01991415517703609347
 0.02001062255791937264
 0.02004819712417243299
0.009958855610042461823
0.007465163096913661478
 0.01317141666409055514
0.008508877051199395178
 0.01137889391182265314
 0.01132347868993982369
 0.01029823261693739445
0.007762534191678441102
 0.01449311860634042333
 0.01331511367438879823
 0.01078680586672241953
0.007841893851623843448
 0.01370398034489770517
  0.0152921486626555643
 0.01815232793291875549
 0.01636091730713206543
 0.01525252750734713489
 0.01673701049253990478
 0.01476136273989827642
 0.01784533635228329612
 0.01622039735796594259
 0.01725680573179959321
 0.01765922313744966096
 0.01939199527653365229
 0.01460100981194295197
 0.01878038739782972311
 0.01633883831117899019
 0.01908660822297789453
 0.01913589005314013727
 0.01616919005778195625
  0.0175245458698411738
 0.01856413233122210585
 0.01876972065820682253
 0.01824502553560415283
 0.01886810443862390468
 0.01816571898628487405
 0.01903543413442269558
 0.01997831676561881778
 0.01961591851694536107
 0.01820619430758036936
 0.01898388574116575966
 0.01818609418478894096
  0.0173067083482282523
 0.01136202972998404635
0.009026325464278540933
  0.0105287900118488098
0.008373385863986117575
0.006877458302615815575
 0.01095343617852491055
0.008044708326622613745
0.007839701141226666781
 0.01100217463165747284
0.008185567309408449746
0.007805138127768150753
 0.01364008714594864419
 0.01118759915541501712
 0.01202463609008493431
 0.01317462410823338689
 0.01700913965489177573
 0.01500092978301686628
 0.01624911843543104528
 0.01604595666132862392
 0.01516549708954970099
 0.01593909965588399119
 0.01406630131158455484
 0.01452257597169133441
  0.0162446362619158638
 0.01503313606580452925
 0.01699475587062183185
 0.01312772383704623701
 0.01771796780007363695
 0.01964335304871015278
 0.01901930120943625541
  0.0188425040735770398
 0.01841297859253376509
 0.01828863430563685416
0.007986251321378120063
 0.01113426689925628779
0.006278195094290624223
 0.01316556733484559524
 0.01635295469100187665
 0.01684882113127831454
   0.017607029943980744
0.005333898508795322825
 0.01428131272529881667
  0.0164655448175930301
 0.01848491747482196301
 0.01857528493520797797
 0.01859810922350993781
 0.01792139050528477467
 0.01999278786288954599
 0.01957208415170492294
 0.01527859747438368825
 0.01645387489211616594
 0.01831909643744753999
   0.017660990450444225
 0.01752152981370604795
 0.01736826112533088051
 0.01441613623200891335
  0.0171294593953040114
 0.01707294392141063891
  0.0175721206339099871
 0.01956012997380944876
  0.0176567100043404715
 0.01742266523184218124
 0.01672223067907031846
 0.01900907065671175386
 0.01966868391110418446
 0.01948376023041765992
 0.01846197351277109253
 0.01671279913080532184
 0.01819621360986545602
 0.01735088988781297373
 0.01954668464906948733
 0.01972528576337264847
 0.01091277792196682778
 0.01556387206886809642
 0.01389362012597945492
 0.01296973707635444388
 0.01148762199667071118
 0.01214876580481490109
 0.01486984082556197517
 0.01643628571326670798
 0.01746854262990259546
 0.01876816596482703409
 0.01948337305319955415
 0.01760644981965480901
 0.01992719280808700685
 0.01958585838167005086
 0.01419289021540644062
 0.01344492628294990944
 0.01528026905579234207
 0.01343656758776841549
 0.01112166242828795636
 0.01654417399923739651
 0.01556967156344621177
 0.01778201936894566876
 0.01915171566084910779
 0.01857091077129884374
 0.01937520202726432036
 0.01975315107195549369
  0.0194401479420077683
 0.01981945607140459323
 0.01949679759781773256
 0.01920649914706861958
 0.01914390579705865097
 0.01824802961425111766
 0.01819092707498731754
 0.01845930753826640833
 0.01756845805403222521
 0.01619539907973810422
 0.01467756475212410837
 0.01602399778577605002
 0.01969275484424825098
 0.01943602606879893044
 0.01997402981184638951
 0.01996322998280899291
 0.02006540004129150553
 0.01508448615248709872
 0.01424111655178515387
  0.0124578089678507517
 0.01089965534348726409
 0.01179097340718960642
 0.01388421188279082875
  0.0149328130596032907
 0.01319826138577828711
 0.01624118585638550244
 0.01717263246518810696
 0.01875240689651897982
 0.01879928589768186872
 0.02012214732393929895
 0.01927606037636794833
 0.01991534485277638572
 0.01942950570663993376
 0.01891763337658282362
 0.02005532407999200198
  0.0194630119764068743
 0.01961156102131948742
 0.01992304248058963945
 0.02013632092827319017
  0.0197471989530287155
 0.02009938059858304774
 0.02015179192607744266
 0.02002376414403429783
 0.02012063879181169579
  0.0199291248977822022
 0.02010297166297971005
 0.01778489677751579276
 0.01847223584138489583
 0.01789284453714406684
 0.01896555516008329931
 0.01914670038265733898
 0.01954300260008030518
 0.01940331269889386187
 0.01982698914003286697
 0.01885879919144893557
 0.01928844664909504583
  0.0196853295813129818
  0.0196315860889686028
 0.01859381909903269972
 0.01863187699110782983
  0.0199140043725751538
 0.01993176218184504467
 0.01965385098772294559
  0.0192806457805925098
 0.01981110582246404378
 0.01974501003900946267
  0.0196108569960349241
 0.01917116424743035147
 0.01875673776802383105
 0.01986743276741933725
 0.01996196065675008222
 0.01939118912125068969
  0.0196767156781169246
 0.01916078124525961296
 0.01960630025466451876
  0.0199394481479568085
 0.01410204357438638208
 0.01534538526697742759
 0.01463638015439731356
 0.01202948564265817269
 0.01065297028287087895
0.008015664611258853031
0.007537019126278955879
 0.01581581022847387136
 0.01447663772842866861
 0.01133873665413049313
  0.0145111683862902633
  0.0148542481503580806
 0.01507410918116901082
 0.02002999933222599643
 0.01969721057876575726
 0.01907169409365025783
 0.01887057865357991832
 0.01946275910052082045
 0.01980696089017535202
 0.02009146572440123277
 0.01998552246879592778
 0.02008354781567298769
 0.01999473039453584372
 0.01985989234575703116
 0.01964438870022235106
 0.01543338884533188016
 0.01260343859755686489
 0.01659703219613707648
 0.01915406393770291427
  0.0173003071721664313
 0.01822975091561258518
 0.01829798829719619935
  0.0179255726945241646
 0.01920728326202422384
   0.019094324394325006
 0.01868881239724613091
 0.01996941353071736078
 0.01815375726411074669
 0.01960561718088415714
 0.01998273881882061537
 0.01975068921660533272
  0.0200548085965794598
 0.02001218484669925815
 0.02004893381135476604
 0.01995151679727292376
 0.02010081668489314272
 0.01965679787043557447
 0.01984676290020518513
 0.01956562086529029659
 0.01995107104468547485
  0.0200216891714304554
 0.02007932870521161525
 0.01977729408741261963
 0.01609445952624895954
  0.0163956021737898909
 0.01717538413649717308
 0.01685426380173775385
  0.0179129081176118421
 0.01861086578330647945
 0.01594745900396136659
  0.0179966301802185584
 0.01873872020932537685
  0.0175170430117309664
 0.01982140675080001913
 0.01937380269835820013
 0.01978101582596162103
 0.01922476010655045642
 0.01968423610516169958
 0.01910718687977506353
 0.01874035339351961746
 0.01672554822768143254
 0.01953645078113746408
 0.02005832013481458412
 0.02018816944727582982
  0.0177717242141805197
 0.01823195443181263586
 0.01672482966111614802
 0.02000996400848081488
  0.0166225570517363995
 0.01856153570516093365
 0.02011477632438776059
 0.01999181097559122461
 0.01996485298841694025
 0.01848045366826474994
 0.01800594651129688514
 0.01817584627546899381
 0.01890373665004919934
 0.01820249071156487819
 0.01894317363429473891
 0.01907188639596643642
 0.01767315747599287543
 0.01849078667752967337
 0.01941874778398756593
 0.01854884027378424227
 0.01727094573722576937
 0.01811466955526307154
 0.01982904413571196997
 0.01980721557729362564
  0.0199342531874273747
 0.02000771064346447067
 0.01993610647756995438
 0.01993090082800721974
 0.01986630548607996524
 0.02003498919988888627
 0.02002487908926021618
 0.01927904130335434882
 0.01153700217486263065
  0.0113014716530522568
 0.01285718735913334194
 0.02004745527358908416
 0.01937371863771058383
 0.01997117982624134133
  0.0200833238058620786
 0.01994884898920807129
 0.02005070183384958724
 0.01975815852465465788
 0.01907536894121273155
  0.0181110221857121341
 0.02020629310235304288
 0.02015592139065728108
 0.02023162357442489026
 0.02009047574152858853
 0.01984338940892324543
  0.0196315574420624743
 0.02013709626548700754
 0.01928274435303771808
 0.01987644252581364374
 0.02013311842121178613
 0.01980924016525296288
 0.01986360834936137798
 0.01981550490631331374
 0.02009719217254829493
 0.01996235249051894062
 0.02018613491981632174
 0.02009260206507213625
 0.01919565782883164359
 0.02006842927468944701
  0.0200843245305339646
 0.01136933842535132327
 0.01375134338838250765
  0.0128851305484158022
 0.01072300961450024098
0.007892017348976983898
0.009409409872778856654
 0.01561185151963839779
0.004326106556936089829
 0.01841122846827477136
 0.01925274316599925178
 0.01951342077882873421
0.008344142704340690511
 0.01923551717110979706
 0.01876913561771106562
 0.01967703665884042857
