                      0
                      0
                      0
                      0
                      0
                      0
                      0
                      0
                      0
                      0
                      0
                      0
                      0
                      0
                      0
                      0
                      0
                      0
                      0
                      0
                      0
                      0
                      0
                      0
                      0
                      0
                      0
                      0
                      0
0.006715669634371559255
0.009830691892781953309
 0.01155967499766264936
 0.01317281141106065034
 0.01465742888447020553
 0.01609883248208635043
 0.01676263410384618707
 0.01746885599201791414
 0.01812358524192396458
 0.01860276137990163683
 0.01888457652565303513
 0.01915311013656347677
 0.01927117002450683125
 0.01938362093647749002
 0.01935260597208270442
 0.01914191755622376978
 0.01903951477535458653
 0.01865703158002016138
 0.01815349463603771474
 0.01772683624844557937
 0.01657277179925163713
  0.0152330644703157457
 0.01472861408523280444
 0.01315337813227794063
 0.01125808878009099991
 0.00911260269149073536
0.006998410817249564077
                      0
                      0
                      0
                      0
                      0
                      0
                      0
                      0
                      0
                      0
                      0
                      0
                      0
                      0
                      0
                      0
                      0
                      0
                      0
                      0
                      0
                      0
                      0
                      0
                      0
                      0
                      0
0.008982181797157309452
 0.01533272886552420819
 0.01943069099019260892
 0.01613642138284545474
0.007304816203746771625
0.008054668721224218439
 0.01640845855471203749
 0.01926099985104088447
 0.01528559704183458934
 0.01074213721038063361
 0.01265689308105313882
 0.01670424357182050124
 0.01556508340938646262
 0.01885030021244078757
 0.01931444031490393148
 0.01939864807243581526
 0.01389079464480785786
 0.01613519132176862575
 0.01764844684177478695
 0.01257711542754526637
 0.01503335030516966646
 0.01713053808649742799
 0.01932652632565516268
 0.01880741497798589165
  0.0190874637325352571
 0.01639086922324547307
 0.01422920979394490248
0.007797571360365725644
 0.01819504716826691668
 0.01860713120208834156
 0.01829580593954984249
 0.01790723055957543774
 0.01899308190137397392
 0.01935491755321539636
 0.01904315404019324767
 0.01163865030276940542
 0.01197809451098127281
 0.01265459277041902988
 0.01213671002146391592
 0.01230321094013122653
 0.01234716751793369857
0.007617260885778558838
 0.01383897173039839654
 0.01618611984190821557
 0.01513385265909752454
 0.01713073138343802759
 0.01028180584303727864
 0.01900821273469265743
 0.01905132697588396776
 0.01904551295026424285
 0.01818941238380993031
  0.0186228248906159001
 0.01847172131786248284
  0.0193098833174961057
 0.01937574177735511965
 0.01278052335101706113
0.008520392523235284857
0.009686497675970935986
0.007684579192176178158
0.008741675583881827402
 0.01255920490763241457
0.008248288639242698159
0.008599672227416610762
 0.01018299202368094791
0.008803861188001204513
 0.00840354101220570221
 0.01003202052226060716
 0.01229794664902477894
0.008659986522958190366
0.008555122220174137676
 0.00776108026957209908
0.008009706465608014067
0.008919765315957383159
 0.01091162646826693977
0.009997711978955456033
0.008850062091941690925
0.008711717344111753747
  0.0104400016883990903
0.008867961317509002322
0.008993967824624008248
0.008266260578093828984
0.006768160055531413297
0.007723325438213511987
0.009350115802851964586
 0.00924582170621915736
0.009791505028279500963
0.009597668830439607876
0.009666510449182081841
0.008532024814462685694
 0.01406099955435871629
 0.01379649886404624333
  0.0123340808463299114
0.006003800011850644706
  0.0124767467535362199
 0.01369202964871467018
 0.01274912320270540043
 0.01186439911879694914
 0.01675110591518109635
   0.011846662076162447
 0.01327303358484225627
 0.01180114413075440162
 0.01435862994835961429
 0.01491553515796183345
 0.01484591266028699799
 0.01468532173055952378
 0.01435775784687491965
  0.0129890381961751903
 0.01374550151649177147
 0.01478395062197577006
 0.01357730295637382158
 0.01228012389162063366
 0.01667473184609448086
 0.01044026928976305932
 0.01354859355363034409
 0.01493228287500343587
0.007415711105347240657
 0.01565239123601108381
 0.01392091476354926673
 0.01940039102189457937
 0.01413832822976452373
 0.01614368176271955418
 0.01535829292949681887
 0.01325205791072587777
 0.01177657078993050652
 0.01737417750270094444
 0.01635880829698928979
 0.01934506453555085922
 0.01064230259210054153
0.004586410014292579239
 0.01022605213662486877
 0.01134576381533700974
 0.01183407838185801877
 0.01682638475877711731
 0.01322821933269920612
 0.01244620074373598527
 0.01586686645659707989
 0.01671707975694926296
0.005737838687255784713
 0.01490667158419054471
 0.01290233614078285448
 0.01543124339463579353
 0.01099010234660701552
 0.01256639503585215908
 0.01580569312048358405
 0.01566739885571498056
 0.01412192934388092902
 0.01279644750419065002
 0.01575364448850144136
 0.01338572032114663905
 0.01099148912882514512
 0.01590088288152466736
 0.01522825779204520745
 0.01493835150632011333
 0.01686024160359064078
 0.01617507655352909413
  0.0153919452375631035
 0.01800115797905990633
 0.01849712002075492093
 0.01498774239651178355
  0.0171889014505370967
 0.01754746341880028537
 0.01629899021205548013
 0.01432520150255614001
 0.01505171871296006811
 0.01332564459962480574
 0.01549255125330803624
  0.0168991720447901686
 0.01757467062727171431
 0.01881108238363591451
 0.01831827800503006698
 0.01890480055399879414
 0.01825705934912345146
 0.01779320781691285172
 0.01925355868745604743
 0.01848366342157061262
 0.01704869593759884144
 0.01798079199716367399
 0.01677449640245735202
 0.01924519312726305498
  0.0193104433466914395
 0.01925536049972414662
 0.01924309152912602461
 0.01718942078004746452
 0.01918129082491229487
 0.01927159618124474685
 0.01930838337435293942
0.009595477727417785554
0.007188782779725099055
 0.01268473863492214707
 0.00819948049556220443
 0.01095857833919216574
 0.01090274168454511208
0.009920469349690061098
0.007474953856673832893
 0.01396455125174935266
 0.01282761662411627951
 0.01039523925178676041
0.007555584035557202753
 0.01320068075377443459
 0.01472860463024915946
   0.017482741095365191
 0.01575832694485150218
 0.01469150490995286412
 0.01612014430288955663
 0.01421892190251647023
 0.01718749680484663034
 0.01562424721469437075
 0.01662204394825637574
 0.01700693999160214631
 0.01867635381416220958
 0.01406514125989974037
 0.01808711021895486465
 0.01573630468441265459
 0.01838201337958037321
 0.01843076423817510689
 0.01557405347747024826
 0.01687819152153456626
 0.01787831746282463052
 0.01807711939124288791
 0.01757110808262889179
 0.01817198627659635454
 0.01749391971728460338
 0.01833274544732078556
 0.01924327764783772057
 0.01889241484110082067
 0.01753359697311610704
 0.01828390531175556541
 0.01751443354027892862
 0.01666930423522745147
 0.01094905224579275846
0.008696452869840389302
  0.0101453587512681468
 0.00806735233500871507
0.006630226556528819905
 0.01055330434163053409
0.007750653640749369938
0.007554302794538541449
 0.01060253012375141947
0.007885293552534169276
0.007521566804754149099
 0.01314126360169609077
  0.0107789713014323895
 0.01158631030693674062
 0.01269443193976398099
 0.01638640547959177574
 0.01445530723071032121
 0.01565464371293601165
 0.01546095488290483676
 0.01461266176311426176
  0.0153522243719351123
 0.01354814790923826451
 0.01398364233051530188
 0.01565308680021185173
 0.01448206007305006919
 0.01637171928922107403
 0.01264475188245507177
 0.01706848120571127086
 0.01891930881087345445
 0.01831987490591923187
 0.01814997293365837663
 0.01773722118906352618
 0.01761785744134410081
0.007696266891813903326
 0.01072844693842890489
0.006044490463707944891
 0.01268365049992772713
 0.01574929728823698874
 0.01622650087419938089
 0.01695679908893309509
0.005133148718325823007
  0.0137538373790915356
 0.01586087444749719952
 0.01780327675726556605
 0.01789154410442581403
  0.0179125254568271372
 0.01725908930569781952
 0.01925639897997730166
 0.01885030520081344002
 0.01471545739716475371
 0.01584684952032125796
 0.01764346788339542227
 0.01700911828003633802
 0.01687600185159626037
 0.01673004050137477314
  0.0138890365453933004
 0.01649986253179725609
 0.01644366712654305937
  0.0169246253776430787
 0.01883770191891782561
 0.01700353049553597964
 0.01677731513644427352
 0.01610320076966138825
  0.0183083874380046592
 0.01894046292245207819
 0.01876323833670451996
 0.01778302476018411155
  0.0160988448068909544
 0.01752346148359410632
 0.01671007787300162264
 0.01882641548327480818
 0.01899812215770258633
 0.01051272268731080588
 0.01499224396625192975
 0.01338421606843860981
   0.012499047925795672
 0.01107064240054175808
 0.01170578240857030744
 0.01432251385803920418
 0.01583037325819326019
 0.01682543536627467695
 0.01807533143870575232
 0.01876427921303170515
 0.01695802875671270638
  0.0191917801031361232
 0.01886407723616915014
 0.01367245153725014234
 0.01295021591302829289
 0.01471668405998568727
 0.01294373291437389203
 0.01071648635239423088
 0.01592958754164135529
 0.01499077734763137361
 0.01712784906975462276
 0.01844731956686234547
 0.01788996201987599552
 0.01866135711925878335
 0.01902560294100023516
 0.01872416976508012657
 0.01908910605991278112
 0.01877840269549061261
 0.01850011646957914688
  0.0184400893193993054
 0.01757789807568769028
 0.01751941531046470948
 0.01777873541500932242
 0.01692039775458878056
 0.01559798607507895639
 0.01413889894180290867
 0.01543525955756505814
 0.01896650271369283713
 0.01872121790497085353
 0.01923595982419906703
 0.01922510523933212284
 0.01932363967225907489
 0.01453036963422311631
 0.01371911377141586501
 0.01200312292749560091
 0.01050295835818545326
 0.01135907183149522173
 0.01337423809318289206
 0.01438566714454217292
 0.01271510956283265943
  0.0156428121649509512
 0.01654190365792328199
  0.0180616618703393593
 0.01810462440431538644
 0.01937929741322833715
 0.01856682953907367456
 0.01918373718108837625
 0.01871509194502996021
 0.01822056526561038545
 0.01931747623739824699
 0.01874758283898834629
 0.01888953476230910075
 0.01919061572366363363
 0.01939446651946040781
 0.01902034021768727809
  0.0193600922397319658
 0.01940866533450499865
  0.0192862385974211549
 0.01937861819895542875
 0.01919204067466780822
 0.01936061686059238271
 0.01713298217630479861
 0.01779033750161422567
  0.0172346083473954477
 0.01826527733921978064
 0.01843779528274799503
 0.01882138262628806416
  0.0186848261346789675
 0.01909399288972248379
 0.01816148704641258257
 0.01857753962715045712
 0.01895994223393044839
 0.01890807504888156881
 0.01790746260626733741
 0.01794373292272221504
 0.01917976051059507719
 0.01919621711455398935
  0.0189288017805600943
 0.01856855304055815906
 0.01908074967649200926
 0.01901746688869948576
 0.01888811516526194695
 0.01846430358037551983
 0.01806546803123173714
 0.01913341643088914412
 0.01922377387261828968
 0.01867730124926512275
 0.01895140035757433492
  0.0184552410941867806
 0.01888370934404587712
 0.01920554507435979011
  0.0135831545235905668
 0.01478302392541096417
 0.01410038435371918121
  0.0115876426791350004
 0.01026573345858917789
0.007720245568935249318
0.007264521982298885808
 0.01523711657459275726
 0.01394308820103706652
  0.0109278222249018838
 0.01398404431131099017
 0.01431278664542336328
 0.01451971757593003773
 0.01929172319598870464
 0.01897061494231778306
 0.01836880931828120678
 0.01817487412315582987
 0.01874470860584309326
 0.01907726009872115838
 0.01935102960080437376
 0.01924814449779656961
 0.01934394654471922881
 0.01925715355571821358
  0.0191284967110084865
 0.01892025489874223435
 0.01486405129400730253
  0.0121415387353464143
 0.01598210624858356979
 0.01844828554245830921
 0.01666447432065622583
 0.01755867674547727589
 0.01762582593838528042
 0.01726573851804800996
 0.01849957435075604353
 0.01839146088060388332
 0.01800215905570726541
 0.01923443302419185208
  0.0174880239949937559
 0.01888337979384334397
 0.01924741459951806802
 0.01902275106703446225
 0.01931644251442342017
 0.01927541133736813267
 0.01930973489509847998
 0.01921825764345137799
  0.0193600117444737603
 0.01893332326224434967
 0.01911562582868285912
 0.01884535361607179646
 0.01921435573623195975
 0.01928323626060988658
 0.01933826406539836812
 0.01904790564145373427
 0.01549731116190467863
 0.01579654895746291851
 0.01654558946736880629
 0.01623520441626007116
 0.01725631805610009992
  0.0179240276039605434
 0.01536652477427752003
 0.01733276590742497542
 0.01804756053533213001
 0.01686949729079352533
 0.01909008464804065261
 0.01866015049351306063
  0.0190510475695640398
 0.01851606875723892445
 0.01895982828468474601
 0.01840223751740757696
  0.0180498280621445191
 0.01610982216941629283
 0.01881650968237659483
 0.01932072945330661623
 0.01944294544978566672
 0.01711637187334266036
 0.01755909610155906991
 0.01610904355551903352
 0.01926987983403289154
 0.01600913789114437324
 0.01787890346518857324
 0.01937307732747908448
 0.01925283716693087718
 0.01922656398269202704
 0.01779973706661291261
  0.0173413170197815221
 0.01750498112240235146
 0.01820647986463953816
  0.0175293522245686291
 0.01824200029278984572
 0.01836706517753049564
 0.01701909092123276776
  0.0178085227241053419
 0.01870201647687074267
 0.01786374781011686869
 0.01663129198186822505
 0.01744755233040188799
 0.01909727450373725072
 0.01907483507310098886
 0.01919906731079732559
 0.01926989136266109293
 0.01920115917223988097
 0.01919353756779328471
 0.01913072204011387334
 0.01929369019205521771
 0.01928541609939612989
 0.01856718392980780466
 0.01111697186217365345
 0.01089016274157274949
 0.01238774546415979082
 0.01930936255693685433
 0.01865977767855393418
 0.01923596898209136916
 0.01934422610764461106
 0.01921474581016455185
 0.01931294776910463806
 0.01903208904857775496
 0.01837226313139804154
 0.01744488997119974724
 0.01946045613599557689
 0.01941166230256346353
 0.01948503946047161831
  0.0193490998014438885
 0.01911032818424944837
  0.0189077944905527047
 0.01939350355534062015
 0.01857228502478438029
 0.01914245778799193026
 0.01938989222863133841
 0.01907737168158543661
  0.0191315670262833977
  0.0190857248031653555
 0.01935706729375572324
 0.01922634944244150032
 0.01944245077114781575
 0.01935200936368308353
 0.01848862712947880321
 0.01932788597644736345
 0.01934388187163015721
 0.01094575359855369176
 0.01324530387060342783
 0.01240793502152400841
 0.01033036888163220597
0.007597063672443823967
0.009058171325247350164
  0.0150382310101588295
0.004166059714707548087
  0.0177335210668136678
 0.01854383750589347693
 0.01879766929753831639
0.008036911566917071328
 0.01852684051137053547
 0.01807704821847076065
 0.01894965578683665414
