                      0
                      0
                      0
                      0
                      0
                      0
                      0
                      0
                      0
                      0
                      0
                      0
                      0
                      0
                      0
                      0
                      0
                      0
                      0
                      0
                      0
                      0
                      0
                      0
                      0
                      0
                      0
                      0
                      0
0.002413127815698298123
0.003622365758897567838
0.004319114956279023615
0.004926462999435630118
0.005527360399520931354
0.006077674292455245708
 0.00632719668431712054
0.006555178860127861343
0.006824392035510815947
 0.00705523617697651536
0.007122020787102269386
0.007262259753598779809
0.007313276137576605988
0.007328270295260152709
 0.00731056955533302983
0.007263617892644743702
0.007247631581614721701
0.007090795321421514835
 0.00685975116869262571
0.006687198540815881762
0.006224861584305942108
0.005773942599446800147
 0.00555804452208110214
0.004910285728508793565
0.004202441098595707455
0.003522416265671367286
0.002637519078743304039
                      0
                      0
                      0
                      0
                      0
                      0
                      0
                      0
                      0
                      0
                      0
                      0
                      0
                      0
                      0
                      0
                      0
                      0
                      0
                      0
                      0
                      0
                      0
                      0
                      0
                      0
                      0
0.003439647332383042634
0.005834084370263808994
0.007356043529040593061
0.006093762528432108798
0.002708170511750755249
0.003228156587761229698
0.006237599958978988154
0.007295670857451749987
0.005755295609025377554
0.003948514752103253131
0.004741725414187795626
0.006306208727910068805
 0.00588739954880812804
0.007118335952682271553
0.007334490995006717577
 0.00734595657045137955
0.005229117608658777165
0.006121788828499838582
0.006627536208983167421
 0.00473507430159609069
0.005692784041827773228
0.006469533043082510183
0.007326504643509511479
0.007085277122651056914
0.007231701719544328735
0.006191276638498076357
0.005337782659515574214
0.002820144294466707217
 0.00689473884108559535
0.007046110356247216149
0.006911310254033330332
0.006752517633097185334
0.007216552251521341291
0.007292434001092006242
0.007220067077062613387
 0.00442666719194075714
0.004557136504762760928
0.004870973093307057189
0.004630228723705909558
0.004653202413994499652
0.004718282746614055161
0.002786580918010600136
0.005277117067108297657
0.006074422874435305743
0.005752704752649400247
0.006436365678571353069
0.003918065334748890155
0.007176727371776306721
0.007185417891665696506
0.007156590469731594767
 0.00686621152645512569
0.007049802555984108557
0.006968483151946372293
   0.007302857410101035
0.007308852644689100078
0.004937090628630980485
0.003310909013168297083
0.003702481690098183981
0.002926003331021087214
0.003383181781474217664
0.004777411069559763836
0.003238668490526370927
0.003358732396782440795
0.003898253958691874979
0.003294956186353109086
0.003231557104182017099
 0.00388902721523660521
0.004712664028303019739
0.003308831086092689326
0.003349296846789630907
0.002922627048814792176
0.003104795072650437786
0.003455659913106317368
0.004243949000268179908
0.003778809038534888982
 0.00339854320295555597
0.003345227769811520181
0.004071681043364494892
0.003422674943920908132
0.003399862860233273092
0.003257539300719046287
0.002629881805788355457
0.002946873932073928049
0.003705520856610611778
0.003598489764127132517
0.003742776484269841851
 0.00352739375480890828
0.003767818618838338247
0.003390951079837657006
0.005348799614944389248
0.005203513420572554102
0.004675981292321132639
0.002157142380013640261
0.004806557841555382168
0.005242256304491644398
0.004907381665396814627
0.004505923559050582956
0.006330232531755602098
0.004516908864045482766
0.005104098560467751691
0.004558184353840102898
0.005414968680138446469
0.005633571937808312322
0.005598189823494919767
0.005556940834958713077
0.005441220046273200633
 0.00490550196970783621
0.005215933370023267956
0.005597873675028888427
0.005192254510397047856
0.004681330971793477326
0.006295102028715442687
0.003981134037861473393
0.005134362965979188086
0.005665703522108244024
0.002901462285806600226
0.005924124673186879735
0.005275339684819260744
0.007356179729698345167
 0.00533716952873214065
0.006124719054150437429
 0.00578294948735006472
0.004963834709937043482
0.004361061115844557315
0.006566791304016044752
0.006183017216779861276
0.007323915034385861632
0.003969588840643340985
0.001815937742032964694
0.003869297407795360688
0.004266659330955862445
0.004614597821578349419
0.006450015788461238922
0.004984573381826883434
0.004694106933825366833
0.006024755293879568811
0.006269880366014272954
0.002263569045692153617
0.005586021345811138447
0.004858811664173840264
0.005875444616049942462
0.004176122483083557525
0.004778928525636758941
0.005999572964508972581
0.005898230501671548887
0.005283880467499506468
0.004776062874130479127
0.005911045058076333861
0.005071551694260763993
 0.00416400070874039293
0.006008170445831106585
0.005739027256421178405
0.005654101534149053032
0.006473868740787386104
  0.0061715105663284614
0.005843708998174127964
0.006809446980193320856
0.006987685714560999337
0.005689974401983797364
0.006504370245637638472
0.006613798512488448106
 0.00624248582137046544
0.005456647031966700354
0.005756016150685145868
0.005079833716842990961
0.005944274390445701203
0.006361418149384163653
0.006635907768927998447
0.007104998487510701469
0.006914950621047963493
0.007146113672973180599
0.006909894243592056007
0.006737550852405987944
0.007272736609137620684
0.006979913775075783852
0.006515001435073713466
0.006822397753935663042
0.006395093892168210101
0.007268235979521484383
0.007282033545712028773
0.007293296085153304006
0.007269591884143373692
0.006557416256234504907
0.007272245102900604802
0.007262417560282032752
0.007286409939786154047
0.003690587134766798796
0.002697602625410956863
0.004776220660935503667
0.003171786466457859541
0.004128450283946743377
0.004065765346881032409
 0.00378181625692089636
0.002801773412848949062
0.005375331739644456479
0.004905789557187826069
0.004032281759082301763
0.002903049524474271732
0.005022062398021290286
0.005571014103645056947
0.006601954985119734207
0.005966233557792342303
0.005574887702295965031
0.006096068721071386254
0.005404258295062107018
0.006497604159000834774
0.005936807386531339596
0.006307164965679095368
0.006407338871580016762
0.007047180050626328761
0.005357277289197550155
 0.00682135606223848584
 0.00594513324945965347
0.006932347174370588443
0.006972469744993381457
 0.00590308404740501249
0.006374933361552159033
0.006733825851365600121
0.006822348803078933863
 0.00661994947178087996
0.006860066143648643061
0.006577181596030187531
0.006914054281914753901
0.007298891983894830252
0.007135480108627028847
0.006603890288071857448
0.006909223333839923514
0.006599948066991176074
0.006311487398964457998
0.004238168127684322807
0.003336023210220431367
0.003914600766832392574
0.003094307489125941706
0.002612710682615135283
0.004051161992096899596
0.002972264995309150271
0.002916579660856510881
0.004108306870278044878
0.003005845003327088216
0.002913532805776612895
0.005035381007592102526
0.004138768674214700696
0.004463516330778610069
0.004891309202136123746
0.006266975130966688165
0.005588940755728949612
0.005994429472391768834
0.005954675983518264645
  0.0056290877085383665
0.005815501007765827741
0.005128155121111039293
0.005225970661404786763
0.006040408047521667739
0.005527075190790087938
0.006247374841458808864
0.004796457620348630602
0.006514324047322795144
0.007153589946027117882
 0.00695419747376758296
0.006896341909980125383
0.006756163382672120479
0.006717733396586884898
0.002984019911395381988
0.004133872574983929633
0.002246790216739410952
0.004852501932512370657
0.005939864493307552354
 0.00611379669666672898
0.006390547694408768228
0.001870964623196433394
0.005182363003223203549
0.006034980933439899713
0.006726615096974105854
 0.00678075560421562834
0.006771789248231623037
0.006496694812409836359
0.007290079632653307003
0.007121397248826897251
0.005564431142357038375
0.005982687228654012812
0.006664503880048495456
0.006416195510908164271
0.006386172467312247782
0.006358955362087986667
0.005323666637889579167
0.006268913499812499637
0.006217919209944860678
0.006402827463305839698
 0.00709824602692896503
0.006389363477462973138
0.006290376086228227116
0.006043964741766331278
 0.00692228513401438577
0.007106871856855313113
0.007054757563866026829
0.006750107530645702708
 0.00612208704328246877
0.006591239431684709285
0.006296882632317217857
0.007122041539111216568
 0.00718171356556401852
0.004011825124150434838
0.005703287298739235199
0.005106400133399858522
0.004850349229215629443
 0.00429472396344624148
0.004507302219595636303
0.005428450635794191195
0.005984295863249752649
0.006374942332320942227
0.006816770389234970418
0.007079004310304139874
0.006421186483903574063
0.007241323647684243942
0.007135133621779446607
0.005215323017210291359
0.004911172401801989357
0.005558427878127516347
0.004935169471712892372
0.004132375119121184034
0.005942557605705695023
0.005583746340640244853
0.006497581707900151361
0.007000883039577424083
0.006824544809254690265
0.007061377364168820725
0.007202945812977281509
0.007089524390005909338
 0.00722091837317081868
0.007104485532674967296
0.007021397960375205111
0.007003071557434977119
0.006688260574031997842
0.006607349136972347735
0.006719438412081692007
0.006389417888632784211
0.005890024749367789823
0.005385579524083384043
0.005868263349136402379
 0.00716490559216731264
 0.00710558524276457687
0.007242322524930105282
0.007230578157832928676
 0.00727003367548208386
0.005525976212433396546
0.005236568590414913613
0.004614474771724358382
0.004056632347031030768
0.004340671226461448491
0.005087164012053925488
0.005494546024799002587
0.004863892439966228248
0.005919239679139461432
0.006292560539869838064
0.006837055194920534443
 0.00681637513711004072
0.007307986364175212378
0.007041828433041711841
0.007295112516158242313
0.007105868318867895189
0.006893208462308284164
0.007327448795249714465
0.007121859355937240968
0.007156608053390326081
0.007288680923616035721
0.007339332376252697895
0.007208885768388922748
0.007346656408401869634
0.007332858221452746156
0.007301448464957571022
0.007320783565041047783
0.007214422049058938184
0.007297351321798331569
0.006539369906626121137
 0.00670948948034082171
0.006538270263980365017
0.006885762750187580591
0.006918087409221165482
0.007095058052164074716
0.007009419466186917434
0.007182803822178770135
0.006830164689571852424
0.007025300520550876657
0.007172397838964265741
0.007151020647467228389
0.006754169598830172053
0.006761391811455935708
0.007248297753418841971
0.007243609771074382107
0.007146752164163769523
0.006997046014999898714
0.007212462304446450902
0.007194890696162370598
 0.00714356041520111066
0.006977817740734549093
0.006832334808360169404
 0.00720565096227349447
0.007228238630476607231
0.007076623329499637412
0.007165026398757271681
0.006990213639253282582
0.007141607046492959993
0.007279620128408202141
0.005151207448158561138
 0.00564465212495592842
0.005390452592699517508
0.004407694521883432498
0.003973135064011532221
0.002919686131176674887
0.002836443392622739999
0.005833344699024651386
0.005272908380923519052
0.004250462749936962346
0.005418278092897799159
0.005514037190234192393
0.005510853990796692539
0.007294735982132728551
0.007163435850038273392
0.006946931718534048172
0.006869675503764427309
  0.0070763880673300689
0.007219622237590503019
0.007318942592355398395
  0.0072657524690569672
0.007325425891720598395
0.007271529924931701208
 0.00724331764634455165
0.007153080624690295181
0.005612316084982911339
0.004635665974426588648
0.005989559600839058397
0.006979386619733445735
0.006332190483615451199
0.006653721480778501673
0.006703187607707826109
0.006543433150310506638
0.006999304542648165581
0.006969928782635629282
0.006844042255700648857
0.007290999793152317526
 0.00666985837184268758
0.007147022254430079706
0.007298396035851695274
0.007193756136507800658
0.007317993679387770935
0.007302841810737378293
0.007297752505933802029
0.007302796393851210613
0.007321931462658791759
0.007176860879136929237
0.007234648416445103002
 0.00714101081627113634
0.007242731973862341979
0.007283376459775607603
0.007295963668433079648
0.007195343394621919221
0.005793650241310101257
0.006061934192149582429
0.006311426094032799965
0.006175489402247699711
0.006586729556534325937
 0.00676290718958901492
0.005926343541915016916
0.006544971474529214656
0.006816215832941891276
0.006346879325560087284
0.007206100478200977086
0.007063302164779539441
0.007189063403103334443
0.006999834330926534356
0.007188201201934195893
 0.00694681037893588732
0.006828791427299127359
0.006104273722607831548
0.007117466827512441627
0.007334880878802103356
0.007333055490570516283
0.006466896334727400934
0.006625148234938629289
0.006102519339565850957
0.007243511999254162274
0.006041076531523871182
 0.00678612956563765489
0.007320468627713067403
 0.00724451277620018208
0.007229367639662219458
0.006738092289770512486
 0.00654108778265682575
0.006603422385069356026
0.006876057101732551725
0.006590851810879584834
 0.00684793349333529585
0.006913720377946450113
 0.00639050940638103207
0.006721733480959933907
0.007055132736222307493
0.006730995275522040112
0.006236918457308135953
 0.00660689742640756944
 0.00720601798414801948
 0.00717365187997071746
0.007252296815559017111
0.007280328049606180248
0.007258265460626165538
0.007211384589316810131
0.007177491043164890318
0.007247581314758095791
0.007269142514104717269
0.006999501609676457743
0.004291479280977780059
0.004206392930030731017
0.004759314670839561584
0.007315355911338100418
0.007058237092258360865
0.007288792764654292676
0.007333888511610705402
0.007285569150707367145
0.007324444216999229616
 0.00723346006232810073
0.006946793721909271663
0.006620241485373415738
 0.00734060543268672764
0.007317452121038927476
0.007353047608730915209
0.007301740775067491231
0.007198083283300162061
 0.00714664652851891135
 0.00731012201546184584
0.007027320940667589055
0.007215205798389101935
0.007312466599199042919
0.007184508821988079205
0.007235895526266201624
 0.00722679812701103666
0.007330038013376453249
0.007266299911183123246
0.007357583355284640254
0.007317377966110976718
0.006999378264995103661
0.007294057380013464764
0.007311688664443318289
0.004062500163092163177
0.005022161706693378108
0.004653507709532343772
0.003949956972526621861
0.002804066428779975091
0.003350544927860348455
0.005716897731115849583
0.001565298528493748453
0.006720775793070783537
0.007024120529174641622
0.007166707726569082268
0.003044405583783234455
0.007010844790607497455
0.006830627980815813689
0.007129716616775281374
