-0.01127256526264161 -0.09178421168555244
0.0764432088269644 -0.0616271451806597
0.07923807823918325 0.05749110476334333
-0.04722562904545364 0.08160779393069383
-0.05941156968251345 -0.05915202134290007
0.08944370569768904 -0.01201618194788267
0.01599825107427813 0.09596308821247702
-0.09057687826765597 0.04008125092314251
-0.07545951006104402 -0.0635354489430343
-0.01070165200478945 -0.09480401431971439
0.02935071424541278 -0.09122842217048767
0.08916481784352441 -0.04247764521513579
0.07342784835855294 0.06547589301323693
-0.04866546402243284 0.07987264393956876
-0.04930759359684497 -0.05763158623264888
0.08713281783645901 0.01502975810259218
-0.01183717808103358 0.09649195313498417
-0.09776132940962476 0.01197205380493482
-0.05381034301203313 -0.07810503816602563
-0.01631949026453629 -0.07846572843241721
0.06935655900796081 0.005107726221359792
0.07085459943744213 0.06225349617446393
-0.04019054024781916 0.08940706583548957
-0.09224600275323676 -0.02982166110664234
0.03546381814300748 -0.08426124762980114
0.049303123298751 0.07339162040175429
-0.08887310717880362 0.03567089236562073
-0.04721791998558926 -0.08664696458912295
0.07039453068917753 -0.0697003863491269
0.09227658142312484 0.02529146470906098
0.06428197743835519 0.05880510828575106
0.04335860846936729 0.08422514790307124
-0.05478864343839911 0.08177368181154392
-0.09078351527691768 -0.03411949191401726
0.0323212341202133 -0.0813077754121935
0.02439041110348526 0.07753664423636357
-0.09457966904981416 0.007320085557239679
-0.0198682972246793 -0.09631672401922795
0.08678429948013315 -0.04496343814593864
0.07381350130169179 0.04438865298308581
-0.03755780546955479 -0.04463043205050241
-0.01598925055104074 0.07775901212636815
-0.09568142310249615 -0.01150653782617208
0.01063372399626132 -0.09748762957358031
0.09439618356761366 0.01979508134125947
-0.04628601116336745 0.08132307607118598
-0.05998761810526065 -0.07455263078408463
0.07995919539380014 -0.05745492719375245
0.0658191119768886 0.07420358285752919
-0.05696414047759512 0.07807916664409618
-0.0741290470505014 -0.01019936506039583
-0.05280887278023766 0.05138987134667253
-0.08971892579850692 -0.03340943886694386
0.01967173719560467 -0.09614492129552703
0.09317252170659331 0.01989369780904134
-0.04829069970912325 0.07349695157002292
-0.0371445569896589 -0.08502478791086102
0.09231444323430285 -0.03219323736174749
0.0399989541014262 0.0900477926768084
-0.07894800331147729 0.05131039469176552
0.08896234667036881 -0.01998651133856127
-0.05297154481245429 0.06522740094577936
-0.03225054216856481 -0.08895339638831259
0.09738087238954565 -0.01333189424940823
-0.006802403231686564 0.09830361699352635
-0.09196551237705118 -0.03288883755198677
0.06018346713499099 -0.07705766255765537
0.06745535014135198 0.07231396142548313
-0.07465215536299415 0.06576270330888993
-0.06458225158633699 -0.0745114296319259
0.07208180894800807 -0.05322811801800103
-0.03566307150599497 0.05122759400140538
-0.01208237372145582 -0.08956852042701756
0.09780883732797212 -0.001204953206275715
-0.01018590923327871 0.09757907205978378
-0.08993949687678629 -0.03286535823470381
0.06805034582106601 -0.06651624137335971
0.04848556313336242 0.08494745613441683
-0.0899317660899791 0.04138955512300554
-0.03654185214026376 -0.0909638107898027
0.008209886446643574 0.0980250870962798
-0.09192982227611174 -0.02953484811144643
0.06855007693862354 -0.06862321962202461
0.03801037751159731 0.09099862924083764
-0.09927683869754175 0.00477344588487582
0.02983930116200659 -0.09470914861614101
0.07993611929948613 0.05857752787473128
-0.07091045534725718 0.0690598941788883
-0.06578447118524762 -0.0744197989534266
0.08128164632700206 -0.05761466603703076
0.03806207198616182 0.09044460839327255
-0.09284351238125829 -0.007518641272191009
0.0699569627956199 -0.06184121184957627
0.0270813651772118 0.0938601935728634
-0.09908968288201253 -0.0006792522093312295
0.02853478034828068 -0.09457371952025918
0.07967685981379162 0.05761431322534329
-0.07743178061406225 0.06136623682211283
-0.04538932541149891 -0.0884976621209615
0.09524161443937015 -0.02863623806539814
-0.09885176781478806 -0.008115194308079115
0.0318913702123205 -0.09249240712689137
0.08164620990163887 0.05385643572360439
-0.08177187648339466 0.05541762530457776
-0.01357770110837706 -0.09869167427506793
0.0942660807878675 0.03271802015612457
-0.06900440441063391 0.07109069204732034
-0.05117677147851826 -0.08195996032931538
0.07679421077821606 -0.05718710153943974
0.05339020563578094 0.08308483355097014
-0.09588278815482278 0.0270857256651136
0.0115070748581229 -0.09829423384537565
0.08117833635892495 0.05525367434114129
-0.08696147563580162 0.04663862991619307
-0.006437658340897296 -0.0993136137081954
0.0944303100266051 0.03173739879029741
-0.06026071686176902 0.07871947654086706
-0.06363239882581194 -0.07563031782176254
0.0873176834813163 -0.04749525563308295
0.02112841311786357 0.09752195833867461
0.03012428988048046 -0.09421034316579642
0.07356066175247697 0.05840295119313484
-0.05214833123312064 0.07385938355805849
-0.06382545970178476 -0.07247461549393812
0.09735268887020603 -0.0186917881629539
-0.03849135948702814 0.09200189719164434
-0.05493554234986112 -0.08237066127109287
0.09308746991402816 -0.009781294160887383
0.01675508475088182 0.07716011803233896
-0.07722414178275962 0.05158496744409797
-0.01831960169588612 -0.09730367600072157
0.09510888227412295 0.02744274775969439
-0.05958672285068616 0.07775384840891984
-0.05272822089002567 -0.0831314007197383
0.09910396049393304 -0.00847352363766248
-0.04114250904805147 0.09074503232073276
-0.06394170929783723 -0.07423882281827276
0.08135635056017369 -0.04848408883237699
0.04629448871898127 0.08511123635658761
-0.09835533449285996 0.01390412381881669
0.08624181579684366 0.04854369647110069
-0.0849352962669337 0.03744588381163301
-0.01729798288906215 -0.06241928959736606
0.0570932422989667 -0.06647418952179351
0.02198500109193503 0.09525475037533984
-0.08838159433610335 -0.04528708337937586
0.09189015143803554 -0.03730290631393133
-0.03307455925536999 0.08892999130440622
-0.03442443718254566 -0.05193848754405982
-0.05963885969624327 -0.04881993537543167
0.09585078725327373 -0.0168952942111666
-0.0467528956216348 0.08651944179921935
-0.05565131655390212 -0.07547107118951242
0.08147835473543415 -0.04710378148074687
0.006313754339626739 0.09806711931897719
-0.08434102741142993 -0.05265884209242199
0.08977562046263284 -0.03730327849912017
0.004383506543748735 0.08429137444327579
-0.07432134169955355 0.04316096039591599
-0.01112176759900087 -0.09685475479036719
-0.05904600023262029 0.07927922787120037
-0.00598314480480679 -0.09510515342045246
0.04086101186990506 0.04850638952679093
0.06750605029077104 0.02645891471307727
-0.09233958900696965 0.02612134295091778
0.05236056124298734 -0.08379647461118671
0.02096300817721129 0.09686298138770369
-0.07671616266585514 -0.05981282111705401
0.07816457659895623 0.01698480165313881
-0.0008788397532865834 -0.06951992479530469
0.02445643547187516 0.09241516300516101
-0.077149348099711 -0.06115268519558366
0.08930843323875534 -0.01833713987315787
0.0252839393568058 0.07696290215200829
-0.09483250592081245 0.002669103417772005
0.06239526925994527 -0.07677922624703599
0.01013268807650895 0.0974607716454013
-0.06637663417392105 -0.05090234628206301
-0.0287662189168091 -0.04019029399419288
0.09171990950670238 -0.01574345596118001
-0.07482579965097601 -0.06371552739710512
0.09646757869322622 0.01227107352121397
-0.07515266326266679 0.01831782952212368
0.003551818519300543 0.06390194742548359
-0.02889628610325908 -0.08991462464262102
0.07834225602426262 0.05977100823453919
-0.09871536777632843 0.005668406523942394
0.07388816561130912 -0.06492315836200201
-0.03951226983757555 0.08200289400109936
0.06694507084188683 -0.03750944875126321
-0.08852062754844335 0.03333629233011035
0.06918540231445704 -0.07045137667633047
-0.01258325147972545 0.09261717003540328
-0.05758932156769935 -0.03073488124500848
0.001833133492667434 -0.08723978387316217
0.06886441621070954 0.06968404127407093
-0.09815097167008699 -0.01030064450430156
0.08036557962537899 -0.04374693382863398
-0.02787552783466279 0.0217988388094148
0.02639680451822934 0.08099127838487498
0.06672694888553524 -0.07088196038417971
-0.02127400953980171 0.0959223820694209
-0.01465932713743238 -0.08468714345591635
-0.04547906422410477 0.02077389906865207
0.08864964053570816 -0.02455860431606259
-0.06818599502150978 0.07096715096999956
0.008717750521120693 -0.09842541689673336
0.05500785352251938 0.08178132139820941
-0.08285325073417998 -0.04589572516425965
0.06315716409444286 0.04974524050124056
-0.03652861116290668 -0.08503712725789644
0.06492319886469949 0.07439403049822292
-0.09118375343553987 -0.02942751038289366
0.06174217404386038 -0.03529427493874261
0.07669883285024887 0.01106195218502163
-0.07634459140990239 0.05923087935446485
0.02553075800828153 -0.09551376077166571
0.02811502474060345 0.09084639692571342
-0.03418258476694146 -0.05695458790511886
-0.06985322381014131 0.03373829331148039
0.06284738087140238 0.07231458480603151
-0.09496860960354443 -0.02698244019121497
0.08841637688068292 -0.02309218071078461
-0.03497116376663047 0.01119648265817523
0.007263499755296735 0.08465878934690436
-0.05916793568412518 -0.07811137653392995
0.09636319037535736 0.0227135261364484
-0.08686489780588887 0.04673419690061374
0.04462983506823609 -0.08440155703294469
-0.02934459846609329 0.07193146141040936
0.08192236980994033 -0.02809592613991013
-0.08034166614232005 0.05635355616819042
0.03887482834894015 -0.08941672544301832
0.02922106238665515 0.07614580579062781
-0.03511022474977446 0.06326315306296806
-0.04357634739380486 -0.08455813313663731
0.09085685661438075 0.03890226191072606
-0.09460773912647501 0.01961214151287474
0.06155131044570361 -0.04225427069479541
-0.02424134568228355 -0.06297624462956261
-0.08129020337008976 0.04357792871612808
0.03474452584030071 -0.0925102074049315
0.03346631433465318 0.08910533712660777
-0.06140890869896162 -0.02177187978896294
-0.06855542872443554 -0.03243523944482723
0.08886668131688814 -0.03880561988709656
-0.03729304465243382 0.09201291827945066
-0.03922876058664056 -0.09088625681413498
0.08808312355408573 0.03876688603699553
-0.07348856758856162 0.006705116360319359
-0.001900788972257555 0.07002172397122745
-0.03801731694545316 -0.08837932950347172
0.08580457508327893 0.0486798413727229
-0.08726175202561415 0.02811072491819612
-0.03237488452043972 -0.07169378833583716
0.09247741072628483 -0.01634217035962767
-0.05331432135082969 0.08312797875248676
-0.01455314809385592 -0.09675497109223179
0.06111707625020692 0.05727424896901499
0.03619664282133477 0.009751591594526455
-0.002473144380198895 -0.08617776069442845
0.0854293483474869 0.04874683915425382
-0.09021309821301028 0.03826417675455034
0.006030683191698958 -0.08801542575686211
0.0777052240574949 -0.02932037778874094
0.008158270894940199 0.09614024946695716
-0.08456558032422477 -0.05230450848162891
0.09450944364855852 -0.031143506988074
-0.03470594129126755 0.09162624896655566
-0.04779935002091591 -0.07134094476331022
-0.008914468854194831 -0.05088360732621527
0.09248702465835283 -0.000762244621522022
-0.06306281823641 0.07621685505855581
-0.02148447380253373 -0.09505677279101293
0.09120422847560601 0.01123867467572386
-0.02156654173434122 0.09215444953267209
-0.07040583961283291 -0.0692784758099808
0.09861492404700678 -0.007894957577172011
-0.05414920028107417 0.07634752419281167
-0.04431411258848943 -0.0465264498635504
0.07268917225846004 0.05280585463116687
-0.06869783715597357 0.06981595761147884
-0.03416810554891325 -0.09326426152468448
0.09726847632455417 0.00287866481085338
-0.0078877515707441 0.09458124436228295
-0.09521939932486194 -0.02235468467524704
0.06421558630149386 -0.07573480169600896
0.02305149171726678 0.0967738069683472
-0.09236482932261719 -0.03656976190270655
0.07228774160130159 -0.06403279163564422
0.05281932064402745 0.06958915876205736
-0.05238476981816789 0.07589654216590555
-0.05696086316270585 -0.08056329284131709
0.09887499012047195 -0.009776505056860804
-0.03114535555078568 0.09289614709952865
-0.08156888467325386 -0.0536597973789186
0.0829781299691543 -0.05418572852986748
-0.001430403861715849 0.09952259841504744
-0.08120432222235827 -0.05518962118854366
0.07326450296780282 -0.05516455926961396
-0.08231267439758125 0.0518244880547659
-0.04949477484366408 -0.08542864139370464
0.09627794985358204 -0.02513577892289622
-0.00646563023554841 0.09922163600439439
-0.09593611000003145 -0.02449072148301871
0.03808415315460868 -0.09141943736425368
0.07270792914645055 0.06606903052568998
-0.09490610306570636 0.02019126136458796
0.04234218295823512 -0.08917013367673775
0.06443438148515648 0.07558030856786019
-0.08624272618010412 0.04650193727045733
-0.04498925618963777 -0.08638668324449331
0.09371597191566283 -0.03182717850203916
-0.003861766084824455 0.09961281273085787
-0.09116093114348083 -0.04007760237053689
0.06601906859340423 -0.07406866873390168
0.04395955358033735 0.0886784687239206
-0.09852867625668052 -0.008675674532069539
0.05899871873949159 -0.07994928622099162
0.05515256533835561 0.08163276579318358
-0.04166968950900267 -0.09034404395912565
0.09188864509542007 -0.03753111488428975
0.02067151572050206 0.09657712709207884
-0.0984879731008694 -0.008185322723737655
0.02827380399442318 -0.09525945134819445
0.09152155889587578 0.03831583455921508
-0.05148811620373029 0.08169179749292742
-0.03712380284288688 -0.07844582884344169
0.07671918731605552 0.05053817250202388
-0.08094249054095431 0.05626408164713403
-0.04191195846283553 -0.09027868557082463
0.09371162932732499 -0.03262187505364316
0.01664437357872562 0.09754387584701008
-0.09814593106751393 -0.01337534894263219
0.04275662217581467 -0.0897740162264114
0.07555299204772109 0.06419258715395078
-0.08272328461919383 0.05102339855596566
0.002885786722404737 -0.09406712107128297
0.0739025768770176 0.06298452448080799
-0.08541981004666564 0.05068702220473089
0.09156781870937117 -0.03853368914386458
0.03858420943431701 0.09103462427145879
-0.09261170841290407 0.02939233171243539
0.0002970548214873017 -0.09606521366692386
0.09457096146260061 0.0252225163839623
-0.03132693581157799 0.09385252584900086
-0.0932545843277834 -0.02793913830322892
0.02142094564459874 -0.07872734063010921
-0.05092314971630832 0.02595478164565945
-0.0319713647806676 -0.08876311911285502
0.09248710288931705 -0.0356337921494599
0.03463979114736843 0.09269084598004616
-0.09474271004496054 0.02246722533081955
0.01044167883444519 -0.09590222722578397
0.08933833148898872 0.04036360875386282
-0.05532161722696089 0.08175736939600882
-0.07194019863363191 -0.06369575031406084
0.07253054348377143 -0.03610391401156939
-0.0642747611078094 0.0543040055710366
-0.04033294647308028 -0.08850249190957217
0.03476263627229544 0.09222412601518871
-0.0870757805018378 0.04621275873590575
-0.04812819017509977 -0.0833854923151028
0.08743399714045073 -0.02682543043035052
-0.01520474819429367 0.0925814431389874
-0.09524559294042469 -0.02246032366448403
0.01005676547258386 -0.09808478047160682
0.09272679488417337 -0.01953150345506608
0.06605352820451711 0.03282824715701105
0.08507037055295118 0.02244852570362014
0.02106752215139232 0.09601682616738459
-0.09023675803800497 0.04033236972034351
-0.04254142877269746 -0.08633656611491218
0.08953119318443026 -0.0158618076388202
-0.03189518207064702 0.08833445862361308
-0.08689557137097584 -0.04494343401132512
0.04140885092962116 -0.0883536791243386
0.08250787412495036 0.0231111351138162
0.00932821740868283 -0.02914091812243218
0.09033672751201713 -0.01373464580174281
-0.09380583473331479 0.02560506492025182
-0.05418387411651027 -0.08239996042020141
0.07095708171142658 -0.06608486656249078
0.06020408457043225 0.06758326845752587
-0.08553377216096823 0.009320253924402853
0.01041018492081356 -0.09465768238988831
0.09841859538994667 -0.002525819440378397
0.03340057030206777 0.09283951371138287
-0.05409259690585287 0.07831474978941273
-0.07654181886900027 0.05075377804224819
-0.09756458468009097 -0.003037129361129873
-0.04284210946065793 -0.08934605000082911
0.0751980360138117 -0.06153837293691983
0.05505993488918678 0.06955400312451233
-0.08289827452807484 -0.01020031736649778
0.03390476136121719 -0.08898829268893586
0.0948625730662906 0.02542825218806535
0.00212716861322965 0.09637297544182821
-0.05767355332077757 0.05491580047223588
-0.03414856806808716 0.0754796227718277
