-0.0730592123417496 -0.0666106088826245
0.09512056096908721 -0.02354152419975723
-0.04072030199569635 0.08782612396929913
-0.03311889470826489 -0.08843021332984002
0.07386488454998837 0.05218916639154044
-0.08951459599876471 -0.02183734684276873
0.08499915709447171 -0.0452180392660318
-0.01869351326678562 0.09592325300763241
-0.06708157520015268 -0.07171674593863403
0.09736039998539682 -0.0147482617546956
-0.04075490649302384 0.0899421475315616
-0.05544917757735739 -0.08194617401703412
0.09889186600883508 -0.005921599051186259
-0.04331338995649485 0.08927071777030283
-0.0589944534540917 -0.07986649160722924
0.09813552384419709 -0.01421391412766355
-0.03761502314780188 0.09158255412579419
-0.05947216773835057 -0.0792830635565306
0.09802019827202023 -0.01600425787340509
-0.02680420910042758 0.09561990842129213
-0.01876099751355167 -0.09715102991643773
0.0952514294349641 0.02676529680172754
-0.07590203504635577 0.06274977518169343
0.001148774562611825 -0.09749512410371604
0.06291787383945623 0.0716785025416083
-0.08776126168234864 -0.03053814907810371
0.09440813312523436 -0.008422283284118289
-0.06629996524051247 0.07125335575810676
-0.01660860322049015 -0.09677376155774792
0.09026156505690153 0.03955524849991663
-0.08330860224992445 0.0531477882237949
0.002395382622825261 -0.09896098615257098
0.08128498107451806 0.05667254631330426
-0.09166151157180231 0.03787607276610454
0.01126714532508684 -0.0985543173255377
0.0837880077624919 0.05312731551238419
-0.08702516248806202 0.04768182416549023
0.00820583929331252 -0.09883806793855637
0.07939535204659273 0.05935711576404219
-0.08609261415603858 0.04868809041964335
0.05752201561895643 -0.07081211423298335
0.06542444848264954 0.07147890922079139
-0.0978352885662632 0.01526053427943154
0.04786388236988819 -0.08643244527160238
0.02873190962912272 0.09411425299088796
-0.07560032606906279 -0.06121929755240052
0.09338359640553318 0.02492024524637217
-0.09497506138793614 0.02145153207492145
0.05045304202594011 -0.08253376572498447
0.04745094994435754 0.08399679265030756
-0.09834740817188468 -0.004349148897077688
0.0633983741789646 -0.07601051495481283
0.025144926831928 0.09566878648690838
-0.09171286176324642 -0.03770673536798346
0.08399147046553621 -0.05090260681916927
0.0146816151885765 0.09467137423113106
-0.09594215154191291 -0.01840693652437736
0.07204449497348198 -0.06833320614860332
0.002270976637740551 0.09898204185503698
-0.08038670701111676 -0.05243847796597451
0.02953390418586886 0.07059425465765816
0.03452612245609922 0.06949688768004966
-0.08723790225497581 -0.04278912575259224
0.08896039468089016 -0.03328494186165636
-0.02218362985256155 0.09349492646798281
-0.03846328270836374 -0.09093738315167905
0.07002560774792091 0.06982826360643148
-0.08761620555299619 -0.04480298062493143
0.09379589236573006 0.005004511650985168
-0.03576729384907583 0.06721338860197573
-0.0750462357817744 -0.05069419049567843
0.09746013039171103 -0.008376807546911995
-0.05368943216587546 0.07770470924652322
-0.03651646360003336 -0.08950044425301532
0.08636812697087717 0.04612581298198763
-0.08335584908526002 0.02152200564537549
-0.04810772024561333 -0.05902702049447094
0.09542960854179446 -0.0126812630128688
-0.07589571538822573 0.06392894020618907
0.02893679681078197 -0.09216300170915746
-0.08830356650859707 0.03439307711638759
0.08380629977442634 0.0149986822579477
-0.05945330947002108 -0.0736564565055326
0.05599310110723654 0.07000145725090963
-0.05177326324715607 0.04257256794128902
0.006129406158352677 -0.09387612111659718
0.01310153745619572 0.09762440886268535
-0.03361823083105264 -0.09227354243694921
0.0411580464263432 0.08821660331698289
-0.01517569004000743 -0.08076980074383668
-0.07291943405905736 -0.002852176312282887
0.08039550366858124 0.05100972524415439
-0.07761595174003569 -0.04044988301017587
0.02413413746058952 -0.06671583565367324
0.0256388751872253 0.09197107895958972
-0.02998156660942807 -0.09011910570006515
-0.01767559962837353 0.07334262160348455
0.08789965528900619 0.0005882125491710744
-0.09792445051420597 -0.008808298656423103
0.09648160965407625 -0.01299436378326858
-0.06185692132819292 -0.05831800827648559
0.07734246726805107 0.05547419671785268
-0.02951432040447408 -0.09321006343802186
-0.03892573794479924 0.08844829929409638
0.07965080753430845 -0.01401150095853833
0.003021601604495168 -0.08696791535292291
-0.05773351018484306 0.07754366373808823
0.04995404791245309 -0.07280241819864332
-0.02661252122154686 0.08934472130245616
0.05959381025269384 -0.0768438485560456
-0.09371995777204266 0.004613420171112285
0.0554889313637486 0.07853862722946101
0.01376591479525486 -0.09444422089319132
-0.07107629909132658 0.02859244378709232
0.007593842564536013 0.08719495014113834
0.04587341389995696 -0.0866733362639697
-0.08065720480659465 0.05430464028697652
0.09502891883615881 0.01307499739956076
-0.06665861186015701 -0.07210484537235194
0.03782299832733731 0.08568894829118276
0.07178894871282256 0.02355373720358908
0.06045910165757946 0.04963837251697422
0.01521964459468357 -0.09628515748799159
-0.08992517495623183 0.04218542763666305
0.08190109708252816 0.05418500223895885
0.02234338137924222 -0.09425663450773591
-0.09677175891338108 0.0147399212879836
0.05906996399808961 0.06129771423393234
-0.02096441818632489 0.04619487533237662
0.08374698141675913 -0.04106852354899782
-0.08706345713687086 -0.04659726581956237
0.006145224212018728 0.09894037428811001
0.07996158332565771 -0.05859087881923834
-0.08903909534464143 -0.03963405016100306
-0.009776496603298197 0.09555204820972089
0.09182892407811619 -0.03433101947486868
-0.09214414203094753 -0.02828630204627772
0.06552786969367966 0.07159977486559378
0.002267439615690878 -0.09892722668314928
-0.07652276048563328 0.0595255275436015
-0.006478875225163111 0.0967876728720946
0.08752046758115233 0.02705690000988876
0.0490495435405154 -0.0834292572259773
-0.09521708173775557 -0.02748260745369166
0.01519687744960428 0.09783530292089913
0.082321765145454 -0.05517861016201157
-0.07962500278432465 -0.05941623631313651
-0.03825207635056194 0.08980349634594077
0.07590549265517911 0.04392395982000483
0.08106495283501458 -0.04064825489373897
-0.05092719913145891 -0.08377090541482822
-0.06229595969270735 0.07736303486460711
0.09684482722062314 0.02145268596221776
-0.02593394090039741 -0.09573671731256168
-0.07830867602750347 0.06096579619674228
0.08325357120824763 0.05293772393083548
0.006707502945449287 -0.09194974115429139
-0.01972361878676423 0.07600823057236777
0.06552445994213786 -0.06723968084386153
-0.0939950342847499 -0.03061825378821469
-0.08318582673410181 0.0541918748244543
0.05318081548147532 0.0837793951407
0.08872282007210162 -0.04420987606864425
-0.04634138881328369 -0.08740075257696971
-0.07226588971259593 0.06580628568902792
0.08966001876537437 0.03671244615072273
-0.001193317584457459 -0.09800390352999315
-0.09608895038602962 0.02414161515545387
0.02833193531544593 0.09479664872657496
0.09735657536756707 -0.0127952217250907
0.001442333413233049 -0.09871809014267094
-0.09862514385143696 0.007305653392623106
0.03447359101969995 0.09178575923866152
0.06797831281828272 -0.06969896573243704
-0.09214311841691533 -0.03354661251087224
-0.004799457616749997 0.0985502120053134
0.09543513998473374 -0.01354902220893276
-0.01279891153966945 -0.07251683101882528
0.06012039791233402 -0.03137527821262161
-0.04653382632623888 -0.08374016900641081
-0.09489371430582326 -0.02479421638586997
-0.03162152121882417 0.09422680562960703
0.09192397698203564 0.03796178749242894
0.04054114148793456 -0.09029442944778354
-0.09232999674268977 -0.0313786750248723
-0.002203459576769768 0.09476956287827586
0.08312674212689508 -0.04509046731350493
-0.07160022036132778 -0.06581338470384697
-0.0570692041714225 0.08067918081987356
0.07962900591425012 0.05944345973458301
0.06752305718139683 -0.07290349747861249
-0.06919026337898197 -0.07073967352257991
-0.06255236723255965 0.07516235462946437
0.08801330147522818 0.03786010226916847
-0.005443748684903394 -0.0952059354209676
-0.08905515738495254 0.03888293206463472
0.0540158138932937 0.08194136605374949
0.08225313613912349 -0.04765061300480211
0.01143609585091675 -0.07682826706275797
-0.003218203896652036 -0.08910504853515243
-0.04970986000221227 -0.08116999874889383
-0.09375315753185384 0.03129380655635084
0.02267214842940301 0.09669298655595364
0.09762072721391708 -0.01736326834334909
-0.01811250533437313 -0.09661519477313056
-0.09045880507992111 0.03193316420938529
0.06389875363835068 0.06734479470169137
0.02731411554968549 -0.09065679480775871
-0.09742644258081028 -0.004610915157232056
0.002238886342663907 0.09878822169254055
0.09923146299312845 0.003077952973986139
0.0128782623981586 -0.09838456342297613
-0.09726636471163567 -0.01544032956051178
-0.002862268999707796 0.09665401378702659
0.09022184845096726 -0.02782043556780915
-0.06582618666149162 -0.0685964683609939
-0.04938629046063697 0.08390179772713122
0.08754637777634107 0.0442474578594377
0.06159596890401082 -0.07063572632396707
0.016532631632485 -0.08286523452431085
0.01046787552663966 -0.07871437140237356
-0.07739333475458864 -0.05755186732688408
-0.06672240214598467 0.07345152195599144
0.07032185048355419 0.07035606138355475
0.07300353216913695 -0.06720408988938423
-0.07025354805183827 -0.06858568272178413
-0.0471386363601095 0.08312393732426315
0.09432399331722448 -0.001119398516670725
-0.04015783610951353 -0.08795759646757463
-0.0790727155501533 0.05857134328238622
0.06239655100949181 0.07694828081069104
0.08335456252725527 -0.05381869650725142
-0.04160578589961574 -0.09003224026698291
-0.08943317296262426 0.04102083167696078
0.05680726590200154 0.0781257561089224
0.05049155543928838 -0.08083938050298289
-0.09561579958286442 -0.01384173480440053
0.008226338444212288 0.09776468941739563
0.0964264163870637 -0.01212304121210291
0.01505376339688764 -0.08361552114943166
-0.05143622757439705 -0.02160905896280703
0.023689655364547 -0.07828636042872802
-0.09643984815153746 -0.01782653619348691
-0.009722445546301294 0.09885077744095995
0.09751380569696594 0.01485671965829797
0.02158337827842652 -0.09649714310386519
-0.0982437506988096 -0.007922554536628922
0.02977343697389209 0.09252280757791691
0.06560666023200244 -0.07194830641624636
-0.09268687305576294 -0.03349489786738302
-0.01167467014668148 0.09815634492077903
0.09696895535911236 0.0103451160443378
0.03766141499927379 -0.08831176612292571
-0.08005782261177957 -0.05704690152068752
-0.04746819718657611 0.08644360272372643
0.09616869688761524 0.01750072996557805
-0.02263641605946282 -0.09500102227145386
-0.0816031190312291 0.0551264518007931
0.07367992983204739 0.0653952355247146
0.04820801725116677 -0.08016961422369544
-0.07227194980698955 -0.05620656311232199
0.05074476028871724 0.06575471963525892
-0.01673126304111166 -0.0942321002501766
-0.07883476135157322 0.05971020858982642
0.07161182649614885 0.06162236996068577
0.07823655988431313 -0.04332379727907965
-0.0394236369303294 -0.08905365184637512
-0.0715576421943558 0.06858723499288137
0.09468747305305776 0.02910634115808272
-0.02338204473497548 -0.09648677265791128
-0.07666038157436027 0.06285375678459131
0.08200239191652599 0.05035833112789413
0.04263814124542618 -0.06748771077528595
0.0123128837652929 -0.08260168574898882
-0.09736584114962256 -0.005452380778972691
0.03181891932718023 0.09397889145486087
0.07048761098259843 -0.06967635431392394
-0.09160064978626557 -0.03733765207968734
-0.006164005018830491 0.09887765815982616
0.09343604990842772 -0.03073683539569992
-0.01379059969670407 -0.09777760082639934
-0.04358534216225809 0.08661670340791922
0.08310078787334099 -0.05062158636779424
-0.09623383734241381 -0.02157073988444318
0.0459010118987077 0.08392193406556431
0.02354303018699445 -0.05892311033222333
0.06446307775932034 -0.0510888750442581
-0.09340627284412591 -0.02775111675475888
0.02666985773027522 0.09484605365435955
0.06266019026739796 -0.07707992119414316
-0.09876104137824798 -0.005809056729584987
0.0489520836265679 0.08476915899448136
0.02548318870109083 -0.08671753124155485
-0.004701333108946848 0.07077407506887284
-0.01024791640646464 -0.09137885868826315
-0.06338576770595875 0.07546025956666925
0.09888155443888923 0.007793330094958409
-0.04598114532513973 -0.08578643182459463
-0.06839839398438774 0.06318124379575166
0.08327106526490527 0.05062299663783297
0.06715356812639733 -0.06927651448378587
-0.09291777671013823 0.03349006777838107
0.09453102695445063 0.0117519734058577
-0.04853454984317768 -0.07635552718737509
-0.02089952507720126 0.09470782500144857
0.04051446789636298 -0.08372044911841481
0.007827349301842495 0.08533548767933939
-0.02474341512236598 -0.09158377621972533
-0.04574480465971485 0.07759471172675418
0.09554256089501303 -0.0007290240721184734
-0.07522358486943663 -0.06152294513971072
-0.001998224173227206 0.09256641478309256
0.07597658323375174 -0.05894416383713708
-0.09092657832265297 0.03221784223958762
0.0913860385274796 -0.03082711145396368
-0.09618507739473829 -0.004287248658505324
0.06302518151407722 0.07224155020803086
0.00199870470654139 -0.09689170341559739
-0.05075775652718766 0.06211511007698932
-0.004532695710995027 0.07478124189447755
0.07815464897977285 0.04600984634425666
-0.09042538108851536 -0.0386530434239056
0.08663294434233514 0.03987787585912062
-0.0610094919210805 -0.0352267641561203
-0.07953169559450822 0.006963178522779003
0.09582382244691444 -0.01934365917497988
-0.08349815554236362 0.05137322910824954
0.05333410382658058 -0.08079895996119907
-0.03083907598563347 0.07267354108727371
0.02424638699972418 0.06885582092608228
-0.01812483489804033 -0.09425756277171739
0.005213124899399451 0.08481484782266856
0.06751854665619803 0.01552289849944258
-0.0765357612042708 -0.05700354714978488
0.08476796859899662 0.0507603399739048
-0.0820164942001932 -0.0437232049577887
0.01705401634261007 0.07086298226642546
0.06684686328524504 -0.06159637243102711
-0.07044985257671531 0.06296525527592491
0.008754048216272002 -0.07815257410445005
-0.02566268810293802 0.0930757034219018
-0.03446952812778684 -0.0917807342564297
0.0629733743448114 0.07405701977170064
-0.08595038810499893 -0.03534769973273948
0.05691375180507453 -0.06419244456286
0.04549459652208408 0.08422879840692596
-0.09207620605076003 -0.0373872135936584
0.09590346588629711 -0.02503423961459315
-0.05153394294881474 0.07947325984288717
-0.05711284793979039 -0.06101307481872577
0.07842263914462154 -0.05215659945192121
-0.02403469309684912 0.09340819363390845
-0.05994010913997592 -0.05482777567997723
0.05113598706855182 -0.07238763633804751
0.01366885529766549 0.09742178475815834
-0.06479835194578484 -0.07263980640000438
0.0815188893436057 -8.636036585188304e-05
0.03434785061962631 0.07170499838786278
-0.09429920642060323 -0.02005313514828415
0.08629637264239699 -0.04517498634182502
-0.08657355336962901 0.04731020373430032
0.03018541940396117 -0.0928949523138914
0.02674885254140083 0.09201904380238683
-0.06400984982498632 -0.07072184778269863
0.09671485383067062 0.0094670277189442
-0.0613522222881376 0.07675923530322805
-0.02596600393481287 -0.09560339466219048
0.08815319273209754 0.04569482545530175
-0.09229461777604067 0.03587275903624041
0.01830765742000657 -0.09652705936973074
0.08149634134835114 0.05507726535277087
-0.0877408251839274 0.04637991873322504
0.004587139354469229 -0.09837649069566767
0.08863720819783799 0.0403891753253774
-0.07583548865968508 0.06318220567889972
-0.003863234921424717 -0.0991868533866446
0.08140109355820624 0.05459569117914893
-0.07900618233344703 0.05453469599609193
-0.02382871591388476 -0.09474943194503925
0.09243713084630938 0.03496038627887081
-0.09760777329011608 -0.01394616667182664
0.07249948214540822 -0.06508559377982472
-0.005479555908894961 0.09532653930417249
-0.04915441054943388 -0.07798832190402172
0.07758012024136927 0.05128508366144656
-0.09565384693631233 0.01519816029410591
0.04775376106100967 -0.08581619475966118
0.03921212765738741 0.09037600171968245
-0.09573759384614119 -0.02402015642504602
0.07449551811788832 -0.06519747268145391
0.01860932014517171 0.09751358096284619
-0.09464065207643592 -0.0304206748947079
0.07249511530797981 -0.06809456440264505
0.02703609372986785 0.09571925028895041
-0.09758177883831433 -0.01881874014741849
0.06504705407096019 -0.07495546943109067
0.02864439386236317 0.09498527433224327
-0.09702045463259182 -0.0208601361095963
0.06021653871013508 -0.07885314647355161
0.04186463037795597 0.08977139425470144
