-0.09658135054035866 -0.003418058261323347
0.03534044170297499 -0.09058979799335867
0.07876791726150328 0.05821164583763152
-0.07327627501996016 0.06574617684437446
-0.05335800975099806 -0.0830498244328202
0.08955197389449154 -0.04168120982371172
0.02850403810001672 0.09433561819860022
-0.09745158531094425 0.009684687512491385
0.01781409416847785 -0.09515657857640215
0.07885954741517102 0.05335672228691887
-0.08542147259048577 0.04085466817120151
0.001983310513631245 -0.09566154293191255
0.08859318168872719 0.03844133177052785
-0.06651846734344163 0.07066033381523501
-0.04558218314374293 -0.0858565541356483
0.09589248521107685 -0.01586172460850084
-0.01576597249242947 0.09581187625039038
-0.08515888451774149 -0.04626546199915256
0.07257501029713538 -0.06375977121566621
0.03215947612443191 0.09087022709331079
-0.04932454533479041 -0.08388614946886748
0.0959125288194063 -0.01786867003644815
-0.01388458592421331 0.09696733226347412
-0.08919475687760114 -0.04164023741595951
0.06185911942039265 -0.07711948191774268
0.06665717481829303 0.07340854002382927
-0.07944579941821919 0.05934040510917705
-0.04879819088276257 -0.08593823989037902
0.09394083549745687 -0.0285129031634446
-0.003027294795814155 0.09711242095310942
-0.08554735497808325 -0.04355653098623741
0.07919013657890994 -0.05393705739669667
0.01400036373078343 0.09547123862703599
-0.09388400891624048 -0.02486666894969072
0.05687972551917041 -0.07925586089268072
0.05679243516772332 0.07957953285908061
-0.09323599781297946 0.02932115872020721
0.002224128103338535 -0.09756284938155223
0.09110280008324682 0.0347116793269889
-0.06310444674874428 0.07427410882116708
0.05535482865382358 -0.08161430215671202
0.06330858602808992 0.07560250081840535
-0.09225034981154687 0.0351332960995781
0.001462567178145132 -0.09898250050304903
0.09238870959029134 0.036247531587461
-0.05923793198500721 0.07951472559807458
-0.07429783174203002 -0.06468857039158177
0.06468261214142638 -0.07455350003915108
0.06384061128072457 0.07578974790203795
-0.09106335206881662 0.03854020740095697
-0.003690469613492371 -0.09821700205252931
0.09003923277469397 0.03769779942120175
-0.07509371824915748 0.06220832927644443
-0.02055345840980952 -0.09574394854559487
0.09590258149488499 0.02213550975734496
-0.05452061099971202 0.08237757560305596
-0.06336442695552538 -0.07589363017343172
0.09132168847999568 -0.03762154903136018
0.003206785769897551 0.09863418722643164
-0.09376334901264627 -0.03099560228738031
0.08874817543455989 0.04080795874199965
-0.04861597689998684 0.0829249324044732
-0.07293395575854247 -0.06598449726187272
0.09193807737467288 -0.03787810525442568
-0.009733537644476317 0.09919329939618181
-0.08402140512235945 -0.05251341946579657
0.07135976710827083 -0.06230217414821782
0.07484110533327905 0.04810241948042446
-0.04602770843384774 0.08523571925888791
-0.06447168798452188 -0.07551744030548414
0.09327498868766633 -0.03248476031718473
0.001913500310819423 0.09824944196874623
-0.090709634622717 -0.03846982856344002
0.08000198882211196 -0.05814438825174093
0.007170995883967902 0.09894478954155216
-0.09129968362296585 -0.03838139188122767
0.0608194111848296 -0.07705698919021813
0.06412017748664463 0.07493193993564498
-0.09338684522282512 0.03401418151694321
0.0106906338737269 -0.09863538462693097
-0.05600330104899054 0.07708115101415534
-0.0561598757810507 -0.04969555587380718
0.01840831448997338 -0.08771976161621606
0.06923507450737976 0.0700756904264056
-0.09823420481102285 0.01402978336683173
0.04543638210763153 -0.08825638592970995
0.03801399017817052 0.08811607629498577
-0.06495300059713247 -0.01277260900985307
-0.07927306848424368 0.01210588536114739
0.05238683831012687 -0.08268343376485908
0.03161922158240694 0.09171348422257988
-0.08907906080187721 0.01238610060625066
-0.0007361779171236605 -0.09509466437806864
0.08318271719112943 0.05329059857783237
-0.09504491761601114 0.02978238481083646
0.03705823033939695 -0.09168242893782887
0.05856153645354264 0.07241558849947712
-0.0584808045505933 0.06407260220025486
-0.06026338597998148 -0.07593206251901506
0.09929427585729306 -0.002711183133581615
-0.06770453685768485 -0.07083478492000578
0.06928144167628993 0.04219860958667328
0.03218126292325924 -0.06831338242719037
-0.03019854337353849 0.09160750422379503
-0.02579404500300729 -0.09369791512051366
0.08889734533192518 0.03566965880250268
-0.0909811820086807 0.03709467055953639
0.0687515658304662 -0.0617509710865838
-0.08093556825601537 0.01308343222953328
0.09543545589065597 0.00515803526542028
-0.0942911206157275 0.02543614560334427
0.05615403406369646 -0.05577092638930736
0.05480440088328706 -0.04172368381320245
-0.01381448771203994 0.09466005489033213
-0.04937151930784134 -0.08593679880574144
0.09205397747822289 0.0372455384593073
-0.09265814407946268 0.02068474984475994
0.04127009285660557 -0.04285293566455829
0.01927794395498326 -0.0797971900723949
0.02731250762137687 0.09447405385173942
0.06528420816226151 -0.0749826429198738
-0.05971954599447122 0.07692533401655488
0.07985862987814139 -0.04925191516678845
-0.09552272846470687 0.01862490213751083
0.09262331311898694 -0.02411836968830867
-0.04629503777320249 0.06458620024300575
-0.05485045316020305 -0.07289616811627345
0.07641626597611416 0.06197423251868858
-0.06789367234428334 -0.06954631804071372
0.04781042398336006 0.08521060796516407
-0.04015801965823436 -0.09051311031560728
0.03367871534409512 0.08875538543139846
0.01622552600185678 -0.07851639611108896
-0.07901409740519265 0.04733007308288982
0.07204393906815967 -0.06624193897559531
-0.03112863070665211 0.09322167719254146
-0.007532975601846531 -0.0982719228580612
0.01333223749372994 0.09162408327115244
0.04428000232486424 -0.07453780405616367
-0.07183826391695348 0.06529723126370392
0.08479257277071961 0.0520588088435178
-0.08288883347155118 -0.05486190200236864
0.072745655566753 0.06744696118402538
-0.04957286356332766 -0.08596340609264631
0.02384580744152738 0.0942950650504705
-0.003344035813108165 -0.07412989160986536
0.008107548277650735 -0.06691811393702377
-0.03020307542614312 0.09107177762762485
0.04745705526322537 -0.08716203001641175
-0.065205314385281 0.07508309550400029
0.07950145412200145 -0.06013702585356426
-0.09002278332235869 0.04198096236001929
0.09701875609277748 -0.008245131431619047
-0.08790609010578429 -0.04083355719879393
0.07730753846427409 0.05875398435366117
-0.08924730321277774 -0.02949097548055533
0.0960840261859069 -0.01271076732828244
-0.09725542254292738 0.01728617476917923
0.09751972009792541 0.009103498348491137
-0.09005441859098018 -0.04049757659364437
-0.04290616386339684 0.0895793124808982
0.05257589062407644 -0.08354808789397591
-0.06151973558374593 0.07732725816538304
0.07786913012065109 -0.06179245687964879
-0.09410150895692473 0.03023041972392824
0.08843700587008492 0.02048513740625958
0.01931586157224659 -0.06844673741591946
-0.09179578602289394 0.01622968454571239
0.09564640685153435 0.02449786323903947
-0.08577482819834376 -0.05013498058634411
0.07189534664865319 0.06874372169704089
-0.05227675419266043 -0.08487971166700936
0.02145009474945281 0.09724834045259259
0.02063323826845145 -0.0969585164410697
-0.0519277409378978 0.08212286851517414
0.04287563832401064 -0.07562324795065295
0.02082955193756375 0.0864440222965379
-0.02746915989227778 -0.09356270672574071
0.006858553457836565 0.09904202701272849
0.02234045054057909 -0.09696409849358875
-0.09063009576250521 -0.03993059514392789
0.08117810606388812 0.05511166577414215
-0.0731581713640005 -0.06450483564852023
0.06400161105491925 0.07479759853247112
-0.03687707491008531 -0.09200758969951309
-0.01567532599408842 0.09548790293656421
0.08102083428957423 -0.03434148448179748
-0.05523079699301094 -0.07513458442361383
-0.003002542350197708 0.09837584745289124
0.04026441289054036 -0.09047217005677834
-0.06275668968325211 0.0764495276438075
0.08042402644159168 -0.05802141310352688
-0.09513444676723232 0.02914052095713116
0.09881936133990089 0.01067292508880877
-0.08485255883947847 -0.04861907950465157
0.06320688402655815 0.05973984515633361
-0.06964152687395346 0.01418612507237269
0.08624530527950043 -0.0363523573811782
-0.09728749715636814 0.01523707476540793
0.09808299781723288 0.0150582648021873
0.03964775253634874 -0.09067343248293216
-0.05835932713577635 0.07907037487258063
0.07083981804910693 -0.06667869774140708
-0.07714582104292504 0.05974618112224919
0.09009911540670006 -0.04043291281567865
-0.09773661775672274 -0.004869441838277743
0.05703249230030898 0.07214863818284314
0.05580512163370481 -0.07452320166001465
-0.09729551155469111 0.01364730008052184
0.09341703337800861 0.03308856789870638
-0.07790825209759657 -0.06074713465737241
0.0599779986665041 0.07851101735338779
-0.03346669924601757 -0.09338534740895066
-0.00428294301920264 0.09924263956606912
0.04397003718715208 -0.08811421564768171
-0.06728414823406854 0.06330570157852465
0.03506790351695938 -0.05123401016747537
0.03630287116587663 0.07827781056834816
-0.01908526264681624 -0.09542390883262228
-0.01256095888696847 0.09813983079955393
0.09132114540162187 0.03878279655121767
-0.07937779089894727 -0.05901357852499989
0.06364044585165594 0.07484312790440473
-0.05223124654884916 -0.08276536143241771
0.04058979181128474 0.08976347373851179
-0.009287048310628114 -0.09739769388885682
-0.05291659701173331 0.07272472844420308
0.07868972607109845 0.04157528791557228
-0.02368736777985702 -0.0944640245353494
-0.02669992049617256 0.09563459239630803
0.05897254662777923 -0.07981155923228277
-0.07789548880500301 0.06114753758659301
0.09200396506737027 -0.03716967690988785
-0.09939597612485171 0.001876330316361577
0.09167998249724291 0.03752352696797449
-0.07099841798531391 -0.06479779680889669
0.05398125223876529 0.05889029719418583
-0.07740404008534517 0.01923795832758455
0.09449059641044924 -0.01683555114759483
-0.09815359679648275 -0.01195961721683043
-0.03486775425842359 0.09326134060736509
0.05397334475236815 -0.08353159757601819
-0.07276369606054119 0.06715932187020086
0.08538079941919044 -0.04972787689414425
-0.0909372380035221 0.03891552281749602
0.0947848379720979 -0.02509758661178329
-0.08660355968435281 -0.01180688570920525
-0.02242576230725193 0.0652190633474527
0.09042458797703781 -0.02650829180781595
-0.09702855873194076 -0.01950132524009726
0.083286281216536 0.05462871936503428
-0.0648429601540028 -0.0755644902506927
0.04434330273570805 0.08902709458414512
-0.01242301770121839 -0.09854362798456691
-0.02846776246464631 0.09516260837102523
0.05784863825788108 -0.07961707189015844
-0.06214546183241061 0.06813734925842209
0.01307437442504139 -0.08388388716840166
0.006664795452612064 0.09502281973170032
0.01196741022158893 -0.09817618341803078
-0.09595297804894935 -0.02646555682008359
0.09130472136988647 0.03943247763311683
-0.07951649162031407 -0.05706750435202992
0.05548612997302869 0.07975072074002738
-0.03713543108317086 -0.09167262404214722
0.03719987082293955 0.09160994910915311
-0.03691414792610407 -0.08431211524850682
0.01526800687224726 0.03174851737677589
0.01374559374673964 0.08408245671509482
0.008279923368880358 -0.09712980146562568
-0.04423385984426066 0.08787036922702554
0.06959256875721181 -0.07108094274404952
-0.0811362943234426 0.05760070368706859
0.09145848185918637 -0.03502059250252359
-0.09614233525615191 -0.01107496495083719
0.08495342920041185 0.05034324363082367
-0.07908008122437157 -0.05782502759881945
0.08746859911145936 0.03666067193544695
-0.09645192668030293 -0.004875153380785736
0.09826365518074691 0.009582818202314651
0.01278361877012477 -0.09630747814340376
-0.01772756119862347 0.09738438457493304
0.01452147100755053 -0.09445571507374663
-0.04315123221860032 0.06995030883543112
0.08851502287987147 -0.02656697454507453
-0.09053052055649564 0.03982198013761773
0.07185696168925683 -0.06577435527567056
-0.02067949459244438 0.08197022438432797
-0.08029352792946341 -0.02456436958328478
0.09472997963844078 -0.01305012478796456
-0.08900288221020089 -0.01434169532922104
0.07234651181880741 0.06183494379811411
-0.07082196571734148 -0.06928772391962013
0.07002173990571937 0.06609902683559483
-0.03230157610473851 -0.07534239431528289
-0.04757946703553693 0.07769710058767097
0.05383083880184997 -0.08275823470954188
-0.03166775351448759 0.09352986142112057
-0.001670081434983543 -0.09801935880974567
0.00717484370155258 0.09614115499552728
0.0772164515606389 -0.01176699029847707
-0.09480749707948351 -0.006157742595182748
0.09193365740824981 -0.03253656228742692
-0.04671498059343181 0.0630677344418472
-0.03695000138606464 0.05842311044698459
-0.02238517739077148 -0.09357361792795416
0.07609863966116967 0.06377292481523406
-0.09719665406124973 0.003003617820064758
0.04598484865313129 -0.08308068053250847
0.03894213634995278 0.08827617642569614
-0.06615449990630588 -0.04685438771076729
-0.05822569131401299 0.03568768246418645
0.06704346199274523 -0.06881607026419621
-0.03242644276555735 0.09251160538338163
-0.01483065067329461 -0.0801406538653137
-0.009802549649430517 -0.06216873805014597
0.0713446500787122 0.06329861426223253
-0.09723290288331997 -0.02062341002241893
0.09342313996323559 -0.03098123571912762
-0.06835839317396648 0.05949843739546207
0.03519981582578124 -0.06089038227437619
0.04180457876603361 -0.0696197297300436
0.0455628034571714 0.08666864743616602
-0.09632828022260072 -0.006341454636461027
0.01042066131814373 -0.08924967633826003
0.094823784998154 0.01335326589206469
-0.06160716709618433 0.07784075832945778
-0.02274731727838617 -0.09682635312074037
0.09212105185012255 0.03633580649457884
-0.07798691069879042 0.0604814592991063
-0.01469188630730636 -0.09392824813109488
0.08165720970489036 -0.01266685486251618
0.03433205186278367 0.08584918934070904
-0.09699213202310257 -0.01900013240938788
0.07270263133372989 -0.06419875589228577
0.04199673005572994 0.07903843115397659
-0.0853938103107952 0.0408830413879753
0.01518653198467362 -0.09789619234099056
0.06033514079761699 0.07868060760088183
-0.09484818665316069 -0.007218527691893872
0.09564207156041984 -0.006850600664983357
0.01960389519472182 0.09028392663438115
-0.09213411790060928 0.03204837440023357
-0.008628257307205889 -0.09903581736635921
0.09795373016180373 0.01414229738410767
-0.02997966753851702 0.09423044414769761
-0.08130665075409274 -0.05689859146926971
0.08831774078997408 -0.04474161181759748
-0.009350396313717672 0.09841427077675792
-0.08056017682016879 -0.0575910710929738
0.08653877750956582 -0.04795728227067829
0.0211165762125408 0.09581157397172227
-0.09758632691285313 0.008058909787089775
0.01660291610536221 -0.09769788658101676
0.08186534523511821 0.05625926669940532
-0.08286716714557674 0.05376376778223237
-0.0284950339251119 -0.09438213509166835
0.09876539947668338 0.007860497874030137
-0.05741825526701651 0.08073536122594405
-0.03933439470708893 -0.09021988865018681
0.04660277628468339 0.08690718887313009
-0.09377697181770078 0.0306961507143913
-0.02751796129143983 -0.09520808124861439
0.09758390612741957 -0.01902856875012456
0.00193546090638356 0.09941904676706699
-0.09787939175836431 -0.01681071943914576
0.03941945633297865 -0.09072673762807171
0.07061897752375886 0.06805132033990284
-0.09233221053323892 0.030482072445519
0.02069042167927604 -0.09511905540679906
0.07654300709686773 0.06129661720603754
-0.0849651451417734 0.05017309929392395
-0.0252004135113725 -0.09573767465479319
0.09900457989814415 0.0006363196288956668
-0.03240032858391407 0.0933461987356345
-0.07555123981576409 -0.06354569865954308
0.08537733339804891 -0.04950870418388485
0.016352135117345 0.09707851376766753
-0.09462706591980136 -0.02574369405428141
0.06489554947451003 -0.07354899601679467
-0.05455695095816566 0.08084616669382459
-0.0627579909115973 -0.07547902214131616
0.0856699231298018 -0.0492050887408435
0.03843747484034687 0.09124612990367283
-0.09551596242258664 0.02591121849343549
-0.01065926056774828 -0.09825667927991349
0.09811613782668452 0.008193530495030233
-0.03322226959552688 0.09178597273896433
-0.07196985830147844 -0.06386758648069377
0.09013269324304579 -0.03100182463589955
-0.01650468309521578 0.0945824545426466
-0.0811420433191169 -0.05324789785357101
0.07757979804363904 -0.05938426393220064
0.03343747249650025 0.09202341739031095
-0.09774538336195923 0.003501547950707991
0.0286305590765227 -0.0933732923391241
0.07839085035518652 0.05808461895498476
-0.08115143764194749 0.05369216228070581
-0.01906217171691298 -0.09497326386218907
0.09441178606429021 0.02146592371195979
