0.02601625341213237 -0.09602053023835375
0.07851292328912399 -0.06110348056526491
0.09951887741985127 -0.001776821811204139
0.08150356061805326 0.05726574260986393
0.03365818396714895 0.09381490577825245
-0.02606525498620424 0.09619609910914173
-0.07709381380951802 0.06309507878306696
-0.09946450555342946 0.005045691497243928
-0.08261303876295495 -0.05561170720643491
-0.03269119355885788 -0.09407265116216913
0.03013976479503514 -0.09492300046005402
0.08082707763135479 -0.05819420960160458
0.09961522615723556 0.0008970174515829705
0.08057513468730687 0.05865720670772226
0.03281514488320574 0.0941453342767912
-0.02626887920563644 0.09616237751663079
-0.07665192646917622 0.06365439155021871
-0.09934633703476255 0.006926216136671721
-0.08426219028677109 -0.05300326954824798
-0.03637496961076323 -0.09262220313416157
0.09191988916583876 0.03821710207852833
0.05029991013545407 0.08589688420771432
-0.01282735151732992 0.09874552590879568
-0.07017444252062954 0.07074369119226398
-0.0984958628393108 0.01552360594488182
-0.08916723500885149 -0.04463427185001605
-0.04593902748491054 -0.08844827144574886
0.01627494088044319 -0.09829966569610769
0.07250332917333278 -0.06834422344463946
0.09907553272635962 -0.01064475894855529
0.08565478829083525 0.05091925410419055
0.03836995321686636 0.09195942708786867
-0.02348609379427284 0.09684549067460435
-0.07540254321110645 0.06520593554571849
-0.09910288218714855 0.0110930759316261
-0.08850411102750662 -0.04593810594523136
-0.04760601511671933 -0.08757243319531184
0.01063483409071276 -0.09907284356017165
0.06563720863394484 -0.07493767456986529
0.09688657254204928 -0.02304503109090844
-0.05185746426015186 0.08516516001208926
-0.09242227634503951 0.03738107824576846
-0.09565042370995691 -0.02817603019795224
-0.05711647383252814 -0.08178577769325425
0.004285916619208764 -0.09971010309197099
0.06198913824646672 -0.07822096584888902
0.09610253746169671 -0.02674057065490174
0.09262316593810151 0.03699378838481097
0.05028583789800914 0.08615665723236428
-0.01282507657808105 0.09894936459595685
-0.06974070798604948 0.07136143609372296
-0.09850889891307359 0.01581590872714451
-0.08869919060217447 -0.04566408042616805
-0.04534442988320025 -0.0888796234600111
0.01280745566538937 -0.09898247042953699
0.06491507911833332 -0.07581447066050137
0.0957769833902931 -0.02795935742136794
0.09507137605875549 0.03021689619518675
0.06142263755898374 0.0786081514165234
0.006147856036434344 0.09956149126442228
-0.07332060018126951 -0.06774659119913162
-0.0203452392471507 -0.09772476707478719
0.04530419125298974 -0.08898333864068926
0.09191303882236032 -0.03903754487323974
0.09607855032039093 0.02706923263376936
0.06164632806247246 0.07845415238016328
0.004803261769422871 0.09962360622012309
-0.05690364053872266 0.081974393409836
-0.0957820374386758 0.02827452995858639
-0.09264148075513531 -0.03738505845753791
-0.0512901905788137 -0.08572696292644694
0.009264781128506469 -0.09946110295126417
0.06633704749821967 -0.07467654454616318
0.09762708945393506 -0.02110047472877142
0.09223453201715384 0.03832517101461785
0.05687685343206111 0.08209929946742377
0.004442129919655023 0.09975419712488225
-0.05119176369343051 0.08574462235506829
-0.09056607316692014 0.04212494599918293
-0.09860780536299353 -0.01582492614907081
0.08437913544757315 -0.05310463345176601
0.09967555604231881 0.002302810159394307
0.07686541739578559 0.06372038225254419
0.01575265293307045 0.09863849500075138
-0.05212713390407001 0.0849652462473945
-0.09225420738862473 0.03701857470651226
-0.09729901322209285 -0.0202760662669553
-0.06559617044777449 -0.07500629483598695
-0.002656314943911416 -0.09984775564212947
0.06156099897389915 -0.07871720828333528
0.09672991394856961 -0.02483247823020255
0.0931158211471575 0.03606062105716813
0.05457212448126701 0.08368965963574694
-0.006393286693058609 0.09972963512161877
-0.06343462651820546 0.07712659764044032
-0.09498979479890031 0.03055667695316982
-0.09722875190272161 -0.02243228481507165
-0.06967183597683713 -0.07156046765902307
-0.01671204480597674 -0.09852995706819304
0.04218509231171406 -0.09049550822531943
0.02193827382089475 0.09670646818817812
-0.03101425894885262 0.09405633363599067
-0.08120901518627213 0.05745672662734063
-0.09909218423702307 -0.01183235059974822
-0.06442746902787998 -0.07577017916777365
-0.00332375703319852 -0.09854221246306061
0.04812704060250391 -0.08580281131829717
0.08932572041985745 -0.04291831274522855
0.09650767748698572 0.02516345561785932
0.05636592400219382 0.08240107481219699
-0.007245416694110861 0.09930135381941087
-0.06242175156253373 0.07738440847741392
-0.09533019138847275 0.02905520244246149
-0.09364336500661181 -0.03474233886414282
-0.05314134298985528 -0.08440927826134981
0.002992924099957597 -0.09935625675825034
0.05125121208737166 -0.08511979784060457
0.08837405050525082 -0.04606297583787108
0.09899463699442351 0.01335265427770221
0.07192454743398523 0.06901966715891178
-0.09677285182815849 -0.0174182265018443
-0.07436058415868758 -0.06290556930127009
-0.03003872356142811 -0.09374176515548377
0.04104728059199222 -0.09065291125365017
0.09282540709023808 -0.0352303980619988
0.091406897348792 0.0344429838418277
0.05967012175864534 0.07564910005252014
0.01422906410340379 0.09680352606603151
-0.05255313490200222 0.08433108485842955
-0.09605361259796844 0.02653140887153758
-0.08990313620165875 -0.04144459622615466
-0.05078996611222227 -0.08414460441750253
-0.0001047314651923293 -0.0988484302200663
0.06075888473930029 -0.07897695850776527
0.09708854007805916 -0.02218365577197539
0.0905787244523918 0.03937521481370353
0.0596075804987853 0.07812763574792826
0.01541105691464351 0.09776481737406847
-0.04476498226531025 0.0890807343046606
-0.09006541962801744 0.04226544301337598
0.05635512829680786 -0.07966357061879788
0.0865214305055975 -0.03875194473768416
0.09637105449565281 0.003018219981174683
0.07202966586189838 0.06786263847058424
0.0005969194529801517 0.09919736723470576
-0.06740824645992209 0.06989127513770749
-0.0912611156676077 0.02053295364483659
-0.09403292121889881 -0.01745743378597206
-0.06309556842454368 -0.07596470113097713
0.007715847552635662 -0.0991453734858706
0.07166550344302149 -0.06736451105280723
0.09517137677618312 -0.01468315583484647
0.09262521984723471 0.02923392414512951
0.05660888919596767 0.08137710971176138
-0.01201000020423995 0.09872431740400171
-0.07102896469949985 0.06771165907157801
-0.09383510544525017 0.02178516549022119
-0.09568843824282582 -0.01886971849842515
-0.06761849423337904 -0.07269433053350821
-0.004465250782897659 -0.09924267953623753
0.04672692512138042 0.08530171274373111
-0.005760045008961817 0.09213513131430777
-0.03694293094862825 0.08600048894292822
-0.08782112308525979 0.04381071749607477
-0.09277326143954302 -0.0349922004786002
-0.03795750227006907 -0.08928614914924332
0.02043690383395371 -0.08906404548413049
0.04738886411069133 -0.0799434673531501
0.09182180105565717 -0.03413438997582033
0.08999204563011494 0.04190113146744843
0.03442851728021958 0.09169021044491703
-0.02501675726765515 0.09059393362191073
-0.05570894108286904 0.07621080360656587
-0.0941420800485622 0.02822739282672952
-0.08846589435165372 -0.04515599830397129
-0.03420294900098787 -0.09158015224176963
0.02040324500079193 -0.09189307334451667
0.05116101334680548 -0.08041581554828603
0.09182312036191409 -0.03596259273556508
0.09264514297232254 0.03560659431300947
-0.09735343550588789 0.004327209035988723
-0.07734630394466389 -0.0484000079096009
-0.06168515369655007 -0.06660578174647318
-0.008371057005536768 -0.0967953282248892
0.06649161608855714 -0.07347204675984803
0.0973775254438502 -0.001108405205889084
0.07204442049651849 0.05541032602844351
0.0553430974390664 0.07195631470845229
-4.160735665938835e-05 0.09717798502476399
-0.07122508462913418 0.06895593905266925
-0.09787024667650335 -0.003364024307170886
-0.07034105178171178 -0.06017528592484607
-0.04962302167084463 -0.07646239151049153
0.004003044997648536 -0.09705501137626701
0.07303381024366438 -0.06708918074687727
0.0976802590150984 0.004163286798388085
0.07247995601862836 0.05771989291092253
0.05287104363582932 0.0762520578274989
-0.00212419069723071 0.0977321523901796
-0.07049063606509748 0.06976441933428482
0.03866561823593959 -0.09004809718722029
0.07998016667244347 -0.04575696483461358
0.08583663787586031 -0.02349675591173279
0.09133605137529126 0.03007419928168245
0.04334317284581134 0.08898842572821286
-0.03516767114679525 0.09148773353457748
-0.08047125518461232 0.04495376755334818
-0.08758218175628654 0.02125666069409972
-0.08973728451717264 -0.03577709009393303
-0.03830734635820791 -0.09133810514101066
0.03990712782257089 -0.0897803352208494
0.0846083766546319 -0.0386267442664367
0.08770464592224823 -0.01176332872918797
0.08820242561188546 0.03729934601560937
0.03685124297326404 0.09183689538547833
-0.04116183386703591 0.08906948577008392
-0.08342036401773034 0.04043378764319242
-0.08955386968755125 0.01523085231076916
-0.08772913207176479 -0.04102391804668081
-0.03399731791161142 -0.09306210874918927
0.06572466942887638 0.07355029545076355
0.004594046716004309 0.09437201540899988
-0.0261260040928892 0.085396725449434
-0.06536111494520408 0.06935594172210982
-0.09861436899737849 0.006410009264441031
-0.07324285460678778 -0.06614710419123539
-0.01194756729324547 -0.09384988770507112
0.01981413551066168 -0.08924711538539196
0.06798990002383408 -0.06836363823644191
0.0989852667921218 -0.002002333506699904
0.06951320032258874 0.0700492096097774
0.002156251591783044 0.09473455500820581
-0.0355469571642717 0.08073997272283606
-0.06746989804586992 0.06587976340928529
-0.09864714308346025 0.001338563298193772
-0.06797714969115917 -0.07146277658469147
-0.002121824239244774 -0.09431380205095201
0.02919894957524012 -0.08562111610164537
0.07385745528252283 -0.06143122782690819
0.09862175603358553 0.00800152332977349
-0.0943401525755099 0.03048346861585633
-0.08988180569908386 -0.0360130182075944
-0.05828709391916227 -0.0716444871582972
-0.03188852488457093 -0.0895043427197436
0.0319557101381672 -0.09334910705018606
0.08812960663684029 -0.04559792114962322
0.09430940405075873 0.02294929651472968
0.07178518593046861 0.06112921627217961
0.03414462538193964 0.09049870695505965
-0.03489377436881484 0.0926851065465915
-0.09031910742016434 0.04074630908522208
-0.09098035230032574 -0.03226286788885618
-0.05572865910755283 -0.07187393584154321
-0.03127078256203004 -0.08826928718102858
0.03485856531447984 -0.09197526236111844
0.09139008920836571 -0.03826037270465665
0.08986250382295356 0.03526104105187918
0.0586169068562672 0.07151615217905954
0.02147013069476155 0.09322741746785734
-0.0481907368625008 0.08627027390623584
0.008120934818854987 -0.09913908417684346
0.0681667619304193 -0.07089252213060099
0.09321099127038089 -0.02186722563930439
0.09515546273612376 0.01305575735932602
0.07362905811479611 0.06570752266818951
0.0126179792536118 0.09874838634216045
-0.05428995645866475 0.08243576434065214
-0.08913586127918574 0.03839400306614696
-0.09727177034392288 -0.007717572774850045
-0.07310828848705422 -0.06701141143823494
-0.00778655091319722 -0.09910579397978887
0.06078088894496027 -0.07675431263360677
0.09079304651406463 -0.02572864027522436
0.09422879541643998 0.009308345512861752
0.0723273119667984 0.06655601950209701
0.004548578612321036 0.09926644573293399
-0.06550100278718819 0.07315395156535988
-0.09346312971194848 0.01968719598871547
-0.09318459493742519 -0.02411823366351801
-0.05898373402293474 -0.07927590110093434
0.08974333817999812 0.0433970407791457
0.04374755357574264 0.08908515072455506
-0.01328552165182223 0.0971254795726619
-0.05298447984803162 0.08215459870229311
-0.0891168448089389 0.04310643699869886
-0.09746183056180673 -0.02113308160111136
-0.06173811145871688 -0.07806575153214546
-0.004008510161096754 -0.09871065243293428
0.04711405279348081 -0.08674385883804871
0.08944149608393516 -0.04345556380137237
0.09643368487747402 0.02517303600612438
0.05537359290693753 0.08194402253153835
-0.004727916149739005 0.09699204391811533
-0.04738937215227611 0.08432379594901389
-0.0888365670007777 0.04277040708683533
-0.09537376442604679 -0.02858425132609704
-0.0492200340938416 -0.0861099214154883
0.0158626780056037 -0.09658764149451389
0.06291796405710759 -0.07475963493349261
0.09633988463076017 -0.02305705422622883
-0.0707993837646191 0.07038860477833146
-0.09874394093283761 0.01385860193152905
-0.08908567245309022 -0.04376273135783461
-0.05732568978540719 -0.0807948365153808
-0.00814645224210696 -0.09910049239408616
0.05140573138978686 -0.08557989967008979
0.09318007520260774 -0.03592128764011803
0.09591024546324919 0.02693657424723723
0.06468285423412103 0.07564820250803703
0.00952163010949625 0.09928164690875893
-0.0543591501419414 0.08374482781144267
-0.09499503574626275 0.02964070525372603
-0.0929589954553926 -0.03344215835626321
-0.06241874722893127 -0.07619878976298285
-0.008718657594773423 -0.09875251910631151
0.05723854721210741 -0.0816594985546656
0.09719038461234962 -0.02223114250140129
0.08837041083563761 0.04510970640007013
0.04673258374905399 0.08730258927888437
-0.01333014113803763 0.09857763779435727
-0.04644586572702927 -0.08845839012851722
0.01444638081580598 -0.09882653074464089
0.06750457723270084 -0.07342770032383883
0.09555246637009635 -0.02843816488757046
0.09659897355072369 0.02488643692914412
0.06595300257737274 0.07500645895933432
0.008241042048356255 0.09958926400995467
-0.05299439209667248 0.08466309306730313
-0.09227556292952051 0.03816608410375583
-0.09732493996236397 -0.02253074193023785
-0.06383782402779206 -0.07685965022919308
-0.002391640388188523 -0.09976139484306092
0.05811879138684626 -0.08084932784253369
0.09312078878322567 -0.03501512674538539
0.09672500187942146 0.02381735361097687
0.06138703909615348 0.07873661215811054
-0.00439848752671654 0.09979685816467858
-0.06724294909885503 0.07369556503319788
-0.09802142590445471 0.01814308296870985
-0.08982311959727429 -0.04346344883205416
0.09721687063611846 -0.02286748871495365
0.09223734470082345 0.0382351652516399
0.05422637758672724 0.08381171795140471
0.0008171170573841633 0.09984549404642952
-0.05199766482912322 0.0852488371711036
-0.09049285637256012 0.04220847856414424
-0.09813779793825288 -0.0184503900055716
-0.06790274796011893 -0.07321379887139319
-0.01148677646962388 -0.09919929889773084
0.04914358829555426 -0.08694909233032896
0.09141086847579047 -0.04022212141381024
0.09698819597506339 0.02364117523236019
0.06333726632977922 0.07711843181067278
0.007477362218603222 0.09954218091883703
-0.05070634214632605 0.08600902051562374
-0.09222525519844252 0.03832765979671839
-0.09585461731815464 -0.02808743295450935
-0.05648930359251308 -0.0823394373125831
0.006181792719344532 -0.09964349867215826
0.06481383892955632 -0.07595434242439593
0.002757766491100603 0.09968608331932916
-0.05634050251475259 0.08226992990844366
-0.0934418901673942 0.03484584729559288
-0.09712302356524539 -0.02286968499033572
-0.06915691399133818 -0.07195721496719021
-0.01766722208896526 -0.09819411440479413
0.04212770922795992 -0.09040496529689609
0.08741533586245519 -0.04800486216214016
0.09883047479815758 0.01341903137537557
0.07150870123408269 0.06954272157149526
0.0158158585980483 0.09848406289536023
-0.04655541691954455 0.08820597455247664
-0.09002249031839256 0.04298122907451045
-0.09826853780614396 -0.01751041806492984
-0.07043634365080004 -0.07076318810027872
-0.01544367615822275 -0.09861281444205758
0.04769276756139395 -0.08764114317748817
0.09164743213399923 -0.0393703676575571
0.09648277305524629 0.02523936878019614
0.06154931737228532 0.07846420442788737
-0.09868971166273696 -0.01312280270457426
-0.07153978318867212 -0.06924202971388331
-0.01728211545540274 -0.09808651764636993
0.04196050101193752 -0.09039953014835679
0.08539563750635752 -0.05147003745100786
0.09954157995708311 0.005386857766030014
0.07821333569939937 0.06173737956539011
0.02669551996331893 0.09597646350797624
-0.03584114889716475 0.09294813358208817
-0.08428698807754416 0.05311277947747332
-0.09932223213172527 -0.007800379667014504
-0.0749657607581711 -0.06562581661493076
-0.02138879051327641 -0.09733751149720861
0.03938708186918932 -0.09160722646935288
0.08482032524497443 -0.05249649148446273
0.09954446791235141 0.005995783156478985
0.0767958903149117 0.06353278177161077
0.02313708519447125 0.09689657043139105
-0.04015050418422858 0.09113398339383956
-0.08693681556402592 0.0485302514718593
