1.055380940029938097
-0.9129723592045269065
-0.3465226953411795763
0.05599616531037037576
-0.6531779575662343129
-1.401903635371117618
-1.755807727518137185
-0.999384774719567659
0.3923935467047233727
6.268803658785553345
-1.102629769951902983
1.243384405041781493
3.278806989759997848
1.045571504270957686
3.580106308843391094
6.183531205798007413
8.041833669504818261
4.11497927724531376
-2.989996669025555498
4.407522072005622071
-0.08527245298754637659
7.171200970393421414
-3.926854392259511606
3.470194003978781971
-3.634311597499204627
3.593908933448914489
7.390263807572305055
-3.701006966414642552
3.926517525786775042
-3.577292036944512699
3.716842180533483475
6.801182665725541199
-3.463746281785532677
1.739785504667650473
-3.673421627038832682
0.8961235495806942897
6.648705800769103114
-5.061397161057891836
-0.5212568678799618382
3.37867991627465214
0.02286919267035804684
-5.90505911614486223
6.321165455695109792
3.186245330183678615
-3.270025884494455415
4.59335558175519143
-6.625836608098764735
0.4709520283187922374
6.383987567893588455
4.87031118954833353
-3.134920125511440059
0.7542657487432607999
3.227856650477002542
-1.727809873939919472
6.237461421247087578
3.234856555811620904
-1.513676378345256479
3.876822035385667942
-3.156130917416593906
6.539807029324859577
-3.002604865435463566
3.144493390661873278
3.217308203436339831
-2.36063938586142319
6.969566914044555972
-3.395313638662985856
3.455136519322893118
-3.322498825888531737
1.672122242851402873
6.733123223567083926
3.440928926403318489
-3.514430394721653084
-5.297444671193157539
3.301869193444562089
-0.7294672023605176525
7.040382965431038365
-3.292194297163764549
3.354777464612841875
3.437038884014735451
-3.431254030122533383
7.650271751165688805
3.83823719739985858
-3.685605500818193381
3.800222052938209583
-3.603344081416302913
6.74484328578715342
3.538168339133576978
-3.812034553765833778
-3.850049698227483663
3.179032326262203778
2.965200002166805682
-3.206674946653575997
0.7094747938305963064
1.718050402326755544
-1.353655404996896072
-3.565810959524949197
0.6517395891979942402
-0.1198367336175334141
-2.255725208336209153
-0.03988631807092830189
-1.247149599840050138
-1.63532138665438298
-0.7715763228155276821
-0.6916259072689224796
-0.01906388809653852823
0.8637450638388551871
0.5574460850003283285
0.9436954793854605006
0.1576154806161589317
5.725599142485350512
0.5765099730968669123
2.835040489027454758
5.737561940002564143
0.1766793687126974877
2.222932442248076956
7.844153785737334239
3.0340581521015757
0.01196279751721328333
-3.502666700237271336
4.245749816764161189
6.903512620926541388
-4.810095633635756762
-0.459359879875304522
3.642012401039594227
3.592616062941844213
-3.598403968973175271
7.693361808887979159
-3.261500219886971141
3.744059485842877066
-3.310896557984726485
0.3900218234993330091
7.064894321552046996
-3.949302323045126517
0.5171869306983961634
6.262295579141506252
0.4084304958460329704
-7.303339985388670463
7.065764316295609859
0.8025886453778664498
-6.54770739085367115
-0.8025987424105539558
6.548516185707144999
7.696082585794382425
-6.263175670917756399
-0.4086816959896676371
7.305004910734546719
3.950869551148477488
-0.5172481305884859548
6.886664270437234947
3.306434978556558768
-0.3910776750598606299
3.260815265733123081
-3.745213034645929806
7.845655406964064049
-3.580229291880705489
3.559652687927759462
4.884143775899588036
0.4956764668936017859
-3.625849004704135847
7.333813146782963699
3.926513569330781106
-4.286002719036304143
-2.961511631064475569
0.5306206077279199684
1.55247500926722104
1.81452587698290202
-3.407299577452182593
0.427474280403988216
-1.400678744558508271
-6.803192539055043397
-2.093452096833972043
-1.618150078686417137
0.2620508677156812016
-1.184061623291780885
-1.125000728863232657
0.7382790583974148113
0.4753020181475546835
0.9093904735421910468
2.938093363355038345
-0.2629770402498601278
1.507579405756522162
0.17111141514477618
2.156942970316009234
6.751136568454579212
-1.430513957598516184
1.316299388221462419
3.572070611416692909
3.207995550036236487
-0.7811503930390288897
7.649247261933765252
3.851219068599045059
-3.179065957037886303
-3.543141018418342725
3.81157258893759332
7.037833188753785052
-3.798028193334724634
3.602153484009071427
-3.837674672996175484
3.684254273823418302
6.730769723845478225
-3.435679704744714069
3.429830418732458863
3.291042710124732817
-3.353578914930364085
6.967972761115505342
5.296070476164028484
-3.300939305113030464
0.7291184122113529842
-3.439727013720744075
3.513671651614099112
6.538365441981644821
3.321723398345381995
-1.671902284951481077
3.394616897805982525
-3.454301109501395572
6.236154283898774686
-3.216642043636275261
2.360081565845413287
3.002082544636513362
-3.143748544175662296
6.382703426066173691
-3.876072718053364952
3.155446770269816348
-3.23407173926225866
1.513428991518669608
6.320237065054643999
-3.227256655796364448
1.727743316240428983
-4.869274434547504526
3.134026530346825545
-0.7541890809650352301
6.649396630058524771
-4.592493748814215238
6.626587767647968086
-0.4707736590546585109
-3.186210534707827335
3.270230338403866455
6.804781442390617663
-0.02280886241057684255
5.907695492838548113
5.064042852244395654
0.5216446359939389543
-3.379166291654662757
7.396630272514213011
3.675974764035990106
-0.8970859495520848714
3.466582498902796683
-1.740738590146223563
7.178480789496954451
3.58122637010914513
-3.720655508478233564
3.704789628371997878
-3.930047773611418993
8.038765945056868034
3.63690601361962651
-3.59725441938781465
3.928670368658826462
-3.473691161124959237
6.217138575126997857
-4.401859931437251738
0.06780405842208073186
-4.110095576398049566
2.958143077249987929
-1.688112328575663845
-0.949295960958281726
-2.750410157669961553
-6.149334516704917597
1.917958349940235507
-0.8936301963193863385
-3.258995497877010372
1.709809643108640476
1.560339006283168128
0.7388163676173822303
2.229819683964363364
3.606070678515899353
1.080076596095424168
-0.149470636825472375
0.5200100408557225551
0.4297972304088138462
-1.229547232920896516
-0.6275373132293424749
-0.5600665552397015023
0.1911877705439162245
6.748428405935834817
-1.057334543638156266
0.3102237451028925785
3.346620340024341278
-0.238609459864897594
3.297574739934960419
6.891986056714490161
-3.401808065911493539
3.488527281821045545
-3.450853666000874842
3.429562835082840433
6.966922811142170602
3.440014037032849359
-3.403458774893441952
3.789755607090103062
-3.462423221631649284
7.072134373926226125
-3.526908774109331013
3.529645901800385843
-3.177167204052071092
3.38635900008673385
7.580064863031577893
-3.542488472125815413
3.751591745386870791
3.801791285173716339
-3.685775373839519364
7.5815680951456903
3.778507342118498258
-3.828473117644714652
-3.778273577857854892
3.829060917909430817
7.076419598240843101
-3.803060753027185381
3.687025376240254726
3.544410150129048809
-3.752507177236266589
6.974348074307797241
3.180464684246127938
-3.389394222000615464
3.530020586733755295
-3.532009448111769423
6.899251083699732057
-3.793883390061671967
3.467282407439190361
-3.444327487574051272
3.406706824499995179
6.750026286041529211
3.454838577698956303
-3.431968676260540807
3.401214970061242404
-3.492544259199733769
0.4639533869375759845
0.3432942812378428354
-3.295187708342573796
1.014944192103743648
-0.316750511094737397
-3.348811315980286807
0.5664496638633472747
-0.1206591056997331213
0.9689685245148973447
0.5509908051661676076
-2.728721999724908809
-2.135888474718675489
0
0
0
0
0
0
0
0
0
0
0
0
0
0
0
0
0
0
-0.08725024715106510786
-0.4204549245671257984
4.966226050829375183
-4.345439597127220388
2.258763927842619257
0
0
-0.3539040921470196777
-0.6871087695630804237
-0.3332046774160606906
2.346014174993684254
-3.92498467256009409
-3.638481989580416798
0
0
0
0
0
0
-0.623286962548315171
-0.5136424621525987888
5.036253682449419067
-5.626927784995576332
2.12352638327166332
0
0
1.77055644600638229
1.880200946402098561
0.1096445003957163544
2.74681334581997838
-5.113285322842977543
-5.221825454435085057
0
0
0
0
0
0
1.318286466570539384
-2.835970502166332174
-0.4828277301411408873
0
0
0
0.6020099196915541517
-0.8215226386657860091
-1.423532558357339939
1.3675582887410489
-1.80111419671168016
4.866164982865432975
-0.9142619083370618904
3.212817648891320488
-0.9269552839968595581
-7.382305382326846299
-6.58726404725179826
3.990945706562295303
0.667629491084355764
-6.787083670593503371
0
-6.067230958540026364
0
-3.323316215477939206
0.5928335250062332085
0
0
-3.090236961544708727
0
0
4.474898858763970644
2.834379844014767169
-0.1877155105695989812
-0.5134794221748595344
-4.523171354599626603
-4.320417547886175491
3.626195903969084533
0
5.897111671025133006
3.376713530590739865
5.540124984828440624
0.8627849253000376972
-2.967034445579934676
-5.775698287551393584
0
0
1.472212184059128015
-3.373949796408660884
4.276917248374008551
0
-2.959863677674388516
0
0.01649524518278416146
4.436057296726742649
2.111269477710548959
-3.95892250871098561
-3.406351593333010186
-4.09503276636273128
2.874783546477839735
0
-4.358419358833819146
4.237556497847599246
-2.435968901369876427
2.569161556747010966
5.943971441355380136
6.531614585197614176
-3.814206204366931363
1.206134342432146678
6.432936408002331241
3.621029403731089058
-2.707462122986755482
-0.6720395382685389052
1.760987613611975089
0.2865026829796774588
-6.588337095831711565
0
-5.183191341851759226
0.5560165985030705027
7.374652274472779823
4.928348641896087123
-5.118170106987459889
-3.244178714958524168
-2.860296823907137576
-3.372194809352667022
2.845251472120053027
-3.251774819531245253
0
6.185961648436185456
6.37332894965440655
3.931479605317365067
-2.912727299177755746
-0.656956075982525145
2.228427388447471014
-0.1085401315921073195
-8.32105641995919143
0
-5.927448385714980006
1.422256653457189213
8.386425212877339774
-3.130390120169488366
-3.655848953098033594
5.601577576860685248
3.769371277234701001
-0.3212940305285368892
-0.9027315373751424454
-4.542184195905838884
-5.667295001109113883
-2.374778534192574675
3.579148050649864299
5.793438700157357069
2.353142772025191398
0
-3.434567649896816732
-1.045781587009764646
-3.398924359034956044
-3.34096038918512539
-0.3045637942636765794
6.880474630007413772
0
4.711875054364312199
-0.0703815744038177038
5.208765168424688952
-0.4642369704900241589
-4.121760690157484142
-7.454713161677858579
3.916149740484172526
-7.350202892899411644
0.1045102687784466022
0.7198527120534777834
-3.006730557185241182
-8.787157448387720393
-7.419332429439601029
2.258530515930587512
0
0
2.902521450975109385
0
0
0
0
0
-1.640519014749202142
2.710216739011261478
0
2.912970545724715254
-4.009691932424763294
0.09168034849013269316
7.097240054219992267
4.139675326143941625
-5.330651910856190945
0.2286281558071331099
3.067798098886544977
5.177701207271955042
1.234972796470609868
-4.085703776313344804
-0.1058909753495292511
2.753502190385813453
-3.691922606094473203
6.375514108644636302
0.7047080099156582955
-2.807446471347474937
0.01273320211046622026
3.333230965832666204
-3.582650294309047467
4.540022524950860117
0.6772954672451048097
-2.130576318521979928
-1.64430214269134356
5.968756764217608257
-5.718398261458024656
-2.857091628415447726
1.479524309813280203
5.640083629907189255
7.273133272648975023
4.41956205154394155
7.261165797500860997
-6.569858906246754948
-3.975417753893748962
0.1742355820604499228
5.976979606886261287
-3.884839431547172151
-5.661200026445659006
-4.330845167856509192
2.799455048813717983
-2.811907004271243515
4.157909308569324836
-7.104975946270870146
7.39704839623829713
-4.594394648910792966
-1.35525556124180202
6.27226893095962712
7.143341263751175063
0.02307231076048570084
2.891962532913330275
-3.231621697541048999
6.969816312840570127
-1.860041790119114413
-0.2633865924710875328
3.239139087668976735
1.36277295136975507
-1.660342781731104722
-4.229308021461228861
-2.138575530324664964
2.866554927792202889
2.879797511446854141
4.548940357783616051
2.035422584718216577
-6.874839778811387525
-6.886807253959497999
0
0
0
0
0
0
7.139881979808474277
4.372332043393009293
-3.800195313461587343
-3.697512653616438882
-2.441849344337042815
3.775596937135673237
-7.030285025636931806
7.400181677343797837
-5.316574348403229067
-1.691989608195095363
5.101989179946246011
5.173520515282078236
6.264718855079834725
-1.975864172087097304
6.217446281472718717
-1.703052216869893831
0.1204199898214219355
3.624584740208126821
3.340710176316131097
2.25577122319523049
-8.212516288367085693
0
0
0
0
0
0
0
1.823472206691315822
7.230231365830509738
-0.003929067176945308729
-7.305810945764329212
-4.552646773626666921
4.179320923403495591
5.803684649230142156
4.013010308272480842
-0.9492685170872262601
-4.566429472661033273
-3.269420335483051776
2.084301435521718648
-6.571428551088985159
-0.02265881570122576724
7.028150755879747358
-3.639452658530685891
4.481879588024995087
0
0
0
0
0
0
-7.234160433007447821
-0.2660628064103641166
2.080877926972282133
4.469663989859332887
-3.050910442427015923
3.036396594921448866
0
7.185038424271089852
6.890335347732539084
6.54876973538774898
-0.2947030765385502682
2.931975892558302821
-2.168599575643104238
-6.970746992586891011
5.279146742828491057
-6.955359321124977789
6.64697176177660598
-4.051379115753648286
-6.835062486523998615
0.01538767146189182373
-3.6854531511032258
2.919367876833256492
-7.523842698218048852
0
-3.726583269238723073
0
-5.379930603212838669
0
0
0
0
0
0
-5.780426891202484541
-1.65334733397411382
1.367825018948116034
-5.67300213891473426
0
0
0
0
0
0
-4.139772932888179824
-3.022095354584366067
4.3507357537604614
4.101372280914881152
0.2027538067134508903
7.005559705729853981
-2.957564728076052862
2.43667312435213379
4.466489253743563204
-3.550993150396361209
-2.569330994515838906
2.860326667698886105
7.558048975434028094
3.285162980412282163
6.147098256097336844
2.859393165735322651
-4.748532934156878049
-3.586031630744938248
-3.287705090362014193
6.850450157985883415
3.14960933542077326
3.050463888399444823
4.212965191811406385
-4.954767426660358964
-1.065581552405650223
-5.506446188498996364
1.244981721861997181
-2.994039670410022058
5.097441326558467267
3.62201191825881974
6.437314425782787453
1.162501303411948239
-4.116045440805077504
0.8844761347470267987
3.320497763722189521
5.576723609481692101
-4.993625683296876616
-3.595383496419495284
-4.495230035712481254
-2.239004189952960022
4.792515298370240373
5.39398997147260939
-3.288438476594317095
1.216223043745555454
3.659972199399469606
5.058214386276890906
1.945389853120496504
-0.9069798645532460846
-3.845839242079922116
2.256225845759506132
1.206791559118177037
7.031519488323183076
1.398242186877401982
-4.566952063952680163
-3.112824533156423712
1.452073975787097293
-1.38832732102556955
-5.741852619960027937
-1.871668506354200456
2.733392768734006051
4.217647878708146614
1.405145753979951895
-2.853571221105037026
-0.01196747514811560484
0.005862035168691053996
7.495948164436188499
-7.601118424594543121
5.802744024825760683
-4.059075013607573723
7.627524492201417594
5.203531786453202024
0.8710723327915186331
2.634566546723112079
-2.568965239730120143
4.540140293177931774
1.76349421393162209
3.854226705068224401
-0.9995517142177410275
-4.251378730837863884
6.460668282535633189
-3.895539716297150346
0.004397067857484178444
-2.226396869960431513
3.74068371281957468
0
0
1.596655197648026769
2.393608034244214533
-2.767549936415464984
6.865510123477172932
0
-2.714854338082991703
-5.161157970659683514
-2.446303632576692255
0
0
0
0
0
0
0
0
0
0
0
0
0
-7.301881878587384023
2.753164172137681387
-2.872671289819309415
-4.573060713588092518
7.05080957158095778
-6.843472811926290866
7.056554675909725738
0.005745104328768155938
7.299825321841458603
-2.54627116785476737
4.123657074871952766
0
0
0
0
0
0
2.346940733382648414
-2.784847636016654082
-4.617053935642638329
2.388786062887052086
-5.100575468201409279
-1.125110805203274777
3.975464662998135168
0
0
3.292516466916538764
0
0
0
0
0
0
0
0
0
0
8.168217234349931744
0
0
0
0
0
2.029781807253614456
5.939994166403201881
0
0
-2.277726745995990232
-7.336077792850366208
0
2.815302507523968156
4.064885007653781912
-0.9934660392005818519
-5.67080609872897945
0
0
5.394237852428241276
2.270915767056035595
5.55928006666330532
2.02981612939148448
-3.12332208537221101
1.244948134542853024
2.839169943079373759
3.820832098959789924
-3.529463937271770657
2.10990310838537054
0.9816621558804694558
6.411319818095266854
-5.018351922600553294
-0.7169352128905801536
5.44491365467313404
-4.010462242944449862
3.239487876698439628
4.301416709709935837
1.007889679656115201
-3.942728410801350947
-7.350296036231542374
5.85449397492810597
4.697722307735160641
6.16184886756367689
8.035840259592582413
3.338117951857403121
-4.27288599502173394
3.440800611702501843
1.873991392028928837
2.257873283080332527
-2.205425777974701074
0
0
0
0
0
0
0.1026826598451199557
-4.463299061055042039
0
0
0
0
0
0
-8.675557058406592859
0
-4.95061809045746859
7.24995011964288949
0
0
0
0
0
3.724938967949125157
-4.948906990862416144
0
-1.595737604834834178
0
0
0
0
0
0
0
0
0
0
0
0
0
0
0
-5.320676572783957781
3.889185874254699637
-0.5516787618386285175
-6.456271214678141135
-2.719984569716059841
4.954999972036788769
0.6014746731023424831
-4.353525298934441956
4.121720089759557837
3.870184113605845688
-4.177766927727055268
-0.2039120051608027673
7.613058906908934276
-4.07409611876666311
6.089316385062341297
-2.336727891527659029
2.167933628812237057
-6.199454949233419221
6.141788551378519756
2.398833566203211198
-3.394749884918542904
4.504661520339888092
-3.862727057705757971
3.973854922566271153
-4.846161980467786456
-2.807871785767097617
2.804705064314877649
3.140817792966372313
-1.523742521846588982
4.437826930144360027
-0.3286731343104263292
-3.742954985175309446
2.861306633042577818
2.345063333997957855
4.871671648240863739
-4.608895436336083229
-4.613365425673486619
0
2.795232580225966323
2.526608314242889008
-6.953958770334025097
-5.791229095200427501
4.564898508943543654
2.038290194700670632
-2.076439068014899192
0.414086118734273867
1.16272967513358827
-7.07785335203334931
-0.004469989337400403356
4.030057717324392108
1.091198339797744943
-2.938859377526649386
5.920359025812303777
3.251744072154048482
-3.845617354548574784
2.303198070238507533
-2.361362244574451541
0
-4.258716975084993805
-6.583504794101188828
0
0
0
0
-2.324787819016194579
0
0
0
0
0
7.490086129267460535
-7.606980459763223124
2.594441152353016644
-1.693204139610432701
2.090732491136590099
5.005130458116888725
-4.853778419285977641
-1.37823730299705427
-3.292570193806893197
6.525201626842116021
-1.610184763815420084
4.356895818964649614
6.087603061417178552
0.6698828346436913606
1.682385429991434478
3.962453028450597881
-2.16830580787745264
-0.4375985654249617829
2.512406518089000063
2.868890222152863156
2.22425577334776392
0
-3.254694008301545427
-3.251827016620134181
-3.896461465425237858
3.475541116288928922
-0.6446344488051016786
0
0
0
0
0
0
0
0
3.899936784154624192
1.669142846336734598
-5.625835461957010786
-0.5254588329285305726
-1.790674340957647104
3.309702288070861975
0
0
-3.719383213708430613
6.644257210640362565
-4.962278825359699219
5.100376629028494868
-1.700389423768801977
-2.668614953658256184
-3.617160955573803349
3.26188940159088947
3.33455492256949837
-7.09736142670262371
5.930504355249140325
7.29408021751268798
3.542043410986980501
-3.176168246969548026
6.669928242726766321
2.214290649507479891
0
0
0
0
0
0
-4.090665307763237557
-5.557091053379373591
3.910212359149580763
4.70525369422461992
1.047729974557121135
-4.307508553249612682
6.604821027936494282
1.249582500129787332
7.713686606724231787
0
0
0
0
0
0
0
0
0
0
0
0
0
0
0
0
0
0
0
0
0
0
0
0
-6.455350098329987851
0
0
0
0.7950413350750464847
0
0
0
0
0
0
0
0
0
0
0
0
0
0
0
0
0
0
0
0
0
-3.657523719667479245
0
0
0
-1.015100833887530696
-3.535498974321923615
0
3.353169386027575971
-2.520398140434393142
4.368270219915105557
0
0
0
0
0
0
0
0
0
0
0
0
0
0
0
0
0
0
0
0
0
0
0
0
0
0
0
0
0
7.07338336269595036
1.484255109974123243
-4.664560314812960407
1.29700913717798616
-5.517621071043559589
-1.81752848283679791
3.022687724504726337
0.8422659877208353851
-1.439779279747081198
-4.995053040909370523
-4.287645291963504413
0.5525709153779961857
4.840216207341523358
-3.177524558072557515
5.967080582780022624
-2.073249180521973045
-3.430758793951401042
5.841908168372264676
3.217315344366094454
0
0
-4.23902139227203989
3.534794715079670357
3.852459604696472528
-1.898461950897955886
0
0
0
0
0
0
0
0
0
-1.115842282077365244
4.237879488927418059
0
0
-5.882342346532155375
-6.718211657956584482
-1.776360594898445333
-1.056305075091199974
3.885545987966974035
5.215900846556136727
-5.51194266831053703
1.273932667743253644
-2.442192154904768486
4.941851063058155802
-4.455637593219311299
1.330354858589162914
0
0
0
0
0
0
-3.941968178812885526
7.130300216670252489
3.069750513405768544
0
0
0
0
-3.716124822648021908
0
0
0
-5.05835104685437198
0
0
0
0
0
0
0
0
0
0
0
0
0
0
0
-5.793583451121755878
0
6.604261618217887708
0
0
0
0
0
0
-2.180421736783892506
2.950005083513973059
-5.417720226773500514
-1.35750961342942511
5.290564524888067055
2.340559441374083338
0.5876431438422358156
4.647853757186314105
0
0
-4.737837098923233903
0
4.060210613344076513
0
-2.282045267467917249
0
0
0
0
0
0
0
0
-3.555273761162290658
0
0
0
0
0
0
0
0
0
0
5.020340546799078041
5.353721771004781083
-4.766500064454787911
0
0
0
0
0
0
0
0
0
0
0
0
0
0
0
0
0
0
0
0
0
-4.67734005952840004
0
0
-3.829819370879969931
-3.512154481263152661
-2.808663841971457575
0.3176648896168102754
-5.433256665977627797
-2.624592824006170222
0
0
0
0
0
0
0
0
0
0
0
0
0
0
0
0
0
0
0
0
0
0
0
0
0
0
0
0
0
0
0
0
0
0
0
0
0
0
0
0
0
0
0
0
0
0
0
2.490525186749175557
0
0
0
0
0
0
0
0
0
0
0
0
0
0
0
0
0
0
0
0
0
0
0
0
0
0
0
0
0
0
4.336615938228727707
0
0
0
0
0
0
0
0
0
0
0
0
0
0
0
0
0
0
0
0
0
0
0
0
0
0
0
0
0
0
0
0
0
0
0
0
0
0
0
0
0
0
0
0
0
0
0
0
0
0
0
0
0
0
0
0
0
0
0
0
0
0
0
0
0
0
0
0
0
0
0
0
0
0
0
0
0
0
0
0
0
0
0
0
0
0
0
0
0
0
0
0
0
0
0
0
0
0
0
0
0
0
0
0
0
0
0
0
0
0
0
0
0
0
0
0
0
0
0
0
0
0
0
0
0
0
0
0
0
0
0
0
4.160559320093908831
0
0
0
0
0
0
0
0
0
0
0
0
0
0
0
0
0
0
0
0
0
0
2.555048833922058282
1.985831555171233109
0
0
0
0
0
0
0
0
0
0
0
0
0
0
0
0
0
0
1.021792061318592904
0.396795392550674253
-4.848167852396190192
4.222785408418968878
-1.789796484941028609
0
0
1.376250994551536433
0.7512543257836178379
-0.624996668767918595
-2.811588546259621513
3.825990015868295124
3.536184199799857986
0
0
0
0
0
0
0.9655279470973699985
1.386711230097190217
-4.973400945821427221
4.652498799421661779
-2.10617786022628195
0
0
-1.207263281769121788
-0.7860799987693015689
0.4211832829998202743
-3.071705807323651616
3.265787569324471562
2.046253073535379663
0
0
0
0
0
0
-1.654451335815454005
2.774631933030917708
0.8800834687569791814
0
0
0
-0.4179777193487297371
1.391778321424291143
1.80975604077302088
-1.331694703198480934
2.534534804572433409
-4.866653869333853244
0.9144511241865004303
-3.242982613790317714
0.919995238251756553
7.380181222281014364
6.585512718619374262
-4.08346120564404913
-0.663532541319608038
6.79446146447147914
0
6.072113259289717568
0
3.419928664324440426
-0.569217278750825284
0
0
4.8094944116151499
0
0
-5.778023096119910385
-4.085151621673790423
-0.5930193828813865586
0.5130161134754770424
4.5371320285373411
4.322651435755359373
-3.630571367741449063
0
-5.902982103080038456
-3.38068454410507746
-5.540736959306014064
-0.8636014467336493583
2.966377227753996593
5.770873636733409917
0
0
-1.472067380232867428
3.374944022999509574
-4.278632193122401617
0
2.960656838432850435
0
-0.01636034788141537896
-4.430068796558818356
-2.11625935504067586
3.954236626785281761
3.401426346268284995
4.090396532204779945
-2.858409275404078187
0
4.201166495636485365
-4.220481574640027489
2.43662307157513558
-2.571447665304145591
-5.947225142674937182
-6.535270488253870802
3.81549281890548686
-1.205989185946902298
-6.375232587750500279
-3.585627287131770036
3.058371367455162027
0.6930060658975381038
-1.904593427017564844
-0.2898058160684369167
6.579573544774421023
0
5.177196162862994555
-0.5633698187084882347
-6.777615274291863834
-4.884326450867511937
5.113236288820051101
3.240207585722483685
2.886432975361920672
3.371838426251471343
-2.84871142619080997
3.244589984192082888
0
-6.191265660149727346
-6.37401449342259685
-3.931515883902459763
2.867223085595145715
0.6550675310670924789
-2.225373728388787775
-1.219534495789091899
6.528882021212344178
0
5.610433634053429763
-1.421569907077880224
-8.392390343396389341
3.125548693614411899
3.650058154650657638
-5.597275398912982425
-3.7705098634114802
0.3217629759375570386
0.9038719312488719959
4.546647477303032758
5.674955495283655615
2.382189035645347897
-3.581444762223185307
-5.797253091273366188
-1.894548464273938748
0
3.086616022734145481
0.7088764326806776817
2.603424896954616319
3.337959528350321836
0.3058987234647721487
-6.884004112585833113
0
-4.71329251190613796
0.07017400314253338656
-5.207023640255289187
0.4640379541775608296
4.120520458079076853
7.457994005791086067
-3.989145943075265155
7.354713607355937377
-0.1032803984351484128
-0.7223482051817613492
3.004967536521393701
8.786072530041733941
7.418648548384439323
-1.828153024962496209
0
0
-5.402513794496536015
0
0
0
0
0
1.692871474446118851
-2.695595834559879833
0
-2.910076427341864225
4.024115915061860171
-0.0974095565358770038
-7.103437856914941229
-4.143587481216923329
5.331810854735714145
-0.2287917346424808984
-3.068205095822321482
-5.178121394041023784
-1.23500536006674233
4.086587411942504744
0.1056066895895023949
-2.753193297613994339
3.691088919787322009
-6.374572997662697915
-0.7039391621256639864
2.807689442540698188
-0.01269220879805354509
-3.333915522232254514
3.583400696234452454
-4.540954954904464103
-0.6773329747232280651
2.130970821860169728
1.643043128744057002
-5.971625696687872242
5.71588922182558079
2.853775136049446992
-1.575142200879696031
-5.645621794688775452
-7.263215968962613012
-4.413708448677386542
-7.252178828721751458
6.563526204138816489
3.970596974666676271
-0.1744462053420547387
-5.975691441291753669
3.884644487249625744
5.661244931428874416
4.330769671831350642
-2.799128850674797331
2.789605300618731576
-4.159200506990123891
7.068238653648038827
-7.402361529783789251
4.600491006388597093
1.357329983594913969
-6.277507418388514004
-7.149119981867787743
-0.01668861214470434423
-2.897433802164774974
3.238418707152663334
-6.948805807608858132
1.681033860114205192
0.1107699634317054205
-3.243161022793668913
-1.362072299235944861
1.660987861014923572
4.231961978663142609
2.140500780983545681
-2.867569955895715506
-2.881410355235561216
-4.550805514289794296
-2.365365301557623923
6.869379360842857274
6.880416501083716163
0
0
0
0
0
0
-7.19102003191502881
-4.320956632159016486
3.803577404430964926
3.700918381484080033
2.442498609520137975
-3.778051242922138897
7.02908202448968833
-7.403566134354514716
5.31816136419908414
1.692646472766699661
-5.104394664788054925
-5.175646441370568951
-6.267463697350353691
1.975607130240167653
-6.220549852442279537
1.706142155513671987
-0.1272484420593885668
-3.625514891432377595
-3.342554233958916488
-2.212155554528053347
7.7484165170014343
0
0
0
0
0
0
0
-1.833390597573060665
-7.224499936732876826
0.003720594215256706368
7.29785481169325756
4.547118600692281021
-4.175705491835102201
-5.800598617569961313
-4.010677726531397091
0.9490242115693463543
4.56534366626380983
3.268800607460712548
-2.084167357432590961
6.577958807992096091
0.02306810270765883089
-7.033041534858087473
3.642775546054150215
-4.485316693472045202
0
0
0
0
0
0
7.228220530948126665
0.2536795004143734267
-2.115054934939702314
-4.492794524993168892
3.048794444897776845
-3.032060804885549743
0
-7.189902836050604762
-6.893759229260977506
-6.554890705284426744
0.2961436067896269231
-2.935183261937950316
2.170711600679697373
6.968881598550397349
-5.27719764339780717
6.953398665334848516
-6.644621625055095571
4.050346454936526008
6.833435074091861239
-0.01548293321552739361
3.68454456479972059
-2.918535143613885108
7.52192894681958979
0
3.727315741703159269
0
5.350986997246698351
0
0
0
0
0
0
5.781104993520344237
1.623671255543537528
-1.367423981657289955
5.671061594432871722
0
0
0
0
0
0
4.162977852042074822
3.49213223879240342
-4.38846730900599713
-4.121525471597720092
-0.2144805927819813107
-7.006028300379059104
2.959850375698020564
-2.437526197227790625
-4.468117681737004965
3.550975470783980459
2.569285008714811802
-2.86027686452538088
-7.556703688392811813
-3.284580074580693232
-6.145831088812175658
-2.858799987203476167
4.747500730780927825
3.585482230197814424
3.28703110160869949
-6.848918007307383427
-3.148890509292141537
-3.049579690183510827
-4.211598190766647321
4.953721274710848554
1.065505663398980118
5.504744309313929662
-1.243970975572529447
2.99189493032702325
-5.094997668013333758
-3.621379700048700023
-6.435921610900840584
-1.162018500583122949
4.115085353582473182
-0.8833994772466524648
-3.321223313434179758
-5.577947589297767017
4.994621068739949266
3.596092905032487685
4.496284911533837025
2.239560635670232447
-4.793392317132048497
-5.395151572962305409
3.289245478861658079
-1.216638868860599354
-3.660706877072747556
-5.05923504078024866
-1.945846592454103519
0.9072705917599321879
3.846789731585276151
-2.256724275863590368
-1.207039432672192492
-7.032952952802263624
-1.398528163707481786
4.567977468832644661
3.113388448326174451
-1.45242987437431248
1.388197777970054503
5.742105046556753578
1.872214528008902423
-2.734205775466362454
-4.218505199238077097
-1.40237738191142669
2.849507520285229578
0.01103714024086319134
-0.005857438212352196125
-7.493424097225644509
7.601477057554954619
-5.801245235949648915
4.059090692591632354
-7.634837401983416427
-5.207321089049039564
-0.8716125634792445398
-2.636346971400854944
2.570974117648214818
-4.542398216250457921
-1.764734407921639159
-3.856195605601275389
0.9984812063749552991
4.251686179703031421
-6.460883814729915464
3.896367986030416564
-0.004442941618205929755
2.226972826976226116
-3.741050069518744081
0
0
-1.570263896682499993
-0.9184483871589141923
2.870063399756012323
-6.868292914137269278
0
1.895222963490575507
3.788511786914927182
1.893288823424351452
0
0
0
0
0
0
0
0
0
0
0
0
0
7.294134217478001503
-2.750736211000996079
2.869962939948343728
4.569545176619544513
-7.056109637565731063
6.851034312074046007
-7.062030034845534487
-0.005920397279803603016
-7.302837724645124595
2.547724841386057815
-4.125515956565046771
0
0
0
0
0
0
-2.368734435354078016
2.795114944483405583
4.621880479984908696
-2.377739590053467467
5.105894862617650354
1.128308017980622635
-3.977586844637027941
0
0
-3.292766459638307275
0
0
0
0
0
0
0
0
0
0
-8.17944212691871364
0
0
0
0
0
-2.029281137033136506
-5.938508160533473301
0
0
2.277140070762503576
7.334425781936949384
0
-2.814541910852140116
-4.063787388209758156
0.9934983229646755509
5.670633835537035594
0
0
-5.397376572925866256
-2.272410735338576515
-5.560602589378175864
-2.030591484509268962
3.12496583758729507
-1.24522344279321695
-2.839413361179802919
-3.821103823248864995
3.530011104868857164
-2.109916298218662334
-0.981690462069115477
-6.411252335309380435
5.018582689069982727
0.7172466519791881323
-5.443139313266564194
4.010112370657030745
-3.239250203500142256
-4.301336037090757181
-1.008470318412963529
3.943116033974287227
7.351114928117703506
-5.853865083295490379
-4.696426823867449585
-6.160385965245715134
-8.033414668343251464
-3.336987844475783671
4.272123613812107479
-3.439646867422618826
-1.873028703097560088
-2.226803313458140199
2.2038891097664286
0
0
0
0
0
0
-0.102659022946856443
4.430692423224576793
0
0
0
0
0
0
8.677678004932070976
0
4.951586352387252532
-7.249362574157173
0
0
0
0
0
-3.726091652544818889
4.950021483918368048
0
1.595501119464432849
0
0
0
0
0
0
0
0
0
0
0
0
0
0
0
5.321592772009249295
-3.888215611311859554
0.5510230346030716708
6.456440873111701784
2.719833745211172715
-4.955666524416916907
-0.6017592558302301553
4.353907268586681312
-4.122403553436399193
-3.869890518547869362
4.178512704101707165
0.2029555745336212302
-7.614668825431911259
4.072846093081505359
-6.090719727246973747
2.337222034056220643
-2.168662313666060548
6.20084401423746101
-6.144219443234176126
-2.399764286489466159
3.394279201347931263
-4.505884347722273198
3.863621980181238147
-3.975557129568104919
4.847011403232373894
2.808303796583410783
-2.80656481288953108
-3.14002926715220454
1.523949098184933515
-4.436572325955306262
0.3260039019991045617
3.744455156744711743
-2.862114085776133798
-2.345679225578069627
-4.872789941629667609
4.61002613102364478
4.614520582150180239
0
-2.795950753251910115
-2.527110716051581107
6.955705356601697531
5.792636324039389883
-4.565818322700510024
-2.038707606648945347
2.076839188377759271
-0.4142871845666608599
-1.163069032562298988
7.080001795028229239
0.004494451126532533584
-4.031336395805088735
-1.091817255979773416
2.939519139825317318
-5.919173033500127801
-3.251364426114397244
3.845424210303157064
-2.302853578805675649
2.361124786531459741
0
4.251884902196660931
6.565694343714805647
0
0
0
0
2.313809441518143828
0
0
0
0
0
-7.487566659013256576
7.607334495767296367
-2.592929229472152208
1.692178861276001367
-2.091461197679623574
-5.008070736879282947
4.854676811976243123
1.378869747330350837
3.293747417355662233
-6.526321748141647561
1.610511858961522824
-4.3575110375335111
-6.089080391754433386
-0.6700754055940446596
-1.683235558394100329
-3.963822822949719438
2.168810710608122694
0.4372413563872381004
-2.51284937898693217
-2.880745190020089552
-2.235322900877163566
0
3.25510731929737851
3.253204973328087668
3.898627262471017652
-3.475807064645897615
0.6454222891429279851
0
0
0
0
0
0
0
0
-3.900810927648612036
-1.66939515905420599
5.620699150949358902
0.5245094610362310839
1.789920891038549344
-3.306268798874607118
0
0
3.716431260137377013
-6.634563977587712102
4.959701938100735674
-5.096189689913142473
1.699582236671219659
2.667808607385731445
3.616319454694458813
-3.260119701429508243
-3.328295178713101876
7.096788636417555196
-5.927928308815234359
-7.296917327365318506
-3.542386364963334255
3.177321768080120457
-6.673240797951150327
-2.215808329050168002
0
0
0
0
0
0
4.09227283934903685
5.555666685153212825
-3.909227023500330134
-4.703895527161960466
-1.047413023260405307
4.306421207795647632
-6.603079708413617688
-1.249245477357591394
-7.711770481234721863
0
0
0
0
0
0
0
0
0
0
0
0
0
0
0
0
0
0
0
0
0
0
0
0
6.460185984029259032
0
0
0
-0.7946685036616379927
0
0
0
0
0
0
0
0
0
0
0
0
0
0
0
0
0
0
0
0
0
3.656482503901535619
0
0
0
1.015668915926626337
3.537966474901587333
0
-3.354520364453928316
2.522297558974960996
-4.370189280380553321
0
0
0
0
0
0
0
0
0
0
0
0
0
0
0
0
0
0
0
0
0
0
0
0
0
0
0
0
0
-7.075507343901697332
-1.484299423771697546
4.663978365337136722
-1.296543058803101056
5.517685701308960411
1.816640210158989799
-3.021278161106260463
-0.8420037310562162869
1.439156441417679622
4.993202800775975447
4.285108090748209086
-0.5528102805170176381
-4.837918371265248929
3.176562590616970549
-5.968022896494987073
2.073581770302793004
3.431253924512750686
-5.840555084611121828
-3.217687547135564596
0
0
4.235865905899573569
-3.53267662261956028
-3.851026692440806976
1.894687323835407389
0
0
0
0
0
0
0
0
0
1.116700048047650551
-4.236267916845665837
0
0
5.879276276002065593
6.719708133043510223
1.776600444179206928
1.056497660331080723
-3.886610028533258099
-5.217085288130795639
5.513930129232113231
-1.275657136244781054
2.436517097945439581
-4.943107688864321503
4.457432468901007638
-1.330475259597537097
0
0
0
0
0
0
3.941428151886016806
-7.129898522506173286
-3.07741303128667365
0
0
0
0
3.712174234190220634
0
0
0
5.057285711174442255
0
0
0
0
0
0
0
0
0
0
0
0
0
0
0
5.794043487837399198
0
-6.606569242520845542
0
0
0
0
0
0
2.179274430050044842
-2.950090735374180984
5.419004986160402382
1.357672154209954796
-5.291269317438357156
-2.34117858206416507
-0.5880453455789350636
-4.649378177529385425
0
0
4.741235956728035106
0
-4.061332831950448252
0
2.281160172473896797
0
0
0
0
0
0
0
0
3.55404635935829738
0
0
0
0
0
0
0
0
0
0
-5.02148200485238938
-5.352967964893314168
4.762576227954412822
0
0
0
0
0
0
0
0
0
0
0
0
0
0
0
0
0
0
0
0
0
4.677135512572362153
0
0
3.829978674487644064
3.511628604666381825
2.804496408979411992
-0.3183500698212548552
5.427363946454969224
2.622867537475557231
0
0
0
0
0
0
0
0
0
0
0
0
0
0
0
0
0
0
0
0
0
0
0
0
0
0
0
0
0
0
0
0
0
0
0
0
0
0
0
0
0
0
0
0
0
0
0
-2.491126372944422407
0
0
0
0
0
0
0
0
0
0
0
0
0
0
0
0
0
0
0
0
0
0
0
0
0
0
0
0
0
0
-4.428917336929142579
0
0
0
0
0
0
0
0
0
0
0
0
0
0
0
0
0
0
0
0
0
0
0
0
0
0
0
0
0
0
0
0
0
0
0
0
0
0
0
0
0
0
0
0
0
0
0
0
0
0
0
0
0
0
0
0
0
0
0
0
0
0
0
0
0
0
0
0
0
0
0
0
0
0
0
0
0
0
0
0
0
0
0
0
0
0
0
0
0
0
0
0
0
0
0
0
0
0
0
0
0
0
0
0
0
0
0
0
0
0
0
0
0
0
0
0
0
0
0
0
0
0
0
0
0
0
0
0
0
0
0
0
-4.070479593809079866
0
0
0
0
0
0
0
0
0
0
0
0
0
0
0
0
0
0
0
0
0
0
