            1.36312            -1.36312
            12.3868            -12.3868
           -12.6862             12.6862
           -16.4653             16.4653
            12.2779            -12.2779
            10.7546            -10.7546
            -7.0197              7.0197
           -14.9835             14.9835
           -12.9227             12.9227
            1.48174            -1.48174
           -14.8434             14.8434
           -7.99308             7.99308
             6.7601             -6.7601
            14.4045            -14.4045
           -12.0431             12.0431
           -8.13101             8.13101
            6.85035            -6.85035
           -14.6681             14.6681
            3.91207            -3.91207
           -8.20356             8.20356
            -12.566              12.566
 -8.067349999999999   8.067349999999999
            6.46453            -6.46453
            -16.317              16.317
            4.49865            -4.49865
           -9.49682             9.49682
           -12.6421             12.6421
           -7.50917             7.50917
             6.8202             -6.8202
           -10.9104             10.9104
            5.13298            -5.13298
 -8.334250000000001   8.334250000000001
            -13.512              13.512
           -10.1351             10.1351
            2.57616            -2.57616
           -15.3587             15.3587
            3.37692            -3.37692
           -7.32637             7.32637
           -17.6547             17.6547
  8.032299999999999  -8.032299999999999
           -10.9301             10.9301
           -11.7941             11.7941
           -5.81416             5.81416
            6.72451            -6.72451
           -11.1855             11.1855
            5.97994            -5.97994
           -7.94084             7.94084
           -16.1728             16.1728
            -9.3246              9.3246
            3.24463            -3.24463
           -12.9157             12.9157
            6.84822            -6.84822
           -6.48736             6.48736
           -11.7626             11.7626
 -8.342320000000001   8.342320000000001
            6.42833            -6.42833
           -14.4124             14.4124
            3.42023            -3.42023
           -8.22672             8.22672
           -12.6581             12.6581
           -8.73357             8.73357
            6.18572            -6.18572
           -16.8357             16.8357
            3.92449            -3.92449
           -9.87801             9.87801
           -11.9901             11.9901
           -8.10061             8.10061
            6.95772            -6.95772
           -14.2894             14.2894
            3.88949            -3.88949
           -7.75852             7.75852
           -11.5608             11.5608
 -8.559089999999999   8.559089999999999
            6.53086            -6.53086
           -15.6834             15.6834
            3.00171            -3.00171
           -10.1014             10.1014
           -13.9184             13.9184
 -8.120559999999999   8.120559999999999
            5.58201            -5.58201
           -12.7996             12.7996
           -13.2713             13.2713
            5.79787            -5.79787
           -13.1667             13.1667
             -14.69               14.69
          -0.471666            0.471666
           -1.52333             1.52333
           -2.31512             2.31512
           -17.7743             17.7743
            14.2183            -14.2183
           -2.60675             2.60675
           -15.4592             15.4592
            16.5335            -16.5335
            12.1699            -12.1699
           -18.6399             18.6399
           -2.09381             2.09381
            14.7766            -14.7766
           -16.0331             16.0331
           -12.5965             12.5965
           -1.85871             1.85871
             15.857             -15.857
            16.8704            -16.8704
           -10.5027             10.5027
           -2.09193             2.09193
            17.7157            -17.7157
            10.1642            -10.1642
 -8.643990000000001   8.643990000000001
            -11.222              11.222
           -2.18288             2.18288
           -14.6235             14.6235
            15.5118            -15.5118
            12.2561            -12.2561
 -9.130089999999999   9.130089999999999
           -1.85103             1.85103
           -12.4406             12.4406
            17.6947            -17.6947
            21.6093            -21.6093
           -2.09878             2.09878
           -10.5896             10.5896
           -23.0023             23.0023
            20.0899            -20.0899
           -20.1588             20.1588
            23.4603            -23.4603
           -2.07974             2.07974
           -20.9035             20.9035
           -17.0652             17.0652
            22.1887            -22.1887
            -22.707              22.707
            11.8388            -11.8388
           -2.16151             2.16151
           -14.9855             14.9855
            13.9186            -13.9186
           -2.14015             2.14015
            10.8914            -10.8914
            23.2226            -23.2226
            -12.824              12.824
            20.2853            -20.2853
           -22.1909             22.1909
            16.0801            -16.0801
           -2.03969             2.03969
           -16.8115             16.8115
            13.0315            -13.0315
           -20.0508             20.0508
           -2.05178             2.05178
           -14.7718             14.7718
            15.0712            -15.0712
           -11.6515             11.6515
           -2.05424             2.05424
           -17.0566             17.0566
             17.123             -17.123
             20.822             -20.822
            22.7215            -22.7215
 -9.599690000000001   9.599690000000001
           -2.00744             2.00744
           -15.0024             15.0024
            10.6195            -10.6195
            22.8763            -22.8763
            20.0038            -20.0038
           -22.8649             22.8649
           -2.06548             2.06548
            12.6269            -12.6269
           -22.1995             22.1995
           -20.8575             20.8575
           -2.02641             2.02641
            14.6924            -14.6924
            -20.134              20.134
           -13.8869             13.8869
           -2.19675             2.19675
            20.0118            -20.0118
            16.7188            -16.7188
            22.2823            -22.2823
           -11.8605             11.8605
            -2.0778              2.0778
           -20.2875             20.2875
            22.2086            -22.2086
            20.0928            -20.0928
           -14.4306             14.4306
           -9.66371             9.66371
           -2.32647             2.32647
            14.4695            -14.4695
            22.1706            -22.1706
           -12.3528             12.3528
           -1.85196             1.85196
           -21.0591             21.0591
            -17.331              17.331
             16.796             -16.796
            -22.984              22.984
  9.299099999999999  -9.299099999999999
           -10.0263             10.0263
           -1.74447             1.74447
            -15.479              15.479
            13.9817            -13.9817
            11.1511            -11.1511
           -2.52772             2.52772
           -13.7346             13.7346
            15.7261            -15.7261
            19.2752            -19.2752
           -1.98889             1.98889
           -23.0553             23.0553
           -11.2069             11.2069
            20.0188            -20.0188
            -20.243              20.243
            21.8029            -21.8029
           -2.21122             2.21122
           -18.6709             18.6709
           -21.0664             21.0664
            22.0077            -22.0077
            19.9052            -19.9052
           -25.3906             25.3906
           -2.60223             2.60223
           -16.4596             16.4596
            14.1716            -14.1716
            22.1164            -22.1164
            11.0237            -11.0237
           -14.0494             14.0494
           -13.8574             13.8574
            16.7738            -16.7738
            15.1719            -15.1719
            5.75012            -5.75012
            14.3066            -14.3066
             13.691             -13.691
          -0.865241            0.865241
            14.9647            -14.9647
  8.426019999999999  -8.426019999999999
           -5.98036             5.98036
           -14.5563             14.5563
            11.8203            -11.8203
           -6.53865             6.53865
            5.83999            -5.83999
            14.2239            -14.2239
           -5.98032             5.98032
            8.93455            -8.93455
            13.1949            -13.1949
  8.999969999999999  -8.999969999999999
            16.3933            -16.3933
           -5.28931             5.28931
            15.1555            -15.1555
            3.19839            -3.19839
             17.237             -17.237
          -0.562542            0.562542
            10.6114            -10.6114
           -11.9571             11.9571
            12.5042            -12.5042
            6.35491            -6.35491
           -6.62561             6.62561
            11.2533            -11.2533
           -6.14925             6.14925
            7.43636            -7.43636
            15.5473            -15.5473
  8.549160000000001  -8.549160000000001
           -3.81695             3.81695
            11.9983            -11.9983
            -6.9981              6.9981
            6.79552            -6.79552
            12.3063            -12.3063
  9.312200000000001  -9.312200000000001
            -5.2028              5.2028
            14.8611            -14.8611
           -2.99405             2.99405
             8.2278             -8.2278
            12.5471            -12.5471
            8.58379            -8.58379
           -6.63332             6.63332
            16.9991            -16.9991
           -3.96331             3.96331
            10.3187            -10.3187
            11.8567            -11.8567
  8.107620000000001  -8.107620000000001
           -6.68042             6.68042
            14.0484            -14.0484
           -3.74908             3.74908
            7.94009            -7.94009
            12.4422            -12.4422
  8.334059999999999  -8.334059999999999
           -6.10829             6.10829
            15.0251            -15.0251
           -4.10813             4.10813
            9.63252            -9.63252
            14.4785            -14.4785
            7.50935            -7.50935
           -5.39262             5.39262
            11.6937            -11.6937
             7.7721             -7.7721
           -6.96918             6.96918
            14.9974            -14.9974
            -3.9216              3.9216
  8.186310000000001  -8.186310000000001
             13.517             -13.517
  8.715070000000001  -8.715070000000001
           -6.81112             6.81112
              14.66              -14.66
           -4.80193             4.80193
            10.7015            -10.7015
            12.0589            -12.0589
            12.2508            -12.2508
           -3.95853             3.95853
           0.191962           -0.191962
           -16.2093             16.2093
           -6.71975             6.71975
            15.0474            -15.0474
            6.01118            -6.01118
            9.39434            -9.39434
           -13.7709             13.7709
            -6.7035              6.7035
 -8.290190000000001   8.290190000000001
            15.2216            -15.2216
             10.885             -10.885
            18.3419            -18.3419
            2.76402            -2.76402
           -8.85652             8.85652
           -10.2757             10.2757
            15.2695            -15.2695
            9.52323            -9.52323
            5.70033            -5.70033
           -4.88613             4.88613
           -14.5824             14.5824
           -12.6152             12.6152
           -3.18066             3.18066
           -15.6082             15.6082
           -7.96382             7.96382
             8.5565             -8.5565
            7.94482            -7.94482
           -15.7879             15.7879
           -11.1216             11.1216
 0.6206120000000001 -0.6206120000000001
           -18.6185             18.6185
            7.31652            -7.31652
            15.3664            -15.3664
            6.48497            -6.48497
           -15.0311             15.0311
           -5.63719             5.63719
 -9.432589999999999   9.432589999999999
            11.9492            -11.9492
            6.06041            -6.06041
            12.1406            -12.1406
           -15.0369             15.0369
            -10.741              10.741
           -18.2925             18.2925
            6.14482            -6.14482
           0.543855           -0.543855
            14.3922            -14.3922
            15.8672            -15.8672
           -8.89982             8.89982
            10.1693            -10.1693
            2.60899            -2.60899
           -13.2634             13.2634
            18.4623            -18.4623
           -7.41531             7.41531
            2.81221            -2.81221
           -20.0524             20.0524
           -17.7924             17.7924
           -4.32424             4.32424
 -9.902469999999999   9.902469999999999
           -1.92494             1.92494
           -22.5417             22.5417
           -19.6095             19.6095
           -3.25276             3.25276
            11.0328            -11.0328
           -9.03619             9.03619
           -5.65303             5.65303
            14.8657            -14.8657
             5.4988             -5.4988
           -14.5989             14.5989
            9.22395            -9.22395
           -2.46839             2.46839
           -13.8996             13.8996
           -3.23926             3.23926
            3.12034            -3.12034
           -12.4576             12.4576
            7.45693            -7.45693
           -18.6273             18.6273
           -7.86253             7.86253
           -19.7415             19.7415
           -1.93312             1.93312
           -16.3425             16.3425
            8.44801            -8.44801
            11.8846            -11.8846
 -9.392379999999999   9.392379999999999
            9.30659            -9.30659
           -5.74628             5.74628
           -9.56917             9.56917
            5.49343            -5.49343
            2.84354            -2.84354
           -1.80348             1.80348
            -15.472              15.472
           -13.4958             13.4958
            14.6436            -14.6436
           -2.10252             2.10252
             13.023             -13.023
            1.78412            -1.78412
            16.4085            -16.4085
           -2.83062             2.83062
            3.54904            -3.54904
           -7.49686             7.49686
            18.4382            -18.4382
            7.70114            -7.70114
  9.393929999999999  -9.393929999999999
            5.59853            -5.59853
           -2.93732             2.93732
            14.6491            -14.6491
  8.102359999999999  -8.102359999999999
            15.6339            -15.6339
           -7.14254             7.14254
           -15.0197             15.0197
           -9.45621             9.45621
            6.77408            -6.77408
            -5.6354              5.6354
  9.762700000000001  -9.762700000000001
  9.750780000000001  -9.750780000000001
           -3.25565             3.25565
            15.5807            -15.5807
            3.91458            -3.91458
           -7.55153             7.55153
            16.8858            -16.8858
             1.0134             -1.0134
            6.86149            -6.86149
            19.0692            -19.0692
           -4.36358             4.36358
           -4.88445             4.88445
           -18.4369             18.4369
           -15.4044             15.4044
 -8.428649999999999   8.428649999999999
            5.85691            -5.85691
            10.6238            -10.6238
           -9.36692             9.36692
           -5.64177             5.64177
             2.2705             -2.2705
            18.5008            -18.5008
           -2.11574             2.11574
            10.3098            -10.3098
            15.2766            -15.2766
            4.89507            -4.89507
            3.37041            -3.37041
           -10.3498             10.3498
            5.56349            -5.56349
            9.38429            -9.38429
           -2.87247             2.87247
            1.89949            -1.89949
            17.3925            -17.3925
            12.5256            -12.5256
            1.34199            -1.34199
           -15.2861             15.2861
           -9.26108             9.26108
            6.24712            -6.24712
           -16.5747             16.5747
           -2.49347             2.49347
            13.5715            -13.5715
            10.9639            -10.9639
           -4.60982             4.60982
 -9.965619999999999   9.965619999999999
           -2.13106             2.13106
            9.79637            -9.79637
            10.8797            -10.8797
           -11.0464             11.0464
           -2.35359             2.35359
            2.53183            -2.53183
            7.28977            -7.28977
           -8.17667             8.17667
 -9.450620000000001   9.450620000000001
            15.4873            -15.4873
            -4.1978              4.1978
            10.7769            -10.7769
              11.25              -11.25
           -4.72414             4.72414
            -13.912              13.912
           -10.0087             10.0087
            17.3123            -17.3123
            23.0533            -23.0533
           -1.73177             1.73177
  9.705159999999999  -9.705159999999999
            2.69567            -2.69567
           -12.3717             12.3717
           -15.2919             15.2919
           -12.0759             12.0759
            -13.899              13.899
            2.97306            -2.97306
            1.13804            -1.13804
            15.5413            -15.5413
            8.29298            -8.29298
            13.7026            -13.7026
           -12.7147             12.7147
           -17.6845             17.6845
           -14.4094             14.4094
            11.2397            -11.2397
           -18.3155             18.3155
            -2.4718              2.4718
           -16.8782             16.8782
           -10.9402             10.9402
  9.906840000000001  -9.906840000000001
             2.1041             -2.1041
            12.2014            -12.2014
            17.5864            -17.5864
           -20.0977             20.0977
 -9.218310000000001   9.218310000000001
            10.8794            -10.8794
           0.699294           -0.699294
           -2.16034             2.16034
           -20.0985             20.0985
           -13.3569             13.3569
           -11.6923             11.6923
            16.2303            -16.2303
           -8.19098             8.19098
            8.26116            -8.26116
            17.1294            -17.1294
             2.9767             -2.9767
            15.3981            -15.3981
             15.493             -15.493
            -2.7904              2.7904
           -14.7636             14.7636
           -3.07406             3.07406
            8.09648            -8.09648
  9.674569999999999  -9.674569999999999
           -12.3577             12.3577
           -15.2171             15.2171
             14.282             -14.282
            17.4974            -17.4974
            3.70725            -3.70725
            -14.515              14.515
           -5.81628             5.81628
            14.0813            -14.0813
            11.2218            -11.2218
            6.60912            -6.60912
            15.5034            -15.5034
            11.5249            -11.5249
           -12.8894             12.8894
           -15.5262             15.5262
          -0.961983            0.961983
            14.7447            -14.7447
            12.1079            -12.1079
            5.82939            -5.82939
           -14.7413             14.7413
           -7.20455             7.20455
            2.63007            -2.63007
           -10.8372             10.8372
           -14.8217             14.8217
           -13.2698             13.2698
           -19.1434             19.1434
            18.8252            -18.8252
            16.1507            -16.1507
            3.22322            -3.22322
            12.0144            -12.0144
            14.5319            -14.5319
           -13.9955             13.9955
           -14.8042             14.8042
          0.0319975          -0.0319975
           -14.6331             14.6331
           -12.1156             12.1156
           -1.67764             1.67764
            13.6012            -13.6012
            14.9814            -14.9814
            13.1778            -13.1778
            15.7316            -15.7316
           -2.79427             2.79427
           -14.7898             14.7898
           -10.9766             10.9766
             0.1973             -0.1973
            14.9747            -14.9747
            7.39333            -7.39333
           -5.81091             5.81091
           -14.2893             14.2893
            11.9496            -11.9496
            14.9193            -14.9193
           -13.8025             13.8025
            -15.358              15.358
            -3.1178              3.1178
            14.7707            -14.7707
            5.74096            -5.74096
           -14.6167             14.6167
            -11.647              11.647
            3.33344            -3.33344
           -10.5873             10.5873
           -14.5582             14.5582
           -10.5518             10.5518
            4.72811            -4.72811
            14.6054            -14.6054
            16.4318            -16.4318
           -18.5127             18.5127
           -4.16544             4.16544
           -13.1031             13.1031
            12.7067            -12.7067
              15.09              -15.09
           -14.0313             14.0313
            -11.648              11.648
            15.0583            -15.0583
           -1.46303             1.46303
            13.5028            -13.5028
           -14.4064             14.4064
            12.3786            -12.3786
           -11.9176             11.9176
           -14.4424             14.4424
            13.7407            -13.7407
           -1.03074             1.03074
            11.4827            -11.4827
            14.2139            -14.2139
            11.6892            -11.6892
            -14.788              14.788
           -11.5726             11.5726
            2.24067            -2.24067
           -2.60527             2.60527
           -14.9714             14.9714
            11.1883            -11.1883
           -11.6003             11.6003
            19.8871            -19.8871
             7.8894             -7.8894
            2.41557            -2.41557
            15.1268            -15.1268
           -17.7248             17.7248
            11.1422            -11.1422
           -8.28772             8.28772
           -3.35917             3.35917
           -14.7003             14.7003
           -13.4672             13.4672
            14.3294            -14.3294
            13.5206            -13.5206
            13.5856            -13.5856
            2.55382            -2.55382
           -12.9805             12.9805
            2.88791            -2.88791
            15.4571            -15.4571
           -10.4477             10.4477
            11.4863            -11.4863
           -3.94325             3.94325
            -9.2455              9.2455
           -13.9208             13.9208
             11.272             -11.272
            12.5387            -12.5387
           -8.57591             8.57591
           -9.18759             9.18759
            5.93794            -5.93794
           -12.3661             12.3661
            13.7936            -13.7936
            12.7112            -12.7112
           -10.7033             10.7033
            12.5692            -12.5692
           -13.3356             13.3356
            3.37105            -3.37105
           -11.0318             11.0318
  8.698729999999999  -8.698729999999999
           -3.98456             3.98456
  9.437110000000001  -9.437110000000001
            3.02456            -3.02456
            -10.792              10.792
           -9.52533             9.52533
           -3.97083             3.97083
            -9.0297              9.0297
            1.20217            -1.20217
            4.96016            -4.96016
           -9.44267             9.44267
            20.7177            -20.7177
           -14.3077             14.3077
           -4.81264             4.81264
            7.12401            -7.12401
          -0.759118            0.759118
           -16.4889             16.4889
            17.0221            -17.0221
            11.6663            -11.6663
           -12.7568             12.7568
            5.27537            -5.27537
           -14.5014             14.5014
           -4.32169             4.32169
           -18.9624             18.9624
           -15.4296             15.4296
            4.00641            -4.00641
            0.44833            -0.44833
            15.9825            -15.9825
            10.6802            -10.6802
            4.94641            -4.94641
           -11.2999             11.2999
           -12.8998             12.8998
           -14.4028             14.4028
            15.7576            -15.7576
            19.4897            -19.4897
            12.4254            -12.4254
           -11.9977             11.9977
            6.06293            -6.06293
            5.38439            -5.38439
           -14.9595             14.9595
           -7.77726             7.77726
           -13.0077             13.0077
            13.2432            -13.2432
            13.3847            -13.3847
            10.2319            -10.2319
           -13.3481             13.3481
             19.436             -19.436
           -5.30225             5.30225
            -11.036              11.036
            2.75056            -2.75056
             -4.865               4.865
           -18.5259             18.5259
           -13.5937             13.5937
            3.73215            -3.73215
            21.7643            -21.7643
            6.35858            -6.35858
            10.2428            -10.2428
           -1.09828             1.09828
             12.456             -12.456
           -5.34216             5.34216
           -16.0334             16.0334
           -11.2549             11.2549
           -5.87365             5.87365
           -13.8402             13.8402
             16.493             -16.493
            7.18024            -7.18024
            3.74257            -3.74257
            19.0224            -19.0224
           -12.9428             12.9428
          -0.218098            0.218098
            11.9167            -11.9167
           -1.74426             1.74426
           -13.2666             13.2666
            21.4117            -21.4117
            9.03032            -9.03032
           -2.74326             2.74326
           -17.2626             17.2626
            10.1797            -10.1797
           -11.3411             11.3411
            2.21318            -2.21318
            15.2799            -15.2799
           -16.6854             16.6854
            11.7037            -11.7037
           -9.26493             9.26493
            8.75881            -8.75881
            13.5373            -13.5373
           -19.2405             19.2405
           -13.6609             13.6609
            9.49503            -9.49503
           -11.9956             11.9956
           -11.5224             11.5224
           -2.60989             2.60989
           -14.9912             14.9912
            18.6907            -18.6907
            9.32676            -9.32676
           -12.8446             12.8446
           -1.08752             1.08752
            16.7211            -16.7211
           0.473181           -0.473181
            3.81324            -3.81324
           -7.58134             7.58134
           -15.9742             15.9742
           -3.99597             3.99597
           -12.3814             12.3814
            11.9366            -11.9366
            11.1739            -11.1739
           -11.3946             11.3946
           -19.0365             19.0365
            15.0369            -15.0369
            8.75839            -8.75839
           -6.86387             6.86387
           -18.9725             18.9725
          -0.333367            0.333367
            11.9782            -11.9782
            2.84013            -2.84013
           -9.18788             9.18788
           -12.5301             12.5301
           -1.62057             1.62057
           -12.8595             12.8595
            11.4238            -11.4238
            16.7351            -16.7351
            5.86436            -5.86436
            15.8533            -15.8533
           -10.0243             10.0243
  8.247389999999999  -8.247389999999999
            19.4314            -19.4314
            5.84809            -5.84809
            -10.737              10.737
            1.68851            -1.68851
            18.1407            -18.1407
            8.04992            -8.04992
            15.3234            -15.3234
            11.2702            -11.2702
           0.240039           -0.240039
           -11.6661             11.6661
            10.7648            -10.7648
            -5.8633              5.8633
            -12.146              12.146
           -1.11418             1.11418
             3.5781             -3.5781
            14.3472            -14.3472
            5.40958            -5.40958
          -0.611676            0.611676
            15.1255            -15.1255
            13.0443            -13.0443
            3.75087            -3.75087
           -14.4783             14.4783
           -10.7436             10.7436
             11.455             -11.455
  8.817399999999999  -8.817399999999999
           -7.96653             7.96653
           -13.8166             13.8166
           -11.9902             11.9902
           -10.1566             10.1566
           -11.7736             11.7736
             2.1466             -2.1466
 -9.448359999999999   9.448359999999999
 -9.363950000000001   9.363950000000001
            10.5884            -10.5884
           -1.96959             1.96959
            14.7096            -14.7096
           -13.4193             13.4193
           -2.23528             2.23528
           -11.9443             11.9443
             10.357             -10.357
            16.9033            -16.9033
          -0.283866            0.283866
            11.3044            -11.3044
            13.7866            -13.7866
           -16.2463             16.2463
           -18.2292             18.2292
             7.7041             -7.7041
             1.8264             -1.8264
             1.2667             -1.2667
             1.8336             -1.8336
            9.39968            -9.39968
           -5.11968             5.11968
           -14.2578             14.2578
            4.35912            -4.35912
            11.7249            -11.7249
            19.9523            -19.9523
             11.184             -11.184
              1.475              -1.475
            12.5923            -12.5923
            10.7691            -10.7691
           -4.05312             4.05312
            11.6605            -11.6605
           -1.82313             1.82313
            6.54633            -6.54633
             13.214             -13.214
            16.8721            -16.8721
           -15.9195             15.9195
           -20.9257             20.9257
           -21.5185             21.5185
             12.506             -12.506
            2.84851            -2.84851
           -3.29439             3.29439
            16.5498            -16.5498
           -5.59894             5.59894
            12.6251            -12.6251
            6.66762            -6.66762
           -6.08251             6.08251
            12.7247            -12.7247
           -8.68404             8.68404
            10.1232            -10.1232
           -11.3216             11.3216
            9.55983            -9.55983
            14.6651            -14.6651
            12.6822            -12.6822
            1.62826            -1.62826
           -7.83529             7.83529
          -0.211005            0.211005
           -19.5938             19.5938
           -14.5194             14.5194
            2.32523            -2.32523
            6.29848            -6.29848
           -12.6623             12.6623
            2.74974            -2.74974
           -10.2838             10.2838
           -11.2856             11.2856
            13.3354            -13.3354
            11.9776            -11.9776
           -16.6815             16.6815
            12.6126            -12.6126
           -1.67858             1.67858
           -15.3822             15.3822
            11.7684            -11.7684
          0.0485178          -0.0485178
           -1.98287             1.98287
           -13.0368             13.0368
           -1.59987             1.59987
           -18.9608             18.9608
            -11.595              11.595
            11.7571            -11.7571
            7.03695            -7.03695
           -4.98768             4.98768
           -16.0179             16.0179
           -7.25779             7.25779
            10.7259            -10.7259
            9.47223            -9.47223
           -12.8932             12.8932
            3.73479            -3.73479
            11.4369            -11.4369
           -9.46355             9.46355
           -13.5601             13.5601
            11.6932            -11.6932
           -0.06532             0.06532
 -9.334680000000001   9.334680000000001
            7.59663            -7.59663
           -5.29082             5.29082
           -11.7585             11.7585
           -4.09655             4.09655
           -11.0302             11.0302
            15.7136            -15.7136
            8.76009            -8.76009
           -10.3815             10.3815
           -2.84992             2.84992
           -11.9062             11.9062
            7.73074            -7.73074
           -4.22025             4.22025
           -18.9582             18.9582
            16.0774            -16.0774
            13.6958            -13.6958
           -1.50259             1.50259
 -9.843830000000001   9.843830000000001
           -12.5949             12.5949
             -11.61               11.61
            1.29931            -1.29931
              16.73              -16.73
           0.984854           -0.984854
           0.191334           -0.191334
            13.8942            -13.8942
            7.53159            -7.53159
           -15.2449             15.2449
            7.80085            -7.80085
             19.822             -19.822
           -11.5819             11.5819
            7.87101            -7.87101
           -17.7748             17.7748
           -8.74968             8.74968
            -17.657              17.657
           -20.1903             20.1903
           -3.04578             3.04578
            14.7447            -14.7447
            12.8222            -12.8222
            11.7558            -11.7558
           -4.21118             4.21118
            12.0212            -12.0212
           -19.3828             19.3828
             16.628             -16.628
            4.60683            -4.60683
            -11.951              11.951
            22.1656            -22.1656
            8.34667            -8.34667
 -9.269360000000001   9.269360000000001
           -6.19287             6.19287
           -10.1229             10.1229
           -15.1323             15.1323
 -9.052199999999999   9.052199999999999
           -3.49604             3.49604
            4.65064            -4.65064
             12.483             -12.483
           -4.86686             4.86686
            14.1696            -14.1696
            6.08015            -6.08015
            11.6363            -11.6363
            5.18999            -5.18999
         -0.0119224           0.0119224
            10.0568            -10.0568
           -2.53331             2.53331
           -7.83239             7.83239
            14.6112            -14.6112
            6.66216            -6.66216
           -8.97963             8.97963
            17.5587            -17.5587
             19.561             -19.561
            13.7028            -13.7028
            15.9791            -15.9791
           -13.0397             13.0397
           -2.85942             2.85942
            16.0649            -16.0649
               2.26               -2.26
           -10.2268             10.2268
 -9.143520000000001   9.143520000000001
             3.0825             -3.0825
            10.1499            -10.1499
           -3.97854             3.97854
  9.489599999999999  -9.489599999999999
            13.4681            -13.4681
           -12.4868             12.4868
           -2.63676             2.63676
            11.9274            -11.9274
 -8.915290000000001   8.915290000000001
            12.0488            -12.0488
           -12.4292             12.4292
           -1.17449             1.17449
  9.152290000000001  -9.152290000000001
           -4.02624             4.02624
            13.4357            -13.4357
           -2.67452             2.67452
            12.1617            -12.1617
            -15.602              15.602
           -4.78119             4.78119
            2.51743            -2.51743
           -11.9825             11.9825
            12.9554            -12.9554
            9.26014            -9.26014
           -3.28413             3.28413
           -17.9866             17.9866
           -9.78908             9.78908
            16.2102            -16.2102
            5.48977            -5.48977
           -12.5443             12.5443
 -9.696289999999999   9.696289999999999
             6.9501             -6.9501
            17.7123            -17.7123
            10.3671            -10.3671
            6.65023            -6.65023
           -7.36869             7.36869
           -18.4942             18.4942
           -5.84714             5.84714
            10.4102            -10.4102
            13.2582            -13.2582
           -4.29218             4.29218
           -1.35588             1.35588
           -18.8301             18.8301
           -8.70112             8.70112
            2.84798            -2.84798
           -14.7024             14.7024
           -14.6141             14.6141
            1.96727            -1.96727
           -14.5379             14.5379
           -15.4664             15.4664
  8.197480000000001  -8.197480000000001
           -7.34523             7.34523
            16.5814            -16.5814
           -11.0621             11.0621
            5.32469            -5.32469
             10.129             -10.129
          -0.928536            0.928536
           -11.9616             11.9616
           -6.08524             6.08524
           -16.2142             16.2142
           -11.2567             11.2567
            1.97613            -1.97613
             2.7253             -2.7253
            18.5658            -18.5658
           -11.8966             11.8966
           -9.70444             9.70444
            6.85746            -6.85746
            -11.033              11.033
           -1.27395             1.27395
           -18.2168             18.2168
            15.8405            -15.8405
            16.3868            -16.3868
           -14.0189             14.0189
           -12.4297             12.4297
            12.8252            -12.8252
            7.50857            -7.50857
           -3.03383             3.03383
           -5.17944             5.17944
           -14.4922             14.4922
            5.64135            -5.64135
           0.546254           -0.546254
            13.7791            -13.7791
            2.34785            -2.34785
           -11.7084             11.7084
            12.7221            -12.7221
            1.59665            -1.59665
           -12.0826             12.0826
           -9.44045             9.44045
            5.01065            -5.01065
            14.3113            -14.3113
           -5.31659             5.31659
            5.87633            -5.87633
           -7.18381             7.18381
            -1.4541              1.4541
           -16.2396             16.2396
           -10.5424             10.5424
            11.1929            -11.1929
            13.2328            -13.2328
           -11.1255             11.1255
            1.58918            -1.58918
           -14.7855             14.7855
           -13.6793             13.6793
             12.647             -12.647
            12.5942            -12.5942
            13.7004            -13.7004
            3.22338            -3.22338
           -1.02576             1.02576
           -12.6478             12.6478
           -7.69456             7.69456
             1.1062             -1.1062
             -13.62               13.62
            5.69716            -5.69716
           -5.61961             5.61961
            -10.477              10.477
            2.64216            -2.64216
            2.42268            -2.42268
  8.571870000000001  -8.571870000000001
           -12.6626             12.6626
            -13.937              13.937
            4.27575            -4.27575
            6.14918            -6.14918
            13.1192            -13.1192
           -10.9179             10.9179
           -15.0853             15.0853
           -20.3439             20.3439
  8.000349999999999  -8.000349999999999
           -11.6221             11.6221
            4.56133            -4.56133
            13.8627            -13.8627
          -0.549474            0.549474
           -7.30317             7.30317
           -12.7602             12.7602
            1.95181            -1.95181
            -13.063              13.063
           -3.76162             3.76162
            8.72185            -8.72185
           -11.4583             11.4583
           -11.3168             11.3168
           -11.7127             11.7127
            7.77725            -7.77725
            11.6806            -11.6806
           -9.41811             9.41811
             3.2022             -3.2022
            2.29456            -2.29456
            14.9149            -14.9149
            2.96972            -2.96972
           -15.0674             15.0674
            2.38329            -2.38329
            12.5683            -12.5683
           -1.55549             1.55549
           -2.52473             2.52473
           -11.9732             11.9732
            10.8869            -10.8869
            3.21543            -3.21543
           -2.22032             2.22032
           -16.0105             16.0105
             11.593             -11.593
            11.0839            -11.0839
           -18.6181             18.6181
           -5.07494             5.07494
           -13.7902             13.7902
            13.8133            -13.8133
           -2.60756             2.60756
            11.6896            -11.6896
          -0.509069            0.509069
           -4.15275             4.15275
           -18.1761             18.1761
            5.19871            -5.19871
           -11.7732             11.7732
            6.26568            -6.26568
            21.2706            -21.2706
            16.3254            -16.3254
           -14.0234             14.0234
           -12.1986             12.1986
  9.351459999999999  -9.351459999999999
            12.7486            -12.7486
            1.82474            -1.82474
           -14.3341             14.3341
           -10.2875             10.2875
            6.40297            -6.40297
           -11.6908             11.6908
           -8.29363             8.29363
            6.34327            -6.34327
             17.598             -17.598
            4.38108            -4.38108
           -16.1588             16.1588
          -0.596265            0.596265
             -16.17               16.17
            12.9468            -12.9468
            16.9935            -16.9935
           -13.6781             13.6781
           0.575108           -0.575108
           -15.5737             15.5737
            13.5431            -13.5431
           -5.35581             5.35581
           -11.7467             11.7467
            2.49192            -2.49192
            3.39716            -3.39716
            16.0719            -16.0719
            4.04664            -4.04664
            16.6904            -16.6904
            10.4643            -10.4643
           -16.4184             16.4184
           -5.33866             5.33866
            18.0389            -18.0389
            -6.2261              6.2261
            6.81277            -6.81277
            2.84664            -2.84664
            20.4709            -20.4709
           -15.6441             15.6441
           -11.5101             11.5101
            11.6131            -11.6131
         -0.0317173           0.0317173
           -13.6808             13.6808
           -17.4973             17.4973
           -7.25602             7.25602
            6.80215            -6.80215
            12.9662            -12.9662
             8.0678             -8.0678
           -3.62108             3.62108
           -2.75771             2.75771
            17.6908            -17.6908
            10.2812            -10.2812
            8.07816            -8.07816
           -18.5607             18.5607
           -10.4126             10.4126
           -3.81642             3.81642
           -11.2261             11.2261
            10.0598            -10.0598
            13.0389            -13.0389
            -15.803              15.803
          -0.808754            0.808754
            14.8362            -14.8362
           -17.7982             17.7982
           -5.23047             5.23047
            12.5677            -12.5677
           -2.44712             2.44712
           -14.3986             14.3986
           -10.6912             10.6912
           -15.0148             15.0148
            12.1727            -12.1727
           -1.92521             1.92521
          0.0640162          -0.0640162
           -10.8067             10.8067
            12.4255            -12.4255
            16.4521            -16.4521
            4.00714            -4.00714
           -10.0907             10.0907
  8.868230000000001  -8.868230000000001
            13.5087            -13.5087
           -16.6281             16.6281
            13.4462            -13.4462
           -4.59501             4.59501
            7.16344            -7.16344
           -13.1152             13.1152
           -11.1622             11.1622
  8.951219999999999  -8.951219999999999
           -9.13809             9.13809
           -6.27848             6.27848
            18.6169            -18.6169
           -15.3702             15.3702
  8.233129999999999  -8.233129999999999
           -1.57218             1.57218
           -17.1944             17.1944
            16.3725            -16.3725
            3.13779            -3.13779
           -7.69283             7.69283
            12.9394            -12.9394
           -15.6223             15.6223
            14.5116            -14.5116
           -14.0979             14.0979
  9.501609999999999  -9.501609999999999
           -8.88147             8.88147
            -7.3594              7.3594
           -13.3169             13.3169
            1.08637            -1.08637
            12.4848            -12.4848
            10.6862            -10.6862
            18.8072            -18.8072
           -2.63757             2.63757
            2.67431            -2.67431
            14.3164            -14.3164
            18.0237            -18.0237
            -9.9756              9.9756
            -10.539              10.539
            7.36579            -7.36579
             1.3767             -1.3767
           -10.3838             10.3838
           0.415965           -0.415965
            10.8173            -10.8173
           -11.8811             11.8811
            12.1572            -12.1572
           -7.11009             7.11009
            -12.181              12.181
          -0.592798            0.592798
            19.7784            -19.7784
            23.7742            -23.7742
           -1.71488             1.71488
           -13.4347             13.4347
            11.5882            -11.5882
           -1.25367             1.25367
            -14.738              14.738
           -16.6207             16.6207
            18.3865            -18.3865
            1.27183            -1.27183
           -10.5947             10.5947
           -19.1561             19.1561
            11.3186            -11.3186
          -0.850366            0.850366
           -1.88274             1.88274
           -17.1147             17.1147
  9.114369999999999  -9.114369999999999
           -7.06789             7.06789
           -13.8189             13.8189
            2.63665            -2.63665
            17.1045            -17.1045
            2.00223            -2.00223
            22.8837            -22.8837
 -9.657450000000001   9.657450000000001
            4.04385            -4.04385
          -0.853498            0.853498
             3.9958             -3.9958
            16.7297            -16.7297
            12.7998            -12.7998
            10.5229            -10.5229
           -7.09967             7.09967
           -21.4933             21.4933
            8.80395            -8.80395
            2.31765            -2.31765
           -6.88129             6.88129
           -14.8303             14.8303
            4.45409            -4.45409
            15.7323            -15.7323
            -10.917              10.917
            11.6469            -11.6469
            14.4945            -14.4945
            2.93669            -2.93669
            -11.216              11.216
           -1.14724             1.14724
            1.08332            -1.08332
             -1.048               1.048
             11.178             -11.178
           -14.2813             14.2813
           -9.99893             9.99893
            16.6587            -16.6587
            3.32566            -3.32566
            7.55098            -7.55098
            8.91128            -8.91128
            16.2437            -16.2437
           -2.89654             2.89654
           -5.48296             5.48296
           -16.0751             16.0751
           -10.9713             10.9713
           -9.39321             9.39321
            5.24369            -5.24369
            1.54215            -1.54215
            13.6467            -13.6467
            15.2788            -15.2788
           -9.31273             9.31273
            10.8208            -10.8208
           0.141568           -0.141568
           -11.4312             11.4312
           -14.0562             14.0562
           -12.3417             12.3417
           -5.37166             5.37166
            3.55248            -3.55248
             16.188             -16.188
            9.07945            -9.07945
           -3.99114             3.99114
  8.492330000000001  -8.492330000000001
            13.4456            -13.4456
  9.278230000000001  -9.278230000000001
            -2.6951              2.6951
           -18.4033             18.4033
           -14.3152             14.3152
           -9.00394             9.00394
            12.9774            -12.9774
  9.635199999999999  -9.635199999999999
           -4.21793             4.21793
             5.3113             -5.3113
            10.0973            -10.0973
           -10.8707             10.8707
            18.6391            -18.6391
             3.9033             -3.9033
           -3.34223             3.34223
           -17.1954             17.1954
           -8.47836             8.47836
            3.07619            -3.07619
            17.3148            -17.3148
           -12.3295             12.3295
 -8.208360000000001   8.208360000000001
            1.43929            -1.43929
            14.2386            -14.2386
           -15.4057             15.4057
           -16.3735             16.3735
           -9.90029             9.90029
           -23.1172             23.1172
            5.54741            -5.54741
            14.8007            -14.8007
            10.0732            -10.0732
           -4.60758             4.60758
           -7.40967             7.40967
           -9.61266             9.61266
            10.2412            -10.2412
            17.6242            -17.6242
            19.8539            -19.8539
           -18.4908             18.4908
            2.22968            -2.22968
           -8.85774             8.85774
            4.30088            -4.30088
            11.3843            -11.3843
            14.0582            -14.0582
            9.15462            -9.15462
           -11.6245             11.6245
            2.86895            -2.86895
            16.4715            -16.4715
             5.7226             -5.7226
            11.6499            -11.6499
            -10.602              10.602
            -16.528              16.528
            6.16401            -6.16401
            17.3471            -17.3471
           -4.90354             4.90354
           -12.7399             12.7399
            8.80842            -8.80842
            13.2006            -13.2006
           -1.55685             1.55685
            -5.8724              5.8724
           -4.89836             4.89836
            11.1831            -11.1831
            6.86754            -6.86754
           -6.74374             6.74374
           -11.6889             11.6889
            11.7659            -11.7659
           -11.9515             11.9515
  9.301360000000001  -9.301360000000001
           -17.3216             17.3216
            11.6421            -11.6421
           -18.9925             18.9925
           -13.2133             13.2133
           -6.76798             6.76798
            6.27196            -6.27196
            3.70735            -3.70735
           -5.37012             5.37012
             4.7785             -4.7785
            6.02504            -6.02504
           -6.28273             6.28273
           -4.49495             4.49495
             -10.52               10.52
            15.5082            -15.5082
            11.7585            -11.7585
            12.6018            -12.6018
           -21.8304             21.8304
           -8.52017             8.52017
           -19.2894             19.2894
           -24.6453             24.6453
           -3.86598             3.86598
           0.843345           -0.843345
            11.0318            -11.0318
            10.1885            -10.1885
  8.769299999999999  -8.769299999999999
 -9.168900000000001   9.168900000000001
           -16.4678             16.4678
           -5.95752             5.95752
            19.8442            -19.8442
            14.4033            -14.4033
            14.9659            -14.9659
            9.59979            -9.59979
            12.2402            -12.2402
           -5.36608             5.36608
           -2.92017             2.92017
           -17.6063             17.6063
           -12.8875             12.8875
           -14.6861             14.6861
           -1.79863             1.79863
          -0.563382            0.563382
           -13.2347             13.2347
            9.32921            -9.32921
            8.32741            -8.32741
           -3.43305             3.43305
           -9.05673             9.05673
           -13.7769             13.7769
  8.751910000000001  -8.751910000000001
            15.8333            -15.8333
             3.5362             -3.5362
            14.2941            -14.2941
           -1.01651             1.01651
           -12.4361             12.4361
            15.4914            -15.4914
          -0.879026            0.879026
            16.4555            -16.4555
           -2.38166             2.38166
           -10.3559             10.3559
             2.5295             -2.5295
            -14.927              14.927
           -15.4585             15.4585
            3.93143            -3.93143
            11.7184            -11.7184
            14.4678            -14.4678
            12.8854            -12.8854
           -4.57107             4.57107
           -18.8372             18.8372
           -1.58245             1.58245
            5.77919            -5.77919
            12.2245            -12.2245
            12.2885            -12.2885
           -1.97766             1.97766
            11.7569            -11.7569
           0.569973           -0.569973
            -17.176              17.176
           -12.2378             12.2378
            9.18891            -9.18891
            13.8069            -13.8069
            6.94236            -6.94236
            12.3607            -12.3607
           -10.7544             10.7544
           -4.12824             4.12824
           -6.13633             6.13633
            6.90361            -6.90361
           -14.2661             14.2661
          -0.531554            0.531554
           -7.06861             7.06861
           -18.2556             18.2556
            20.2985            -20.2985
            2.40126            -2.40126
            12.3213            -12.3213
           -15.1983             15.1983
           -11.1869             11.1869
            19.3899            -19.3899
           -12.8078             12.8078
            10.7536            -10.7536
            20.6568            -20.6568
           -11.6105             11.6105
           -5.04048             5.04048
            4.93818            -4.93818
           -10.3724             10.3724
           -8.34125             8.34125
           -15.3106             15.3106
             1.1973             -1.1973
  9.576689999999999  -9.576689999999999
            11.6079            -11.6079
           -4.57438             4.57438
           -16.7434             16.7434
           -1.84291             1.84291
             2.0312             -2.0312
           -11.4196             11.4196
            20.8814            -20.8814
           -3.92999             3.92999
  9.025119999999999  -9.025119999999999
           -6.20684             6.20684
            -15.232              15.232
           -11.8665             11.8665
           -17.6226             17.6226
            13.4212            -13.4212
            4.85981            -4.85981
            7.66519            -7.66519
           -5.88415             5.88415
           -20.1753             20.1753
 -9.013109999999999   9.013109999999999
           -8.56142             8.56142
           -5.75604             5.75604
           -11.9504             11.9504
           -13.8729             13.8729
           -14.9393             14.9393
            7.29202            -7.29202
            18.3058            -18.3058
           -13.5493             13.5493
           -14.3936             14.3936
           -14.2912             14.2912
          -0.844237            0.844237
           -13.7036             13.7036
            11.1622            -11.1622
            -5.8712              5.8712
            7.83241            -7.83241
           -11.7198             11.7198
            17.7905            -17.7905
           -7.94902             7.94902
            11.3354            -11.3354
           -6.45512             6.45512
            11.6713            -11.6713
           -2.98891             2.98891
            19.2425            -19.2425
           -11.5579             11.5579
            3.91327            -3.91327
            15.4711            -15.4711
            4.64052            -4.64052
           -14.1527             14.1527
            11.2782            -11.2782
            18.1265            -18.1265
           -15.7007             15.7007
 -8.852460000000001   8.852460000000001
            11.5441            -11.5441
           -6.75263             6.75263
            13.7783            -13.7783
            2.47527            -2.47527
            12.8283            -12.8283
            6.84824            -6.84824
            8.94807            -8.94807
           -4.08545             4.08545
           -10.8306             10.8306
            20.3966            -20.3966
            7.57113            -7.57113
           -12.8255             12.8255
           -1.81172             1.81172
            13.0887            -13.0887
            13.7418            -13.7418
            1.28415            -1.28415
           -13.0335             13.0335
            9.22791            -9.22791
            7.36787            -7.36787
            -11.303              11.303
            12.1389            -12.1389
          -0.949995            0.949995
            -1.0018              1.0018
            10.0688            -10.0688
             12.226             -12.226
           -13.2333             13.2333
            7.06741            -7.06741
            5.48072            -5.48072
            8.69276            -8.69276
           -13.0339             13.0339
            4.33507            -4.33507
            -8.5669              8.5669
            11.8718            -11.8718
           -10.8248             10.8248
            1.27968            -1.27968
            -12.902              12.902
            7.53672            -7.53672
           -2.25795             2.25795
            7.33246            -7.33246
           -6.68689             6.68689
           -11.8078             11.8078
            11.6148            -11.6148
            4.28237            -4.28237
            1.57808            -1.57808
            12.5134            -12.5134
            14.6369            -14.6369
            11.2547            -11.2547
  8.402979999999999  -8.402979999999999
            6.96999            -6.96999
            6.83434            -6.83434
            15.8941            -15.8941
           -4.29611             4.29611
            14.4511            -14.4511
            12.4835            -12.4835
           -14.4122             14.4122
            4.95329            -4.95329
           -4.16739             4.16739
           -1.27433             1.27433
           -11.9733             11.9733
            9.65741            -9.65741
            19.7882            -19.7882
           -10.6661             10.6661
            6.31728            -6.31728
           -6.69222             6.69222
           -13.3104             13.3104
            10.1308            -10.1308
           -20.3235             20.3235
            -10.699              10.699
            18.2127            -18.2127
            8.78097            -8.78097
           -13.4709             13.4709
  8.081950000000001  -8.081950000000001
            9.62449            -9.62449
           -6.08372             6.08372
           -17.4104             17.4104
           -10.3311             10.3311
           -2.64434             2.64434
           -15.7082             15.7082
           -11.3267             11.3267
            -12.172              12.172
            -6.7537              6.7537
            14.2532            -14.2532
           -6.06909             6.06909
            3.87693            -3.87693
           -15.8755             15.8755
           -3.00582             3.00582
            18.0285            -18.0285
            9.47189            -9.47189
  9.450189999999999  -9.450189999999999
           -2.09327             2.09327
           -16.1623             16.1623
           -9.91377             9.91377
            11.0797            -11.0797
           -10.3763             10.3763
           0.260637           -0.260637
  9.946020000000001  -9.946020000000001
            12.4777            -12.4777
           -6.90795             6.90795
           -9.80645             9.80645
  8.148070000000001  -8.148070000000001
           -10.3677             10.3677
           -10.8191             10.8191
             2.5317             -2.5317
            10.6369            -10.6369
           -18.5158             18.5158
 -9.713340000000001   9.713340000000001
            4.13407            -4.13407
 -8.556570000000001   8.556570000000001
          -0.451372            0.451372
  8.802429999999999  -8.802429999999999
           -8.57827             8.57827
            8.10519            -8.10519
           -5.06696             5.06696
            8.78045            -8.78045
            12.3261            -12.3261
            5.32617            -5.32617
           -11.0622             11.0622
           -12.5711             12.5711
            13.8474            -13.8474
           -5.99527             5.99527
           -17.3807             17.3807
            11.4121            -11.4121
  9.903219999999999  -9.903219999999999
          0.0266423          -0.0266423
           -20.4988             20.4988
           -11.5168             11.5168
           -15.7941             15.7941
            3.54568            -3.54568
            11.4784            -11.4784
           -9.74493             9.74493
  8.686260000000001  -8.686260000000001
           -5.86474             5.86474
            9.83259            -9.83259
           -1.81225             1.81225
             16.373             -16.373
           -6.99996             6.99996
            3.88019            -3.88019
            7.93268            -7.93268
           -17.8973             17.8973
            10.8802            -10.8802
           -7.97719             7.97719
             6.4359             -6.4359
           -1.50886             1.50886
           -11.3854             11.3854
           -11.5435             11.5435
            8.98194            -8.98194
           -5.08709             5.08709
           -10.5812             10.5812
           -9.24127             9.24127
            4.70468            -4.70468
            -14.069              14.069
            7.07931            -7.07931
           -7.47169             7.47169
          -0.845329            0.845329
           -11.9159             11.9159
            -14.551              14.551
            7.68675            -7.68675
           -4.44425             4.44425
            5.41831            -5.41831
           -11.0706             11.0706
            4.12118            -4.12118
           -13.2169             13.2169
            15.4477            -15.4477
            10.3268            -10.3268
           -4.94515             4.94515
           -5.12092             5.12092
            9.25325            -9.25325
            21.7991            -21.7991
            18.3017            -18.3017
           -13.6552             13.6552
           -18.3826             18.3826
           -1.10935             1.10935
           -1.64758             1.64758
            11.3184            -11.3184
            12.8864            -12.8864
           -4.72742             4.72742
            12.5459            -12.5459
            4.39219            -4.39219
             16.735             -16.735
           -14.6808             14.6808
           -3.49737             3.49737
            13.9957            -13.9957
  9.827220000000001  -9.827220000000001
           -10.0456             10.0456
           -14.0542             14.0542
            2.29724            -2.29724
            13.3103            -13.3103
           -2.81489             2.81489
            -4.0086              4.0086
            12.3429            -12.3429
           -14.7575             14.7575
           -10.7489             10.7489
           -4.82154             4.82154
            11.2393            -11.2393
            5.74993            -5.74993
             11.013             -11.013
             12.966             -12.966
            1.95298            -1.95298
             17.081             -17.081
            1.56793            -1.56793
            20.1134            -20.1134
           -9.28069             9.28069
            -15.513              15.513
            3.03244            -3.03244
            10.0082            -10.0082
            13.3246            -13.3246
            10.5715            -10.5715
-0.6990189999999999  0.6990189999999999
           -5.35598             5.35598
            15.4234            -15.4234
            3.48541            -3.48541
           -10.8454             10.8454
           -6.23236             6.23236
            2.93221            -2.93221
           -10.4009             10.4009
            19.2889            -19.2889
            -4.1685              4.1685
           -13.3331             13.3331
            -5.4894              5.4894
            -1.4192              1.4192
           -17.9382             17.9382
           -7.29887             7.29887
           -12.0124             12.0124
           -11.8895             11.8895
            6.74163            -6.74163
           -11.7605             11.7605
           -4.72017             4.72017
            17.8086            -17.8086
            17.3131            -17.3131
           -1.35778             1.35778
             7.0814             -7.0814
            16.6791            -16.6791
            15.4468            -15.4468
            15.8954            -15.8954
            10.4013            -10.4013
  8.365360000000001  -8.365360000000001
           -12.2971             12.2971
            6.24853            -6.24853
           -5.49406             5.49406
           -7.53001             7.53001
            12.5462            -12.5462
           -1.23239             1.23239
            9.64766            -9.64766
           -13.7785             13.7785
            -2.8985              2.8985
            1.33988            -1.33988
           -16.1823             16.1823
            -12.169              12.169
           -1.06643             1.06643
           -17.0334             17.0334
            11.0137            -11.0137
            14.9005            -14.9005
           0.653049           -0.653049
            11.5571            -11.5571
           0.631291           -0.631291
           -12.4576             12.4576
             10.904             -10.904
           -18.6709             18.6709
            4.77105            -4.77105
           -10.5921             10.5921
            12.1045            -12.1045
           -13.0095             13.0095
           -5.92607             5.92607
           -5.45707             5.45707
            13.1586            -13.1586
           -11.6448             11.6448
            6.54042            -6.54042
            7.08342            -7.08342
            -6.6182              6.6182
            7.78698            -7.78698
            14.4131            -14.4131
            6.62612            -6.62612
            4.61803            -4.61803
            14.2856            -14.2856
            14.4708            -14.4708
            9.05978            -9.05978
           0.140032           -0.140032
           -11.1305             11.1305
            -11.938              11.938
           -4.59058             4.59058
           -5.41104             5.41104
            7.34739            -7.34739
           -14.3308             14.3308
            12.6355            -12.6355
            12.7584            -12.7584
           -7.10852             7.10852
           0.122944           -0.122944
            2.19213            -2.19213
             18.754             -18.754
  9.300649999999999  -9.300649999999999
            7.37594            -7.37594
           -19.2672             19.2672
            -8.9945              8.9945
             13.946             -13.946
           -16.3704             16.3704
            6.57001            -6.57001
           -13.0889             13.0889
            10.2727            -10.2727
           -11.2705             11.2705
             3.4366             -3.4366
           -17.8404             17.8404
           -12.4275             12.4275
           -2.57803             2.57803
           -10.7205             10.7205
            5.41285            -5.41285
            1.38014            -1.38014
            16.1333            -16.1333
            14.7532            -14.7532
            7.64438            -7.64438
            13.0399            -13.0399
