           0.661754           -0.661754
  9.015090000000001  -9.015090000000001
 -9.120570000000001   9.120570000000001
           -11.6793             11.6793
  9.053229999999999  -9.053229999999999
  8.099410000000001  -8.099410000000001
           -4.53782             4.53782
           -10.7619             10.7619
           -9.44741             9.44741
           0.917342           -0.917342
             -11.44               11.44
           -5.94781             5.94781
            4.65879            -4.65879
            10.3648            -10.3648
 -8.955730000000001   8.955730000000001
            -5.5566              5.5566
            5.49215            -5.49215
           -10.7293             10.7293
            3.39913            -3.39913
           -6.12308             6.12308
           -9.50282             9.50282
           -5.57224             5.57224
            4.60625            -4.60625
           -11.8636             11.8636
            3.93058            -3.93058
           -6.66912             6.66912
 -9.525119999999999   9.525119999999999
           -5.27266             5.27266
            5.19451            -5.19451
           -8.10562             8.10562
            4.25245            -4.25245
           -5.78172             5.78172
           -9.74694             9.74694
           -7.21159             7.21159
             2.3239             -2.3239
           -11.4217             11.4217
            2.53535            -2.53535
           -5.33211             5.33211
           -13.1878             13.1878
            6.08956            -6.08956
           -8.03219             8.03219
           -9.06293             9.06293
           -3.84269             3.84269
            5.15565            -5.15565
           -8.26459             8.26459
            5.22023            -5.22023
            -5.3119              5.3119
           -11.7608             11.7608
           -6.56465             6.56465
            2.95268            -2.95268
           -9.45745             9.45745
            5.19615            -5.19615
           -4.26324             4.26324
           -8.82278             8.82278
           -6.00119             6.00119
             5.1942             -5.1942
           -10.5929             10.5929
            2.82158            -2.82158
           -6.28538             6.28538
           -9.58081             9.58081
           -6.09325             6.09325
            4.30753            -4.30753
           -12.2901             12.2901
            3.48756            -3.48756
           -6.93241             6.93241
 -8.840260000000001   8.840260000000001
           -5.53741             5.53741
            5.35768            -5.35768
           -10.4316             10.4316
            3.30284            -3.30284
           -5.81611             5.81611
 -8.860429999999999   8.860429999999999
           -6.11277             6.11277
             4.6155             -4.6155
           -10.9473             10.9473
            2.74766            -2.74766
           -7.01523             7.01523
           -10.5622             10.5622
           -6.11593             6.11593
            3.93209            -3.93209
           -9.67001             9.67001
 -9.552049999999999   9.552049999999999
            4.44627            -4.44627
           -9.53533             9.53533
           -10.4891             10.4891
           0.117959           -0.117959
          -0.953813            0.953813
            -1.2337              1.2337
           -12.6372             12.6372
            10.6071            -10.6071
           -1.63482             1.63482
           -11.4035             11.4035
            11.8408            -11.8408
            9.05603            -9.05603
           -13.3252             13.3252
           -1.23308             1.23308
            10.6908            -10.6908
           -11.6904             11.6904
           -8.99489             8.99489
            -1.1241              1.1241
            11.5172            -11.5172
            11.9239            -11.9239
           -7.76182             7.76182
           -1.37748             1.37748
            12.6413            -12.6413
            7.41334            -7.41334
           -6.63772             6.63772
           -8.36552             8.36552
           -1.43538             1.43538
           -10.8594             10.8594
            11.2991            -11.2991
            8.79082            -8.79082
           -6.98803             6.98803
            -1.1928              1.1928
 -9.424010000000001   9.424010000000001
            12.7345            -12.7345
            15.7286            -15.7286
           -1.38821             1.38821
 -8.231210000000001   8.231210000000001
           -17.1016             17.1016
            14.6566            -14.6566
           -15.2298             15.2298
            16.9214            -16.9214
           -1.38281             1.38281
           -15.7134             15.7134
           -12.4625             12.4625
            16.0448            -16.0448
           -16.8209             16.8209
            8.68317            -8.68317
           -1.44939             1.44939
           -11.0797             11.0797
             10.066             -10.066
           -1.45661             1.45661
            8.19242            -8.19242
            16.8614            -16.8614
           -9.63031             9.63031
            14.8946            -14.8946
           -16.4248             16.4248
            11.5154            -11.5154
           -1.36365             1.36365
           -12.3902             12.3902
            9.64903            -9.64903
           -14.9682             14.9682
           -1.37131             1.37131
           -11.0265             11.0265
            11.0127            -11.0127
           -8.55109             8.55109
           -1.38593             1.38593
           -12.5077             12.5077
             12.384             -12.384
            15.4088            -15.4088
            16.6263            -16.6263
           -7.17978             7.17978
           -1.34979             1.34979
           -11.1218             11.1218
  8.073079999999999  -8.073079999999999
            16.7948            -16.7948
            14.8465            -14.8465
           -16.7296             16.7296
           -1.37607             1.37607
            9.42287            -9.42287
           -16.2012             16.2012
           -15.3798             15.3798
           -1.34713             1.34713
            10.7989            -10.7989
           -14.8251             14.8251
           -10.1088             10.1088
            -1.4977              1.4977
            14.8941            -14.8941
            12.1461            -12.1461
            16.4032            -16.4032
 -8.761649999999999   8.761649999999999
           -1.37265             1.37265
           -14.7989             14.7989
            16.3918            -16.3918
            14.9999            -14.9999
           -10.3791             10.3791
           -7.26395             7.26395
           -1.56749             1.56749
            10.8009            -10.8009
            16.3726            -16.3726
           -9.00647             9.00647
            -1.1057              1.1057
           -15.1958             15.1958
           -12.0918             12.0918
            12.3684            -12.3684
           -16.3462             16.3462
              6.969              -6.969
           -7.43898             7.43898
           -1.03926             1.03926
           -10.9861             10.9861
            10.3483            -10.3483
            8.07469            -8.07469
           -1.70648             1.70648
 -9.946859999999999   9.946859999999999
            11.3875            -11.3875
             14.147             -14.147
           -1.13707             1.13707
           -16.3126             16.3126
           -8.24038             8.24038
            14.8668            -14.8668
           -14.5647             14.5647
            15.8535            -15.8535
           -1.36602             1.36602
           -12.9818             12.9818
           -15.1755             15.1755
            16.0039            -16.0039
            14.8028            -14.8028
           -17.9771             17.9771
           -1.48336             1.48336
           -11.6158             11.6158
            10.5869            -10.5869
            16.1689            -16.1689
  8.353339999999999  -8.353339999999999
           -9.78232             9.78232
           -10.1324             10.1324
            12.0702            -12.0702
            10.7034            -10.7034
            3.71688            -3.71688
            9.94407            -9.94407
  9.942550000000001  -9.942550000000001
          -0.759335            0.759335
            11.4243            -11.4243
            6.44309            -6.44309
           -4.40804             4.40804
           -10.7019             10.7019
  8.827859999999999  -8.827859999999999
           -4.98119             4.98119
            4.00296            -4.00296
            10.5155            -10.5155
            -4.8249              4.8249
            6.56318            -6.56318
             9.8698             -9.8698
            6.16809            -6.16809
            11.8994            -11.8994
           -3.95232             3.95232
            11.2863            -11.2863
            2.02964            -2.02964
            12.4897            -12.4897
           -1.18541             1.18541
            7.28039            -7.28039
 -9.256629999999999   9.256629999999999
  9.620839999999999  -9.620839999999999
            4.34921            -4.34921
           -5.20928             5.20928
            8.34773            -8.34773
           -5.27162             5.27162
            4.94934            -4.94934
            11.1614            -11.1614
            5.91554            -5.91554
           -3.39839             3.39839
  8.692460000000001  -8.692460000000001
           -5.24586             5.24586
            4.78377            -4.78377
  9.237719999999999  -9.237719999999999
             6.8586             -6.8586
           -3.90869             3.90869
            10.9534            -10.9534
           -2.37912             2.37912
            6.00937            -6.00937
             9.5886             -9.5886
            5.96523            -5.96523
           -4.94398             4.94398
            12.3296            -12.3296
           -3.62338             3.62338
            7.29705            -7.29705
  8.934990000000001  -8.934990000000001
            5.75038            -5.75038
           -5.03255             5.03255
            10.4025            -10.4025
           -3.18461             3.18461
            5.92914            -5.92914
  9.363580000000001  -9.363580000000001
            5.83615            -5.83615
           -4.47341             4.47341
             10.954             -10.954
           -3.52743             3.52743
            6.90302            -6.90302
            10.7551            -10.7551
            5.45445            -5.45445
           -4.05099             4.05099
            8.66926            -8.66926
            5.44743            -5.44743
           -5.30064             5.30064
            10.8694            -10.8694
           -3.22183             3.22183
            6.17752            -6.17752
            10.1845            -10.1845
            5.86413            -5.86413
           -4.69188             4.69188
            10.8602            -10.8602
           -4.32036             4.32036
            7.46619            -7.46619
            9.21781            -9.21781
            8.86773            -8.86773
           -3.39402             3.39402
          -0.350081            0.350081
           -12.2617             12.2617
           -4.99536             4.99536
            10.9155            -10.9155
            4.59114            -4.59114
             6.6611             -6.6611
           -10.1315             10.1315
           -4.72362             4.72362
           -6.28308             6.28308
            11.0173            -11.0173
  8.164759999999999  -8.164759999999999
            13.4927            -13.4927
            1.82581            -1.82581
           -6.34122             6.34122
           -7.62121             7.62121
            11.3906            -11.3906
            6.92169            -6.92169
            4.39199            -4.39199
           -3.85059             3.85059
           -10.6081             10.6081
 -8.890650000000001   8.890650000000001
            -1.9217              1.9217
           -11.9301             11.9301
           -6.22412             6.22412
            6.22718            -6.22718
              5.582              -5.582
           -11.5794             11.5794
 -8.453580000000001   8.453580000000001
           0.804299           -0.804299
            -13.853              13.853
            5.15953            -5.15953
            11.3431            -11.3431
            5.05517            -5.05517
           -10.9538             10.9538
           -4.25167             4.25167
           -6.71153             6.71153
  8.489380000000001  -8.489380000000001
            4.70693            -4.70693
  8.855510000000001  -8.855510000000001
           -10.7358             10.7358
           -8.01614             8.01614
           -13.2441             13.2441
            4.08998            -4.08998
             0.6656             -0.6656
            10.3023            -10.3023
            11.5698            -11.5698
           -6.79385             6.79385
            7.20447            -7.20447
            2.12072            -2.12072
 -9.578620000000001   9.578620000000001
            13.5148            -13.5148
           -5.29079             5.29079
            1.74786            -1.74786
           -14.8969             14.8969
           -13.1354             13.1354
           -2.80166             2.80166
            -7.5669              7.5669
            -1.1504              1.1504
           -16.4787             16.4787
           -14.0946             14.0946
           -2.57702             2.57702
             7.7568             -7.7568
           -6.32432             6.32432
           -4.25436             4.25436
            11.0181            -11.0181
            4.22364            -4.22364
           -10.4386             10.4386
            6.65977            -6.65977
           -2.01617             2.01617
           -10.1577             10.1577
           -2.57802             2.57802
            2.47543            -2.47543
           -9.19149             9.19149
            5.32797            -5.32797
            -13.492              13.492
           -5.60776             5.60776
            -14.506              14.506
           -1.21866             1.21866
           -11.9909             11.9909
            6.15386            -6.15386
            8.84938            -8.84938
           -7.32344             7.32344
            7.12158            -7.12158
           -4.46888             4.46888
           -6.99858             6.99858
            3.87136            -3.87136
            1.87181            -1.87181
           -1.10748             1.10748
           -11.4108             11.4108
           -9.78342             9.78342
            10.6109            -10.6109
           -1.20101             1.20101
            9.71368            -9.71368
 0.9866780000000001 -0.9866780000000001
            12.3837            -12.3837
           -2.27357             2.27357
            2.75946            -2.75946
           -5.39941             5.39941
            13.6131            -13.6131
            5.57164            -5.57164
            6.70216            -6.70216
            4.24231            -4.24231
           -1.96686             1.96686
            10.7742            -10.7742
            5.72372            -5.72372
             11.297             -11.297
           -5.34608             5.34608
           -11.0906             11.0906
           -6.83341             6.83341
            5.31252            -5.31252
           -4.31714             4.31714
            6.94913            -6.94913
            7.31214            -7.31214
           -2.50828             2.50828
            11.4014            -11.4014
            2.99411            -2.99411
           -5.22791             5.22791
            12.1061            -12.1061
           0.406773           -0.406773
             4.6946             -4.6946
            13.9983            -13.9983
           -2.78477             2.78477
            -3.7463              3.7463
           -13.2963             13.2963
           -11.2587             11.2587
           -5.91405             5.91405
            4.41976            -4.41976
            7.53492            -7.53492
           -6.79448             6.79448
           -4.35835             4.35835
            1.50915            -1.50915
            13.6551            -13.6551
           -1.39188             1.39188
            7.70447            -7.70447
            11.0632            -11.0632
            3.70813            -3.70813
            2.26477            -2.26477
           -7.36167             7.36167
            4.25718            -4.25718
            6.77346            -6.77346
           -1.94824             1.94824
            1.21745            -1.21745
            12.6359            -12.6359
  9.318020000000001  -9.318020000000001
           0.821433           -0.821433
           -11.1114             11.1114
           -6.56485             6.56485
            4.71637            -4.71637
           -11.6236             11.6236
           -1.48419             1.48419
  9.888199999999999  -9.888199999999999
            7.76673            -7.76673
           -3.61715             3.61715
           -7.32999             7.32999
           -1.15429             1.15429
            7.17642            -7.17642
            7.73773            -7.73773
             -7.948               7.948
           -1.94612             1.94612
            1.52605            -1.52605
            5.79895            -5.79895
           -5.76692             5.76692
           -6.98167             6.98167
            11.5937            -11.5937
           -2.59861             2.59861
            8.03449            -8.03449
  8.108610000000001  -8.108610000000001
           -3.61813             3.61813
           -9.90044             9.90044
           -6.86611             6.86611
            12.4446            -12.4446
            16.9015            -16.9015
          -0.956392            0.956392
            7.29577            -7.29577
            1.60065            -1.60065
            -8.9884              8.9884
           -10.8398             10.8398
           -8.85615             8.85615
           -10.2864             10.2864
             1.8409             -1.8409
            1.01681            -1.01681
            11.5193            -11.5193
            6.31037            -6.31037
             10.048             -10.048
           -9.31476             9.31476
           -12.9442             12.9442
           -10.7723             10.7723
            8.34024            -8.34024
           -13.2826             13.2826
            -1.4104              1.4104
           -12.2615             12.2615
           -8.28586             8.28586
            7.57375            -7.57375
            1.25977            -1.25977
  9.037520000000001  -9.037520000000001
            12.7411            -12.7411
           -14.6623             14.6623
           -6.61347             6.61347
            8.04879            -8.04879
           0.280929           -0.280929
           -1.39823             1.39823
           -14.8191             14.8191
           -10.0619             10.0619
 -8.675940000000001   8.675940000000001
            12.1459            -12.1459
           -5.95062             5.95062
            6.39346            -6.39346
            12.5806            -12.5806
            1.99962            -1.99962
            11.2663            -11.2663
            11.4185            -11.4185
           -1.74439             1.74439
           -11.0669             11.0669
            -2.5243              2.5243
            6.23359            -6.23359
             7.1077             -7.1077
 -9.158250000000001   9.158250000000001
           -10.9092             10.9092
            10.9204            -10.9204
            12.8607            -12.8607
            2.21415            -2.21415
           -10.7673             10.7673
           -4.36543             4.36543
            10.1395            -10.1395
  8.388489999999999  -8.388489999999999
            4.29366            -4.29366
            11.7865            -11.7865
            8.71922            -8.71922
 -9.131539999999999   9.131539999999999
            -10.556              10.556
          -0.800835            0.800835
            10.8238            -10.8238
            9.39935            -9.39935
             4.0301             -4.0301
           -10.7481             10.7481
           -5.45333             5.45333
             1.6001             -1.6001
           -8.43407             8.43407
           -11.0303             11.0303
 -9.401529999999999   9.401529999999999
           -13.9817             13.9817
            13.8146            -13.8146
            11.7396            -11.7396
            2.57245            -2.57245
            8.73709            -8.73709
            10.1785            -10.1785
           -10.5997             10.5997
           -10.9273             10.9273
           0.229373           -0.229373
           -10.9636             10.9636
 -9.522209999999999   9.522209999999999
          -0.896001            0.896001
            10.3419            -10.3419
            11.0488            -11.0488
            10.0163            -10.0163
            11.5475            -11.5475
           -2.17763             2.17763
           -11.1775             11.1775
 -8.008039999999999   8.008039999999999
           0.457763           -0.457763
            10.6331            -10.6331
            5.73135            -5.73135
            -4.2675              4.2675
           -10.1204             10.1204
            8.66381            -8.66381
            10.4008            -10.4008
             -10.42               10.42
             -11.13               11.13
           -1.92523             1.92523
            11.1954            -11.1954
            4.45695            -4.45695
           -10.8439             10.8439
           -9.10697             9.10697
            2.23857            -2.23857
 -8.293559999999999   8.293559999999999
           -10.8621             10.8621
           -7.75609             7.75609
            3.64341            -3.64341
            10.8143            -10.8143
            12.2893            -12.2893
           -13.5005             13.5005
            -2.7606              2.7606
 -9.762879999999999   9.762879999999999
            9.36674            -9.36674
            10.7283            -10.7283
           -10.4805             10.4805
           -9.11895             9.11895
            10.8951            -10.8951
          -0.802034            0.802034
            10.1851            -10.1851
           -10.8511             10.8511
            8.98415            -8.98415
           -8.87707             8.87707
           -10.3096             10.3096
            10.4305            -10.4305
          -0.899081            0.899081
            8.44285            -8.44285
            10.5462            -10.5462
            9.11375            -9.11375
           -10.7829             10.7829
 -8.842689999999999   8.842689999999999
            1.22374            -1.22374
           -1.59305             1.59305
            -10.907              10.907
  8.436579999999999  -8.436579999999999
           -8.76684             8.76684
            14.8384            -14.8384
            5.69167            -5.69167
             1.4952             -1.4952
            11.0307            -11.0307
           -13.2197             13.2197
  8.434469999999999  -8.434469999999999
           -6.37225             6.37225
           -2.08534             2.08534
           -10.6897             10.6897
           -10.0342             10.0342
            10.4672            -10.4672
            10.1395            -10.1395
             10.221             -10.221
            1.53125            -1.53125
 -9.558490000000001   9.558490000000001
            1.66537            -1.66537
            11.1827            -11.1827
           -7.79402             7.79402
            8.61421            -8.61421
            -2.5608              2.5608
           -6.74641             6.74641
           -10.5321             10.5321
  8.575749999999999  -8.575749999999999
  8.998340000000001  -8.998340000000001
           -6.29384             6.29384
           -6.93903             6.93903
            3.97566            -3.97566
 -9.313929999999999   9.313929999999999
            10.0296            -10.0296
  9.535489999999999  -9.535489999999999
           -7.86746             7.86746
  9.517329999999999  -9.517329999999999
 -9.459390000000001   9.459390000000001
            2.14014            -2.14014
           -8.68971             8.68971
            6.40185            -6.40185
           -2.59623             2.59623
            6.84747            -6.84747
            2.53001            -2.53001
           -7.69687             7.69687
           -7.27428             7.27428
           -2.56849             2.56849
           -6.73844             6.73844
            1.04761            -1.04761
            3.89016            -3.89016
           -6.93969             6.93969
            15.4522            -15.4522
            -10.678              10.678
           -3.79563             3.79563
            5.10003            -5.10003
          -0.127429            0.127429
           -12.1706             12.1706
            12.2445            -12.2445
            8.53167            -8.53167
            -9.2742              9.2742
            3.55484            -3.55484
           -10.5198             10.5198
           -2.95135             2.95135
           -14.1217             14.1217
            -11.175              11.175
            3.10596            -3.10596
          0.0591054          -0.0591054
            12.0308            -12.0308
            7.84516            -7.84516
            3.94457            -3.94457
 -8.102539999999999   8.102539999999999
 -9.546659999999999   9.546659999999999
           -10.8299             10.8299
            11.5621            -11.5621
            14.4585            -14.4585
  8.659090000000001  -8.659090000000001
           -9.14677             9.14677
            4.05553            -4.05553
            4.24794            -4.24794
           -10.8391             10.8391
           -6.05251             6.05251
           -9.68671             9.68671
  9.566879999999999  -9.566879999999999
  9.856909999999999  -9.856909999999999
            7.78606            -7.78606
           -9.60577             9.60577
             14.281             -14.281
           -4.18561             4.18561
            -8.0862              8.0862
            2.23081            -2.23081
           -3.73829             3.73829
           -13.7251             13.7251
           -10.3522             10.3522
            2.89642            -2.89642
            15.7255            -15.7255
            4.42982            -4.42982
            7.37219            -7.37219
           -1.23219             1.23219
            9.41272            -9.41272
           -3.58171             3.58171
           -11.9256             11.9256
           -8.53698             8.53698
           -4.58012             4.58012
            -10.108              10.108
             11.974             -11.974
            5.51135            -5.51135
            2.43874            -2.43874
            13.8382            -13.8382
           -9.61143             9.61143
          0.0119645          -0.0119645
            9.02502            -9.02502
          -0.961821            0.961821
           -9.88758             9.88758
            15.9074            -15.9074
            6.52215            -6.52215
            -2.2664              2.2664
           -12.9823             12.9823
            7.56845            -7.56845
 -8.604380000000001   8.604380000000001
            2.04053            -2.04053
            11.3995            -11.3995
           -12.0502             12.0502
            8.64594            -8.64594
           -6.35877             6.35877
            6.70442            -6.70442
             10.093             -10.093
           -13.8263             13.8263
 -9.986840000000001   9.986840000000001
            6.88236            -6.88236
           -8.99987             8.99987
 -8.925750000000001   8.925750000000001
           -1.62622             1.62622
           -11.0114             11.0114
             14.063             -14.063
            7.26944            -7.26944
           -9.78237             9.78237
           -1.01585             1.01585
            12.2779            -12.2779
          0.0741195          -0.0741195
            3.16947            -3.16947
           -4.90175             4.90175
           -11.7267             11.7267
           -3.09471             3.09471
           -9.38523             9.38523
  8.895659999999999  -8.895659999999999
             8.4658             -8.4658
           -8.07122             8.07122
           -14.1803             14.1803
            10.9099            -10.9099
            6.15987            -6.15987
              -5.32                5.32
           -13.9588             13.9588
            0.02441            -0.02441
            8.63203            -8.63203
            1.78501            -1.78501
            -6.2823              6.2823
 -9.100490000000001   9.100490000000001
-0.8972560000000001  0.8972560000000001
           -9.62425             9.62425
            8.64838            -8.64838
            12.3677            -12.3677
            4.25087            -4.25087
            11.3941            -11.3941
           -7.41151             7.41151
            6.21236            -6.21236
            14.2397            -14.2397
            4.28783            -4.28783
 -8.041460000000001   8.041460000000001
            1.05489            -1.05489
             13.399             -13.399
             6.1836             -6.1836
            10.9042            -10.9042
            8.17719            -8.17719
            0.39117            -0.39117
           -8.40727             8.40727
            7.88421            -7.88421
           -4.04867             4.04867
            -8.9285              8.9285
           -1.01401             1.01401
             2.8456             -2.8456
            10.7399            -10.7399
            3.73765            -3.73765
          -0.645183            0.645183
            10.9147            -10.9147
  9.545629999999999  -9.545629999999999
            2.39557            -2.39557
           -10.8008             10.8008
           -7.83521             7.83521
  8.429589999999999  -8.429589999999999
            6.73975            -6.73975
           -5.52792             5.52792
           -10.2269             10.2269
 -8.751860000000001   8.751860000000001
           -7.30479             7.30479
           -8.78856             8.78856
            1.22908            -1.22908
            -7.2902              7.2902
           -6.79358             6.79358
            7.98845            -7.98845
           -1.78514             1.78514
            10.4941            -10.4941
           -9.85735             9.85735
              -1.83                1.83
 -8.589869999999999   8.589869999999999
            7.49463            -7.49463
            12.6217            -12.6217
           0.184975           -0.184975
            8.69604            -8.69604
             10.317             -10.317
           -12.0471             12.0471
           -13.1963             13.1963
            6.03402            -6.03402
            1.47503            -1.47503
           0.422594           -0.422594
            1.44707            -1.44707
            7.13227            -7.13227
           -3.58361             3.58361
           -10.4306             10.4306
            2.89863            -2.89863
            8.63062            -8.63062
             14.782             -14.782
            8.02735            -8.02735
            1.26747            -1.26747
  9.324619999999999  -9.324619999999999
            7.89434            -7.89434
           -2.72702             2.72702
  8.774850000000001  -8.774850000000001
           -1.43029             1.43029
            5.12704            -5.12704
  9.872960000000001  -9.872960000000001
            12.1273            -12.1273
            -12.039              12.039
           -15.2801             15.2801
           -15.9647             15.9647
  9.348190000000001  -9.348190000000001
            2.32573            -2.32573
           -2.57798             2.57798
            11.9708            -11.9708
           -3.92562             3.92562
            9.46106            -9.46106
            4.74592            -4.74592
           -4.28299             4.28299
  9.623390000000001  -9.623390000000001
           -6.51612             6.51612
            7.39026            -7.39026
 -8.205959999999999   8.205959999999999
            7.19812            -7.19812
            10.5862            -10.5862
            9.43698            -9.43698
           0.889916           -0.889916
           -5.84612             5.84612
          0.0942931          -0.0942931
           -14.0719             14.0719
           -10.7159             10.7159
            1.49836            -1.49836
            5.00917            -5.00917
 -9.242100000000001   9.242100000000001
             1.7969             -1.7969
           -7.93531             7.93531
           -8.43455             8.43455
             10.004             -10.004
             8.7684             -8.7684
           -12.2722             12.2722
  9.518969999999999  -9.518969999999999
           -0.87758             0.87758
            -11.005              11.005
  8.622479999999999  -8.622479999999999
          -0.164302            0.164302
           -1.14922             1.14922
 -9.696289999999999   9.696289999999999
           -1.44413             1.44413
           -14.2513             14.2513
           -8.51928             8.51928
            8.76652            -8.76652
            4.99478            -4.99478
           -3.82901             3.82901
            -11.615              11.615
           -4.98984             4.98984
            7.67285            -7.67285
            7.11808            -7.11808
 -9.342689999999999   9.342689999999999
            2.96554            -2.96554
            8.25216            -8.25216
           -6.73604             6.73604
           -9.88344             9.88344
            8.53647            -8.53647
           0.310659           -0.310659
            -6.8126              6.8126
            5.38907            -5.38907
           -4.19003             4.19003
 -8.225809999999999   8.225809999999999
            -3.1474              3.1474
           -7.78602             7.78602
            11.5019            -11.5019
             6.6252             -6.6252
           -7.35508             7.35508
           -1.78179             1.78179
 -8.798439999999999   8.798439999999999
            5.32879            -5.32879
           -3.29326             3.29326
           -13.8316             13.8316
            11.7717            -11.7717
            10.2878            -10.2878
          -0.694757            0.694757
           -6.98478             6.98478
           -8.92981             8.92981
           -8.40699             8.40699
            1.26722            -1.26722
            12.1079            -12.1079
           0.522818           -0.522818
           0.366135           -0.366135
             10.197             -10.197
            5.57329            -5.57329
           -11.0698             11.0698
            5.47271            -5.47271
            14.5726            -14.5726
 -8.693519999999999   8.693519999999999
            5.95051            -5.95051
           -12.9764             12.9764
           -6.20413             6.20413
           -12.7526             12.7526
           -14.8161             14.8161
           -1.95029             1.95029
            11.1523            -11.1523
  9.322480000000001  -9.322480000000001
            8.72673            -8.72673
            -3.3373              3.3373
            9.09985            -9.09985
           -14.1662             14.1662
            12.3082            -12.3082
            3.20838            -3.20838
           -8.62205             8.62205
            16.5302            -16.5302
            6.44294            -6.44294
           -7.12326             7.12326
           -4.28291             4.28291
           -7.45342             7.45342
           -10.8522             10.8522
           -6.70363             6.70363
           -2.36573             2.36573
            3.12726            -3.12726
            9.11312            -9.11312
           -3.31789             3.31789
              10.55              -10.55
            4.14858            -4.14858
            8.48649            -8.48649
            4.16523            -4.16523
           0.363014           -0.363014
            7.48312            -7.48312
           -2.06356             2.06356
           -5.36074             5.36074
            10.8023            -10.8023
            5.24411            -5.24411
           -6.38481             6.38481
            13.3219            -13.3219
             14.575             -14.575
            9.83089            -9.83089
            11.4789            -11.4789
           -9.44702             9.44702
           -1.75097             1.75097
            11.3724            -11.3724
            1.76156            -1.76156
           -7.75849             7.75849
           -7.19718             7.19718
            1.92218            -1.92218
            7.33003            -7.33003
           -3.06733             3.06733
            7.26638            -7.26638
            10.3337            -10.3337
 -9.520049999999999   9.520049999999999
           -1.42446             1.42446
            8.33071            -8.33071
           -6.79371             6.79371
  8.967930000000001  -8.967930000000001
 -9.143129999999999   9.143129999999999
            -1.2226              1.2226
            6.51733            -6.51733
           -2.63937             2.63937
            10.2965            -10.2965
             -2.075               2.075
  9.081720000000001  -9.081720000000001
           -11.2422             11.2422
           -3.32142             3.32142
            1.44139            -1.44139
 -8.507720000000001   8.507720000000001
            10.0676            -10.0676
            6.83441            -6.83441
           -2.19712             2.19712
           -13.3752             13.3752
           -7.58054             7.58054
            11.5019            -11.5019
            3.65733            -3.65733
           -9.03153             9.03153
           -6.75754             6.75754
             4.6675             -4.6675
            13.2347            -13.2347
            7.61309            -7.61309
            5.21107            -5.21107
           -5.25034             5.25034
           -13.6429             13.6429
           -4.53574             4.53574
            7.69226            -7.69226
            9.96625            -9.96625
           -3.48586             3.48586
          -0.709615            0.709615
           -14.0962             14.0962
           -6.33124             6.33124
            2.27399            -2.27399
           -11.1781             11.1781
           -10.6759             10.6759
            1.71748            -1.71748
           -10.6104             10.6104
           -11.5659             11.5659
             5.7947             -5.7947
           -5.62162             5.62162
            12.3933            -12.3933
           -8.02364             8.02364
            4.12144            -4.12144
            7.76501            -7.76501
-0.9554820000000001  0.9554820000000001
 -9.101430000000001   9.101430000000001
           -4.38381             4.38381
           -12.1488             12.1488
            -8.2719              8.2719
            1.62742            -1.62742
            1.74597            -1.74597
            13.6724            -13.6724
           -8.61955             8.61955
           -7.31914             7.31914
            5.30603            -5.30603
           -8.14594             8.14594
           -1.21475             1.21475
           -13.6179             13.6179
            11.9265            -11.9265
            12.1451            -12.1451
           -10.4614             10.4614
 -9.065110000000001   9.065110000000001
  9.407220000000001  -9.407220000000001
            5.83792            -5.83792
           -1.97405             1.97405
           -3.98548             3.98548
           -10.4481             10.4481
            3.93527            -3.93527
           0.218616           -0.218616
            10.1179            -10.1179
            1.97641            -1.97641
 -8.366400000000001   8.366400000000001
  9.295199999999999  -9.295199999999999
           0.902631           -0.902631
 -8.946099999999999   8.946099999999999
           -6.70099             6.70099
            3.94251            -3.94251
            10.6915            -10.6915
            -3.5693              3.5693
            4.71761            -4.71761
           -5.47195             5.47195
          -0.820257            0.820257
           -11.7546             11.7546
           -7.81197             7.81197
            8.28692            -8.28692
  9.899319999999999  -9.899319999999999
 -8.392569999999999   8.392569999999999
             1.3963             -1.3963
           -10.9343             10.9343
           -9.84873             9.84873
            9.10717            -9.10717
  8.848929999999999  -8.848929999999999
            9.93455            -9.93455
            2.69291            -2.69291
           -1.00144             1.00144
           -9.41799             9.41799
           -5.47143             5.47143
            1.08562            -1.08562
           -9.85037             9.85037
            3.94264            -3.94264
           -4.24141             4.24141
           -7.24165             7.24165
            2.24511            -2.24511
            1.41542            -1.41542
            6.05049            -6.05049
           -9.48814             9.48814
           -10.1707             10.1707
            3.35065            -3.35065
            4.63507            -4.63507
            9.48676            -9.48676
 -8.164339999999999   8.164339999999999
           -10.9036             10.9036
            -15.087              15.087
            5.60897            -5.60897
 -8.416550000000001   8.416550000000001
            3.15257            -3.15257
            10.3814            -10.3814
         -0.0473843           0.0473843
           -5.24677             5.24677
 -9.526199999999999   9.526199999999999
            1.15236            -1.15236
           -9.76458             9.76458
           -2.53573             2.53573
            6.67047            -6.67047
 -8.474069999999999   8.474069999999999
           -8.18404             8.18404
 -8.688560000000001   8.688560000000001
            5.51811            -5.51811
  8.552440000000001  -8.552440000000001
           -7.22479             7.22479
            2.69952            -2.69952
            1.46377            -1.46377
            11.3881            -11.3881
            1.73697            -1.73697
            -10.589              10.589
            1.36153            -1.36153
            9.67844            -9.67844
          -0.710039            0.710039
           -1.43249             1.43249
           -9.32249             9.32249
            7.97799            -7.97799
            1.94024            -1.94024
           -1.21791             1.21791
           -11.8644             11.8644
            8.84853            -8.84853
  8.143929999999999  -8.143929999999999
           -13.9859             13.9859
           -3.96363             3.96363
           -10.6465             10.6465
            10.0664            -10.0664
           -2.12147             2.12147
  8.542590000000001  -8.542590000000001
          -0.704599            0.704599
           -2.79354             2.79354
           -13.5444             13.5444
            4.08051            -4.08051
 -9.026669999999999   9.026669999999999
            4.27593            -4.27593
             15.776             -15.776
            11.8624            -11.8624
           -10.7509             10.7509
           -9.24719             9.24719
            6.87405            -6.87405
              9.632              -9.632
            1.50368            -1.50368
           -10.6039             10.6039
 -8.011329999999999   8.011329999999999
            4.51774            -4.51774
           -8.75107             8.75107
           -5.99312             5.99312
            4.90903            -4.90903
            12.8296            -12.8296
            2.94438            -2.94438
           -12.1076             12.1076
          -0.157842            0.157842
           -11.5417             11.5417
            9.86443            -9.86443
             12.457             -12.457
           -10.0865             10.0865
           0.126543           -0.126543
           -11.3839             11.3839
            10.0223            -10.0223
           -3.71284             3.71284
           -8.68966             8.68966
             1.4552             -1.4552
            2.75794            -2.75794
            11.6954            -11.6954
            2.59254            -2.59254
            12.5291            -12.5291
            7.68189            -7.68189
           -12.3304             12.3304
           -4.26953             4.26953
            13.3026            -13.3026
           -4.84718             4.84718
            4.82228            -4.82228
            2.36608            -2.36608
            15.2656            -15.2656
           -11.4301             11.4301
           -8.66634             8.66634
  8.371259999999999  -8.371259999999999
          -0.239313            0.239313
 -9.896599999999999   9.896599999999999
            -13.079              13.079
           -5.59798             5.59798
            4.81387            -4.81387
  9.582649999999999  -9.582649999999999
              6.333              -6.333
            -2.3101              2.3101
           -1.83321             1.83321
            13.1342            -13.1342
            7.83626            -7.83626
            5.80454            -5.80454
           -13.7846             13.7846
           -7.99163             7.99163
            -3.1824              3.1824
 -8.480320000000001   8.480320000000001
             7.5865             -7.5865
  9.669460000000001  -9.669460000000001
           -11.9514             11.9514
          -0.327645            0.327645
            11.1567            -11.1567
           -12.9944             12.9944
            -3.6342              3.6342
            9.36023            -9.36023
           -1.55672             1.55672
           -10.6934             10.6934
           -8.34385             8.34385
           -10.9169             10.9169
  8.860329999999999  -8.860329999999999
           -1.60728             1.60728
           0.221577           -0.221577
           -7.89524             7.89524
  9.096349999999999  -9.096349999999999
            12.3441            -12.3441
            3.25224            -3.25224
           -7.21536             7.21536
            6.18714            -6.18714
  9.812390000000001  -9.812390000000001
           -11.9329             11.9329
            9.72954            -9.72954
           -3.84458             3.84458
            4.84971            -4.84971
 -9.894489999999999   9.894489999999999
 -8.184760000000001   8.184760000000001
             6.7637             -6.7637
           -6.84702             6.84702
           -4.75004             4.75004
            13.3293            -13.3293
           -10.8855             10.8855
            5.58135            -5.58135
          -0.873942            0.873942
           -12.3538             12.3538
            11.7504            -11.7504
             1.8972             -1.8972
           -5.79368             5.79368
            9.45744            -9.45744
           -11.4799             11.4799
            10.3314            -10.3314
           -10.4676             10.4676
            6.56014            -6.56014
           -6.28796             6.28796
           -5.29585             5.29585
            -10.011              10.011
           0.491546           -0.491546
  9.252879999999999  -9.252879999999999
            7.75353            -7.75353
            13.9064            -13.9064
           -1.68984             1.68984
            2.37873            -2.37873
            10.7137            -10.7137
            13.0632            -13.0632
            -7.4675              7.4675
           -7.65965             7.65965
              5.732              -5.732
           0.807554           -0.807554
           -7.74791             7.74791
           0.618408           -0.618408
            7.95177            -7.95177
 -8.551119999999999   8.551119999999999
             8.4808             -8.4808
           -5.36994             5.36994
 -9.195639999999999   9.195639999999999
          -0.684569            0.684569
            14.8953            -14.8953
            17.6058            -17.6058
          -0.963631            0.963631
           -9.75041             9.75041
            8.51107            -8.51107
          -0.554779            0.554779
           -10.5384             10.5384
           -12.1546             12.1546
            13.3687            -13.3687
           0.638977           -0.638977
           -8.03013             8.03013
           -13.9216             13.9216
            8.34684            -8.34684
          -0.327873            0.327873
           -1.61628             1.61628
           -12.7298             12.7298
            6.84683            -6.84683
            -5.0219              5.0219
           -10.0873             10.0873
            2.23888            -2.23888
            12.6469            -12.6469
            1.25311            -1.25311
            16.6572            -16.6572
           -7.02246             7.02246
            2.62257            -2.62257
          -0.330168            0.330168
            2.71054            -2.71054
            12.5733            -12.5733
            9.40283            -9.40283
            8.23216            -8.23216
           -4.96825             4.96825
           -15.8589             15.8589
            6.69229            -6.69229
             2.0827             -2.0827
           -5.36038             5.36038
           -10.9186             10.9186
            3.11529            -3.11529
            11.6773            -11.6773
            -7.7705              7.7705
            8.84445            -8.84445
            10.6048            -10.6048
            2.43679            -2.43679
           -8.14419             8.14419
           -1.02408             1.02408
 0.5613089999999999 -0.5613089999999999
-0.5612200000000001  0.5612200000000001
            8.55814            -8.55814
           -10.2451             10.2451
           -7.42399             7.42399
            12.4065            -12.4065
            2.23578            -2.23578
            5.72583            -5.72583
            6.24974            -6.24974
            11.7277            -11.7277
           -2.45061             2.45061
            -3.7576              3.7576
           -11.6073             11.6073
 -8.056319999999999   8.056319999999999
           -7.18221             7.18221
            3.71993            -3.71993
            1.28561            -1.28561
            10.2237            -10.2237
            11.2379            -11.2379
           -6.46264             6.46264
            7.92075            -7.92075
           0.290024           -0.290024
           -8.14152             8.14152
           -10.3428             10.3428
 -9.044370000000001   9.044370000000001
           -4.19268             4.19268
            2.81335            -2.81335
            11.8994            -11.8994
            6.45082            -6.45082
           -3.24433             3.24433
            5.96186            -5.96186
            9.90842            -9.90842
            7.16919            -7.16919
           -1.78964             1.78964
           -13.6731             13.6731
           -10.6634             10.6634
           -6.94407             6.94407
            9.85727            -9.85727
            7.03909            -7.03909
           -2.88563             2.88563
            3.71931            -3.71931
            7.77775            -7.77775
 -8.116820000000001   8.116820000000001
            13.9832            -13.9832
            3.03433            -3.03433
           -2.81819             2.81819
           -12.7429             12.7429
           -5.85292             5.85292
            2.48483            -2.48483
            12.6297            -12.6297
           -8.81081             8.81081
           -6.30516             6.30516
           0.882212           -0.882212
            10.1449            -10.1449
           -11.2956             11.2956
           -12.1532             12.1532
           -6.99754             6.99754
           -16.8827             16.8827
            4.33328            -4.33328
            10.8267            -10.8267
            7.16502            -7.16502
           -3.59587             3.59587
           -5.29792             5.29792
           -7.32964             7.32964
            7.48102            -7.48102
            12.8995            -12.8995
            14.8107            -14.8107
           -13.7962             13.7962
            1.91117            -1.91117
           -6.89432             6.89432
            2.98025            -2.98025
            8.50714            -8.50714
            10.4118            -10.4118
            6.59597            -6.59597
            -8.4095              8.4095
            1.74797            -1.74797
            12.1592            -12.1592
            4.40769            -4.40769
  8.366809999999999  -8.366809999999999
            -8.0237              8.0237
           -12.2254             12.2254
            4.76878            -4.76878
            12.8172            -12.8172
           -3.81587             3.81587
           -9.40011             9.40011
            6.66841            -6.66841
  9.621869999999999  -9.621869999999999
            -1.3517              1.3517
           -4.09247             4.09247
           -3.24965             3.24965
  8.048410000000001  -8.048410000000001
            5.30764            -5.30764
           -4.72956             4.72956
            -8.6431              8.6431
            8.55728            -8.55728
 -9.136670000000001   9.136670000000001
            7.22885            -7.22885
           -12.6788             12.6788
            8.33492            -8.33492
           -14.0486             14.0486
           -10.0384             10.0384
           -4.79219             4.79219
            4.79282            -4.79282
            2.34954            -2.34954
            -3.5421              3.5421
            3.38859            -3.38859
            4.54659            -4.54659
           -4.87983             4.87983
           -2.96584             2.96584
           -7.51243             7.51243
            11.2812            -11.2812
  8.694290000000001  -8.694290000000001
            8.99751            -8.99751
           -15.9854             15.9854
            -6.0499              6.0499
           -14.4738             14.4738
           -18.2652             18.2652
            -3.1833              3.1833
           0.303223           -0.303223
            7.91449            -7.91449
            7.61127            -7.61127
            6.33128            -6.33128
           -7.08956             7.08956
           -12.1808             12.1808
           -4.71514             4.71514
            14.5487            -14.5487
            10.5025            -10.5025
            10.9871            -10.9871
            7.26198            -7.26198
            9.20478            -9.20478
           -3.72511             3.72511
           -1.85143             1.85143
           -12.9299             12.9299
            -9.5791              9.5791
           -11.0785             11.0785
           -1.49936             1.49936
          -0.192144            0.192144
 -9.853199999999999   9.853199999999999
            6.76174            -6.76174
            6.26251            -6.26251
           -2.29296             2.29296
           -6.60053             6.60053
           -10.3723             10.3723
             6.6932             -6.6932
            11.5712            -11.5712
            2.40168            -2.40168
            10.4334            -10.4334
          -0.963951            0.963951
 -9.173220000000001   9.173220000000001
            11.5338            -11.5338
          -0.412627            0.412627
            12.3262            -12.3262
           -1.48397             1.48397
           -7.86954             7.86954
            1.62857            -1.62857
           -11.0207             11.0207
            -11.208              11.208
            3.16251            -3.16251
            8.72368            -8.72368
            10.4081            -10.4081
            9.49811            -9.49811
           -3.15112             3.15112
           -13.8102             13.8102
           -0.90995             0.90995
            4.01024            -4.01024
            9.25642            -9.25642
            8.90466            -8.90466
           -1.75438             1.75438
  8.717309999999999  -8.717309999999999
           0.755884           -0.755884
           -12.7369             12.7369
           -8.84445             8.84445
            7.09511            -7.09511
            10.1664            -10.1664
             5.3243             -5.3243
  9.119260000000001  -9.119260000000001
           -7.81645             7.81645
           -2.73593             2.73593
           -4.74518             4.74518
            4.83982            -4.83982
            -10.659              10.659
          -0.187342            0.187342
           -5.39239             5.39239
           -13.3538             13.3538
            15.0899            -15.0899
            2.02656            -2.02656
            8.97813            -8.97813
           -10.9825             10.9825
           -7.96143             7.96143
            14.3705            -14.3705
 -9.600339999999999   9.600339999999999
             8.2692             -8.2692
            15.3804            -15.3804
            -8.4999              8.4999
           -3.44507             3.44507
            3.89244            -3.89244
           -7.50487             7.50487
           -6.29003             6.29003
           -11.3973             11.3973
            1.10043            -1.10043
            7.10568            -7.10568
            8.32052            -8.32052
           -3.54821             3.54821
           -12.2229             12.2229
           -1.10359             1.10359
            1.21484            -1.21484
           -8.20927             8.20927
            15.4041            -15.4041
           -3.17052             3.17052
            6.77229            -6.77229
           -4.34119             4.34119
           -11.1135             11.1135
           -8.66911             8.66911
           -13.2004             13.2004
            9.89353            -9.89353
            4.00203            -4.00203
            5.36224            -5.36224
           -4.63195             4.63195
           -15.0285             15.0285
           -6.51028             6.51028
           -5.89151             5.89151
            -4.5313              4.5313
 -8.682499999999999   8.682499999999999
           -10.5123             10.5123
            -11.108              11.108
            5.61036            -5.61036
            13.5938            -13.5938
           -9.99419             9.99419
           -10.8907             10.8907
           -10.3965             10.3965
          -0.896485            0.896485
           -10.1274             10.1274
  8.518219999999999  -8.518219999999999
           -4.14155             4.14155
            5.98586            -5.98586
           -8.78678             8.78678
            13.1026            -13.1026
           -5.55819             5.55819
            8.47566            -8.47566
            -4.6269              4.6269
            8.84098            -8.84098
           -2.42554             2.42554
            14.2929            -14.2929
 -8.168049999999999   8.168049999999999
            3.14807            -3.14807
            11.3161            -11.3161
            3.62525            -3.62525
            -10.581              10.581
            8.56203            -8.56203
            13.4679            -13.4679
           -11.6736             11.6736
           -6.76773             6.76773
            8.31188            -8.31188
           -4.77423             4.77423
            10.5686            -10.5686
            2.19726            -2.19726
  9.649900000000001  -9.649900000000001
            4.90585            -4.90585
            6.89935            -6.89935
           -2.83287             2.83287
           -7.69087             7.69087
            15.0796            -15.0796
            5.45188            -5.45188
           -9.62773             9.62773
           -1.64432             1.64432
  9.475009999999999  -9.475009999999999
             10.341             -10.341
            1.33802            -1.33802
           -9.73221             9.73221
             6.9715             -6.9715
            5.63821            -5.63821
            -8.3713              8.3713
            8.81939            -8.81939
           -0.91866             0.91866
          -0.499237            0.499237
            7.12011            -7.12011
            9.11936            -9.11936
           -9.68384             9.68384
            5.40785            -5.40785
            3.84839            -3.84839
            6.00188            -6.00188
           -9.48343             9.48343
            3.27284            -3.27284
           -6.23259             6.23259
  8.567589999999999  -8.567589999999999
            -8.2202              8.2202
           0.717888           -0.717888
           -9.50544             9.50544
            5.29475            -5.29475
            -1.9876              1.9876
            5.47797            -5.47797
           -5.10944             5.10944
 -8.700340000000001   8.700340000000001
            8.29904            -8.29904
            2.82107            -2.82107
           0.874109           -0.874109
            9.34193            -9.34193
            10.9021            -10.9021
            7.92053            -7.92053
            6.50376            -6.50376
            4.85168            -4.85168
            5.36377            -5.36377
            11.8577            -11.8577
           -2.69984             2.69984
            10.6435            -10.6435
  9.206200000000001  -9.206200000000001
           -10.4288             10.4288
            3.94656            -3.94656
           -2.73923             2.73923
          -0.682531            0.682531
 -8.958830000000001   8.958830000000001
            6.95607            -6.95607
            14.7297            -14.7297
           -8.33356             8.33356
            4.95805            -4.95805
           -4.77051             4.77051
           -10.0029             10.0029
            7.77365            -7.77365
           -15.2896             15.2896
 -8.276300000000001   8.276300000000001
            13.5213            -13.5213
            6.61885            -6.61885
           -9.77167             9.77167
            5.74768            -5.74768
            7.01332            -7.01332
           -4.87018             4.87018
           -13.0033             13.0033
           -7.56729             7.56729
           -1.66931             1.66931
           -11.8835             11.8835
 -8.133139999999999   8.133139999999999
 -8.994339999999999   8.994339999999999
           -5.19939             5.19939
            10.2131            -10.2131
           -4.78275             4.78275
             2.6678             -2.6678
           -11.7475             11.7475
           -1.85928             1.85928
            13.2597            -13.2597
            7.17945            -7.17945
            6.74504            -6.74504
           -1.73279             1.73279
           -11.8672             11.8672
           -7.04634             7.04634
  8.060890000000001  -8.060890000000001
           -7.54528             7.54528
           0.015123           -0.015123
            7.45055            -7.45055
  9.038729999999999  -9.038729999999999
           -5.18706             5.18706
           -6.96472             6.96472
              5.793              -5.793
           -7.93773             7.93773
 -8.045769999999999   8.045769999999999
            1.58818            -1.58818
             7.5604             -7.5604
           -13.7307             13.7307
           -7.43307             7.43307
            2.76375            -2.76375
           -6.08026             6.08026
          -0.108037            0.108037
            6.29765            -6.29765
           -6.51466             6.51466
            5.97222            -5.97222
           -3.48196             3.48196
            6.71487            -6.71487
            9.12505            -9.12505
            3.60931            -3.60931
           -8.09465             8.09465
           -9.45402             9.45402
            10.1968            -10.1968
           -4.61269             4.61269
           -12.8123             12.8123
  8.470560000000001  -8.470560000000001
            7.11118            -7.11118
           0.270932           -0.270932
           -14.9342             14.9342
 -8.206899999999999   8.206899999999999
           -11.7143             11.7143
            2.41018            -2.41018
  8.427020000000001  -8.427020000000001
            -7.0773              7.0773
            6.29434            -6.29434
            -4.5418              4.5418
            7.55011            -7.55011
           -1.06046             1.06046
            12.1923            -12.1923
           -5.51574             5.51574
             2.5355             -2.5355
            6.01684            -6.01684
           -13.0633             13.0633
            8.05124            -8.05124
           -6.11176             6.11176
            4.52992            -4.52992
           -1.35937             1.35937
 -8.199630000000001   8.199630000000001
           -8.47784             8.47784
            6.72726            -6.72726
           -3.40718             3.40718
           -7.61918             7.61918
           -7.09015             7.09015
             3.2199             -3.2199
           -10.1344             10.1344
            5.43602            -5.43602
           -5.40012             5.40012
          -0.861208            0.861208
           -8.92144             8.92144
           -10.8361             10.8361
            5.89798            -5.89798
           -3.52132             3.52132
            3.79496            -3.79496
 -8.060230000000001   8.060230000000001
            2.50565            -2.50565
           -9.88518             9.88518
            11.3308            -11.3308
            7.73993            -7.73993
           -3.91354             3.91354
            -3.5909              3.5909
            6.49343            -6.49343
            15.7472            -15.7472
            13.4085            -13.4085
           -9.72237             9.72237
           -13.3841             13.3841
          -0.468628            0.468628
            -1.4642              1.4642
  8.247640000000001  -8.247640000000001
            9.64927            -9.64927
            -3.6617              3.6617
  9.253740000000001  -9.253740000000001
            2.95346            -2.95346
            11.9199            -11.9199
           -10.7609             10.7609
           -2.33868             2.33868
            10.1179            -10.1179
            7.32109            -7.32109
           -7.03298             7.03298
           -10.2551             10.2551
            1.93342            -1.93342
            9.93554            -9.93554
           -2.27973             2.27973
           -3.22207             3.22207
            8.96641            -8.96641
           -10.9736             10.9736
           -7.75149             7.75149
           -3.79237             3.79237
            7.97532            -7.97532
            3.73323            -3.73323
            8.00211            -8.00211
            9.71184            -9.71184
            1.70973            -1.70973
            12.9109            -12.9109
            1.40163            -1.40163
            14.9485            -14.9485
           -6.51947             6.51947
           -11.5093             11.5093
            2.03753            -2.03753
             7.3822             -7.3822
            9.65977            -9.65977
             7.5256             -7.5256
-0.8711719999999999  0.8711719999999999
           -3.79133             3.79133
            11.2905            -11.2905
            2.30309            -2.30309
 -8.033429999999999   8.033429999999999
           -4.98983             4.98983
             2.3841             -2.3841
           -7.78665             7.78665
            13.9017            -13.9017
           -2.79681             2.79681
           -10.1707             10.1707
            -4.2421              4.2421
           -1.27998             1.27998
           -13.4208             13.4208
           -5.09125             5.09125
           -9.16839             9.16839
 -8.848800000000001   8.848800000000001
            4.75719            -4.75719
           -8.55546             8.55546
           -3.77174             3.77174
            13.2937            -13.2937
             12.774             -12.774
           -1.23555             1.23555
            4.87802            -4.87802
            12.2792            -12.2792
            11.1152            -11.1152
            11.5454            -11.5454
            7.33336            -7.33336
            6.23714            -6.23714
           -9.16953             9.16953
             4.8209             -4.8209
           -4.21199             4.21199
           -5.30822             5.30822
            8.96504            -8.96504
           -1.16408             1.16408
            7.18738            -7.18738
           -10.1291             10.1291
           -1.77766             1.77766
           0.529029           -0.529029
           -11.8687             11.8687
 -8.674709999999999   8.674709999999999
          -0.595741            0.595741
           -12.6598             12.6598
            7.98341            -7.98341
            11.1193            -11.1193
            0.86595            -0.86595
             8.7606             -8.7606
           0.735106           -0.735106
 -9.002940000000001   9.002940000000001
            7.89465            -7.89465
           -14.0095             14.0095
            3.18118            -3.18118
            -7.8497              7.8497
  8.938090000000001  -8.938090000000001
           -9.72855             9.72855
           -4.20167             4.20167
           -4.27943             4.27943
            9.87457            -9.87457
 -8.610569999999999   8.610569999999999
            4.64221            -4.64221
            5.52689            -5.52689
           -5.23236             5.23236
            5.56116            -5.56116
            10.6417            -10.6417
            5.08052            -5.08052
            3.07127            -3.07127
            10.3338            -10.3338
            10.6697            -10.6697
            6.49395            -6.49395
           0.333156           -0.333156
           -8.06362             8.06362
 -8.987450000000001   8.987450000000001
           -3.75755             3.75755
           -4.17573             4.17573
             5.2299             -5.2299
           -10.3365             10.3365
  9.086040000000001  -9.086040000000001
            9.40563            -9.40563
           -5.44858             5.44858
           0.319588           -0.319588
            1.30041            -1.30041
            13.9256            -13.9256
            6.74899            -6.74899
            5.25521            -5.25521
           -13.8507             13.8507
            -6.6912              6.6912
              10.31              -10.31
           -11.9464             11.9464
            5.05483            -5.05483
 -9.738049999999999   9.738049999999999
            7.15954            -7.15954
           -8.39677             8.39677
            2.69552            -2.69552
           -13.4773             13.4773
           -10.0084             10.0084
            -1.7278              1.7278
           -7.84458             7.84458
            3.46891            -3.46891
           0.706893           -0.706893
            11.3135            -11.3135
            10.6066            -10.6066
            5.70597            -5.70597
            9.58501            -9.58501
