   9.869958190542913457   -13.19731392927478275
  -26.92276509456677758    25.09485856337844822
  -17.72572302917579989    17.31555499783211616
  -11.80434087531820353    13.70334049349040129
  -2.808906811779365409    14.43571174443160743
  -33.59851099628841808 0.005093679456600191946
  -11.11702163797268206   -8.632710218816072256
    25.4743241886288736   -1.309107701397160373
   9.890935559257114207   -7.305234873952922037
  0.9505343356319844172   -5.228887795743751177
   15.24447798630355244    23.64754091347512599
  -55.57925990627090584    36.55229179656283378
   7.318138283052706861    10.89736889648318652
  -13.80880905590908547   -3.417535614502560826
  -25.91692551901100927    9.243872526591307093
    48.9606338240757708    4.041953007343543014
  -22.74286860857597148    5.976757737798164882
  -44.94621825160099604   -10.49264903496110257
   17.52217430444243718     29.6625741647278538
   48.68289524470412033    7.629835339295524932
   12.12018715797444912   -14.17273026018406235
  -69.60686422009818841    11.90689035716410693
    7.66083881367839048    12.10637105935665758
  -17.69716805825736827   -25.10075402644987719
   14.08615260765663102   -6.400432001443023822
    -8.1590433304721941    35.17824471749510451
     7.5966764784684635   -16.52916352097886943
  -41.80398574008872004    1.819384319772142433
   13.27473237322856647    1.425353571976891942
  -16.32123686503784654   -10.99546355446767087
   2.839219355525130162    4.792566742547732517
   2.131025147720684743   -10.61056921142430731
  -16.59756626757226883    13.46863133495596188
   4.552138347696867982    -13.1741334689562084
   13.41341696028313635   -15.03229562114357343
    37.0005234656601516   0.6825367447268932963
  -5.174491449345238081    4.331046074779131061
   8.761236218156644995    4.714829637162299747
   20.86937359040570783    1.639120896244647296
  -1.651713987734948041   -5.818723462736533847
  0.2320428396312715913    18.37079772342958606
  -16.96517048632983204    2.033650071352002708
  0.7192550551645648937   0.4924603955235778985
 -0.4071079241783758795    1.331171725285845486
  -6.684252304101648612   -9.315466106284022274
  -15.03332232339981012   -6.211950298689535188
   9.491926268937861622    45.46627697453136108
  -8.247896338514490111    13.60851878602239395
  -18.60855321908987747    17.11545458689173316
   19.70769521750829867   -18.62717531685693828
 -0.6635929158289215479    13.68120160963513321
  -26.20947813330244358     16.4559654522708918
    13.2059748895900988    22.94401907042464117
  -35.20588092535423641   -16.05461308593810443
  -15.84541249771285365   -15.01349448772868733
   8.577926701840148382    3.080385637460364201
  -6.550180060784888347    14.67165874341069021
   9.802666457460720295   -26.51360259803060515
 -0.6006675875900792105   -1.156126275460144903
   15.96103319035265322   -4.109622779946280779
   2.083257677348303361   -16.54059867003474693
    4.30946440580048673   -4.042681422991594609
  -7.936031132009569333   -19.17563102022394261
   -10.5115568293771382   -35.83113164572459652
  -13.48840336678042462   0.4969503821195095927
   -21.9620463825244201    32.11681087728460682
    -28.192478409900815  -0.2019684575046415687
  -1.862259431662775411   -2.959171734258867481
  -4.139379772005232105    18.08551147008870075
  -2.171028735357625195    2.391698194468734329
  -8.475080967912150598    18.70527018924730811
   2.095145465896949943    6.924797859156257118
  -12.15009253338315531    2.979898083869652048
    13.2242431298530736   -2.135749163119735172
  -22.87610363191431162   -2.582393517902445534
   8.898253951860695565   -4.298066081202746247
   3.540475275731067129   -7.992807359983160609
  -6.517929111576721724   -20.46496238791225153
    3.78690884953184792    27.40369912172348776
  -4.772056312821153057    11.99512421196933332
  -32.85450670849660071    -3.92003738425312509
  0.9870351993492340048    -3.60592918755727343
   6.837275293936630582   -3.868540452746210168
   2.590470325924953965  -0.4951970356332506262
  -11.84625839756682986     5.10031269702963197
  0.6453708856687307982   -32.06780332642385645
  -12.85439969772715507   -27.00907282361140815
  -9.938992046098412914   -25.70907388030994767
    4.05680302315750918  -0.9620703357569122538
  -36.42020796676283112  -0.5129301444315217395
  -11.24934611343319801  0.02235592124450497264
  -6.088871731233292728    4.537727877367780494
  -6.591809039693223404    4.115815574812348387
    13.3898172991221891    9.753339042513053059
   2.182055255161622132    27.79290069952993392
  -10.64494402301276033     10.8370101536577419
   8.510391223793753568   -5.431552452511120066
  -24.78466924583583975   -15.39649462580473127
   15.74468414039329289   -9.302862725362473384
   5.963746230671768345    34.97887941976198078
   19.71230570575371033   -15.72101453385214498
  -7.356076389963755346   -5.439137572668842679
   33.49379094114414812   -14.57479054759735959
   13.68895648915892949    43.76701579829315136
  -52.06505855938901561    -11.6781708619578577
  -11.42254485818049048    37.87184122965403077
  -21.11779341781544161   -4.639655841900623301
   22.93651155438811529   -24.24343577248027515
  -8.874597959356584909   -4.193819051023759847
   5.291764521952662115   -21.71046368355017009
   10.57784172474764617   -38.70760406506978768
  -27.89414779192423666   -10.55254364423393731
  -10.57346310830448388   -3.664158238556864511
  -3.415098330126680626   -19.42888501130234857
 -0.4297546400054871318    9.691720723864902354
  -2.308378542642211428    -18.5454263760649134
    6.23702689284724876   -2.225386513352322737
  -16.22265975619955469  -0.9637695060257727153
   8.412943168331068478      8.9746612414540472
  -15.83327550671688222    18.84686147114860333
 -0.5145901507928825058    6.102954672904625788
 -0.9415367810944106353    -2.40033182463621797
   2.704897193330332961    16.23601703639836558
  -4.389835520353752685   -17.77949437499388097
 -0.7523712975177339057   0.5378691143147942277
   25.74812563852430003   -6.314872388971005002
   19.51564051294618451  -0.5844885210789998453
   8.159058417804585517    16.45224780262330455
  -4.034637696184096178   -2.533720463994047822
   3.408543954844756918    16.44760307318631831
  -4.387436912126828403    32.58029644447562134
   3.102319215126476237   -1.310650502726188327
   2.655661281388981276    10.12260018485781465
  -2.012255594002615222    -1.71507635523271329
  -6.884749721807136069    7.836891113160502798
   4.273991914342126108    42.21998884073121872
  -9.669822782900393321   -26.78782507680971037
  -33.32876248844522848   -43.43963339366039378
   4.703297677501382168    12.54934765193338997
  -2.308895458579992344    17.44311203220438244
   -1.70436105908097546   -1.712291471861233871
  -27.04739358136320959    41.91447528598331473
    18.5965902290562326    4.501416462990662559
  -55.14508781920703484   -19.16464247281244226
   33.13024856791688677   -7.686295406469145775
   29.66935447548195981    11.95911627350549011
   45.90789675671570791    26.18838299430451855
   13.22117688645392342   -21.78440836811122949
   27.57636561010477649    -30.0319386434718254
  -39.85041492102944005   -27.94468516628394639
  0.7019607826724272304    20.98681155547161126
   5.831510687329691578    2.506407767556888544
  -16.96644781307834648    39.88251644401732676
  -23.99086109049459026   -32.09982731182046933
  -25.20277906024318781    2.795880222111874147
   13.79843700458005529    9.858888500884781081
  -18.50463104424471794   -20.77888173668040395
   38.78677672302673329    6.825401457339444811
  -9.794945342692930268   -7.952024870646152266
  -23.61270270723910869    20.84127194217104062
   11.89394613878338269    16.91136706428941139
  -37.53605238145560463   -31.76899320674003135
  -19.16543262642056433    9.762231875074784071
   10.89840771912581374     5.41013433426147472
  -17.06474539812632685   -20.78925326466685775
   27.77822567965595013     17.3398427861228015
   39.27916356242942442   -3.260847887917589727
   47.42843046444783539   -29.35320193188704607
  -11.02925206563648608    5.181378871678798959
   6.812184478989226299   -13.38020455904041661
    2.83397049934255385    12.38234852685898169
   -0.82032064644177205   -32.51029261151909822
   -15.4902401219413477    21.60081865914435895
     2.9788658670257675     4.55514381909207966
  -4.977483073295426053    3.414965471999646507
   16.05885605445822506   -11.73614923528774234
  -1.244802678348305491   -26.42981360193419249
   4.115618899297300182    6.826078965026399992
   2.898837984930662248    10.12056891892795818
   1.968215623647024293    8.378434717481573202
   3.278166173261213068   -19.33990189550698346
    27.9308459936552147    -7.65857310677884584
   16.51850596754021439   -33.35201576818845837
  -10.64335765563165204   -6.524625564317710236
   16.81602658670091444   -4.815173192891594844
   35.58469867674551068   -26.85229453892158702
    16.5750694213694878   -28.01203977113199883
   17.94595074419894587      1.3790207022306189
   14.77248945700876881    24.59175088058020009
  -24.45519545429536379    5.451197697219806848
-0.08815998843820088693  -0.6152823805057969775
   9.979423840825340619   -9.543775652381082608
  -17.17220764977730241   -14.71122444337393809
   2.204869531499659807   -14.12031315143848786
  -11.11211765186942202   -7.098271070336825694
   25.42315707544888781   -38.84979158407603705
  -13.68591418550614769   -6.571528540803372564
    12.8722600687985782    5.596382923109420204
    23.2704017588223131   -20.65950207885877177
   5.693121323516720622   -25.74064126263445829
  -12.36465361024435694   -11.72519317217303936
    17.3046140587515751     23.8431483004944802
  -10.29666571588326107   -3.471706408900630425
   62.64297659546407715    58.99263952226100827
   42.12837580682337801    47.94908168134507775
   56.28523692380615273    18.35079718180173813
    18.6842484622832643    32.56635906705507466
   25.14235957387666787    -6.58997048342641456
   3.995446072060161669     3.77236401946881017
   30.00134276096937924   -10.22459933638755558
  -20.07197756646959874   -1.492085527417210677
  -18.01263852674415489   0.2362935059541288463
    17.3887774813111804    1.482143700295960764
   34.80224634764307012    12.23275987200170611
  -22.29575746899877586   -23.10863698608174488
   18.95929610018667688   -14.05861259972275157
    19.9445719576402567    3.314790308412672193
  -5.188721274373439662    1.914965931386363174
    9.75801712981962055   -6.891904236424805319
  -1.207661510866735677    2.692771470098155984
   4.065972936941769866    33.99568630264381852
  -4.850649626816978532     28.8678014322231995
 -0.9765298997989017016    5.049441838285273931
  -7.111321897689128591     5.44275963862285117
   12.74074953100194918    1.798850212087328426
  -1.685360267635835019   -17.01864253432268725
  -67.98019686801416128   -19.12089418623544645
   13.03157514301359399   -9.577039566674734772
  -5.784984202914481344   -13.81559096079674731
   8.740012353916981169       3.691635583130775
  -24.78656479008961355    2.394267882151280613
  -29.91095653407550259     3.92012762329791542
   9.996325451012223695    6.724241877228295472
  -41.88436506078438271   -11.12119847667667116
  -7.560885661093386112    -1.77422084003334235
  -43.88778870415773525    23.53493342972695146
  -69.95718493623716938    30.77968107658606911
  -27.38567595945047728    6.442413193092543011
  -17.26614931703921485    11.45410546562234977
  -4.619245142646362545    15.13791835076284364
  -34.21354886871328205   -15.30160643504027185
   22.25503500707801763    45.57721145990144151
   24.70194669247266717    20.81712181371906567
   4.317904715055510323   -7.278413889878883936
  -38.31944265253697068    2.558534829519413467
   1.645263879346599012    33.08812333707870579
  -15.78199215641790865   -19.56721009525692168
  -16.58341133909885201    17.21931857818984213
   19.12117577421399162    7.209175735223098513
  -32.25037252870049542   -15.87795845371823766
   34.62528423079042739   -39.41263880351060322
  0.3389297827088268433   -4.645372591780153826
  -16.86232699272173008   -18.53136464878971168
  -3.049015026058558231   -9.759536879395163567
  -8.245184305293909333   -14.88913128781950768
  0.4014489267395693339   -3.653457843300893071
    7.29130173830488193    3.184843855473877383
   -9.36509092320778791    30.98154856870183949
  -7.254418764129480834    23.48928915513033999
   -15.4945617194669758   -3.368411901493864491
  -7.188664382272047071   -17.21749209135132475
  -32.09703334126886176   -16.76382828801352787
   4.549003844594081691    26.44543040833020697
  -18.72353882260863145   -19.66048724300945594
  -2.286298036790245014    7.340015321125799019
   12.79575891579397684    6.931126289626552861
   2.904741314051227707   -1.247830716455889277
  -16.69592786577392118    17.14506386488997336
   -35.5997153042972414   -18.47953077300686786
  -3.407144255652089448    12.20589630379543244
    14.7696917945517221    -11.7559304987024813
  -0.932180891926657762   -14.03623241156232027
  -20.50706032521499367   -10.73558092669034103
    5.63387611690729706   -2.660545000826403328
  -3.998453629897821493    -27.8959532721557828
  -35.09215760773777504    18.41317729572038431
  0.1330117467238132178    13.97742076040779402
   11.78940809086441099   -16.36736920440944232
  -1.695476336598252587    14.29423826240880757
    15.8015440665406377    55.07982216371906503
  -12.37910377036680565    15.85386696321624811
  -2.611382605863261652    7.145468205982719923
   1.433384920411855834   -10.34854338761503101
   6.744326421633224378   -5.926169990554545741
  0.7982791853723724129   -3.140000464533439839
  -8.555054889208681956   -14.41505697483146342
    15.5659623586016469    18.99805478208875442
   1.144096250186391384    10.12150486217912615
   3.521473901483589408    3.159650801095168493
   13.00594617214562021   -12.42416281640859843
   5.946768200873432164    31.73585666654032877
   -7.85873828956753151   -13.36401601062063982
   22.84331619009318359    15.59293534010807569
  -16.57113821584620439    7.308715453443745069
  -36.26375794055513779    16.90746490081283326
   11.67315642566491896   -18.40806536562974571
  -9.400503864034142509   -9.324457511150811229
   20.46909626027082751   -2.154298688825392105
  -10.62385798396574721    19.82580926986588921
  -43.31876638536173374   0.1534853740564213198
  -25.05307584120095399   -22.79526850476284139
  -7.419502520335210072    13.04194661235774966
  -16.17861681523365291    33.24708645194623813
   20.70300660789503766   -74.08287864730647243
  -13.30808766660822151   -8.291702159196566058
   35.95425677979984869    9.806129441109270317
   41.83997932133679143  -0.5514033880326956183
   48.82995119669362083    15.89364164609415297
  -30.83683073323150836     12.4618070111237369
  -37.81081676424405202    31.09451779451535103
  -20.93289985885017046   -13.00929290247109016
   3.309128700820397562   -5.400568118243405102
   17.19783779708294702   -2.365906581811812792
   5.439176318401310439   -7.726075183228950927
  -49.90756225440443217    16.99597752411701279
   17.05414301502175078    1.705888163736664742
  -8.003363131312569934    13.24894770642277919
  -7.361631618693461832    23.99265016443737508
   15.77271407777229228    5.039303004631069172
   25.99402849315479713    20.90937501586044789
  -1.067572891444753758   -16.16735409365098164
   7.061969583972256714    9.938845333220404754
  -4.682745800419598758    -14.9797037903379664
   7.557351059388205172    6.174936525584198144
   4.100653037149170288   -23.78606596521019156
  -14.38193176895143388   -17.88760623307743458
  -6.803732540006635965     39.6150448357140732
  0.5351763907315967295    65.04700595820762032
   29.97458589737845003    -24.4206267401120769
   -34.4067495382782198    8.918310140735920655
  -25.74065704973972046    32.61321189894341188
    6.40642792399974681    19.34972475709319895
   9.571042130589878738    26.30756691312712192
   38.45835698816106429    42.35855555000409822
  -8.476630374647488253   -5.707730662633121455
   6.637741101670436628   -6.694272445372426716
  -30.19448821609189082    37.22823388997863958
  -46.59476306108115296   -16.73207172051313307
  -11.61969776421421585    22.07783288601765648
   10.76868449558147312    1.478619712614388959
   5.215666251966672107   -37.90180072063780869
  -1.688985056511249194   -17.33714935937248569
  -3.403523925326581878    13.26484218185210473
   15.73454887763912069    2.236806465115259712
   9.823845016495164728   -11.31929826548508267
   29.68105831135190797   -11.51108041187358744
    59.7614884394573096    27.25828471772531714
  -13.33749232313925326    10.18091475765803366
  -3.316112473036712416   -7.445646217692312163
  -40.56437212557528937    -24.6002818074798526
  -18.73814709105144161    27.03947326241516791
   10.40841838188022983   -31.07794820717172257
   28.58147745564023978   -7.792054541777735821
  -3.854572721051352957    0.934485660952815711
  -12.93014515584661694    9.241895684179233683
  -17.36119102570962625    18.22146732723565776
   17.07169229003599398    14.48826787316707687
   34.89354362120357678   -24.37437223908490935
  0.1384700778239792429   -12.14030641291805424
   -11.2407091957666232    12.88437622640933355
  -10.29008884527304168    10.85003604259826027
  -10.60600716931742937    6.131253414815499347
   9.673109332225125812    6.972207022704647983
   17.40127380093451137    22.51687840728745726
  -7.394232491289306708    18.86286641165956013
 -0.5020378492241511781    1.631896498302277898
 -0.1771854258200344923   -2.062297773975281689
  -8.946692668112826041   -1.136973611262909412
   5.210995885670479666    16.95863863008195338
  -7.308080687411674603   -10.92153716054234813
   11.21750392500059412    18.38470521133749358
   8.513851436588629085   -16.98515225133228412
  -23.03891798532474056    44.93365251585093745
  -3.288072610006566698      5.7327087766709246
  -1.485261287642350769    8.775897611939170062
    11.5834991478421685   -14.21658778885239016
   53.82173744940737237     -8.3046340246606416
     17.963568819034748    14.29215698452561867
   6.466809884226807803    5.815624554284477554
   8.560034777309303067   -2.153432550703763493
   1.214407896765218986   -32.92109140534062561
   14.89108827824303383   -31.08151405847549498
   -20.5495332430379527   -6.403022896016572929
  -3.379254549926787643    9.104177006010854001
   2.459723969968810486  -0.8412532722351993009
   3.889176242148698392   -14.38155206408134568
  -2.760061232922772056     3.82722504957327736
  -2.340523614846145684    11.06773300694561613
   9.136199682719107429   -10.37830269009541695
   12.13682386762631715   -16.02622742693016633
  -3.163123958511366851    29.49285232255321887
  -6.470576955553310583    18.14674672745307049
   1.670376560818157552     35.0121163954134218
  -12.85942612314971001   -20.55272696421428691
   38.33959372555285228    2.965435942011187098
   37.55870322534968864   -3.539485282103047137
  -15.11378715849435928   -0.471687630405600411
   -22.5444173672107091   -46.95916526312038997
  -40.48450446948856296   -2.989493560252183713
   -7.51954824069760086   -19.97883243817730303
 -0.3897792438759201117    11.07527574767957113
   9.892106442198061345    4.632854340509565461
   20.07105088225975464   -8.871632278741774513
  -14.31682422870532534   -1.201003709221564408
   25.86928301335674973    17.44862836477779311
  -1.527400023021320496    21.83401044422681991
  -10.55146169614156015    41.99673555090517141
  -28.82827170750453405   -9.966779495306676395
    11.4966515020317086  -0.6222431079569146206
   9.225157404414737528   -5.987836895396412729
  -5.739302882236046344   -20.30496605675736177
  -23.60109071681512916    24.36499487259010976
  -4.512748967768942521    32.38625529758508748
   -38.7398846389692082   -16.33763395460212209
   2.400801223368339343    -4.51264877309486323
   10.71420443276995194    -24.2909181489586814
  -1.642094186059616989   -10.34882031090615939
  -19.67484826605239334    5.297951621166487435
  -56.18475491538283961   -41.07927587695949967
  -1.611285902642119128   -12.72484408713081905
  -33.26775406871054486    20.93335894787320939
   18.24902663527371161   -18.77186538358906986
  -16.21484568940747906    27.75959605535228292
   16.38600468711072011    18.29470153742804328
   14.98454818134817934    8.920347917063514487
  -23.73156147404164074    27.28474807482537301
   8.057987195516837176    9.425935574535124317
  -14.13139518220538804    11.57133867219293855
   30.76011494581887362    7.396689089747365387
  -1.345470983308878488   -43.15318850287319918
   27.15334711523734157   -4.213570282681392776
   -19.0688866733208755   -21.13928978228752342
    15.8891714575990548     10.2287409806412235
 -0.7590998267451120052     4.29318884804522849
   -1.10846516742489376    21.01739469717146136
   24.77887131609609739    -19.0133524698020473
   5.093167496609963152   -14.84917851469355377
   24.43943589883867062    28.41240613452659503
   24.54945380678872269    5.923058399843375454
  -29.70464507274137489   -25.89590436966916442
   35.05661378789188376   -7.160599020285108196
   23.30562607204203118   -23.87455263380869752
  -20.69089366859089196    3.579451666496490603
   5.816062714205196826   -6.894190980356754928
  -19.57012622367167864   -1.355442463511484341
   1.563579220379429868    10.89703620471410694
   14.41033134023425966    9.947639590999116876
   14.30099624087827692     4.49059780013057086
   2.309894530032654547   -1.867409373582343157
   22.38391092883977862   -23.79921949948020909
  -22.79390757002519408    28.99334979416912006
   40.77266639867153231   -6.231146255293009695
  -18.43419783986013982   -21.11509398765314671
  -3.950878315680746766   -1.342982424088241977
  -13.47878871676200419    31.45654181254094439
  -12.69238805470484088    5.892804052378748381
  -19.72597402243959053   -17.34367985019577318
   28.80466088904397637    3.849307335414287046
   13.75877626479420357    20.09175925491122072
   3.262225672160201206  0.01074323385126479957
   23.33382104857322403   -6.150498932027218757
  -15.18882963060045022    20.50897311918016896
  -3.467669484591706208    17.33524415990288148
  0.3771546389397988364    18.43664546558779094
  0.8551048228076367774   -2.796873901701444343
  0.2475255914983026106   -10.09613392740967619
  -11.46703551452410608    -60.5925250917019298
   17.35838632539872251     1.82122688812764677
  -15.13033716377126936    17.52039067394664329
  -1.876732433598151228     5.34495287710139344
  -42.58172611471955094    -39.8654163547197129
  -16.57825982446964375   -32.71291584048286438
  -2.880369466586782501   -8.566065369020780196
  -12.76976909656237602    8.614916959030116672
 -0.5954134737873862937   -12.62512174870620818
   2.723830770284774161    10.44964115701264085
   7.815423718153269306   -9.432095028154908078
  -5.170356043224218823    24.62909999303529318
  -35.73247950564460496    31.08161997212462069
   10.03188749430330695   -3.440059946962689352
  -21.42561707668339466     2.29934400354349755
  -12.98606364382406575    14.02499858410473976
   13.03762930416249155    3.694262141828297707
  -20.36318294782164173     1.11720523057847676
   2.526595478251530302    16.28912773808071535
  -26.86950798438345345   -10.47607962902137579
  -20.34985076373951784    5.948975553789946247
   20.69178514357127696   -6.367388906545573768
     5.3457656758466916   -12.35570053636096866
   -2.65080477312764673   0.8461816443517493624
    -17.076218275862729   -4.203716608218634576
 -0.1240709023230028851  -0.9856142767622128043
   9.211779585991500596    7.013099454328635574
   -14.0783830062535813    5.846459273081256569
  -16.25721474900559471   -13.98641309386430365
   11.85023292679542983    18.14558378563625851
   8.304051515016846352    2.315828290489927888
   1.586528216108368916    5.454798865999537227
  -6.845330422885061772   -10.25373811616349862
   -3.46036221545517364   -17.20547293704077063
  -4.906851300454126985    16.13801776349541228
  -17.04724992343977164   -41.65297937496629288
  -14.44275779809307458   -20.87059198414353034
   32.89600632219497811    21.56471467255738972
   16.72006668162228493   -15.38910435493370699
   7.106870726497422019    2.792606914464614842
  -10.46451105991441466   -12.26221906454977351
  -8.800702859269909695  -0.9448710514478414479
   21.80577037301898358   -46.29998269780840303
  -8.070646654249642893    17.64319513567931708
  -4.546357600189219639   -23.78708487786835946
  -18.84086212382350567    36.37905570355091101
   4.838055186544159447    9.761861277582204011
    17.7753799096801508   -13.33422044706774656
   2.981319456994638184   -1.986531404923514543
  -6.678460676820744624  0.08464039503861198188
  -15.30053622855348472   -6.842430336113499045
  -20.38329914653503039     -1.5786015877405144
  -8.383501187182371694    24.79911565605224411
  -3.731314366861284704   -14.49919143577153768
  0.4657244102147674036  -0.5649491964192141502
  -1.821598993698887892     25.0111493295070666
   19.61724061437944044    7.839050739767577269
  -16.49264908707072763   -35.66242470005889942
  -12.82792404226282734   -2.752722059073727578
   2.866866361435163491   -2.904072795790821004
 -0.3453227827951768081 -0.07735690116355409263
    3.11679033368241809   -21.31571664174647296
  -8.581894118013797979    12.10136846943506406
   7.285798574639996694    53.04222819307874914
  -8.979627253243974039    17.02479691614197321
  -7.050935781828966853    11.87546065054401723
    7.53219865120064469    10.54852009097123755
  -7.214285542927527217    34.04734801658533172
   15.19511080278553372    43.00232982369803381
  -44.61177324573221625    19.88209845129263798
   28.89661235086093427   -15.32864737571209446
  -14.16194583026971365    2.386487626517980409
  -8.446963751944004173   -3.195316010702104581
   17.10185437625398208   -15.06000869537266418
    12.5824317857121617    1.519452297416155062
   8.472124096656630243   -10.24889300305357054
   4.126746539586896745   -18.93701468937348409
   5.923194581671869408    38.80323574944092258
  -14.61308660277463112   -12.57256818229421569
  0.7408479775793528344    3.334304285389620759
   18.56665030441451236   -37.40721031672507024
  -33.17234875772311398    33.20204899315604763
   8.273174656217975098   -5.413922984118310744
   12.28931622938321233   -15.92374101977870815
  -22.28916199391922248   -2.252951061451670345
  -3.597067525105264174    2.006333436286316996
   -11.0448699459633719    25.42855879335295555
   4.615465089223203421    17.98693328217058962
  -7.050926442425478058   -6.567116654917109386
  -38.66203743953562366   -12.74918518482866681
   5.371451713047626697    -11.4214188379946453
   14.09600329077030523   -12.91481611411462005
  -1.565058908715124319    10.69709629686913921
   6.112461046316184365   -6.648968985741785076
  -3.222553256792991316   -11.87228985598636832
  -6.104908126697711879   -17.38959519183030622
  -5.531755210309158066   -12.71782512744503713
  -9.110783804893053173   -10.50927185676499143
    13.6760252079401976    1.209262797053288319
  -16.76021459209609787    6.109349456971362002
     52.210296372986015   -24.52588340195136496
   2.348487620414262622    8.116831219073109338
   5.651671849306513451    2.153996500115665125
  -8.432186636917807121    19.12234405816462868
   19.82051929111335298    16.38025635123189261
   17.62630099680741935   -4.925367081931732116
   2.504230907344055623    37.12724454570180654
  -53.42851810475939089    48.90969105259233629
   -39.4578985246276801   -40.46786294933381356
  0.8810245362634453459    1.315173924270381933
   -2.28053872661946766   -28.20617279212638095
   6.598784134931240608    10.03611279839593529
  -4.834331035593689485    3.021977334436497742
    21.1497499620585252    2.728552041156349972
  -21.91859663132468228   -7.592433746404096517
  0.4218389567194890111   -22.19216150929937825
 -0.2240530909329697673    16.48293822703982414
   5.432430652724843156    25.05432656505283973
  -49.16137693549575971    7.861573107972798624
   8.503602397309144578   -13.31299494798325256
   23.36890546162045723   -16.81777700026417222
   15.02935637498009491    1.995391481153312441
  -18.68938811109325826    21.42644068786868772
  -3.021905867142861801    13.56266990651906568
  -20.08938719987821742    6.714357979519464337
   18.74122972755619543    8.010448461374769735
  -8.463528154103070023    6.282839777259138891
   21.91380652230705195   -22.32890544008267497
  -40.32968847585345884    15.02197200446138048
   19.00594141805463977   -2.909975821594398937
   2.530246467319240633    14.32163913766906127
  -4.904655530789530538   -14.84805497823760589
   2.291829589848807025   -1.979462410565530961
  -4.435834291771126203    19.63811664148052927
   41.41116732583619608   -3.591088683472667853
  -1.336568978367950189   -26.16393518545659092
  -4.542191009918386868   -5.027400963705630943
   2.751431406566764437   0.9745613876988499236
  -14.71219641701598313    19.48921607377652876
    8.67177478009517344    8.402275857603589415
   21.74408308303040727    -2.67789960545589123
   1.346208426738428221   -1.496372785362639402
  -13.24589398167507426   -7.993496220132235486
   2.698625643168445887    17.25020523107311021
   13.97769003169216973   -11.91584023903297229
