   -3.765728834983454     3.765728834983454
    1.133942042702124    -1.133942042702124
  -0.6255505372579645    0.6255505372579645
   -3.945414985472022     3.945414985472022
     -1.2292361475318       1.2292361475318
    1.590946119226511    -1.590946119226511
     3.14017829772549     -3.14017829772549
   -3.742596085368211     3.742596085368211
    0.549293928626384    -0.549293928626384
    2.716178837940222    -2.716178837940222
   -1.603159209967362     1.603159209967362
   -3.392521054029737     3.392521054029737
   -1.628239438588326     1.628239438588326
    2.139436875400849    -2.139436875400849
                    0                    -0
   -1.803029174504667     1.803029174504667
  -0.1959253194889066    0.1959253194889066
    1.764281615441411    -1.764281615441411
   -3.491254314965141     3.491254314965141
    1.749581664689464    -1.749581664689464
  -0.3940626189096033    0.3940626189096033
   -3.840350357186277     3.840350357186277
    3.097191696055538    -3.097191696055538
   -2.103988844851943     2.103988844851943
   -0.365479132271978     0.365479132271978
   -3.686211549717354     3.686211549717354
   -2.150141202649399     2.150141202649399
  -0.6311726575307063    0.6311726575307063
    1.736361512334334    -1.736361512334334
    -3.96176901342695      3.96176901342695
   -2.532835169073434     2.532835169073434
    1.536070347067955    -1.536070347067955
  -0.8384081006099503    0.8384081006099503
   -1.225624926247126     1.225624926247126
    1.428933844353516    -1.428933844353516
    3.736661266046346    -3.736661266046346
  -0.9760790902297272    0.9760790902297272
     2.57682525604443     -2.57682525604443
    3.501831649671721    -3.501831649671721
    1.303321649132137    -1.303321649132137
   -1.159836010001916     1.159836010001916
    3.766194291241802    -3.766194291241802
    1.774243304207641    -1.774243304207641
  -0.7814003131106838    0.7814003131106838
   -2.198510000539584     2.198510000539584
    3.657300948084456    -3.657300948084456
    1.884076268670803    -1.884076268670803
   -1.382791597585314     1.382791597585314
   0.4442576517283888   -0.4442576517283888
   -1.991950987034161     1.991950987034161
                    0                    -0
   0.2692603869123584   -0.2692603869123584
   -1.773224679413653     1.773224679413653
    2.075332384792925    -2.075332384792925
    3.215953305560281    -3.215953305560281
    1.706662015386089    -1.706662015386089
    3.319274061845347    -3.319274061845347
  -0.9041997568388948    0.9041997568388948
   -1.996711849753815     1.996711849753815
    1.819070521375928    -1.819070521375928
   0.1033207562850661   -0.1033207562850661
    3.503499404146544    -3.503499404146544
    2.339034823630383    -2.339034823630383
   -1.798492956407883     1.798492956407883
   -2.216190166887908     2.216190166887908
   0.1288624285228341   -0.1288624285228341
    3.717733019617808    -3.717733019617808
    3.662460754271967    -3.662460754271967
    2.246221551976451    -2.246221551976451
   0.2142336154712643   -0.2142336154712643
    1.351248519312618    -1.351248519312618
   -1.416239202295517     1.416239202295517
  0.07957391081610611  -0.07957391081610611
   0.1633498256525681   -0.1633498256525681
   -3.256218084460579     3.256218084460579
   -3.902588962106643     3.902588962106643
   -1.959528589091065     1.959528589091065
  -0.9435411197700201    0.9435411197700201
   -2.784174974016397     2.784174974016397
 -0.04502589918445227   0.04502589918445227
   -2.322769224377406     2.322769224377406
  0.07261411683404133  -0.07261411683404133
     1.82883359561978     -1.82883359561978
  0.03898590257283395  -0.03898590257283395
    2.780142314417755    -2.780142314417755
  0.02736323202156807  -0.02736323202156807
 0.005629967544505281 -0.005629967544505281
    1.253806602698466    -1.253806602698466
 0.002596390207905686 -0.002596390207905686
    2.603386611344559    -2.603386611344559
     1.68844461551293     -1.68844461551293
  -0.1651618893590177    0.1651618893590177
   -3.636754689898593     3.636754689898593
   -1.045729941106532     1.045729941106532
 -0.09938576878511837   0.09938576878511837
  -0.9559452152669422    0.9559452152669422
  -0.1173339520937722    0.1173339520937722
     1.60710385501576     -1.60710385501576
   -2.143644283599067     2.143644283599067
    1.724437807109532    -1.724437807109532
   -3.659050333512365     3.659050333512365
   -2.026310331505295     2.026310331505295
    2.379094900033613    -2.379094900033613
 -0.04638141138449289   0.04638141138449289
   -2.497278020075103     2.497278020075103
    1.962788375744911    -1.962788375744911
   -1.784565475582791     1.784565475582791
   -2.361595702655088     2.361595702655088
   0.4722528531858564   -0.4722528531858564
     1.98032293157293     -1.98032293157293
    2.855113225684526    -2.855113225684526
  -0.1850086103650993    0.1850086103650993
    1.674863275186893    -1.674863275186893
    2.008580981282083    -2.008580981282083
    2.792287060669533    -2.792287060669533
  -0.3394709783547952    0.3394709783547952
   -2.093726802001184     2.093726802001184
  -0.1335198670708668    0.1335198670708668
   -1.439069709077103     1.439069709077103
   0.6828511579257117   -0.6828511579257117
    3.875475862882872    -3.875475862882872
    1.960206934930317    -1.960206934930317
   0.6546570929240809   -0.6546570929240809
    1.632740002007069    -1.632740002007069
    1.161772313437262    -1.161772313437262
   -2.137509792899858     2.137509792899858
   -1.829930826320447     1.829930826320447
   -3.462670828327516     3.462670828327516
    2.481827007792493    -2.481827007792493
    2.490023555700318    -2.490023555700318
   -2.752599769964974     2.752599769964974
  -0.6268407077942102    0.6268407077942102
   -2.814468223342903     2.814468223342903
  -0.8174550985446265    0.8174550985446265
 -0.04070674040915447   0.04070674040915447
    2.913844115912326    -2.913844115912326
     1.69101263246256     -1.69101263246256
   0.0665294479701462   -0.0665294479701462
   0.0149451385903305   -0.0149451385903305
  -0.4886794406046975    0.4886794406046975
   -2.922511116564158     2.922511116564158
   -1.078599320146266     1.078599320146266
   -1.355693614589019     1.355693614589019
    4.599648542303706    -4.599648542303706
    1.906649713715451    -1.906649713715451
    3.824268185818639    -3.824268185818639
  -0.6052688628278116    0.6052688628278116
   -2.379267046943049     2.379267046943049
   -2.468156127498701     2.468156127498701
   0.7799931635383369   -0.7799931635383369
     3.04884088370894     -3.04884088370894
    3.099392082759488    -3.099392082759488
    0.961228066707475    -0.961228066707475
    2.072740138477837    -2.072740138477837
 -0.02077885315140101   0.02077885315140101
   -1.351367054144724     1.351367054144724
   -2.325348990726846     2.325348990726846
    4.008995729953738    -4.008995729953738
    3.767676313989175    -3.767676313989175
      1.0702129579158      -1.0702129579158
   -1.372487102866986     1.372487102866986
    2.778506063188489    -2.778506063188489
    1.927726878567618    -1.927726878567618
   -1.848912746662803     1.848912746662803
  -0.3138118061171493    0.3138118061171493
   -3.036036365973616     3.036036365973616
   -1.319301270269457     1.319301270269457
  -0.1706023405983337    0.1706023405983337
    2.121920867002815    -2.121920867002815
    1.544890639930518    -1.544890639930518
   -0.416306524288702     0.416306524288702
  -0.2877186704205155    0.2877186704205155
     1.70929445437776     -1.70929445437776
    -2.94466155910063      2.94466155910063
   -2.089170461487834     2.089170461487834
   0.2783637083772065   -0.2783637083772065
    2.016873420957172    -2.016873420957172
    -2.45089660869061      2.45089660869061
   -2.442700060782785     2.442700060782785
     1.70829310527269     -1.70829310527269
    2.009169787129404    -2.009169787129404
   0.2700742844680376   -0.2700742844680376
   -0.412830677384748     0.412830677384748
   -2.222946551540771     2.222946551540771
   -2.236179670677424     2.236179670677424
  -0.8924897834387754    0.8924897834387754
  -0.5770302270722972    0.5770302270722972
    3.764888407155721    -3.764888407155721
     3.19262470495716     -3.19262470495716
   -2.677836047368202     2.677836047368202
  -0.4157622012922676    0.4157622012922676
    2.418086354548677    -2.418086354548677
   -3.528615231989074     3.528615231989074
    2.053942571967707    -2.053942571967707
    2.276173328538081    -2.276173328538081
  -0.4938395380274817    0.4938395380274817
 0.008196547907824741 -0.008196547907824741
   -3.299282106337119     3.299282106337119
   -2.662257206443775     2.662257206443775
  -0.4764256437958168    0.4764256437958168
   -3.116864263494528     3.116864263494528
    2.262073846075935    -2.262073846075935
  -0.8507791846208713    0.8507791846208713
   0.3008766818567147   -0.3008766818567147
    2.833848555840945    -2.833848555840945
    -1.96119716421922      1.96119716421922
  -0.7080559856900758    0.7080559856900758
   -3.767188039153269     3.767188039153269
    2.326719708271516    -2.326719708271516
    2.064626651669326    -2.064626651669326
   0.3260474172860602   -0.3260474172860602
   -2.438266237711957     2.438266237711957
    2.152771779100647    -2.152771779100647
  -0.1419130260105956    0.1419130260105956
     2.38286037249867     -2.38286037249867
     4.31775692939048     -4.31775692939048
   -3.059132053463193     3.059132053463193
    -3.77663962523042      3.77663962523042
    3.034775693961592    -3.034775693961592
  -0.7175075717672276    0.7175075717672276
   -1.293593660351317     1.293593660351317
   -3.313520820550261     3.313520820550261
    1.328921801441312    -1.328921801441312
  -0.7908658103403394    0.7908658103403394
    2.510446715094106    -2.510446715094106
   -3.307781372021957     3.307781372021957
   -2.444987037467894     2.444987037467894
   0.3050186689566564   -0.3050186689566564
    2.582148039391237    -2.582148039391237
    3.301312525434446    -3.301312525434446
   -2.516915561681617     2.516915561681617
   -2.294684805111243     2.294684805111243
    2.164985150289833    -2.164985150289833
 -0.02918520377087458   0.02918520377087458
   -3.452428256942446     3.452428256942446
    -2.40726680860491      2.40726680860491
  0.06580484042847265  -0.06580484042847265
     3.17792700769039     -3.17792700769039
    2.137981134621498    -2.137981134621498
    2.185831562647958    -2.185831562647958
  -0.4101816861350744    0.4101816861350744
   -3.241345675942198     3.241345675942198
   -2.580366119221517     2.580366119221517
  -0.4546070570507529    0.4546070570507529
  0.07170132429713071  -0.07170132429713071
   -1.136327375144613     1.136327375144613
    1.440167884207147    -1.440167884207147
     3.07412913794918     -3.07412913794918
   0.9877384198492795   -0.9877384198492795
   0.2222307565703742   -0.2222307565703742
   -2.547782109995189     2.547782109995189
   -2.809875166597379     2.809875166597379
    0.862794334554063    -0.862794334554063
    2.496428751884421    -2.496428751884421
    2.082626081786013    -2.082626081786013
  -0.3107447739443983    0.3107447739443983
   -2.151740058327615     2.151740058327615
   -2.890400364906224     2.890400364906224
  -0.2678849031135959    0.2678849031135959
   -2.596013248783033     2.596013248783033
   0.8747902941115966   -0.8747902941115966
  -0.5722637021985608    0.5722637021985608
    2.216564250909348    -2.216564250909348
  -0.2620930566021902    0.2620930566021902
   -1.049428718462555     1.049428718462555
    -2.78800795284582      2.78800795284582
   -1.649433882589691     1.649433882589691
   -3.201810622944228     3.201810622944228
    2.623240782688887    -2.623240782688887
    2.176038160619027    -2.176038160619027
    1.082770714206398    -1.082770714206398
   -1.738579234383266     1.738579234383266
    3.672669501151442    -3.672669501151442
   -0.413802670098408     0.413802670098408
   -2.764313654998017     2.764313654998017
   -1.552376740354537     1.552376740354537
   -1.778581257692576     1.778581257692576
    1.286942993221983    -1.286942993221983
    2.732204596796089    -2.732204596796089
   -2.393370855730412     2.393370855730412
   -0.226204517338039     0.226204517338039
   -1.840995284383216     1.840995284383216
   -3.423243053171571     3.423243053171571
    2.167166338392373    -2.167166338392373
    2.090266073669978    -2.090266073669978
  -0.8295766309741452    0.8295766309741452
    2.001500046526452    -2.001500046526452
   -3.060190625218568     3.060190625218568
   -1.391567658484046     1.391567658484046
   -2.419941005473204     2.419941005473204
    2.377541840072051    -2.377541840072051
   0.7952940712836969   -0.7952940712836969
    1.638881533493442    -1.638881533493442
   -1.131264936352008     1.131264936352008
   -4.051107640996132     4.051107640996132
   -1.601208132191878     1.601208132191878
   -1.582247768788355     1.582247768788355
  -0.7386603065786097    0.7386603065786097
   -1.926559007635705     1.926559007635705
   -2.015325034779231     2.015325034779231
    1.045161448337536    -1.045161448337536
   -2.019927160198943     2.019927160198943
    2.622515461792629    -2.622515461792629
    -3.24008966568532      3.24008966568532
   0.5515253015722633   -0.5515253015722633
    1.390423326055771    -1.390423326055771
    1.929699863615191    -1.929699863615191
    3.001424810376517    -3.001424810376517
   -1.582271707646208     1.582271707646208
   -2.297342875253455     2.297342875253455
   -1.963155155844255     1.963155155844255
   -2.831163989807123     2.831163989807123
   -2.291887452247703     2.291887452247703
   -1.220162505486377     1.220162505486377
    2.981530282933982    -2.981530282933982
     1.93489655689181     -1.93489655689181
    1.341773956797751    -1.341773956797751
   -3.297423552717424     3.297423552717424
   -1.005489464152307     1.005489464152307
   -2.960558861759923     2.960558861759923
   -1.162564067906813     1.162564067906813
   -1.046633726042172     1.046633726042172
   0.8663591252007232   -0.8663591252007232
    -1.63975632613623      1.63975632613623
    1.218641594270947    -1.218641594270947
    3.954992384623584    -3.954992384623584
     2.75000570642455     -2.75000570642455
  -0.4472026220698599    0.4472026220698599
   -3.677430476491024     3.677430476491024
   -1.800899301203795     1.800899301203795
    1.350240498323398    -1.350240498323398
    0.318785438834409    -0.318785438834409
    4.014573702962903    -4.014573702962903
    1.876531175287228    -1.876531175287228
   -1.320677153207182     1.320677153207182
   -2.413944599619811     2.413944599619811
    3.996215915325433    -3.996215915325433
   0.4117774825578271   -0.4117774825578271
    -3.19720832849441      3.19720832849441
    2.277129370434581    -2.277129370434581
    3.151139799527194    -3.151139799527194
    -1.09326744641263      1.09326744641263
    3.577626806513007    -3.577626806513007
   0.8740104290926136   -0.8740104290926136
    1.368466559910016    -1.368466559910016
    1.611179428487755    -1.611179428487755
  -0.9585658735758111    0.9585658735758111
   -3.243751556458344     3.243751556458344
    3.387866780813638    -3.387866780813638
   -1.054308450481078     1.054308450481078
    1.723936226853477    -1.723936226853477
   -2.919842704644124     2.919842704644124
 -0.08876602714352647   0.08876602714352647
    2.449899508804254    -2.449899508804254
   -2.514680457416519     2.514680457416519
   -2.230613994244423     2.230613994244423
   0.5392765375594204   -0.5392765375594204
   -1.829850751318235     1.829850751318235
    0.660979556720681    -0.660979556720681
   -2.972695033701978     2.972695033701978
   -3.716525663765748     3.716525663765748
  -0.9276977106578402    0.9276977106578402
   -1.805391941136566     1.805391941136566
   0.3614929681772721   -0.3614929681772721
    3.181675234935583    -3.181675234935583
    1.930700209749338    -1.930700209749338
   0.1321959169928087   -0.1321959169928087
    3.192682400109576    -3.192682400109576
    2.615266357218556    -2.615266357218556
  0.04552105515499032  -0.04552105515499032
   -2.030981000099485     2.030981000099485
   -3.260871788017689     3.260871788017689
    1.071724946761326    -1.071724946761326
    2.490830308038916    -2.490830308038916
   -1.142844282383743     1.142844282383743
   -1.270528045528994     1.270528045528994
   -3.078126876823303     3.078126876823303
    -3.76135835356791      3.76135835356791
    2.125759062170764    -2.125759062170764
 -0.06186845337792819   0.06186845337792819
   -1.867700989383487     1.867700989383487
    3.060486483116767    -3.060486483116767
   -3.393067705010498     3.393067705010498
  -0.5774160428910203    0.5774160428910203
    2.473071649033383    -2.473071649033383
    1.806078479364935    -1.806078479364935
  -0.7150711676072465    0.7150711676072465
   -2.920602483677402     2.920602483677402
   -1.935282594439559     1.935282594439559
   -3.789142344740021     3.789142344740021
    2.072670446268844    -2.072670446268844
    2.406858165678043    -2.406858165678043
  -0.7238313794697764    0.7238313794697764
  -0.1328608698013114    0.1328608698013114
   -1.814580243995969     1.814580243995969
    1.893657364184423    -1.893657364184423
  -0.4846179771237143    0.4846179771237143
    -2.65376963651457      2.65376963651457
   -1.807598831294308     1.807598831294308
  -0.1833899549933203    0.1833899549933203
    3.656281474938709    -3.656281474938709
  -0.3080487035468916    0.3080487035468916
    2.245486580210246    -2.245486580210246
    1.974562100744051    -1.974562100744051
   0.3341877194091992   -0.3341877194091992
   -2.205531316070156     2.205531316070156
    -3.13068954514782      3.13068954514782
   0.2840664631720961   -0.2840664631720961
   -2.101951743795099     2.101951743795099
    1.312804264524816    -1.312804264524816
     1.95305388427018     -1.95305388427018
   -2.877554768812181     2.877554768812181
   -1.351292895731269     1.351292895731269
    3.414756008319916    -3.414756008319916
   -1.090748864526193     1.090748864526193
   -2.125183033663176     2.125183033663176
  -0.7756030250170818    0.7756030250170818
   0.6402496197453642   -0.6402496197453642
    1.997013124798276    -1.997013124798276
   -1.805832536005559     1.805832536005559
   -2.656942888680115     2.656942888680115
   -1.417644209452026     1.417644209452026
     1.51843105446254     -1.51843105446254
    1.934081224121869    -1.934081224121869
    -2.18140777255613      2.18140777255613
     0.59323297541501     -0.59323297541501
   -2.569745302063565     2.569745302063565
    2.383494522255956    -2.383494522255956
    1.776687352325884    -1.776687352325884
    2.428876535203566    -2.428876535203566
    1.731719372871714    -1.731719372871714
   0.9853198892378427   -0.9853198892378427
   -1.410794894728463     1.410794894728463
   0.2784228812059975   -0.2784228812059975
   0.2269650459518803   -0.2269650459518803
    2.137540742049792    -2.137540742049792
    0.307578966579411    -0.307578966579411
    2.282610804290943    -2.282610804290943
     1.24817663515396     -1.24817663515396
   -2.378275341308137     2.378275341308137
  -0.8511103526745557    0.8511103526745557
    2.654558770600642    -2.654558770600642
    2.588841956061208    -2.588841956061208
  -0.1809592393468198    0.1809592393468198
   -2.169151659390855     2.169151659390855
    1.527164988633581    -1.527164988633581
   -3.193421317018986     3.193421317018986
  -0.9144593945902703    0.9144593945902703
   0.8461708052202611   -0.8461708052202611
   -1.549943978746045     1.549943978746045
   -1.024269657628132     1.024269657628132
   -2.247101141077897     2.247101141077897
   -2.165863944976099     2.165863944976099
   -2.441624383223851     2.441624383223851
   0.8554910976127962   -0.8554910976127962
   -2.396114783966306     2.396114783966306
  -0.6971571623318521    0.6971571623318521
   -1.838751009361795     1.838751009361795
    1.273371157900123    -1.273371157900123
   -2.505744179030242     2.505744179030242
  -0.5962379226016503    0.5962379226016503
    3.633833085582739    -3.633833085582739
    1.958469261677641    -1.958469261677641
   -2.285185682882533     2.285185682882533
   -2.076502055254476     2.076502055254476
    1.013867824319737    -1.013867824319737
    2.186184190977812    -2.186184190977812
   -2.077725482173709     2.077725482173709
   -2.085742750081894     2.085742750081894
   0.3784022408448399   -0.3784022408448399
    2.283317610855573    -2.283317610855573
    1.053426822937369    -1.053426822937369
  -0.1529874942239771    0.1529874942239771
   -2.269543622057729     2.269543622057729
   0.2086836276280577   -0.2086836276280577
   -2.227621477451492     2.227621477451492
   -1.055305110793417     1.055305110793417
    2.189443105977266    -2.189443105977266
   -1.229890787918203     1.229890787918203
    -2.43630510507955      2.43630510507955
   -1.028373346989158     1.028373346989158
   -4.168970924553466     4.168970924553466
   -3.322970444995098     3.322970444995098
   0.8379332360608096   -0.8379332360608096
   -1.678380190297854     1.678380190297854
   -1.202269081423772     1.202269081423772
   -3.342310744258016     3.342310744258016
    2.977634244831779    -2.977634244831779
    2.628876857235998    -2.628876857235998
   -1.034434169136982     1.034434169136982
    1.349580008646094    -1.349580008646094
    1.685848225305024    -1.685848225305024
 -0.06027324899305159   0.06027324899305159
     2.61512756280296     -2.61512756280296
    1.502386497470203    -1.502386497470203
   -0.872091950207702     0.872091950207702
    -2.63223583321062      2.63223583321062
  -0.2757604382477519    0.2757604382477519
    3.021355042588896    -3.021355042588896
    1.694427068463484    -1.694427068463484
 -0.06571681453943395   0.06571681453943395
   -2.374478447677906     2.374478447677906
    1.518968545118693    -1.518968545118693
   -1.760143883002918     1.760143883002918
 -0.07751347253415136   0.07751347253415136
    2.278961922428716    -2.278961922428716
   -1.222831483449766     1.222831483449766
   -2.847314667942179     2.847314667942179
    2.356475394962868    -2.356475394962868
   -2.769801195408028     2.769801195408028
    3.112122167261918    -3.112122167261918
  -0.6669931696684472    0.6669931696684472
   -1.039945873068892     1.039945873068892
    2.360461927682616    -2.360461927682616
    2.025578377845666    -2.025578377845666
    1.909506256428592    -1.909506256428592
   -0.606807169930072     0.606807169930072
   -2.516313426358664     2.516313426358664
    2.554707184279292    -2.554707184279292
    1.790943621175188    -1.790943621175188
   -1.663930553960161     1.663930553960161
   -2.147486964863954     2.147486964863954
   -2.051463087749698     2.051463087749698
   0.7405203622557751   -0.7405203622557751
    1.938909848678288    -1.938909848678288
   0.6487812038494296   -0.6487812038494296
    2.589254492684558    -2.589254492684558
    -3.87493267684961      3.87493267684961
   -2.116556127833752     2.116556127833752
    1.172316366658075    -1.172316366658075
   -3.091593306493446     3.091593306493446
   -3.438698476190268     3.438698476190268
  -0.7632976643942564    0.7632976643942564
    1.758376549015858    -1.758376549015858
   -1.528122780092357     1.528122780092357
   0.7833393703561641   -0.7833393703561641
   -3.140597577564308     3.140597577564308
   -3.304346780001449     3.304346780001449
  -0.1637492024371414    0.1637492024371414
   -2.604953071349683     2.604953071349683
   -1.675673733851747     1.675673733851747
   0.8460004795583675   -0.8460004795583675
    1.526261873080912    -1.526261873080912
  -0.9149419958316295    0.9149419958316295
   -2.441203868912542     2.441203868912542
   0.9292793374979357   -0.9292793374979357
     2.36753416986504     -2.36753416986504
    3.065524250914559    -3.065524250914559
   -2.025061076434705     2.025061076434705
   -2.359944626271655     2.359944626271655
   -0.914683022697549     0.914683022697549
   0.8650829726538737   -0.8650829726538737
     2.41997048451158     -2.41997048451158
     1.91103905948009     -1.91103905948009
  -0.3348835498369496    0.3348835498369496
   -1.675363823905098     1.675363823905098
    1.260711440009468    -1.260711440009468
    2.890144049088579    -2.890144049088579
  -0.7859458173243355    0.7859458173243355
   -2.593727767457308     2.593727767457308
  -0.5625514983908598    0.5625514983908598
    2.233716670322524    -2.233716670322524
    2.458802399446347    -2.458802399446347
    1.859117860843794    -1.859117860843794
  0.08383024374562663  -0.08383024374562663
    1.874454943397442    -1.874454943397442
    2.675400811796012    -2.675400811796012
    1.910575696097911    -1.910575696097911
    2.521674213410115    -2.521674213410115
    1.445261603574106    -1.445261603574106
    2.825722082177639    -2.825722082177639
    2.936075263914566    -2.936075263914566
  -0.7637635631041038    0.7637635631041038
   -1.996338819656862     1.996338819656862
   -3.147110779434822     3.147110779434822
  -0.2017927425824646    0.2017927425824646
  -0.1943399563502284    0.1943399563502284
   -1.807781950132972     1.807781950132972
    3.244748216770683    -3.244748216770683
    2.311462150448521    -2.311462150448521
  0.01533708255364788  -0.01533708255364788
-0.008017267908184595  0.008017267908184595
   -2.296125067894873     2.296125067894873
    1.790624699651815    -1.790624699651815
   0.1063667378976983   -0.1063667378976983
    2.233891528236422    -2.233891528236422
    2.464144990926733    -2.464144990926733
   -2.288107799986689     2.288107799986689
   0.6321087847619049   -0.6321087847619049
   -1.844840971402082     1.844840971402082
  0.04864878337763317  -0.04864878337763317
    2.031176269066448    -2.031176269066448
   -1.832036206164828     1.832036206164828
    1.982527485688815    -1.982527485688815
   -1.880684989542462     1.880684989542462
   -2.340986488391358     2.340986488391358
   0.2478980904905407   -0.2478980904905407
    2.078551362803071    -2.078551362803071
   0.4432668285846069   -0.4432668285846069
   -2.180261471122166     2.180261471122166
  -0.5508288620430549    0.5508288620430549
    2.558300407602886    -2.558300407602886
    0.669066065863033    -0.669066065863033
   -1.764611301462836     1.764611301462836
    3.583728283648028    -3.583728283648028
    1.629432609079111    -1.629432609079111
   0.4156501696593294   -0.4156501696593294
   -1.093544458736596     1.093544458736596
   -3.041586758997568     3.041586758997568
  -0.8805680517475142    0.8805680517475142
    -2.99230150715291      2.99230150715291
  -0.4107576056143046    0.4107576056143046
    1.516597779316412    -1.516597779316412
    3.592896603152647    -3.592896603152647
    1.783803479587937    -1.783803479587937
   -2.948158799627335     2.948158799627335
  -0.6793110794567314    0.6793110794567314
   -2.333688558598122     2.333688558598122
     1.67669367350666     -1.67669367350666
     -1.1019665095966       1.1019665095966
    2.621172987427417    -2.621172987427417
   -2.774621572907356     2.774621572907356
    -1.79326072649389      1.79326072649389
    1.105323364301598    -1.105323364301598
   0.3674099269590794   -0.3674099269590794
    1.956360982203416    -1.956360982203416
   -0.214996534680628     0.214996534680628
    2.814594163507488    -2.814594163507488
    1.738509712579965    -1.738509712579965
    2.788827953107909    -2.788827953107909
    1.911133722629183    -1.911133722629183
  -0.2413194159645631    0.2413194159645631
    1.912992851242895    -1.912992851242895
    2.124065794993893    -2.124065794993893
    3.088633259422861    -3.088633259422861
   0.2110729437509974   -0.2110729437509974
     2.00958165485627     -2.00958165485627
   -3.033702808096006     3.033702808096006
   -1.150771959777959     1.150771959777959
    1.794546077074398    -1.794546077074398
    -1.32532324119755      1.32532324119755
    2.858397920407178    -2.858397920407178
    2.166884909313838    -2.166884909313838
   -2.152453138593746     2.152453138593746
    2.820182266758311    -2.820182266758311
    3.308724758459068    -3.308724758459068
    1.549232178498979    -1.549232178498979
    1.498608884303045    -1.498608884303045
   -1.250975025186245     1.250975025186245
   -2.703616377420393     2.703616377420393
   -2.209160246602991     2.209160246602991
     1.71673509570416     -1.71673509570416
 -0.03928317278088879   0.03928317278088879
  -0.2383343019034558    0.2383343019034558
    2.865434025375282    -2.865434025375282
    2.664333204639504    -2.664333204639504
   -1.759492579960089     1.759492579960089
   -1.810115874156023     1.810115874156023
    -2.74958390948929      2.74958390948929
  -0.0132331191366528    0.0132331191366528
    2.736350790352637    -2.736350790352637
   -1.079051604566591     1.079051604566591
    1.343689887238648    -1.343689887238648
    1.633961253742034    -1.633961253742034
    1.970825944699535    -1.970825944699535
   -1.954031290508285     1.954031290508285
    1.710473264618382    -1.710473264618382
    2.895725922981315    -2.895725922981315
     1.12147571722783     -1.12147571722783
   -2.462962715539775     2.462962715539775
    -2.46389227771959      2.46389227771959
   -2.238806548595766     2.238806548595766
  -0.5234189888844618    0.5234189888844618
    2.107387336754131    -2.107387336754131
    2.679479791573032    -2.679479791573032
   0.5394381287387889   -0.5394381287387889
   0.0960238771142566   -0.0960238771142566
    2.796268168713384    -2.796268168713384
   -1.789847693046946     1.789847693046946
    2.354325354606868    -2.354325354606868
   0.3376770972917775   -0.3376770972917775
   0.9513087187979743   -0.9513087187979743
    2.127524790338724    -2.127524790338724
   -0.460301498848896     0.460301498848896
   -2.476949756163986     2.476949756163986
   -1.655098312932624     1.655098312932624
   0.1755549593799061   -0.1755549593799061
    -2.57730535789589      2.57730535789589
   -1.092506709819717     1.092506709819717
    1.674018667632173    -1.674018667632173
    2.967538409385379    -2.967538409385379
    -2.01664825731509      2.01664825731509
    2.588884578881898    -2.588884578881898
    1.666677533918633    -1.666677533918633
   -1.403016635808894     1.403016635808894
 -0.03483913483221592   0.03483913483221592
     3.09050608173886     -3.09050608173886
    1.654807411390492    -1.654807411390492
  -0.1052992466336151    0.1052992466336151
    1.424201765206464    -1.424201765206464
   0.6878312271112714   -0.6878312271112714
    -2.31425066455492      2.31425066455492
    3.669597648359173    -3.669597648359173
    2.063215549622423    -2.063215549622423
   -1.827622235905973     1.827622235905973
    1.830653272312531    -1.830653272312531
  -0.9222070449632651    0.9222070449632651
    2.791983450005473    -2.791983450005473
   -3.069694169727527     3.069694169727527
    1.484798648076172    -1.484798648076172
   -1.061345834409593     1.061345834409593
  -0.5553527068827694    0.5553527068827694
     -2.3953527642789       2.3953527642789
   -1.939632478331055     1.939632478331055
    0.538575898609613    -0.538575898609613
    2.714013988535129    -2.714013988535129
    3.398264989266651    -3.398264989266651
 -0.02467797937489089   0.02467797937489089
    1.689646546222708    -1.689646546222708
    3.263201517130331    -3.263201517130331
    2.068028615657813    -2.068028615657813
   -1.793242521926399     1.793242521926399
   -2.022355480786957     2.022355480786957
    2.160375174223021    -2.160375174223021
    2.991055107478694    -2.991055107478694
   0.7441698966649338   -0.7441698966649338
    3.625086982444248    -3.625086982444248
   -2.752779082396187     2.752779082396187
    2.008348335317933    -2.008348335317933
  -0.6600724873634828    0.6600724873634828
  -0.2291129588605581    0.2291129588605581
    -1.84000005739613      1.84000005739613
     3.95361769614942     -3.95361769614942
   -2.775257441346324     2.775257441346324
   -2.546144482485766     2.546144482485766
     2.76652537745189     -2.76652537745189
   -3.264318989415492     3.264318989415492
  -0.4707841225389413    0.4707841225389413
   -2.247810832500652     2.247810832500652
    1.198093722199294    -1.198093722199294
    4.151505290118628    -4.151505290118628
    1.735563651729508    -1.735563651729508
   0.4557202859478447   -0.4557202859478447
   -2.408505305159091     2.408505305159091
  -0.9352573839501936    0.9352573839501936
   -1.806854461389929     1.806854461389929
   -3.002081891666192     3.002081891666192
    2.981766421247901    -2.981766421247901
    2.478208376940668    -2.478208376940668
   -2.262574747337774     2.262574747337774
    2.092706595032704    -2.092706595032704
   -3.618305430812974     3.618305430812974
 -0.01588392929710949   0.01588392929710949
   -2.360297308027056     2.360297308027056
 -0.01121344924637099   0.01121344924637099
    2.342413767263599    -2.342413767263599
   -1.435698670348368     1.435698670348368
   0.7395071443284179   -0.7395071443284179
   -1.666304316532397     1.666304316532397
    0.486628428648947    -0.486628428648947
  -0.5035580443072332    0.5035580443072332
    3.602421501515865    -3.602421501515865
    -1.60638209873675      1.60638209873675
    1.258008122785919    -1.258008122785919
    1.573554970907624    -1.573554970907624
    2.175205814676786    -2.175205814676786
    2.175438089925516    -2.175438089925516
    4.105979545823098    -4.105979545823098
   -2.669159236718694     2.669159236718694
   -1.984908235987172     1.984908235987172
  -0.7386177808211108    0.7386177808211108
    1.708369460890352    -1.708369460890352
    2.587073912890407    -2.587073912890407
    1.639306564145051    -1.639306564145051
  -0.5201964277659457    0.5201964277659457
   0.6842510007315218   -0.6842510007315218
    1.930541455897583    -1.930541455897583
    1.464711808221226    -1.464711808221226
    3.788459733008908    -3.788459733008908
    2.446987241711463    -2.446987241711463
    2.358297696560709    -2.358297696560709
    2.793534866876551    -2.793534866876551
    -2.24688521081376      2.24688521081376
  -0.9533654690605536    0.9533654690605536
    0.634031874965554    -0.634031874965554
     1.01650815691484     -1.01650815691484
   -1.602055779925293     1.602055779925293
   -2.046869032489291     2.046869032489291
   0.7705124860838658   -0.7705124860838658
    2.412571709962842    -2.412571709962842
  0.08822356869876578  -0.08822356869876578
    2.358380631916347    -2.358380631916347
   -1.341472491297445     1.341472491297445
    1.999346376662896    -1.999346376662896
     -1.4301620364482       1.4301620364482
     2.01675292484195     -2.01675292484195
   0.8787044520000548   -0.8787044520000548
    3.785632120524339    -3.785632120524339
    3.340818867960341    -3.340818867960341
   -2.006792174327704     2.006792174327704
   -2.954559523073059     2.954559523073059
   0.9001354941965801   -0.9001354941965801
    1.636364020445241    -1.636364020445241
    3.276918831733679    -3.276918831733679
  -0.7482117488046095    0.7482117488046095
  -0.9477673487453557    0.9477673487453557
    2.906927668524284    -2.906927668524284
   -2.159502991910997     2.159502991910997
     2.20634777426845     -2.20634777426845
  -0.4448132525639982    0.4448132525639982
    2.372568266009158    -2.372568266009158
    2.376783337537098    -2.376783337537098
  -0.8259067011612091    0.8259067011612091
   -2.712421548861773     2.712421548861773
    2.498989441486525    -2.498989441486525
   -1.667925505930896     1.667925505930896
   0.9250180613244313   -0.9250180613244313
    2.954693464821206    -2.954693464821206
  0.01740654817905457  -0.01740654817905457
    2.135092601188056    -2.135092601188056
   -1.988924342499123     1.988924342499123
    1.735564370046803    -1.735564370046803
     2.53477233884054     -2.53477233884054
  -0.4010561966666424    0.4010561966666424
   0.6482574911399764   -0.6482574911399764
   -1.984709270971183     1.984709270971183
    1.587868145832481    -1.587868145832481
 0.004215071527940093 -0.004215071527940093
  -0.2096984035141082    0.2096984035141082
    2.154147001977767    -2.154147001977767
   -2.235962827909892     2.235962827909892
   -2.055222265679271     2.055222265679271
    1.568024567993603    -1.568024567993603
    1.473247921208897    -1.473247921208897
   -1.195172901472519     1.195172901472519
   0.6016508437691621   -0.6016508437691621
   -2.668420822681416     2.668420822681416
    1.293519741753206    -1.293519741753206
    1.969873625975394    -1.969873625975394
    1.198389486422513    -1.198389486422513
  -0.5396138083922128    0.5396138083922128
    2.324776413130455    -2.324776413130455
    2.923176755495376    -2.923176755495376
   0.6192238080135786   -0.6192238080135786
    -4.36833337510116      4.36833337510116
   -2.302702952728302     2.302702952728302
   -1.495739377190117     1.495739377190117
   -2.267223516742998     2.267223516742998
   -1.616878872736728     1.616878872736728
    1.013927452901865    -1.013927452901865
    2.580304175025693    -2.580304175025693
    1.950165177509829    -1.950165177509829
  -0.7714841395528809    0.7714841395528809
    3.445904554699946    -3.445904554699946
    2.864390221522668    -2.864390221522668
   -3.828719566708946     3.828719566708946
   -3.890837785528396     3.890837785528396
    0.598400342364921    -0.598400342364921
    2.349083858780685    -2.349083858780685
    4.127818457810022    -4.127818457810022
    2.509368230097709    -2.509368230097709
  -0.8450359023063528    0.8450359023063528
    2.303721682482264    -2.303721682482264
    -2.34382057935355      2.34382057935355
    1.289504644954191    -1.289504644954191
   -1.028941090642609     1.028941090642609
   -2.303952947481798     2.303952947481798
  0.05989245801007764  -0.05989245801007764
    1.750683516415763    -1.750683516415763
    2.753560439046074    -2.753560439046074
   0.6503446440062696   -0.6503446440062696
    2.363845405491875    -2.363845405491875
    -2.92192676074188      2.92192676074188
   -2.026264424395784     2.026264424395784
    1.529501011840079    -1.529501011840079
    3.744551975840872    -3.744551975840872
    1.859871885551992    -1.859871885551992
   -1.710975491353565     1.710975491353565
   0.9826924896824306   -0.9826924896824306
   0.9177405277835524   -0.9177405277835524
    2.297571978393371    -2.297571978393371
   -2.297097925337729     2.297097925337729
    2.693667981035996    -2.693667981035996
  -0.5861224339841637    0.5861224339841637
    1.554887511857706    -1.554887511857706
     3.10912926964594     -3.10912926964594
    1.554241757788235    -1.554241757788235
    3.664504555126666    -3.664504555126666
  -0.5089314250314901    0.5089314250314901
   -3.094885686857608     3.094885686857608
  -0.9846228895191762    0.9846228895191762
    2.083560617161804    -2.083560617161804
   -2.069457810812466     2.069457810812466
   0.2742445225701702   -0.2742445225701702
    2.549747248847715    -2.549747248847715
    2.110262797338432    -2.110262797338432
    1.025427876045142    -1.025427876045142
    1.185252658362933    -1.185252658362933
     3.06818350668098     -3.06818350668098
    1.882930848318046    -1.882930848318046
   -1.774250205753485     1.774250205753485
    1.708379566898456    -1.708379566898456
   0.4661866316859113   -0.4661866316859113
    2.952770823084593    -2.952770823084593
    3.695788264128494    -3.695788264128494
    3.482629772651941    -3.482629772651941
   -3.584438432767605     3.584438432767605
   -2.906710826795395     2.906710826795395
   -3.119869318271947     3.119869318271947
-0.001993628639223499  0.001993628639223499
    0.867632952352364    -0.867632952352364
    2.929512042176811    -2.929512042176811
    2.499506000634804    -2.499506000634804
   -1.994896303535352     1.994896303535352
   -3.201017379338249     3.201017379338249
  -0.7092518070985583    0.7092518070985583
    2.969564847481089    -2.969564847481089
   -2.210172395107549     2.210172395107549
  -0.1338735712713143    0.1338735712713143
    1.378698195987425    -1.378698195987425
   -3.103438418752403     3.103438418752403
    3.208609006619658    -3.208609006619658
  -0.2797484952899892    0.2797484952899892
   0.4411212850115227   -0.4411212850115227
   -1.590866651493664     1.590866651493664
    2.341594832635336    -2.341594832635336
  -0.4176972104800256    0.4176972104800256
    1.927355384930717    -1.927355384930717
   -2.133446975570888     2.133446975570888
   -1.922930952983817     1.922930952983817
   -1.715749765090862     1.715749765090862
    1.612612046459258    -1.612612046459258
   -1.095012149099165     1.095012149099165
    1.823128069046329    -1.823128069046329
   -2.610861772224984     2.610861772224984
    2.076298823836235    -2.076298823836235
  -0.9975735869792239    0.9975735869792239
    2.880642162433377    -2.880642162433377
     1.82611633648319     -1.82611633648319
   0.7146325687658508   -0.7146325687658508
   -1.402982481671055     1.402982481671055
   -2.806666710543935     2.806666710543935
    2.823689923462414    -2.823689923462414
   -1.809093123564711     1.809093123564711
   -2.767487721608135     2.767487721608135
  -0.8670141739843219    0.8670141739843219
   -1.054525825950187     1.054525825950187
   -2.166009593667526     2.166009593667526
    1.843911796417892    -1.843911796417892
    1.566817501975139    -1.566817501975139
 -0.05484525199842139   0.05484525199842139
    2.621343327925326    -2.621343327925326
    2.061879089824447    -2.061879089824447
    2.111164341669105    -2.111164341669105
   -2.117615050436906     2.117615050436906
   -2.862529255887716     2.862529255887716
   -1.898757048416314     1.898757048416314
   0.2105160225870704   -0.2105160225870704
   -2.031987936505186     2.031987936505186
    2.315991129322782    -2.315991129322782
   0.9123069004499026   -0.9123069004499026
    1.571076923871972    -1.571076923871972
  -0.7753803564850668    0.7753803564850668
   -1.550807658594765     1.550807658594765
   -0.430006041542007     0.430006041542007
    2.161018707250054    -2.161018707250054
  0.04928525184465803  -0.04928525184465803
    2.591024748792061    -2.591024748792061
   -3.208757807733362     3.208757807733362
   -1.257232743845954     1.257232743845954
    2.680809474631651    -2.680809474631651
   -1.403684228872879     1.403684228872879
  -0.7449142054508096    0.7449142054508096
   -2.463114559044668     2.463114559044668
   -2.346457280357039     2.346457280357039
   -1.206121075802897     1.206121075802897
    1.917618472103188    -1.917618472103188
   0.9968781506281231   -0.9968781506281231
   -2.778080497350714     2.778080497350714
   -2.511918576543263     2.511918576543263
    1.140336204554142    -1.140336204554142
  -0.9207403214750652    0.9207403214750652
    2.491765572239691    -2.491765572239691
   0.2429203903249592   -0.2429203903249592
   -2.061076526029207     2.061076526029207
 -0.09141606168418641   0.09141606168418641
   -1.256536341392102     1.256536341392102
  0.07762283583859236  -0.07762283583859236
    -2.95611557449128      2.95611557449128
   -1.757669219069021     1.757669219069021
    1.951525063887408    -1.951525063887408
   -2.248845181914732     2.248845181914732
  -0.6604909826253832    0.6604909826253832
    2.542405644471195    -2.542405644471195
    2.546716459506823    -2.546716459506823
  -0.9437750046527579    0.9437750046527579
  -0.1302853217141584    0.1302853217141584
    3.608034411457289    -3.608034411457289
    -2.77981601100679      2.77981601100679
   -2.047952401232018     2.047952401232018
   -2.609204389860333     2.609204389860333
  -0.8565594464818239    0.8565594464818239
   -1.165120279707915     1.165120279707915
     1.20953860671625     -1.20953860671625
    2.797892806005599    -2.797892806005599
   0.2639951225821742   -0.2639951225821742
   -2.394470043278295     2.394470043278295
   -3.222185526541779     3.222185526541779
   -2.612016046512791     2.612016046512791
  -0.3614592546436705    0.3614592546436705
    2.185397275099096    -2.185397275099096
    3.938042218477604    -3.938042218477604
    1.588354199289349    -1.588354199289349
   -3.604008649994545     3.604008649994545
   -2.303996916354166     2.303996916354166
   -2.533897683423425     2.533897683423425
    2.250556791869121    -2.250556791869121
   0.6764135787652573   -0.6764135787652573
   -1.468268916437331     1.468268916437331
   -3.486180649123953     3.486180649123953
    1.065628766986093    -1.065628766986093
   -3.125741888538706     3.125741888538706
   0.4285029897269008   -0.4285029897269008
   -2.215602391321904     2.215602391321904
    2.457595194234229    -2.457595194234229
   0.3830036842485102   -0.3830036842485102
   -1.715110492150147     1.715110492150147
   -2.677001781220981     2.677001781220981
    1.839134386115459    -1.839134386115459
    1.061317951950466    -1.061317951950466
   -1.421746399637307     1.421746399637307
    1.125110130105459    -1.125110130105459
    -2.21782530452765      2.21782530452765
   -2.995889612741171     2.995889612741171
    2.569194240257876    -2.569194240257876
   0.8696150071586979   -0.8696150071586979
    2.546856529742766    -2.546856529742766
   -1.574143213103864     1.574143213103864
    1.752644943378509    -1.752644943378509
    1.444084110152418    -1.444084110152418
  -0.8277154832634843    0.8277154832634843
    1.300011733640378    -1.300011733640378
   -2.041118908357674     2.041118908357674
   -2.474946914338459     2.474946914338459
     3.03687717232735     -3.03687717232735
   0.6940648113738351   -0.6940648113738351
    2.074985883256516    -2.074985883256516
  -0.5745448060361151    0.5745448060361151
   -1.630283329890241     1.630283329890241
   -2.231607766074858     2.231607766074858
  -0.7780643082135206    0.7780643082135206
   -2.144930369251115     2.144930369251115
    3.087440311686348    -3.087440311686348
    1.715409677434221    -1.715409677434221
   -0.115838164743787     0.115838164743787
   -1.366866061037595     1.366866061037595
   -2.144682495202588     2.144682495202588
    -1.10417739657926      1.10417739657926
   -2.938162769161348     2.938162769161348
   -1.213403425094189     1.213403425094189
   -3.774958647978837     3.774958647978837
    2.354580624376329    -2.354580624376329
    1.893279192418161    -1.893279192418161
    -0.46575436494214      0.46575436494214
    -2.10147978842238      2.10147978842238
   -1.158710746865742     1.158710746865742
   -2.342812360953515     2.342812360953515
  -0.9618912890708337    0.9618912890708337
    3.554244878265606    -3.554244878265606
   0.9101394972168012   -0.9101394972168012
   -2.324348141264077     2.324348141264077
    3.252951858170316    -3.252951858170316
  -0.0541910780464957    0.0541910780464957
   -2.649530689292632     2.649530689292632
  -0.7778164341649935    0.7778164341649935
    2.029092204507328    -2.029092204507328
    1.499450794869367    -1.499450794869367
   -1.618450227712314     1.618450227712314
    2.231314404644139    -2.231314404644139
   0.3973290320620508   -0.3973290320620508
   -1.824096775327758     1.824096775327758
    -3.11790102258168      3.11790102258168
   0.7318636097747718   -0.7318636097747718
   -1.657062960038742     1.657062960038742
   -1.219863585143518     1.219863585143518
    1.460838062542938    -1.460838062542938
   -2.501661599677507     2.501661599677507
  -0.1480343831675367    0.1480343831675367
   -1.498784677047197     1.498784677047197
    2.134540547260543    -2.134540547260543
     2.35362721650997     -2.35362721650997
     1.00287692263031     -1.00287692263031
   0.5930120346535069   -0.5930120346535069
   -3.541535729106128     3.541535729106128
   -1.628413772736302     1.628413772736302
    2.317771378720666    -2.317771378720666
    1.883943372739881    -1.883943372739881
  -0.6007928677619085    0.6007928677619085
    -4.11408423900398      4.11408423900398
   -1.833985372582088     1.833985372582088
   -2.221425807389809     2.221425807389809
    1.724759344067159    -1.724759344067159
    1.913121956369826    -1.913121956369826
  -0.5725485098978523    0.5725485098978523
   -2.799372267364866     2.799372267364866
   -1.419540816755047     1.419540816755047
   -3.332662773124874     3.332662773124874
     3.44691496129015     -3.44691496129015
     2.28257493042808     -2.28257493042808
    2.117686053009002    -2.117686053009002
    -1.16434003086207      1.16434003086207
    1.516361616824386    -1.516361616824386
  -0.6013244361846158    0.6013244361846158
     1.31487948871094     -1.31487948871094
  -0.4338280059807851    0.4338280059807851
   0.2661619208074513   -0.2661619208074513
   -2.484736240501789     2.484736240501789
   -2.946037672459958     2.946037672459958
   -3.212199593267409     3.212199593267409
   -1.773998184115237     1.773998184115237
  -0.4613014319581684    0.4613014319581684
   -3.513291371242072     3.513291371242072
      1.0771005330446      -1.0771005330446
    2.515301942196771    -2.515301942196771
    2.426412861641119    -2.426412861641119
  -0.3522473214621401    0.3522473214621401
   -2.549491851385413     2.549491851385413
   -1.281933024315701     1.281933024315701
    1.438201409152171    -1.438201409152171
   -2.359033557360301     2.359033557360301
 -0.08888908055565184   0.08888908055565184
    3.248149291037038    -3.248149291037038
    -2.77866018310326      2.77866018310326
    0.944479313920757    -0.944479313920757
    2.268847720170603    -2.268847720170603
   -2.303669977116281     2.303669977116281
   0.6144702410292129   -0.6144702410292129
   -1.672655063310757     1.672655063310757
   -2.197244529923273     2.197244529923273
    2.918140218145493    -2.918140218145493
   -1.515849623125819     1.515849623125819
    2.559127740881646    -2.559127740881646
    3.540488587295112    -3.540488587295112
   0.3720438738066546   -0.3720438738066546
     -1.8134964161433       1.8134964161433
    -2.84014836042495      2.84014836042495
   -1.768864345287016     1.768864345287016
  0.05818490402668639  -0.05818490402668639
   0.9813608464134671   -0.9813608464134671
  -0.5245894666125158    0.5245894666125158
   -2.187083867074991     2.187083867074991
    2.898584090795488    -2.898584090795488
   -2.042485066326011     2.042485066326011
   -3.482303683268426     3.482303683268426
    1.806071997880567    -1.806071997880567
    2.789475562798514    -2.789475562798514
    1.126981162336039    -1.126981162336039
    1.763032867770737    -1.763032867770737
   -1.058559127613915     1.058559127613915
   -3.196723143665928     3.196723143665928
   -1.276898810355899     1.276898810355899
   -1.662494400462475     1.662494400462475
   -1.026442695027777     1.026442695027777
    1.267558827069711    -1.267558827069711
   -2.185540289949954     2.185540289949954
    2.294001522097489    -2.294001522097489
   -3.039931678126636     3.039931678126636
   0.6582760986172479   -0.6582760986172479
   -1.769136123536135     1.769136123536135
 -0.07772048910100431   0.07772048910100431
     3.92003197969572     -3.92003197969572
   0.1430939930695262   -0.1430939930695262
    2.223378268952054    -2.223378268952054
    1.543230457221182    -1.543230457221182
    -1.63572542348024      1.63572542348024
   -2.138164016052012     2.138164016052012
    -1.02665194428165      1.02665194428165
   -2.683597195016965     2.683597195016965
    1.919824333310028    -1.919824333310028
  -0.4960503807158774    0.4960503807158774
   -2.312595120852198     2.312595120852198
    1.052942275705602    -1.052942275705602
   -1.362932438320304     1.362932438320304
   -3.613326155422824     3.613326155422824
    3.202241076373761    -3.202241076373761
    2.323737830296103    -2.323737830296103
     1.16005870424408     -1.16005870424408
    -1.55742636514084      1.55742636514084
    2.187546814301088    -2.187546814301088
 -0.06284690280143154   0.06284690280143154
   0.3710020741647669   -0.3710020741647669
   -2.537049892692533     2.537049892692533
   -2.060857069082299     2.060857069082299
   -2.415874714025906     2.415874714025906
    1.270795554590501    -1.270795554590501
    -2.25039371710252      2.25039371710252
  -0.4457619750407158    0.4457619750407158
    2.055899790281985    -2.055899790281985
   -3.362940073365085     3.362940073365085
   -1.998010166280868     1.998010166280868
    2.680701647686456    -2.680701647686456
    -1.09251209291492      1.09251209291492
   -1.439818616942415     1.439818616942415
    1.548908976075725    -1.548908976075725
  -0.8785032460776578    0.8785032460776578
    2.491678017632363    -2.491678017632363
   0.2648542601653498   -0.2648542601653498
    -2.04218237212968      2.04218237212968
    1.071284015137934    -1.071284015137934
   -2.093518991629238     2.093518991629238
    1.827049249313702    -1.827049249313702
  -0.6091593894488476    0.6091593894488476
   -3.164803006767172     3.164803006767172
   -2.555643617318325     2.555643617318325
     -1.4171096874289       1.4171096874289
    -3.74064429667782      3.74064429667782
   -2.304570137575445     2.304570137575445
     2.13223349289344     -2.13223349289344
  -0.7758184739638607    0.7758184739638607
    1.158251556311318    -1.158251556311318
   -2.472472184707527     2.472472184707527
   -1.523165762401938     1.523165762401938
     -2.9080519668573       2.9080519668573
   -0.973981936582122     0.973981936582122
    2.784607344951519    -2.784607344951519
    2.501661765322701    -2.501661765322701
    -3.22119144554732      3.22119144554732
   0.6880981802084942   -0.6880981802084942
   -2.917178098324369     2.917178098324369
   -1.850661624490752     1.850661624490752
    2.434539489756101    -2.434539489756101
  -0.2829455796288185    0.2829455796288185
   -2.096509164743025     2.096509164743025
     1.52673766892985     -1.52673766892985
   -2.427412222153383     2.427412222153383
   0.9427690415566379   -0.9427690415566379
   -2.226823757467014     2.226823757467014
    -2.30703663229503      2.30703663229503
    1.379831450609818    -1.379831450609818
   -3.214838453121282     3.214838453121282
    -2.71748506938492      2.71748506938492
  -0.9078018208262515    0.9078018208262515
    -2.32353460924892      2.32353460924892
   -2.463157659134052     2.463157659134052
    1.436074159102376    -1.436074159102376
   -2.103576340914953     2.103576340914953
  -0.1396230498851325    0.1396230498851325
   -1.245343159610881     1.245343159610881
     2.80500203809979     -2.80500203809979
    1.620950946322186    -1.620950946322186
    3.109015385322741    -3.109015385322741
  -0.3267560009245382    0.3267560009245382
   -1.696653710743666     1.696653710743666
   -2.376801522474538     2.376801522474538
   0.4761928236102343   -0.4761928236102343
   -2.681417318713256     2.681417318713256
   -2.086390718099901     2.086390718099901
  -0.2878820069946273    0.2878820069946273
   0.3368646909575018   -0.3368646909575018
    2.134859484810612    -2.134859484810612
   -1.955069397607615     1.955069397607615
  -0.2131584914765523    0.2131584914765523
    2.904717198156172    -2.904717198156172
    1.798508711105273    -1.798508711105273
    2.422741491805239    -2.422741491805239
   0.2250857291238232   -0.2250857291238232
    1.940473288835128    -1.940473288835128
    2.778244677334555    -2.778244677334555
    2.630806325638593    -2.630806325638593
    1.733911605334205    -1.733911605334205
    -0.62100274780805      0.62100274780805
    2.798863951504487    -2.798863951504487
   -2.476463814223303     2.476463814223303
   0.1926306502629215   -0.1926306502629215
   -2.040513875619217     2.040513875619217
    1.791612181875843    -1.791612181875843
    2.836108224806721    -2.836108224806721
   0.2927437940274565   -0.2927437940274565
   -2.450543522384485     2.450543522384485
   -2.481909391523754     2.481909391523754
   -0.841354580235316     0.841354580235316
    -2.58337819747353      2.58337819747353
   -2.011285742654629     2.011285742654629
   -1.017001475349702     1.017001475349702
    2.678354776422212    -2.678354776422212
    2.168617583600922    -2.168617583600922
   -0.595291740693339     0.595291740693339
   -2.479971830982219     2.479971830982219
   -2.146254124887029     2.146254124887029
    1.470338681679518    -1.470338681679518
    2.366001018025615    -2.366001018025615
 0.007981775556989285 -0.007981775556989285
    2.215050964000793    -2.215050964000793
    2.152932745181344    -2.152932745181344
    -1.88468009028888      1.88468009028888
 -0.06211821881944965   0.06211821881944965
    2.065630422372858    -2.065630422372858
     0.33371770609519     -0.33371770609519
   0.7837060793874505   -0.7837060793874505
    2.154235900444018    -2.154235900444018
   0.3040133472229503   -0.3040133472229503
   -3.131758039024329     3.131758039024329
    1.370529821056568    -1.370529821056568
   0.8956623363460962   -0.8956623363460962
   0.1807405622306211   -0.1807405622306211
   -2.358019242468625     2.358019242468625
    3.623246833672875    -3.623246833672875
   -2.538759804699246     2.538759804699246
   -1.452049650853804     1.452049650853804
   -2.622572020357171     2.622572020357171
   -1.823364051563433     1.823364051563433
    1.146556424716611    -1.146556424716611
    4.142232111523835    -4.142232111523835
    4.015985736179922    -4.015985736179922
    1.501532091084301    -1.501532091084301
   -1.170522369503366     1.170522369503366
   -3.307142936216812     3.307142936216812
    2.598606075570415    -2.598606075570415
   0.7992079687937378   -0.7992079687937378
   -2.136620566713445     2.136620566713445
   -1.886514847700564     1.886514847700564
    3.324896142647734    -3.324896142647734
   -1.699579233099178     1.699579233099178
   -1.835292054907614     1.835292054907614
   -3.104040832526222     3.104040832526222
   0.0145493123048303   -0.0145493123048303
   -1.372030634252127     1.372030634252127
    1.198446355422259    -1.198446355422259
   -1.831247842178008     1.831247842178008
    2.570476989674386    -2.570476989674386
    1.301728212055778    -1.301728212055778
   -2.074591509985719     2.074591509985719
   0.7948378014775922   -0.7948378014775922
    3.132976054233786    -3.132976054233786
    2.869429311463311    -2.869429311463311
  -0.1262463753439125    0.1262463753439125
    2.591332947411389    -2.591332947411389
   -2.640700020439534     2.640700020439534
  0.04564973459602265  -0.04564973459602265
     3.05273869705038     -3.05273869705038
    2.717579322755301    -2.717579322755301
    2.338138252756194    -2.338138252756194
  -0.3794410699991075    0.3794410699991075
    2.739149074831944    -2.739149074831944
    0.461405749638991    -0.461405749638991
   -1.268748777618608     1.268748777618608
    3.118590144831052    -3.118590144831052
    1.588951055244337    -1.588951055244337
    3.552904346274157    -3.552904346274157
     1.96395329102982     -1.96395329102982
   0.8582331813040721   -0.8582331813040721
    2.080284275882528    -2.080284275882528
    3.029590698188116    -3.029590698188116
   0.9493064223055885   -0.9493064223055885
   -2.636276437152489     2.636276437152489
    2.122995800431293    -2.122995800431293
    2.409883271292617    -2.409883271292617
   0.7495169794846246   -0.7495169794846246
   -1.684160387841245     1.684160387841245
  -0.1101487254508454    0.1101487254508454
   -3.025008636548104     3.025008636548104
    1.044496042930877    -1.044496042930877
    -2.63296676211116      2.63296676211116
   0.5720924548189009   -0.5720924548189009
    1.566376722123828    -1.566376722123828
   -2.140041662834244     2.140041662834244
    4.179903326255551    -4.179903326255551
   -1.810019451821448     1.810019451821448
   -2.440158449337311     2.440158449337311
     1.79933979621229     -1.79933979621229
    3.256540434993964    -3.256540434993964
   0.5132531185820223   -0.5132531185820223
  -0.6301389975158634    0.6301389975158634
    3.695356251771914    -3.695356251771914
    3.609359248033737    -3.609359248033737
    2.953411567919333    -2.953411567919333
    2.686349755035556    -2.686349755035556
   0.4557040233346815   -0.4557040233346815
   -2.230645731700875     2.230645731700875
    3.007088962454358    -3.007088962454358
    2.161082645517661    -2.161082645517661
 0.008854104636328911 -0.008854104636328911
 0.004360115292793634 -0.004360115292793634
   -3.694647443416265     3.694647443416265
   -1.523246481847835     1.523246481847835
 -0.08953427413836877   0.08953427413836877
   -2.189738013363166     2.189738013363166
   -1.008548498611593     1.008548498611593
    1.584395068643734    -1.584395068643734
    3.788214825322916    -3.788214825322916
    1.327400642028141    -1.327400642028141
   -3.551912929390857     3.551912929390857
    -1.71125197194983      1.71125197194983
    2.592943567255327    -2.592943567255327
   -2.543364430779264     2.543364430779264
    2.029675403496775    -2.029675403496775
    2.203819756679181    -2.203819756679181
    2.561953072726736    -2.561953072726736
   0.5322776692299607   -0.5322776692299607
    2.239499836337204    -2.239499836337204
    3.552632020520935    -3.552632020520935
   0.3581333160475546   -0.3581333160475546
    2.110345785579085    -2.110345785579085
  -0.1058998301525203    0.1058998301525203
   -2.460814183294775     2.460814183294775
   -2.188049238257167     2.188049238257167
   0.2073341029542795   -0.2073341029542795
   -1.527606597140629     1.527606597140629
   -3.034055555193864     3.034055555193864
    -3.19449870447338      3.19449870447338
     2.17140096156843     -2.17140096156843
   -1.487276537366137     1.487276537366137
   -1.442286234941849     1.442286234941849
    1.504909430053099    -1.504909430053099
    1.707222167107243    -1.707222167107243
    2.395383341211447    -2.395383341211447
  -0.8460063169366966    0.8460063169366966
   -2.560761603687667     2.560761603687667
   -2.039102499907171     2.039102499907171
  -0.0741774122889856    0.0741774122889856
   -1.506448958053235     1.506448958053235
   -3.658677498934567     3.658677498934567
   -2.152228540881332     2.152228540881332
   -3.462915764321234     3.462915764321234
   -2.100203739224797     2.100203739224797
   -1.106890945422588     1.106890945422588
   -2.216245615731606     2.216245615731606
   -1.151293269561323     1.151293269561323
    1.584483639898512    -1.584483639898512
    2.947195664994949    -2.947195664994949
   -2.354914353142255     2.354914353142255
    1.064952346170282    -1.064952346170282
   -1.855461066415254     1.855461066415254
   -3.038652613977971     3.038652613977971
   -2.606233301241565     2.606233301241565
    2.779124763667923    -2.779124763667923
   0.2398392222122606   -0.2398392222122606
    2.735776909459836    -2.735776909459836
    2.326984275466224    -2.326984275466224
   0.2368065023686674   -0.2368065023686674
   -2.068071864581017     2.068071864581017
   -2.154068868319194     2.154068868319194
  -0.6968682295375197    0.6968682295375197
    1.143792727903507    -1.143792727903507
   -2.090177773097557     2.090177773097557
   0.4359499386040864   -0.4359499386040864
   -1.183191547562717     1.183191547562717
   -2.304878366949684     2.304878366949684
    2.526127711701644    -2.526127711701644
   -2.814615559770974     2.814615559770974
  -0.3887321993956153    0.3887321993956153
   0.2868874708613243   -0.2868874708613243
   -2.233144525882139     2.233144525882139
    2.846072523453826    -2.846072523453826
   -1.622468214530133     1.622468214530133
   -3.282834506338126     3.282834506338126
   -0.368172288553131     0.368172288553131
   0.9367168380623694   -0.9367168380623694
    1.975530044829505    -1.975530044829505
    2.829631501871968    -2.829631501871968
   -1.660366291807993     1.660366291807993
    2.559185052592502    -2.559185052592502
   -2.433677367325869     2.433677367325869
    2.914662217784995    -2.914662217784995
   -1.340848248706859     1.340848248706859
    2.343702333382636    -2.343702333382636
 -0.08599700373817716   0.08599700373817716
  -0.5097371928212904    0.5097371928212904
    1.457200638781674    -1.457200638781674
    1.840660957441027    -1.840660957441027
   -2.743287316411942     2.743287316411942
 -0.03136586913926871   0.03136586913926871
   -2.415941638389119     2.415941638389119
    1.640554811288438    -1.640554811288438
   -2.384575769249851     2.384575769249851
    1.488064439000554    -1.488064439000554
    2.852994346084772    -2.852994346084772
    1.364929907084218    -1.364929907084218
   -2.539285541455663     2.539285541455663
  -0.6463708776460643    0.6463708776460643
 -0.04334785420808748   0.04334785420808748
    2.312676964690558    -2.312676964690558
    1.892914663809598    -1.892914663809598
   0.8541014570424625   -0.8541014570424625
    2.275502726277545    -2.275502726277545
    2.797161830058041    -2.797161830058041
    1.943060373015578    -1.943060373015578
   0.5216591037804963   -0.5216591037804963
    2.486584191398681    -2.486584191398681
    1.362712025096436    -1.362712025096436
    2.356024818898646    -2.356024818898646
   -0.348757387595781     0.348757387595781
    2.425883360375359    -2.425883360375359
     2.77464074797114     -2.77464074797114
