1.193305356271295858
-1.183073179547344367
0.01286110721426460095
-1.208003602693948464
1.207491478224730352
0.001029413692779776544
1.20921780027525716
-1.212380923106427755
0.05836865172281974906
1.226062134177149376
-1.234133710356816849
-0.005087249763239634973
0
0
0
0
0
0
0.2831579903137746435
2.167152212244375598
-2.109267933988712151
-1.101825113174121684
1.870973783089306508
-1.644232597729114564
-3.418573627978655605
-3.242066905524535692
-1.134715468519674086
1.507597937400009913
-2.567987922867633444
-2.091548571672574131
3.278987068365904811
-3.277637653485857783
0.4542185755672382697
2.456533594518738095
3.364024591229316297
-3.558374243409261783
-0.709649730619089314
-5.007082135812309431
5.024521517386330238
5.054143745100551754
-1.145512024801567774
2.060699483706858182
-0.5121497232269098809
-3.296419705941984635
-2.003538439805066407
4.643314173151386726
2.599955664121380128
3.339625825079030719
1.759290292066698624
-2.869853579244080688
-1.306183003798324194
0.2104736022223731851
3.597767315331751981
-0.1410364605160102924
2.646705309476552248
-1.580335533012383831
2.004443697902314359
-3.129152222856605547
5.569791510117509503
0.2274635165008241922
6.340043066368989066
-4.377728787720654324
3.803059843109591665
0.2652436737683624979
1.61574629342351761
0.3081908199244057789
-1.031417087380563036
-1.533371218834454597
-0.9510620058567846868
2.603666003635986659
0.5311350274071816591
2.658103119138430337
-1.593323617427758743
0.6946966075098960358
-3.532344234980016484
-1.186089081811243728
2.545767147238766626
1.69118213398667927
2.095256189607258346
-0.3638880726717367287
-2.348374465896805319
-1.86810232328118464
-1.205328659489310894
0.1155355890243415229
2.145480158419399874
-2.321657415722847784
-2.988115762339318859
-4.227040842489622641
1.851070539727824871
3.554728009493747454
-0.5024693596193472445
2.346255153170812235
-3.518505387164644116
-3.06547329586721462
-2.824768492797242736
-1.121111023029638609
3.492714971393417578
0.08503752286198788812
3.775642637328562756
2.394857279547161877
2.848724512790166141
-1.44870789240234088
-3.016036027546986631
-4.680140977724405182
1.703657469767807742
2.347601450385118582
0.05443711550538627569
3.515968302576314652
-2.322893897493556903
-0.8487471321385122724
1.241944045860550183
1.563670575448021349
-3.492868775971992523
3.080327181464642905
-1.354280667549840222
-4.627300900806804229
-0.3121324555631680986
-4.597678673093576585
-3.719809904094661501
1.478927901742131068
4.490313991171174024
3.551728800769502925
-5.814047774768162924
3.86157011101086578
-3.231433085322770626
-2.238451448159369139
0.02962222771353760498
0.9074909967108850672
6.393875286558820648
0.7702515562514706815
4.333289892162625279
-1.76673166700783435
-5.623623730307355295
4.139070375506079813
-2.060585394396131864
0
6.025497109746910773
-3.407677448531461373
0.2829276659363707536
2.578606583381541473
3.863861256332294047
-1.169974878478037716
-1.257234550804350981
0.9686132299397168799
-3.217975493419867217
-2.796744475513995187
-1.959385616291531074
0.4530320912970065561
-1.664104950176399145
-3.707463459204686895
-4.605192304221477073
-4.064237923512004969
2.582614689444991285
3.575596326608780462
-3.067800241748479984
-2.784269982714245195
-1.828678363243181115
3.11210538734749198
2.216061586425344121
0.2835302590353530605
-2.148523569582768022
1.239121878504611418
-1.373992964252700899
0
0
0
0
0
2.41241770758716001
-1.74807784291297974
-2.644121643834666635
0.3002860800705925981
2.504841482217069704
1.838383135602874585
-2.596224713407557783
0.286989046092572142
-2.326125796663387479
2.283728380812832803
-2.820972539641380283
-0.7656630226619508539
2.704959398721164199
-2.432053828619239688
-2.461566488888279114
1.292881266137316798
-4.32417882812806198
-1.391871097315615868
2.040444638026044366
-3.164427423661021255
-2.905131057910199655
-1.117043264434889993
1.545597895044263481
-2.657785130013153641
0.7745306053293861126
-1.89212499950863311
0
0
-6.074799392600630732
3.432315735342155172
-1.882131186513351206
0.7656601305049833828
-3.656725636117842182
-1.513259960595352727
-3.213493374316666706
0.5409543807093765144
-4.809458605423697186
0
4.642972461489019764
-2.613114842756235401
4.044739949667837564
2.417970352629026376
3.754447755025994482
-1.862612339239944292
-1.595965231106958981
-3.488965288825618849
-0.4948467429798867334
-6.199655769902148172
1.886426734240769676
6.076606574835733632
-6.100021559170426322
-3.09475139587793624
2.647791317018797663
-0.9907014320727082213
-1.774594449604440127
1.021438367433406436
-2.04335850902920857
2.104049963805085799
-1.308180428654839966
1.320156946273204346
-4.823386809474069281
-1.752191880551177139
3.009191939019144613
-0.8959479182057876745
-3.604662571184086506
-3.531547216790995591
0
0
-1.626352949585513574
-0.8960438009212006172
-2.31988627330755337
0.3084511016208135725
-2.683262118994691914
-0.7964830550324205616
2.192620411389756274
2.451916777142921777
-3.90513985722490542
0
-1.893000057718730922
0
-1.626769597037605264
2.012139799506144744
-3.856241844356554704
-2.708714652978259085
2.156888225145701998
0.2616651778024257635
-2.178051303275461592
-1.818247070036895119
0
0
0
0
0
2.628337374928205517
-3.51520638081889869
-0.3633758456882174581
0
0
0
0
2.143465675522056024
3.071194928922980516
-0.2189763871839163767
-2.934532208663885644
-4.366873019553715984
-1.774341030249979578
-1.313241148707354311
0.5010615215877877171
0.1008428799281808064
-1.776464041863099697
2.684184368766168394
1.400994265378472603
-1.807591979827683604
2.350531814204471992
-4.356744189793495536
1.823782701967742614
1.71777822061586849
-3.188377337605019068
-1.515925062221308517
2.801017346770853234
4.190179840594988825
0
7.337597582147254549
0
0
0
0
0
0
2.813617211441414412
-3.872079577520074256
0.3892539314027556041
-2.536383813163900491
4.779220635489870972
0.5893522136868203365
3.764991957789793009
-2.586824904571593198
4.892902698802131134
3.131601389296066795
-2.424363280038530188
1.965603424048233405
-0.612693064284765998
1.327126848433549
4.720366264208112561
2.86684527630155328
-6.673481387967006739
-3.662095298537537236
-3.526063646414756558
1.135508004636724744
-2.650699006982645489
2.186385631752251868
-1.86086050767862754
2.90972547929174663
2.96998343889728833
1.41662274665202581
0.3892048409808486209
-0.9539583203548067658
-1.165997965248317669
2.373679485558936708
2.066694134293123319
0.1945312725678217669
-1.804474540861186194
0
0
0
0
0
0
-1.737180212815933267
0.9823340737861483429
-3.361320086451848432
2.861879859031578377
1.957044624835023505
-0.04196118859186370731
0
0
0
-0.5924310048528129702
-2.919118546578447937
0.7898384993059018866
1.696740686624868211
0.6534861418498717489
-1.406020515808615645
0
0
0
0
0
0
0
0
0
0
0
0
0
0
0
0
0
0
0
0
0
0
0
0
0
0
0
0
0
0
0
-0.3093820439351360752
-5.182677061820353259
4.128316463550223858
4.201431817943318769
0
-5.484091025049206536
-3.29017131610692859
1.147527191378357347
-4.873295017885196145
-2.715555821480105436
4.43769850748530903
2.17541851069868164
4.333157707103671541
-3.679917235440320677
-3.680473236485584998
-0.5473383229352769552
2.900816896213395779
2.15773919640495615
-0.3014139632288321269
-4.485479666606760674
-5.855335746139271436
-1.43234081089008658
-3.527506442118079288
-0.07935122296948561582
2.513180766333397376
2.689687488786650427
-3.189565332559610944
-0.265945658988891942
0.0731153543930908173
0
0
0
0
0
0
0
0
0
0
0
0
0
0
0
0
-4.184065703377949141
0
0
0
0
0
5.084845410522937037
3.714989330990291272
0.4850323679248708664
-4.909917525135207406
-3.093256553961484467
-1.369856079532578486
0
-8.17810196448442106
-0.0005560010455523829156
-3.229956963065236941
0
0
0
0
0
0
0
0
0
0
1.699530373603671096
4.832665287153380618
-1.529870588415648935
1.940674466631121309
-2.97397941613764738
-4.276216282617557596
0
0
0
0
0
0
0
0
0
3.133134913550008616
-3.229400962019500998
3.448155219148484107
0.3379411095583598756
-2.89199082052105183
3.47482086081496977
0.7284751666113712387
-2.256582781251580183
-5.444997630711929659
-1.920129032244405565
-2.746345694202745769
-5.39494989305986028
0
0
0
0
0
0
0
0
0
0
0
0
0
2.592531989303521467
0.1765067224536815416
-2.955633147774747727
2.107351437003984085
-0.8129975113152815291
1.423285566738084817
4.346905240308274188
-1.806646363339444727
-2.874881242252245617
-2.611962071262893925
2.948991816938395072
0.1744449426369683309
-1.645746240066033872
0.7673305672135994904
-0.7935112070351928448
1.564552555196895733
2.923619673570561073
-3.229931930079052993
2.142635636457574488
-1.397913423367690422
-1.068234878914324115
-4.914653882767561655
2.174313430222686971
2.437232601209247118
-2.044525941951985448
-2.161889169116858245
1.778636456559633761
-3.846419003852822982
0.2629191709873971994
-4.218839372175012592
-0.4883050725281011251
-2.639392671659442247
1.325997597771295
1.515010542568538288
-0.6094481022631866862
-1.302236866479939081
-3.919273131031778767
-0.3724203683225297823
2.786407013899946605
1.385387638887999318
-0.6585961446476401582
-2.1064210706794122
1.834104554992829206
-2.122065312269053372
-1.815912788451331528
0.2260158064299355729
2.402360773326210452
2.642313405919399116
-2.920348948318388427
1.532816270887915611
-0.537672708120223275
1.886779063962556569
-1.10949713502966274
-3.540549059824976919
-1.734238214511441223
1.586517259372706379
2.382676240196922368
-0.5719931690315869233
2.296525956604033691
-1.439671436500374657
1.867493197437998909
-2.524197900016782459
0.1744523887566492293
2.989103466422296851
-2.996276198991848716
2.439486366469242551
-1.952204730986179193
0.2592963657519935516
2.047384159225722922
-0.5496170999517440148
-2.866647959830998182
-2.070488979007695907
-0.4937342700381923688
1.04407146800529893
-2.148811411456435394
-0.2199927282266353201
2.071464138139244682
1.314182577186079781
-2.081292444238851846
0
0
0
0
2.295678917443116696
3.63137468179734979
-1.380785357779566791
2.719514286599947539
-1.327731852835414506
-2.254078839547371871
-1.624139873635427778
0.9223334958285214213
1.335695764354787984
1.285254672949999843
0
0
0
0
-1.853520987906579043
2.529601231495109293
3.778400966516493931
-0.2219437175472592505
-3.584858259571240158
2.398888632325610004
-0.5267491122387160107
0.4504855325680933165
2.831019862930193032
-2.204747600670929675
-0.3102241445925364438
-2.075089895925480654
0.489985856719649393
2.212604090235386067
1.892448101318294329
-2.15108759913146308
1.814302670298123976
-2.116837578503854456
-0.4632228931569118968
-2.293164334877790811
1.168366852188872373
2.840819127569623515
0.05309714525612100472
-2.925637744565270815
1.81167021575363596
0.4321312306073419318
2.004337468521869781
-2.013508578187264586
-0.7833845137849062557
0.1296577047432415364
2.694733457391369491
-0.4387183279448867435
-1.929957926971584969
2.001610863297576426
1.566110711426067503
-2.237847555303404956
0
0
0
0
0
-3.233703282835826087
1.213932967443098754
1.083239126152039766
-2.54330729396145605
-0.8206890604406862355
2.833834490599298483
-2.774546874301052402
-0.9892440903315702361
1.80631084531324726
0.03425002062476243531
-3.059508949967462144
2.029944569396133769
-2.437193004746445624
-1.579828010821023865
-1.39081506602845395
0.736153025702114383
0.6032948363617463006
1.852290441427990819
0.1890129447952604014
2.183122847180082982
2.126968091730908839
-2.124458644833397081
1.116137415726259796
2.346261480132261212
0
0
0
0
0
0
-2.326687541730054321
-1.163979005697648006
1.382269504163134322
-3.518757022488915975
1.527286839723188017
1.646436174448604017
0.2845160110218338256
-1.649636065084030045
-0.6926187541310974138
-1.485366156118649528
1.883994221932454582
1.220059816557607979
2.822244120145157353
-1.384983103490613932
-2.787721982310984448
0.6903959888723054661
-3.093758970591727664
1.653614685346533442
-0.7292805598457863248
-2.095241246690552117
-1.877306921787170291
-2.124664396986650772
-0.7927474019914861891
1.300151385446490337
1.912678570693334912
-1.582239456920433662
0.6223159452217598142
0.9985177239006792771
-1.178165401294572368
-2.382895245189556199
-0.2473574752035904434
2.135537769985218493
-1.365960686840933747
-2.046933927733468828
-0.9139044580092083869
0.4671166408620336941
-2.708503787479048963
-1.192069480756737132
1.513098030768087243
-0.3407992202588028818
-1.136123649498290478
-1.764865751331462729
0.6862379391829481756
2.202672245908140702
2.67778556591411343
0.1136820633106508244
3.539677450809143977
1.879545785243296407
2.342711181881565352
0.7835978071451955573
-1.797180790772510584
5.631921954423073196
0
-6.39290892271630895
-2.360983160789186019
-0.1580544185026161175
3.515039959341882181
-2.224922295194360355
-0.1143612400851742733
3.022440547418989709
3.011386089429358481
3.147417741552265724
1.248799735021327351
-2.75154494904231095
0.2600509980337357696
2.924806925385919687
3.721176942688650957
0
0
0
0
0
-1.283190103385025038
1.248995605063242031
3.392161887990587932
0.9962588189495914515
0
0
0
0
0
0
0
0
0
5.410363505023624064
-0.3358471325995014412
-4.356180633538119018
0
0
0
0
0
0
0
0
-2.617036264553403324
-2.985057947862420402
3.312069568750923843
2.489991673292323071
-1.406614034901946697
-2.658404665003766265
-1.147811311908870646
3.692831170780301431
3.324809487473220138
0.1363946380129991698
-3.437843424124220171
-1.025852432875585585
-0.3680216833084858363
-0.822077895458539043
3.546852762709569618
-4.718683603653963665
-3.188414849459882738
3.524868598467843839
-3.574238062137936378
-1.480573197476233283
-4.549374689323104626
-1.99335062112139183
-2.579620153315643094
-0.189624938224548123
-2.700665665726258879
2.375580037046220117
2.258216809880305487
0
0
0
0
-5.005441795944085115
-2.114109951921347985
1.816660971173730488
-0.5862695321945461391
4.368930658167496262
-3.637802985201131989
2.226625993427620909
2.105580481013988869
-0.7763067638323321029
-0.8249074595764021023
-2.817753543717770981
-0.121045512410439926
-3.051533453006075369
-2.511040727501436365
-2.061476398360963636
2.447841748104300663
2.432197506507852935
0.7459162491132682593
-2.881887244844421048
0.4495643291394921248
-0.7514359327761001017
1.657478086013637997
-1.532182259213820341
-1.290738103648891855
3.331451573981702996
-2.041446779885418561
2.539605672726021002
-0.3066313693157243225
-2.330270330051107397
1.307521620923656203
-0.7918459012532826913
2.807392647473251124
-1.889488196538286591
1.602816611214366693
2.518594231490357771
0.3392369469953432914
-0.3896171699915417785
-0.9909865061519669283
-2.099367522174539591
1.49987102654786586
0.8985016903837056423
-0.8635972195195190659
2.010364345736927127
-1.168738939310455471
-1.912056004324763414
0.2325429200112668904
-0.5278903329788220411
2.411990991246712124
-3.927692194997288055
-2.075148117042007634
-0.9751366271849510881
2.891331844022849928
-3.002021428590088803
-3.068801491846974372
0
0
0
0
-5.893353272612997351
3.930770923095195712
0
2.939881324225302794
1.688090694121165303
-1.654120691836285628
-3.994180803179292472
-1.54725778406171588
0.6504853491438172819
2.004829039371116561
-1.578225618379936579
-1.799129227360788619
0
0
0
0
0
0
0
0
-0.9242328631526199878
2.651157563536968187
1.698099338404920555
-1.331787017396884654
0.885882179744131637
-1.368406966674458491
-1.550525500283644886
-0.9269166905518401167
1.479168144402841056
2.120057519640882404
0.9854901971436159647
-2.37800558618426594
-1.24308326392940649
3.708203450964540959
-2.038007186658500558
-5.213376230262945832
-3.003887790351782883
0.6888678198942955744
3.641423387707525272
0.1811049504446853864
1.513021945435065074
0.6059621772399532702
-1.534226711443476665
-1.48731617867199839
1.613404998056535256
0
0
0
0
1.331916994991230396
-1.668421129119290303
-0.6287421018316907695
-3.024645170869022959
1.822361588678477862
-2.596437576547382609
0.00850624020717462119
-2.148075100231152224
2.06256196957542981
0.5745575010541098537
-1.209825202022936086
2.051794620591744778
0.1003830526247529026
0.9382498982103741891
-2.140188888679899648
1.007442820814590689
2.472377207667384003
5.975815362200667558
0
0
0
0
0
0
3.175639744102954687
-2.237591927858741503
-3.176177118259809973
2.560011375315438098
-3.555953378024743206
-0.8086672047885297143
2.202928742286909713
0.1360608655939893885
-2.428042637011313065
-1.85946635696521767
-1.840591347266698374
-0.3078896283252949839
2.347905052256679781
-2.575310095434497182
-3.709877417934923205
-1.367880018926005192
2.137555707341854294
0.6216061073837682027
-1.014624307970853456
-0.5174297391261910573
2.318340980699849396
1.456050491664968138
-1.212993584733058849
-2.685398239136810083
-2.122045926833868279
-1.401019375009399992
1.785302783967554818
-3.568484270567218619
-0.3821621115960204818
-2.236041059967383671
-0.3236341722664114462
2.018363226743422167
3.186322158974407515
-2.043983783534791598
-1.475727565196064406
1.332443210597987093
2.795554935642890815
2.400525338339167813
3.320755473882222919
-0.3950295973032452168
0.7961589808237455879
-3.7157850711830549
2.372913689790491443
-0.210349344911550884
0
0
0
2.204555402143720588
0.4040740556228571423
-2.896510793477070411
-0.6664583466160505232
-2.034622027881098028
2.546248509861968046
1.619901523155844014
-2.354778016792569151
2.053515799670451614
0.5578059153760404065
-1.901338346899009268
-2.075997018323704424
-0.586905364808310348
1.805066318499089384
-0.6809732408955793126
-2.176683125194997181
1.133029469721742233
-1.495709884296914538
-0.2484494811715149409
-1.334110566090602079
-2.102281624279175531
0.0469105327727236121
-2.537781776155548563
-1.215435733897483495
1.176535949406626758
1.35434369022826262
-2.228710967524855757
-1.381478950893038737
1.381021098867347474
-1.203671210067277286
-2.459144262278234017
-0.174658671426920431
-1.984486393223113376
-2.323162907475441852
1.236792792614927139
1.712609212493851008
-0.04099611544290102105
-2.082505479717117414
-1.648252205708171436
2.430130794918964554
2.091454280660375975
1.347328820596054966
2.910402937540697899
-2.046116069245257574
-0.8717193326637141526
-0.7710812170929095544
1.489091653513748392
-2.148504236044260551
0.4758164198806930645
-2.885044998323440524
-0.3386765142550702268
0.4802721426186771225
2.391971683305398777
-1.013275233630786643
0.01887500970151149635
-1.131144173408964893
-1.756413380847135608
-2.136885623836763504
-2.862535497750054336
-0.7365407622814504895
1.563074116946665315
2.22584778074006806
-1.96074094261334686
-2.219048153259962408
0.6627736637926922025
2.279448922332184768
0.612527185250645978
1.230124064406566742
2.143166282930074384
-1.379538985144610486
1.939819912716983508
2.747286173236446416
1.127910741012394524
-0.615628368787607072
0
0
0
1.750595364447614877
2.380534330362150897
-2.395903069041071642
-2.027696327832259282
0.7811579619681797704
1.928146144575234588
2.135538656401044566
-0.7313574863380981617
1.722618233518026676
-1.666921737079799737
0.4282075943191269163
-0.3201559889148017368
2.095129331396413885
1.602184303588854331
-0.9263469867087430476
2.250065348661990594
-0.9385851904012239011
4.797603303174222233
0
0
0
0
0
0
0
3.011595947075945023
-3.362914542024017184
0.6299389659126555241
0
0
0
0
0
0
0
0
0
0
-5.74621063762312545
-0.06678006325695848289
0
0
-0.1173632271653617248
3.940525625674519361
-0.01564424159191861105
0
-1.25179063010291336
1.024008511767054319
2.53460186486013539
0.5417557807149233629
-3.176328088843679343
-2.318202874188351359
0
0
0
0
0
0
0
-2.454482494353688704
-3.04939140347281068
-0.2583072106468085605
0.4212310179078969652
1.516434306722986181
-1.813855348465440276
2.367704567217642442
0.7587431452700998946
-0.01076734898368495244
1.296338841495267902
-0.4355001518715091446
0
0
0
0
0
0
0
0
0
0
0.1778077408229243039
0
0
0
0
0
0
2.662641159479496089
2.835770719827249486
-2.167968500010147626
-2.597001259176156651
-0.5949089091185680855
-2.477088865744151214
-1.198318866756576728
1.021778547119714498
2.196175283706331527
2.129324213912382913
1.112773851564653693
-0.7444026712755860142
-2.117462720681115851
3.319358897861637292
0
0
0
0
0
0
0
0
0
0
0
0
0
0
0
0
0
0
3.009694959185727381
1.385516957268838167
1.679471506039584394
-0.08262740386183757557
-1.478612742384257217
-2.134742726623104936
-0.4819206715077591907
0.5682562183361590247
0
0
2.664755927352299381
3.67309437784515902
-2.86798067848919791
-2.071610661186706004
-1.859642227995971453
0.8154271411595250818
2.442469702751884686
0.7155665291535209249
0.7963700173026118101
1.008338450492743954
3.503438154533283111
2.787177190340258903
-0.4925994119232925406
2.548354640976524976
2.675069369155638199
-2.564103502604242912
2.110561055108349571
0.8618918848970500424
0
0
0
0
0
0
0
0
0
0
0
0
0
0
0
0
0
0
0
0
-1.186027723438124237
1.950774064064563662
-2.434696893647076088
2.739007999423046957
-0.5614812038359384694
2.686454110862080302
0
0
0
0
0
0
0
3.854496111454862817
3.584774342868827901
-0.7162609641929919002
0
0
0
3.136801787503824102
-1.248669170210088719
3.040954052899496496
0.7882339353593278419
3.778155980313751883
-0.306985351265316897
1.873215689810501239
0
0
0
-2.962237747334569349
-0.4789260098590891745
-2.225035819920405
2.866923518527906278
2.574590899806475264
0.02829200780144053295
-1.503586189199568324
0.6766148518734955708
-2.470913816722402068
0.3456708828239787867
1.596755673925307928
0
0
0
0
0
0
0
2.483311737476513237
0.73720192741391255
0.1267147281787915636
-1.9313723235854936
1.058549721368840624
-1.983926212146457813
-0.009404446558719171956
1.490352755856757527
2.468580779068651143
2.18020104107439483
-0.9673276275231160737
-1.872162861723708049
0
0
0
0
-5.927855440196423409
0
9.223886468065078503
4.765489690180331195
7.338541392199830149
0.3049052760874208512
-5.152287432115105759
-2.828892212891111591
-2.356597009298626588
3.053516909666598167
3.098208495275709407
-0.7295544477071256306
2.989922044955109381
-0.05255388856096665506
1.410031057700772417
2.253327827721760546
2.531503852718396619
3.247935314698850107
0.9201408220523729087
0.7164314619792947481
-1.611363030666304486
0.09705342099060454419
2.690953227567128625
-0.9048352341985732572
0.4631653966398753819
2.81658469954609858
0
-5.784874313779249988
-2.753248965098758383
4.129187112258459358
4.475062621434132915
0
0
0
-4.06268805925433707
0.7755680080813168731
0
1.62704256159193017
1.974521765588992173
-1.483568952019284071
0.8698503508836620268
-1.307088301078594084
0.9126858571541972553
1.847958105296100051
-1.999005813428540002
0
0
3.03162534868042588
-1.885345075865247466
2.353419302902906463
-1.5591133747345014
0.1764806509388385514
-0.1595441057768071935
3.595699271409580788
3.248824518961385799
0.1011129335568949072
-4.309067436279613972
1.251084791100757432
2.959501242757375028
0.9781077544114682443
1.531664239234029168
0.06025795960097318771
1.795851985269374396
-0.5205004949973963679
-1.49310273263721105
3.755243377186930243
-4.916970424545606733
6.882436077357152904
-4.149523330503349428
1.708416451657189583
0.6994958984613078856
-1.383959340411003991
-0.907735801709118495
1.100002563853102799
2.614664387697918979
2.593899806577559808
1.901566834603178879
-0.06930887382157151222
-1.981393488345052578
-1.607231700168084254
0.9176551690167261688
1.651881453940104993
-1.250053850084513307
1.915168489237928817
-1.799572445523119679
1.743768839632068524
-0.09604642751020371627
0.6099055227000356183
-1.28169000941658151
-0.5474637244924182022
1.4773194204438449
1.06275654059635638
0.7737400897432624713
-0.5184807506534019339
-1.918498823046578705
1.150055074356017393
2.863046842631812972
1.843537566459385157
-1.252694632038150679
-2.421687387270229141
-0.6923329719753164024
1.395239962618829654
3.004182609287975758
1.499757202414377044
1.64270039932223777
-0.5832954210860807898
-1.54188925701795343
-1.360162850700693982
0.2641877460326208515
0.4762235386995433695
-2.052164734228701271
-1.539486942611049347
2.483961904263782827
1.735594025669856322
-5.00527074093811386
-1.878078040768194512
-1.169280909926814438
2.081759055750494802
3.758936849629172627
2.573051702019323983
-1.649335419848781958
-4.460584414092816807
3.340498796061132314
2.219774158231691885
-1.320518159536754332
-0.210278125053506737
1.279548983560868436
0.7751142039846324883
3.127192700170090767
-0.3468747524476311073
3.835989831011180407
0.7674470940420161647
1.427748590092810854
1.94042638170519921
-1.168400629183826922
0.4551463524594449028
0.002733523118011974614
-2.061487083450234348
-1.526165829273991914
-2.015710481307094959
-0.8744238506559698365
0.3571778500806351841
0.3458755091756722244
6.450162805944128053
5.637014890397407996
-1.568201823030564102
2.614662760427504118
-4.715913408433527465
-2.682624298704272992
-0.2297891784537806625
2.75048967100499997
0.5126777916167052362
-0.9726022376365902611
0.7342262849231652178
-2.167709019101690338
-0.8566679830776174898
0.7632092587641777781
6.104287296768456272
-0.8131479155466797559
2.815831070835436378
4.978044600746875048
0
4.182864583458161256
-3.14771158540352447
1.141286630648154388
-0.2767679982163871455
-1.93769285858555218
1.623546981643457121
-0.7470340853581886043
-1.790288630128136216
-0.8930864542701605346
-1.970875708425403827
2.087572934593752372
-1.415805571245097871
0.7048139084646910524
3.25103996567705833
2.101461900271092809
0.135826910578100174
1.80376626419087005
-3.984882097873367002
-2.777523153747034623
-4.079973634279182804
0.8473924277876461186
3.837055373917662937
-1.418054628862173372
-0.1898719061434502309
1.231601700733505167
-2.370581067003861619
0.2632870352965800409
1.610220265088623925
-1.912084614525222381
-0.8180473946964845755
0.5550701371790238703
-3.168515266938517705
-1.491337473060487362
2.71504004181516212
2.457314920749809062
0.306511063932327632
-1.682912834207404895
-5.788648362064709119
2.033289109728023902
-4.410180369837059189
-0.09509153640736907331
-3.52893269919654573
-3.611366223680497534
1.378467992228429528
1.228182722715649211
-1.66092486036664444
-1.15502525190267602
-0.2563926112601556118
1.421473606875248707
1.386122690816594893
-0.08205118699929894732
-1.484575333973059186
0.5058996084625392298
-1.448552445989200521
-1.528899352389573085
-1.977040635407481428
0.6476523889660061872
-1.33646665033917933
0.4827677602296538972
1.817464731030049574
-1.245529521778533155
1.149532722785584271
-0.8612137336596106252
-0.03535091605660761055
1.311041036024523709
1.283077408438248357
1.045647679469787539
-0.414562879847351462
1.374014536998654057
-0.7035793307005335784
1.758330325117670512
0.9352722481413828781
2.029309467968932967
1.514661823843498789
1.677177793878353862
-1.149578065405714389
1.485602432731234712
3.628978986382042304
4.206377514875577539
-0.633574378155413398
3.991030018121161316
2.001606119981312659
3.33550000510067246
-2.599209367847406416
-1.101161206277506466
1.371283974089823499
-2.953301936307406006
-2.375903407813853896
0.5663530451662182053
0.4660450670170858123
2.837740645158586261
2.63518049813664712
-1.965634989692368384
2.162213529911418686
0.5773985284934544104
3.419347003324564316
0
4.463078020737371254
0
4.076240747095926764
1.257133473413152958
2.942256452979840287
-0.2577251210650910451
1.156391149295014742
2.053593325144793535
-0.9031155083557136365
-1.22942425627599583
0.3281011483210184432
-1.736570949051656099
-0.8764510226575891183
0.8848243735987255665
-0.3901789969718669204
1.2296982448696816
1.094037219828037477
-0.5146476441256895296
1.399781069365864772
1.373117531874808339
-1.984818634760846301
-1.814836116879374739
-0.3758759880915554241
1.478242487943936201
-0.2994927564325793878
1.477313072104273095
3.068553897402990671
-3.199981574044669319
-0.5031885642235214284
2.271387599992135797
0.8601199263940513262
-1.170752183641079247
-1.468173877811897787
1.346391952080151055
-2.472997490913804608
-0.7289864224955819871
-0.1965527801565072619
-2.02357155124846555
2.304199358956306121
1.030293729513209522
2.486870998598766924
1.318790580289279424
-1.3702527754722027
-1.396916312962142026
2.276444710756684309
0.4494259396651321681
0.7237031667474972396
1.914428713492119405
1.346933229793287445
-0.02666353749127932382
1.819678715137577951
1.130144804585778262
-0.5674954837004427821
0.1699825178807299053
1.608942646669194509
-1.382759026128249635
-2.78375941199347654
-1.070767643716925122
-3.580925709404455759
2.88594813954048135
5.280504190147144783
3.266517482481529289
-0.2283173663983543711
2.882097418292315805
-0.9836883467601811315
-3.134492203577445402
1.713104663060350807
-1.396730165143113656
0.7669467322460912229
0.02635007013804414183
-2.004522039893030794
-1.358802982948867699
1.207966595230973716
-0.3734106539084718346
0.9900940171707307558
0.8986326406391100807
-0.5925318910205082945
-1.95445205444948944
0.4100290602379301763
-1.450841549047815926
1.394897180908495793
1.162064466202337831
2.120619479709425104
-1.294585128753642511
-1.984119039304647059
1.759280152007728804
1.169812342063808241
-0.6200519392357466408
1.234066536801294856
2.334289562569116239
1.528758478299164336
-2.124477346110169584
-1.146249322901627954
-1.552741544007894658
1.515343360447909626
1.712991768276173499
-0.7971662974108654209
-2.463665954153061222
-3.483175230324412563
1.873619172044777237
2.655074912107421525
2.458130620835597302
-0.463270968626200208
-1.019509276171889578
4.337285126198424656
-0.3490240742477938585
-3.445256272745364612
-2.02087326475480511
2.046890308665454405
0.1082384134091259886
2.670880187449578447
-3.096232198497353316
3.019904261697830883
-1.168992755232207692
-2.115150686045956796
1.424383007990777106
-2.211978077069401305
-2.150803856817649073
2.696793009820773968
-1.989423898139790481
1.737762038433527723
-0.6555300130192721619
1.761275396256094528
-2.030872110032286848
1.181616525092675785
0.3448738712707360432
1.096501957890713141
0.9140402850755329212
-0.5796588711626962098
-0.2974216941667559566
-1.449389098221667949
-0.6973536922536586191
0.645719056942985703
-0.6895339105512124922
1.854118476036856311
-1.504425406874320803
-1.977115750365700642
0.6034721110453106219
2.293226192674045372
1.468275530858314637
-0.8768927246014397436
2.580587861408470296
1.100223025766041252
-0.0009294158379350506149
-0.6849318139785178783
1.195830170528947578
1.952033084493015824
0.8485531351381797593
-1.732964142105578587
-0.1691253973854637827
1.805471335679676992
1.897724108975783031
-1.18991145158070144
-2.708069591956745015
-1.697640288285462651
0.09093712856052588167
2.163676897388217668
-2.393292051453310698
2.066849506361916333
-2.538944194572269719
-1.151967404058974465
-1.402524146971297458
-1.86087060928574588
-0.2505567429072327879
-1.741721274562113342
0.7520354059647833544
0.1191493347247514767
-1.491164531656361758
-1.361920163428650854
0.1826716396433710754
1.839429377985084768
-0.9854087786693450646
0.7913970498630356065
-0.09682739102487297744
1.755898813706493256
2.517877433904114781
-0.770510833823664365
-1.972715044649457905
-1.880462271354201631
2.265327645850624627
0.7963914525143026557
-1.746282457702477142
1.519408437287607327
-1.662800294092724895
-0.2062230250109451102
2.64660238764934963
2.494654919729597076
-0.8589519280205667462
0.7664339174266170396
-0.145652143118447347
-1.964216031010587393
1.456577269083668469
-0.5894678099441944541
0.8038483660703417133
1.65675773834036888
2.852825412660974891
1.726260766500657295
0.6667649625545853942
0.8228364675278531104
-0.7429231239546078003
-1.343981493890493484
1.880761984504838225
1.196067674321286134
-1.048032328124433255
-0.667932008244296993
1.393316176013263519
-1.749227010170499863
-1.384077852929401997
1.313741015581545657
0.06934405284759292964
0.7126826456472439286
-0.1446959237980137425
1.65898901378543262
1.525465434503448847
-0.4401755181721447863
-1.694123558165858912
-1.241350890863454293
0.7562029139628577701
-0.684694310181751753
2.216349928768832189
1.119694961699671198
-1.662020200257293912
-0.2018731854453343078
-2.765500149614585457
-1.075746067989711507
2.082519950904351269
1.685489857012346659
1.46014701480863307
-1.103479949356046541
-1.891264019748205794
0.04903392514343068997
1.95353828809645802
1.584155203381375721
-1.29715773199700557
1.351616604572058122
-0.151947467916158041
1.804389271879020651
1.803684937586644832
1.887363042454354378
-1.096654967067458575
1.689754081627441451
-2.581517277243811748
-0.8249506618182869122
1.384342258338387088
3.158266018895692362
-2.042294849461245398
-2.175818428737694266
1.426494847043508152
1.556388387437271925
-0.1653817723036674903
0.07500590157336452235
-0.4802248580112404297
-2.825393113473545714
1.729068062148982898
2.918028812762968549
1.073319512518931207
-1.318353257268284784
0.08367810486609854326
-0.1335235792799392696
1.876913077161138865
-2.345168255461629769
2.209292920159230178
-0.8055310842695738716
1.507039856207313733
-2.202053327003925531
-0.4281295664413682367
2.083388071547823461
2.003087491179411206
-1.013092576393139543
2.312570940479730108
1.006920479542047664
-2.675007801201212843
-1.831711031181696203
1.773923760559326546
1.188960750611354644
-0.3970300938884490649
2.511517637986507179
1.518073933064000958
1.915104026950062988
1.793234972298104912
1.82065611627506585
-0.7089294923821984895
-1.703638196101286306
-2.129882729028330868
0.9239862127519334889
-2.606843347233150698
-0.6530477143577015919
-1.66486474055266731
0.438050456175756997
1.7460793747396679
1.861278847031764716
-0.8966699035267992057
0.5941062877530989272
1.953795632877803223
0.9419786066796914659
-0.9934437049201192416
-0.08030058037109719105
-0.7376767374094395091
-1.965640952672568664
2.250824330310195354
0.8952389677308316696
-1.22796421526122268
-1.420953236647951146
1.632915705136761098
-0.8375041039662362019
-2.871600317219689558
2.511690862356212417
-2.008347038519341599
1.28451981817026506
3.60984635913995433
0.4551126235410155596
2.558027820267394947
-1.480309688053421668
1.395194892129326458
-0.01030212334908547737
-1.602178742702187852
-0.4262445329225462154
-2.225995820408318338
-2.034096213251254781
2.399127089097514709
3.349194966320262701
2.102915196727632274
-1.935422311597196021
2.97068511810789726
1.42322839085620001
-1.162832928137861543
1.484170843759017089
-0.1218690546515250744
-3.016180067573773549
0.8632532787027391574
-1.534509079335076187
-2.57494014147156669
-1.62487226425117548
1.026407341977431553
2.325267294580882993
0.288627346320130429
-1.844709300244523842
1.481670988239920161
0.9500678772226022195
0.1151994722940127142
2.863567487791347954
0.525288132133362673
-1.866384637657359624
2.569549706654858046
-3.172035098596305502
3.822389851336493116
-3.464367717317785811
0.767546960086785246
-2.909584283712444819
-1.65674413903364659
0.770296788294853596
4.063163644988120993
-1.627465569744801055
2.300067823101816344
2.65127960622972525
1.098155496783213225
-1.547456727251925068
1.200911288241849562
1.82512265017180364
-1.486514274349565179
0.1921633036962090701
-2.391672769788911523
2.044261574519683933
3.326380288485074832
-1.305650460937606727
1.252840144680142043
1.282118713966022172
-0.2923326187217225591
-2.838631510725079465
0.2223966353557981779
-3.089224901045823035
-2.832446255895248566
1.622483645939036379
2.762686459083509405
-3.054842891250472814
3.956811962135690752
2.540289823727187368
0.05023711064426495537
4.452209892619689136
2.579405791543440518
3.511536421136563391
-0.8406101293495057414
-1.712858711243574028
-3.129380849653829344
3.292866856690962241
-2.397762358038735275
2.325326540970703348
2.529168680899630317
-1.7630958218865318
-2.235353429263937652
-3.788477538713935999
-0.9364934766542909461
-1.023961977601940188
4.000854139971110612
3.487529997638426416
1.90659297458026078
2.748368015496119199
0.04469158560875312325
3.975136032257200913
4.23191467740611138
-1.553124109447630241
1.298859952606549184
0.203842139929381827
2.76451556111444674
-2.028879281005351309
-2.348782816911398896
0.8142071702265827327
2.4350290022528851
1.747654195440456082
-0.2916017978231119079
-0.3199035359088466257
-2.03663994825641792
2.843086451233663325
-1.71673641234607377
0.5003559773955759127
-1.092525050412354259
2.057181019085487339
1.886370120764008007
-2.57306302362139494
-5.304200945449047744
1.357381423027569811
6.014852479142374975
0.6610787596879936778
4.064890622131866138
-1.966810712006983763
-1.87280410107484685
0.6878693201124232992
3.795618171833726961
2.49316769130352256
-0.9406734714837302613
-2.73113792182765458
3.930444446648730494
-3.827762942982974703
2.560673421185868381
3.107748851721150452
4.511491975240881303
-1.302450480531404109
3.624915581534777775
1.40374312352065167
1.477507112307456127
-1.096625021155560153
-2.823528194754259424
3.33739023344206176
4.657471056114259156
0.2567786451500006506
4.711708546985880375
-3.433841162788214607
-0.08243352448276566879
-4.352146550485893606
-2.264580296322901365
-4.485752754336093773
2.011182330967618004
2.566454785068497113
0.7835340138030183477
-1.592699668775751753
4.941675056083079554
3.4832110243226726
0.05423749087257931367
-1.949961857010749089
1.8078775671047147
-2.811248994243616295
-4.269713026003273626
4.989834215909706217
-1.458464031759802992
-3.133797488978448786
2.989662946129957533
-2.221172458013205286
4.275762627291149975
-3.428973533450326183
-2.28877072030441342
2.452835120250222989
1.286099681162598873
-0.5133241423355631161
-2.094261165389822654
-0.4734393333599730136
1.891761815203717001
2.37972894322618167
1.140202813145108962
-1.599574615517917797
1.38070423393838082
-2.766310054604078417
0.709888161907200832
2.878752395504585948
2.893053085560394866
2.980278849457492107
-1.166735439087354331
1.498048161567823833
3.476198216510783201
0.5552724541027524996
-2.920925762407550863
-1.004854876419124743
2.16886423359609859
1.306245171381406944
1.916070885986632888
-1.782920771264402182
1.630628136526675265
-3.698991657249958376
2.311100047798727797
-1.06818223820689151
2.712060908436039419
0.6804719112681825166
2.527582212297275532
2.224246035035537972
-2.698810374732534711
0.135825624656994659
-1.925009654513998969
-0.8626190622128874219
2.472445180365253847
-2.03158899716841157
2.127804427898513318
3.122039133299283176
2.691983069857026845
1.30347524540850479
-0.487814873397425075
0.1113349613719719078
-2.864200810598718672
-2.376233682577583384
2.630809419042508424
0.3061525238174213071
-1.686281257392410637
2.04192859487899625
0.9157776202770346874
-1.992433781206645937
-1.285821065503586214
0.8905239013892805033
-2.411972040100162307
2.247605781544863568
0.7800061801565361108
-0.7845077924949344084
2.176344966893840827
-1.12615097459854252
2.808170775791933416
1.357081880155484921
-2.17935728449246735
1.627464247601633662
-0.07712332923292938847
1.91240688769737055
-1.451088895634340181
2.102233955256991305
0.8418454382804493319
-1.624178001915101088
-1.330223453145808366
0.6408893752373330255
0.4486367744846593286
-2.884639021700175832
1.746070105596915667
-2.722251408331079592
2.201575162699214161
-1.134567322499344888
1.560685787463522045
-1.954922544947552909
-0.1920136709209999126
2.23797897840667348
1.924956171080008493
2.341997399010108616
1.134922322254679594
-1.467599601386065045
-3.333275796185335427
1.297433331109608901
-1.684772463963748468
0.3891395193276609432
1.214237743853171514
-1.856249766954526148
-0.5977130655851868868
2.455294959438948155
1.991870674240843408
0.2354857054965480145
-1.400744709855639147
0.1623876133733466176
-2.440134310262178197
-1.632188934457373231
-0.2337246034491481106
1.648503332220759843
-0.0831955872543828634
1.258536701368054178
0.4555050571012237981
-1.426889027262164822
-0.08515673864417074024
-0.7840235638198306267
0.8624910921253469143
1.751818018755496364
-2.602521923639775192
-1.564513972650089846
-1.64945224232336729
0.8079453758037884459
-1.704587576830274287
-0.08493826967418299789
0.2412545517213221524
1.911657541413607886
-2.224768888473091621
0.2304785434715571346
-1.664744503875024151
1.135524452945164686
1.619649307153534723
-1.260388516975465834
0.4100144727243710818
-1.209634834427086192
0.4170936253841606156
2.45739761812625046
1.943782909206799303
0.3529971946569502861
-2.091777609568629792
1.715806374875044948
-1.186731700104092679
-1.448239501381547445
0.5920644913544476085
1.990528822360879024
1.042322433707006724
-0.9485629746613470914
1.670402989696667229
-2.466023440195271643
1.626728459807536664
0.7635958062993154494
-0.7761330884645488704
0.5600243845964472111
-1.519887863245105608
-1.867437628773569225
-0.8631326535045905635
2.040303992738208727
0.4996765267183661541
1.762908874031702489
-0.2279765343343132522
1.362809180219928917
-1.53972889476245367
-1.895223047346373813
0.9050459094683256378
1.510593353094390023
-3.342211385956941783
-1.992846084143421237
-3.718083869558038934
-2.091400038346120649
-0.2888235501677127171
1.235770302654378039
-2.846237042038561427
-1.234525083822171077
1.991876930347707297
2.850002145006333532
0.5099420336644644447
-1.569528176454162205
-3.003360441340576337
-1.554560651642301172
-4.020333500938612303
-3.175369043604562513
-6.356533883102231108
3.183677048917570751
0.002512209420033078688
-3.082542413327852948
-4.175233926419514852
-1.337336389431153183
1.808228936186740077
-2.336200382163625022
0
0
-3.181164839497610863
2.209488439911025726
-1.375448112730765393
0.4111361940571106599
4.10389180430314493
3.509512863138449568
-1.133781335259870904
1.445010177829995079
-3.17380035858416143
-2.728482545871854015
-5.597989071424910534
-3.085054622747959385
0
3.692755610246006626
-3.58493655264146982
-0.5943789411642971254
1.852544077954493718
2.952555567812884529
3.03167519552421183
1.938983682432265487
-0.6550468582802297934
-3.022889170680827853
-1.142498992086204979
2.512934448676951149
0
0
-1.661239738933652843
-3.156020395051090333
-1.092691513091804012
-4.174174187610590891
-0.5904200592635924227
1.150469186724360604
-1.232714923054796685
-2.6028932282601418
2.247477477724704631
-2.594030540712482846
-2.012473168996933737
2.837897536988395419
1.905572703106593213
2.487130074822202275
1.362007087292116614
-0.6541456146222367485
-2.614283022236877141
-1.929144736383690883
-2.367842312400618709
0.5815573717155365641
-3.83471743949035071
3.220662792074831859
2.208629501855924104
-3.163831964664567398
1.753787664984931549
-1.691822743413616603
-3.428130296018544687
-1.012033290219061188
1.880390178594796957
-1.466875127089711128
2.892423468814057319
-5.372461466520504381
-3.563343276713760499
1.397642812696636261
0
0
0
0
0
0
0
0
0
0
0
0
0
0
0
0
0
0
0
0
0
0
0
0
0
0
0
0
0
2.055309516978356399
0.1731295603474111433
-1.88217995662847537
-0.8622904890342748541
1.27876999898575483
-1.421414036060071107
0.7196464519581771135
-2.156932553608122749
0.02539698632564914293
1.883556040707456303
2.141060488018210695
-2.669044076397420806
-0.7355185175491592009
2.220097413874336123
1.163909588749493018
1.174396736584295775
1.275034852149629083
-1.056187825124222712
0.2881529133977294155
-1.263139032889969871
2.070350439439176959
1.344700565530360548
-0.9865221117382726446
1.544845992751420871
1.804486007665911496
0.4425384718686196095
-1.157988036196393677
-1.153870094638522081
1.933525558848987025
-0.7651905285402137435
-1.688351481349576133
-0.909052342101423605
0.2596400149145511871
2.182329539933725471
-2.698716087389984253
-1.186449656278642628
0.7362398687384422713
2.722657871932029572
-2.548397192075886331
2.317782001962592986
1.295164389307955188
-0.9003332888773534215
1.922689525017748702
-1.361947535797267905
1.581542133223619251
1.858159054381593567
0.4939659840557234505
2.142031562469558725
0.2455104559435679346
-1.880790047813214905
-1.007369154140352663
-1.43553839778275738
2.142029887254781162
0.5161773579160138237
1.203818648932653002
1.146416076308914844
-0.4048758699731003774
-1.427493482623017451
-1.600526508064937348
-1.929504381838930138
1.648063903198376368
1.561156956178448407
-1.873569314578209299
-0.6351477660714113238
-0.7658891730165351408
1.232179082406803516
-1.561043743145372309
0.004117941557912624916
-2.196304722248824337
-0.3289778737727162561
1.56516168470223338
0.6420007318922371642
-1.925191609130901815
-1.905107322483323706
-0.6352609791035666031
0.5633523123019590351
-1.403170903734324293
-0.4290327591664395146
-2.122073567846015862
2.62233220155773683
1.53780573804276588
-2.583263034698767502
-0.4441741035229870294
-1.753605327933764668
-0.2209036089866392716
1.532701718941338109
-1.15001918311218998
-2.041509364272630744
1.656940655567366472
-0.196956595454481187
-1.8059180173982321
-1.395163894264740412
-0.04078319983104870122
1.330631907645708933
-1.291437675272382846
1.313506141474475086
-1.784382703077266985
1.477237119540998345
2.604943816748694463
-0.4929450278051053513
2.572598493734861602
0.1637309780694522487
0
0
0
0
0
0
4.218050824243759322
-0.2697217685860348602
-4.487772592829793794
4.83825606733565472
3.403811862443983927
-2.627889471695089352
-4.301035307061790824
1.859883121134655148
-1.04325454477216395
0.8972021758538339942
-2.059506657654783357
0.5353212541738116004
-1.725492176822390533
-1.853897251024286597
-0.3263087479217235964
-1.934152076105863927
-1.810711194746847275
-0.528488189417036569
-1.608961421947160186
0.4107541231325738118
-2.40886751566403845
-1.101761325176991546
1.354380694433278354
-1.512515448307384824
1.703526018017427424
0.2073925118225561359
-0.4481412830209517972
-2.260813430995209039
0
0
-0.3868372736414447677
0
2.889461736248955859
1.619877241841910509
0.9782280232106241868
0.8432967700200265648
-0.7874562751995681786
-2.159016392293267472
-1.388826966585611
-2.410028165274832102
1.503772620096991863
0.2551011379156941095
-0.2328327147083336657
1.110240034483247706
1.776805828534699039
2.129111678163952526
0.7619786201988461016
-3.636361085060730414
2.474446671686027166
-1.93865189525563042
-0.6275962818452271996
1.539204841374067989
0.623989878782957752
1.651004907447947145
0.3061428600015531076
-1.566151559535407412
-1.571544385233777374
-0.9352418303103862129
1.070944796556281053
-1.850456792903881764
2.535559930825225461
2.539851036257076533
1.311055613408870002
-1.367133057963707987
1.728984218346515167
2.166801123218583758
-2.678188671371164453
-1.092138720423905918
0.7609310153004668065
2.664850917253803519
0.437816904871131507
-2.610486112972249195
-2.821122938769098365
0.3843157881182437952
-1.4410285375437073
-2.500524341492458724
0.4292797628281749267
1.788296511717113013
-0.4392761572388482194
1.186109688201904211
0.3651491572429761967
-1.292220840397655834
-0.5405927537783891124
1.436406162033903255
1.243417140641979834
0.1824581220439385754
-0.5563341468481727281
-1.321105950439137144
-1.432831285336470195
-2.567726969790750768
-2.363044391184976334
0.07927680210499683799
1.757954380145676287
0.3613763435398007484
2.141807813633259894
-1.416522138409379128
0.624211361932222264
0.2054791581470236939
-2.08951634070978276
-1.203415117040596005
2.064834603702307536
1.414912851571027197
1.161140723364177951
-0.4317403044376501575
-2.064699650905337247
0.1804534986075500003
2.178432120052443466
-1.680846217411510857
-1.7269031735984961
1.620821832028076059
-2.014004656929361481
-0.6218803131365119308
1.932199852619578051
0.9356691618516673747
-2.975535771970631682
1.211088515218869954
2.519474457669997225
-1.363216260043798034
-2.070780490752180736
-1.712912502870139964
0.06751896722271333307
2.365201148562342315
-0.6873748068086731333
1.963009768667311139
2.615912089862182821
-1.592881027805795213
1.386014143367429563
1.017291396691240246
0.9801689450833783734
-1.229897946495695171
-1.598620693171066698
2.563125336839576107
-0.1286939044885052064
1.464120124422514602
-1.762098909901187005
-1.395985338525140618
-2.470295386476248467
2.081064411501935663
0.4698127466937236374
-2.038534038117800762
-0.8794080219088242778
1.398464331008141714
-0.9482063886512265283
1.882227935669658958
1.341552945084173443
2.429992649328658771
2.289759333734717295
-1.990885408366519504
1.663387260574561433
-1.832940455765993404
-0.02236721807293870143
1.734188813924110617
2.586423846957869976
-0.1402333155949271604
1.243781088953925362
-0.3130228073241832498
1.497550430374292807
2.073911983287877181
-0.5406749905843254433
0.8433394139677542478
-1.230572569319332565
0.7089512507569457611
0.8250982245234562695
1.467963687960823327
1.38401440455091973
1.939523820075514493
0.25376934142376395
-1.685754478651398935
0.7590124372001100239
2.014034507964252985
0.9230365863858700504
1.810573237696953441
-2.079912247841937845
1.817889661354877839
1.161759677114482248
-1.728252965313241241
0.7435796134046650518
-1.744394086419088108
0.3598042332435026358
-1.611251664808211803
-0.3475497655249894513
-1.971055898052350042
0.8581252146563792538
-3.561405106801363907
1.626683831211251707
-1.23452700798422188
-0.6561299842406126404
-1.074310047951108515
1.652822055116144551
0.02931592258610862464
-1.588550089829640299
-2.890012642425600298
-2.340060111341864868
2.446923019118183884
-2.06450268530805614
0
-1.494780656117437712
6.606755015148373822
2.490555421023047167
3.678998152023591928
-1.06499676056854331
-7.578796628299809157
-3.773328903886063568
-0.9231609528089448347
-2.567192341023490254
0.7792991392487405022
-1.187224076787768423
1.379968264235899689
-0.9530582251333378219
0.02008428664814648767
-1.765275383791088615
-1.96652321603664193
-2.333026489369492307
-0.7189026641116041949
-1.084526463515696149
1.614123825257455902
-0.6627942378648232769
1.47629469330690366
1.294176159692874251
-0.4223588690669587975
-2.178743837816574214
1.563623254411392161
0.9383540469712073895
0.6721330732522131646
-0.3692014265304228715
-1.702111537809263497
-1.146715506034870158
-1.43444420489164548
2.323395219223949759
3.757839424115529514
0.1234408813604880584
-1.133863316932032905
-1.496133506197022234
-0.1247183987223922513
0.7059519502147507675
1.432807005871867601
0
-4.964826256447889108
-5.993444018620915692
6.068978249517533285
5.169952729866508001
0.6884427382068101231
-3.598887968014077288
0
-2.819107273682765591
-0.447411695541185872
2.905196647465065674
3.276299009890397684
1.355178804640003287
0.3339776059542290398
-0.8860473357392295579
-1.304133445213848663
-2.299122198622496782
1.453421905776786538
0.2862392938928551844
-0.905741911022457491
-1.088203583839487232
-1.059495803947417158
1.870308300369502241
-0.9034242989724466932
0.4987481832715696117
0.7516280866190788723
2.061248184257210792
0.0451325777138312928
1.447305059955312334
-1.520627013766121083
1.196293286969665415
-0.02373165472616729083
-1.334109822250867827
-1.3715601170955527
1.359016748886508807
1.042557413119074683
1.402172482242564078
-1.565759591480909041
-0.2510117729840414813
0.1865171915136862035
-1.244396962733863798
-0.6010583699345454223
-1.021201198687497591
1.268831010340475185
-0.01481981333536546916
-1.234342838312894486
-1.326246119804449952
-1.220024941694645593
-1.310378167523592818
-1.413074862884197369
-1.430914154247455272
-0.1026966953617123035
-1.260436592726322358
-0.9949887534072124895
-1.283650823676387276
-1.167182611884847843
0.1704775615209427886
-1.157739897362698445
-1.501997108412222337
-0.2886620702706101937
-1.239070436255791829
0.3337276561056224389
1.633982952247573062
1.233033198260902852
1.337660173406707287
-1.854611463494320933
-1.374442877733722757
-0.8247178305746247773
0.3104514329773100378
-0.344257211050136458
-1.027208740429609302
0.4801685857592344342
-1.013530570478299753
1.029893632921059954
-1.231403148538824155
-0.5176749476724713528
1.213335038140908484
-0.6829515293793662067
-1.112256076948590078
-0.09809126833020506697
1.343072749193307658
0.9853923290392675449
-0.4021913798944848351
0.4879671280211169138
1.612319511926775251
-2.625122897536138922
2.172434958747098577
-1.381355148785797571
2.61664994956232011
-2.331889526225264575
0.1481283633889269591
-0.1929890213886350514
-1.253948039991839236
-1.79975128748751545
-1.503564072484621761
0.4527726673046835737
-0.8764971384856605763
-1.890805982361103865
-0.7768674296175573923
-0.1117253349000058016
-1.728221002299670461
-1.014308843878670707
-1.616495667396992131
-0.6021868235176378592
-0.3164593357636220072
1.113938552740175725
-1.405497015474622247
0.2046825786078351195
2.647003771897563418
-1.942334437546159087
-2.311717522269977731
0.357867987884620764
0.1298935403974098568
-1.591876619350736322
1.610179594080344723
-1.481382485861359122
1.480286053680356817
1.535121278239927278
-1.34619165714674982
-1.355585362575853159
0.1351908287082251303
0.05483522456155257019
2.724420734722232673
-0.3693830847194505829
2.669585510157509223
3.335064242577528759
-1.632959346472315332
1.678677578042495178
0.383853433489083129
2.650384575472228388
-2.039255993262777622
-2.210066891580015458
1.582956391756391357
2.130526321531677869
-0.5198582539383055368
2.014510891822787642
1.34173228862021543
0.6428654634405689405
3.053008025020416127
1.836974757400679836
-1.216033267618887415
0.8193718526270926672
1.961356615435601025
1.471849226438760372
-0.463424285198452357
1.255022070768311959
1.646514655941500038
-1.817795606436515055
-1.426303021268037874
-0.5369760946427047932
1.498429025596906161
-0.4094368387058877623
1.437035729917577331
0.3914925851698987658
1.408358767728350225
0.4698438526768923817
-1.09099792157582165
0.8893269266267547213
2.035405120242449239
1.14198476280664396
-0.06139329567489652806
1.439002144496077884
1.001912009207684084
-1.475581026223250047
-0.3657462130996727012
1.389065483861083861
1.408441260850785248
0.8522350330308410271
-1.82279514311043056
-2.312302532113272857
-0.1009492689404677818
1.722151130334602875
1.690726335461752106
-0.09463333497609535683
-0.9385149150490873504
1.846472568623164667
2.035656998751647961
0.636401169191575744
-1.292602734369864281
-0.1440514549020251722
1.142866752325931712
1.235438070794247833
-1.560841774250200098
1.574916084238292546
0.797221987983296243
-0.4895073889987051063
0.2970173816922845322
1.721845874169309454
1.382989360920173105
0.1891844301336755574
1.500395440166542027
-1.101523639018460843
-0.9841175597771876227
0.4407109326966930918
1.828806844949672827
1.008986314331179246
-1.193804930781305229
0.1174060792433888473
2.110509953348695067
0.4107328606085811629
-1.399255829557982445
0.3005431096350154041
1.604537791385195478
1.260271926540324383
0.1430781740105427635
-1.55669891872257149
-0.7554349405704757769
0.3874481379575402951
1.361687809474617206
1.699798939190907854
-0.7776940962515948019
0.3321407168762839368
2.105258659890812289
0.9597288169017482717
-1.367658222310322635
0.4065292516489966146
2.2176691971392688
-0.2187384828844067819
-1.935273511639526767
1.424828492475996411
1.823100399275247474
1.388095912253170416
-0.435004487020582975
-0.03142479487338938754
1.238421548506527303
1.107680141561093512
-0.8198205306177848151
1.542684628580182071
1.269846343379642528
-1.785359670438385837
2.374810408920509541
-1.699777092735823114
1.218609635463780094
2.36250515919966686
-1.156200773456092401
1.887767486317533328
0.5326562032614028386
1.540511355674050176
-0.01230524972126314717
1.611711958216899498
-0.8762617416076761145
-2.023638960735870018
-2.51019211809930809
2.527918481175088328
-0.7603896991669034655
-2.271375179374017783
-2.697414453077772389
-0.3140480973899598682
2.181492146765506401
-1.623506132530834867
-1.617866012414818755
-1.349220768605645659
-0.3343765983292012467
1.159126016211466714
-1.777821425727964977
-1.791032071260099556
-1.301462552593479316
-1.224857370733088313
0.2686452438082012617
1.419780245049766298
-0.8219394233407141259
1.909349763719282889
-2.204243260186868447
-0.7711640400068885404
-2.159497813688096457
-2.24171966838908876
0.4895695186671895627
0.5661747005230144403
-0.8772701268778010375
-0.0368323178131179374
-1.382303836845110157
-1.266506774537215385
1.364449541509896058
-0.0161411211051346315
-2.680513803726319644
1.959400045087645426
0.3254696685973326731
-1.802770928149950436
-0.7049726375331225592
1.493502614540978657
-1.443444827399789521
-4.116199594125220962
-2.92775686312479877
1.809118189806757426
-0.2642983313541090173
2.139088931173625863
-1.515949599954999671
-0.1821185336116080133
-1.716535028757639525
-1.756384968746582453
-1.636230415352384338
-0.6252692074381707155
-0.8914901811587268021
-1.307555473501851084
-1.818848579288067757
-1.54606493029922154
0.4342532740099537825
1.282223005329211851
-1.25730419829338258
-0.5304491426419422062
1.371415107475054906
1.557525404595572871
-1.028617762173035022
0
-3.771780905686664465
0
2.371695578141534089
3.35260834300623678
-0.1824616728156491785
1.625385845444352828
-1.49369915623750682
-0.2178725780604968687
-0.5044347795794261735
0.8590698914983747603
1.572798092362469591
-1.311426306470621528
1.90391990195284011
-3.371417128271970487
2.197153273258841022
0.8270481319936427989
-1.032868723831160906
1.135169263553148955
-1.547568580593616794
-0.2473132844513795114
0.7058647159844070318
-0.4293045475693303969
-2.227034012383869666
1.243767748750178814
0.2932333713084374072
-1.248671482181934245
0.1817264063190811296
3.47080176113403871
1.99797862144211491
1.534175305418643331
-1.861299716018144812
1.780431470093156054
-0.1708108983203782127
0.8012639781493050561
-0.3442658648420430789
-1.145529842990206104
1.142883078525968488
1.247854699008115409
-0.2921079311067817375
-1.698729408235920335
1.109834813123577568
3.065836897750068069
1.211360982287986277
-1.71594303033823814
1.93584517436121728
-2.060084508251831537
-3.093452950496003773
0.3411439637512254652
-2.48797369982479788
2.32687809881501817
-1.433832264884188579
-3.288308180343409326
-0.3464263344064242856
-1.63393037648974726
-2.664372682621333421
-1.840226356448162681
-1.324081972088271053
-0.3914125321018130377
1.061774321467383153
1.523076677978423943
0.3541009488684830342
2.156677437043111656
-2.507109890324055623
1.670124279673308898
-0.4581163170773746574
-2.498348823617895231
0.6771529904280138012
-3.279254522996295496
-2.831986156619034745
1.775182776207819169
3.385707052592005883
-0.6345305922747396243
-5.378525504866884077
4.102344460656831338
0
0
-1.339607907307853507
-1.332910111276912168
0.006697796033273080256
-1.412083565347719505
-0.5019541314538915611
-1.812376654051429004
0.5553960317763219079
-1.41878136138480393
-1.004283220877493665
1.050477458152570875
1.464975598665491319
-1.120813994816446169
-2.204222445462717506
-0.4786952418711829527
-1.37171875619606487
-1.559679252657737658
0.27278364899172719
-0.8720379616489352115
0.4144981405116204831
-2.171291452967437419
-0.4002930887075207833
1.350418935990805425
-0.04258386427218836118
-1.268074288503674207
-1.304424412140046341
0.6876412910125012656
-1.943670840537974343
-1.144821610644361165
-1.202224183273680858
0.5799733427614388592
1.980318204312746522
-1.812672147972705705
0.7268550556542907604
0
0
0
0
0
0
2.39455605060675758
-3.114265505938923262
-2.743163143513617452
1.363504671078235253
0.7137282008651500975
-0.09190328149125696899
-1.23114938394033091
-0.210636825793957233
-2.10351566467735962
-1.516873816929146468
2.338548404437665429
0.7012536673400586729
1.430397888501651726
1.586049950946423204
-0.306828887940916728
-3.288388267728363346
0.4442149908141497239
-2.024306595356607286
-0.05195145148474871605
2.643140079947580823
1.825646247283623236
-2.236748793861647044
-1.536350126190958232
0.07823574209070778551
2.055476926518023273
1.673824779445572064
-0.09680988070665419443
-1.228694875987528023
-0.2544552044722045436
-1.12372325550397445
0.2086838170825797978
1.531850056641393287
1.434401772245671669
0.01937577698658618161
1.148551279467839192
0.5667832223986660756
-1.727215314389271006
1.664581513010410907
-1.265912957872218358
0.2762477393252868452
1.802576488176518277
-2.861210839194754385
-0.4865531573666202481
-2.673304433220290655
0.008761066705384321779
-2.128240596749781055
-2.293998536791310716
-2.040232506539116031
1.097798290615104699
-6.26388432490906677
3.85190126277106959
-3.956407513424465172
2.708554062164006293
-4.743994912592144786
4.736875052931569741
-6.513799867731290938
0
-5.248173609775244941
0
4.960986089410401867
1.265626257956073086
-4.712426576328960337
-5.611452095979961641
-1.333235466301150085
3.805467724413720276
0
0
0
0
-5.978052834285059625
0
0
0
0
0
-0.8990255196510257285
0
4.278216629678786909
-4.481509991659672565
-0.4581742278328325146
-1.619956696774636384
2.536555160384806662
3.230472507580902874
-0.2221392062289855585
-3.653713602795429338
-3.226858501212141572
1.939840456261602064
5.963176220088218571
-2.347490249958869679
-4.361476957624126349
-1.282115502224428827
-3.580021217559395286
2.515884518112496249
-4.736390857511474373
5.138703190714797309
4.156511857159798318
-2.033756906021360944
4.023335763826671574
-4.287330706220806142
-3.447291701975155664
0.6220746037694688813
2.702633951489623154
-2.013986707665591513
0.7814557400636876761
2.307476811484513668
-0.9821913335544879553
-2.297905715333951271
-2.494850006605511261
0.1465988299729160393
3.798000020336151916
2.630563421074242125
-0.1969442912719139294
-2.921401589461353421
2.641448836577842574
1.468906239700375593
-1.573830000384255801
-2.750663702687472068
1.247341395664298247
3.823623924996723655
-2.746372597259622239
2.145193839158399562
-1.172542596876921861
3.71902383954287119
2.483964591101044395
0.0425623851062759545
-1.703490349917416546
2.365875955825454735
4.109134993727639795
-1.635867700734122021
-2.8709269491778584
2.890229841913433351
-0.7555129296320480803
0.4699687993712105549
-1.89652110652555006
1.302472488639576875
-1.6752140967022538e-06
1.465915910574973724
-1.08734020548977095
0.2025921714733088519
-1.387200392573955332
-2.257795944891551887
1.770998364258337121
0.5281647707784309365
-0.9464608214395630048
-1.083408450643954302
-1.310422522594246297
-1.263323739102309551
-0.05740257262654758358
-1.551291946285180856
1.78219752603783288
0.276616921154589579
-0.7256498739106713725
1.400344861553042719
-2.331222677271407751
0.3711023624253173003
1.300255296142323713
0.9531780004361303238
-0.400949753986297508
0.8280967066073486871
1.014164808619000269
-0.1250812938295438048
-1.139246102449015918
1.229046460593577361
3.998005098350301267
0.004291105430669996113
2.576282529331892501
2.198925089135649547
2.263292422681346228
-1.892878838886294712
0.5866418477465692449
-1.23696230917787231
-2.98155937978750929
0.4570115646803603049
1.756705356879304514
-1.366592592242509063
1.27220801847952214
-2.116255331967509257
-0.9036220761208597629
-1.405215191364971306
-2.775320332629218179
1.074802698244368804
-1.051461977611794829
1.680356645021855888
1.299693792200614428
-1.823604156922797648
2.218127484267751193
-1.755383536786066623
-2.239880875182555631
2.660261748196948162
0.8003448923757080502
2.188908247070628921
3.00548475284227079
-0.8369498447217389447
-0.2660087723871547016
1.717494282925186022
-0.02710278768446554645
-2.225518026921434966
-2.188323629463068354
-1.050331183627908338
0.9678315431987694062
-0.4844973383987304372
0.9184336920654668779
-1.744597070610591549
-0.7496627397257085157
-0.4491611804870955238
-1.501673522976625597
-1.814924864336359356
-0.016376878853886917
1.67169228095679423
1.524710922304999272
-1.202204210825025266
-2.198415239236265251
-2.175830094600020193
-1.052512342489808184
1.973872102793961858
0.341894023180842721
1.465211775290371943
-1.295971258199290821
-1.397571711582288545
0.0002676934017825192014
1.151960433929193561
-0.3129901066468579462
3.628907511348796522
-1.678430085838857222
1.84908562882652916
2.847667456807552178
-1.370105141264784221
2.480017889611470849
-1.859916855821659665
1.72385835501693041
0.3452230046459996982
1.972355143870294425
0.6055539467780270968
-3.060145007743936496
-0.3283263851149971768
1.507757299413438945
0.6350857596357551982
1.699863165201243032
-0.9700255423157727597
1.944810362527539027
0.5264672810997101937
-1.850429285139243651
-1.254239713291006586
1.877597698766820145
-1.366801197090333098
0.4692824874429946114
2.018507221323512457
-2.794591587607342387
-2.171476807221091931
-0.5681485185957710904
0.6652052834366214418
1.4587756421700937
1.9061854016963653
0.06436733354347820568
0.6231147803838319454
-0.8174938326608049977
2.22644306901337119
2.162075735472910765
-1.779821882520968845
-0.7812400545431614773
2.157297021765169465
0.2471022782481887836
2.874752913892583361
-1.44060861304228971
2.836682090657574928
1.278228010757310074
-1.299699090481473585
0.1409095225584690303
-0.4638033160206925798
1.179579468608908943
1.469926788680528063
0.5475699297725497017
-1.099005212416867883
0.7003986676703635172
2.139938913156626654
0.9742396715150292152
0.104971620483847547
1.688856976717807878
-1.53996263011243073
1.332407072586038854
-0.320062719857761524
-0.875447850495779778
0.447718389065531408
-1.351105692860889773
-0.05557039127686219659
0.6232363773240839899
1.230795765724100876
-1.406621477125132635
-0.2774459746428640239
1.219899910253581909
1.323166239560062296
-1.652469792441205731
-0.4756578423650025811
-1.064944017823685529
1.620699179095347553
1.566047963018444733
0.1927189808395935178
-1.162392302218928419
0.4227038181717331367
-1.203553158156115632
1.178155034580531613
0.2017470081366137258
1.342747898906969883
1.834244784492324642
-0.09744828439567625178
0.7830773766580927386
1.487647835996131152
2.083913521316509865
0.6549135596682690297
0.9204910028443795689
-0.7620445619219267108
-1.193001044520101361
-0.4884305851811349131
-1.854475915461123225
-1.129991723389054403
1.448799789699565466
-2.927304012624996954
-1.510985480207127418
0.6576033747311750277
2.073921907148236432
1.647882633442577571
-1.783657855910555812
-2.565121828603407206
-0.8771969345238596061
1.416318532417847331
-1.377509920156803291
-2.441261230642805202
2.57879151308978205
-1.594701210611198405
-1.03336844224503599
-2.286662957324139711
-1.189654666324458709
1.955910659293067289
2.401228472003920533
-0.4260392737052882128
-0.9298666412447529339
-1.955957801089118986
-1.066537057468772476
2.099485322689620403
2.366449114684636257
1.453499714442297419
-1.026091159845402112
2.383366355688058214
-2.525079567965998084
1.757747057077354791
-1.429166245120901735
-1.845451920029092197
0.2587586489584768334
0.5841876134371113416
0.8894207436202077321
-1.49898840811968892
-1.173559443640444622
0.9160762771546825389
2.121550437335679273
0.9585840191599777071
-0.8505793443615590199
-2.479210581438295868
-1.146903910105927071
3.166022380157792249
1.205474160181396082
-2.06298018726078114
-1.960548219975348783
-0.2695878171362214304
1.375853427632532267
1.891997811998062939
0.2669637919944991555
1.69096040283792437
-1.162966418173950744
0.5116091225060399594
2.291491740250267473
0.9540922006083148998
-1.649832228658899114
1.510027767557229339
-2.88066370748519418
-0.8703432299770790248
-1.063751310487088375
-1.253294515078326787
-2.401150850131369641
-0.7753636976786135726
0.8700775470823646218
2.318891371420749969
-1.954714978004561399
-1.076811467475056849
0.2650380957376551883
2.020365972985892267
-1.337399539643028046
-0.7814639726933177988
-1.147856335053819787
-2.383184109778861526
1.097008291000245439
-1.235327774724448435
-2.603924429268289487
-1.368596654544434577
-1.37017830520553896
-2.495301292734968701
-1.126704638190188179
-2.243021242121382208
-1.230831478826878822
-1.125122987529683094
-1.116316603931643003
-2.0161527019144172
2.114537767982681782
-1.054742389976557115
-2.144978410112245992
-2.156223388665941432
1.142932534712026049
-3.16928015796032625
-0.8998360979828383677
1.012189763294957023
-0.9716052332693069227
1.579825535560325012
-1.639268701747568002
1.472823505081786166
-0.3883125856418364608
2.269444059978334316
0.3093066523640953247
-4.098804230974912421
-1.101480998690769209
-2.889076292895038645
1.64544124476571163
-1.179351280330681595
0.07109698431679273289
1.745672524994938302
-1.738066379203448752
0.9608212138580772832
-0.7855003770203787816
-1.933812733410238183
-0.4162856749075971585
1.687924894078683513
-2.380370997534932975
-1.568838994936093689
-1.960137407614150229
-4.408110883339380948
0.6851382858533776599
-2.760472122545273077
1.647638760794097434
1.209727938078247744
-1.679775646678325796
-2.842540268799728764
-1.232015992416245709
-3.445610408398645408
-1.736307552604616555
-2.879654753211033036
0.5161443843629617279
1.448813824342205514
-1.625034020006641322
2.385856293557644836
0.5612174779457249629
-0.2985253984339614752
0.8139218319958104741
1.856595216210592758
1.914489210076092851
-0.9129494002447280376
1.582590843907509814
2.1862514979536809
0.2537660302555738157
-1.824638815614414655
0.4613023565128132608
1.67457554067884451
-1.809163363520116974
0.877903510527501707
-0.7848513111348268678
-1.143347200606564806
2.495540244153667597
2.682065499922589691
0.6036606540474853677
-2.07840484587170371
-1.518547896117068863
-1.511037259601199612
-0.3985900291780046234
1.001457872877099309
-0.1442694709605917558
1.436524954695150624
0.09872560589564984002
1.524082126180250407
-1.564029215762360092
1.440575169101763642
-1.461176430796116588
-0.07272925124419968301
-1.628631237075317539
-0.1957463542063510586
-1.149544874308843223
2.010320477508324544
0.1823433091345041113
-2.554636041969707616
-1.983794996565226398
-1.662754821659986781
1.341849563209412954
-0.08350695708223226932
2.408914018790381917
1.664310283637847387
-1.596811377420704892
-0.53930217087583876
-1.746321590876648067
0.1028527849645004544
1.747817240725223931
1.75532787724632211
-1.760343613326580625
-1.130668923329105402
1.815147601201321681
0.4501255023213927564
1.348318972356338907
-1.271977165020500511
0.0980820110720187488
-1.229459078455973797
-0.3071476708604653494
1.849174375839615747
-1.148312356388051292
-2.155779743532454162
-0.7446037351531787918
0.6296746899994747348
1.467249239354926793
-1.960463452465615042
-0.08335489147566266244
-1.392649882882542656
-1.270524458976976634
0.479086362766067031
-2.203394009948323351
-1.106720400222558576
-1.097332862134014153
1.332306671331888515
-0.7433170650160172421
-1.229674456723167442
1.401281859322300871
-2.108339163898356183
1.050691280792008353
-1.140788642448600232
-1.353408301191746377
-0.08468779073109733435
0.9596048145248293748
0.007510636519002305764
1.374278425153173444
0.2414441555691107522
-1.55060413083221027
1.112447230426256928
-1.227560022245649085
0.9287620244517713619
2.317209203999708755
-1.563249605350937044
1.582670124130047151
0.3955005566294104158
1.400047902056457572
1.042673384211267207
2.15632204669854799
-0.3356895831078908765
-1.848632072670720827
-1.569278939726444166
-1.197934726695203178
-1.555309244546980496
0.115797062307552448
0.04474544650298500903
-0.3573745178480575158
1.313731789000451178
0.4350670818211725965
1.388447179549927135
1.057509206541340507
-0.7345390798669122479
0.05789399386053620256
1.600054691053461209
-1.007467387144786786
-0.9537985201015837244
-1.52992544513515738
1.580794425653748503
-1.36502209888062942
-0.8786647071762576644
1.268811168486680963
-1.233589356617747157
-2.191479923241294259
-0.09108646626394480139
1.958750161978784599
0.2793531329424687737
-0.5224580579893077781
-1.458416949184863753
-1.535511698703444727
1.413622319720572174
0.8374953946853480602
-1.472164348971883641
-1.90394902988190351
-0.1721844432677440417
0.5678135695830722751
-1.359897634748902462
0.6899389934889836873
-0.6824233917029977059
-1.814864831644105614
-0.9578905666250042694
-0.5761269250343988846
-1.585806762988808405
-0.9359588911968581559
-2.309659743656808928
1.373643634777828249
1.296548885259546369
-5.721768243360369089e-05
-1.602970473897335157
-0.2161262783499947326
-2.464434331170665793
-0.07709474951904664308
-1.373700852460755018
0.8569742650185443456
-1.150919196364372787
-1.512675163609504603
-0.4317846809093540128
-1.60291325621417724
-1.258877347220975995
-0.2126196587441217811
-2.007893461384063549
-1.45604283720445804
0.6350909768883564732
-2.229065281402074827
1.731764586614651824
-0.8270926663117526001
1.268720510459153683
-1.795273802640431793
-1.549312741490037393
-0.2308247717211994732
1.044292605254190764
-1.499545282179464145
1.721766848295048558
-0.8670828230373177625
0.3942257587637021943
-1.886529483011909702
-0.8614638572736958988
-1.057936706098870472
0.344035908992908146
1.0250656257376074
0.8285927769136506305
-0.9041200412980784362
-1.811108610324451362
-0.7770622374763407336
2.091133814091915344
-0.7730224441983351014
0.6269479046804694589
-2.222627882127667043
-1.371679901710171956
-1.299766349920844499
0.3478075389527964245
1.279391311463237813
1.396411269962744006
1.398141462335651841
0.1658538928145013858
1.009271827622226336
-1.787706830165817662
-0.8594193137039790598
-0.6604056651753081875
-0.3617559672462565823
-1.377776450546815301
-1.766646085261205368
0.2459610611508300515
-1.01602048330007122
-2.248308052821805791
-1.232287569521949733
-0.3888696347139077303
-0.3590391603455105884
1.653567986068233742
1.04001479297478916
-0.4303826660520756464
-1.158317577653804387
-1.929185667035079321
-1.025273206519279556
2.012607146412722425
-0.7992784173081556309
-1.669677492796917795
-0.871949706020105908
-1.838132882422009562
-1.13140230098165806
1.125750534459165619
-0.08279856996970991201
0.2553514589701489923
1.09667360972594774
1.106061147814262124
-1.464185909410546493
1.401972615090191665
-1.449605437928794149
-1.38045515829072607
-1.605655014390602764
0.5788775486756471134
-2.414605601187226558
1.185039283271464683
-0.6429378851024825092
-2.187664109987796479
1.996571285871759471
-2.570247057224122056
2.429639533465421941
-1.152553320027837724
-2.993483149863196857
-1.998627806389198014
1.41769373719694336
0.2269414911985223327
-1.68224521705450214
-1.276746075503622846
0.9948553434739751955
-1.388333773682649541
-3.289668145038999736
-2.595750797841819502
0.447268366376872506
-0.685683542936786683
-4.138295256743680817
2.35733562128091112
-2.675221723855100375
0.4408151359728949559
2.827758559352444578
0.6939173471967072793
-3.452611713808478644
3.043019164218195183
-3.768874706378404937
-3.00471929498174628
-2.049242781878116038
1.463073532887972927
4.069366305744057222
-1.16743659926162846
2.080559347719028285
1.743259037902458841
2.507414449301516246
0.4268551015833835227
0.764155411398161899
-1.218905151813932886
1.719631924498079778
-1.242833593477099097
0.04709878349129203307
1.289932376965583938
-1.474625592215412784
-1.170455739402369355
-0.870595552315784782
-1.393002800262993723
1.461576103951701677
0.09914674575190393635
-1.392925606000493977
-1.447576822077754288
0.5751346059387231202
0.3041698528119863854
-1.362429358201763696
-0.1369476292020741226
-0.8864414980108246134
-1.190611350821608072
-0.5224072479499167754
1.225481728999965991
-1.49207235175278119
-1.141008176891742609
-1.664958519157092809
1.824650776448959677
1.861845173906227391
-0.1745209823966777374
-2.686913828164804396
0.2798911680266286117
-1.878950811942309285
0.09225277329612063815
-0.9962110284120087034
-2.995382787259833979
0.0371943974574818273
-1.99917175884712095
1.137992445835302791
-1.293505397686367964
-1.581954005879384395
-2.512392845769610084
-1.518158140374941789
-1.948214203815507251
-0.06103304545317154994
1.957129681375415986
1.531897655842083594
-1.411889921475010912
-0.3077450108726653144
0.564178641956308291
0.8079630162224681333
-0.8128071822382459954
-2.615619301292861909
-0.4300560634416670247
-1.818563887891459174
2.018162726827632536
-2.431497843522359759
-1.350856876020380515
1.212633255847494373
-0.4252320255329775089
-0.2884486081937552293
1.080640967502207506
-1.59592173842146412
-0.3531894186794037327
1.123317752109870726
-1.637865281380814775
-0.3132513413607589947
-1.702069770835509477
-0.5503770303085648852
-1.354251275177589475
0.6015418890350010539
1.531924030162404415
1.248170955172267726
-2.158841979969258418
-1.307473130227295499
0.7731625710132844498
-2.347083569229979627
-0.8476076274454740211
1.624531420752744371
-0.06358133808641906748
-1.550373261066726682
-1.620770198459126066
0.8513688497422835511
1.499475941786168054
-0.3033361772636473663
-2.391756587636517217
-0.7923054493285540678
0.7967103081607238568
-1.802812119052904727
-1.235059248442781588
-1.63729473709752682
0.5451372781580176019
-1.378635350370438051
2.731818622633242377
2.090119465425626544
2.026924160767385796
0.816576505768035088
-2.454917019453416671
-0.8889875716892297053
1.116706399557581886
-1.923772628525158179
1.734110488028291375
1.544982187267484264
-1.623642734729201509
-0.3020702598743716383
0.3001298937920214849
-3.00005138046344122
0.9682033674197831896
-2.560792031089748289
-0.318697402348895209
-0.867913529057832589
2.260174544623789306
1.648428191340552518
-1.408894275189756629
-1.118546955123534969
0.4742670737817313298
2.273670953864737942
1.209433693426214429
3.224221704963649682
1.592368983384919279
2.534369145759613584
0.1387819385764422486
-1.631852721577888188
1.623611273690850787
1.884452216053245976
-0.6898525592068575074
1.1291755024813106
1.497345884895358692
1.286918207229249766
-0.2104276776634043389
1.176811950075471014
3.145565325617578623
0.4453178127115803298
2.260901951180666281
2.249656972629637153
0.4620616784263882337
-2.427441906327584498
-2.487517454338120437
-0.3180479174185402713
-1.792048286405503399
-1.187169567500975464
-1.827977168374326444
0.8115320025994637865
-1.544726224884406918
-2.736979351102822644
-1.192253126217423409
-1.909186708254030806
-2.998070320880579231
-1.805817194663493552
-2.717069899416664658
0.5708410454056549455
2.219538659053345242
1.130655046432037958
1.069450519805956068
-0.8736759763115231614
-1.953798672711050566
-1.789699153905765172
-1.088883612624296671
-1.150088139245497354
0.4054991415503427232
0.02330539555388593323
-1.919821100560252125
1.578892676346558721
1.735195093887529572
-0.1869236315034791263
-1.918737928460651609
-1.585844919658937036
-2.920354200338610706
-0.91125270475228759
-1.943126496114732316
1.555587280793948146
1.598746339617669765
-2.561288661595355176
-1.954654613859291956
-0.8813036498423960641
-0.09484135103126439814
1.599829511710548324
-1.080122696396917714
-2.480049989462545401
0.001083172095605020513
1.87345502533463959
2.037554544145899094
-0.5276171777803796425
-2.2016833099610289
-1.20645727948919812
0.4735277322643777209
0.1640995188087857604
-1.399927293068237599
2.009101495588334174
-0.569848373007725062
-2.565171721928951154
-0.01124497855331513946
-2.578949868598980011
3.287910944822946213
1.542160697195030572
-1.250236961284320047
0.6774742430425937378
1.229985060271178821
-0.9235813888534530891
-1.210678833917793407
-2.064363613484472726
1.318487969767948798
-0.6135531930939961409
-1.932041162862496275
0.6324624591408842811
-0.6538500110199164661
-1.21879049523287164
0.04251808656595262859
-2.153566449124944882
-1.231624838707032765
-0.0744842065970570677
1.092720538869159874
1.219411736970068771
1.734841143952217779
-1.470397459027914078
0.2982653792161374939
1.278191151843256046
0.9282875164621030573
-1.869530646368581461
-0.5124770036834189746
-0.9661831764024810809
1.127301164990245352
-0.7279349116016127219
-1.936484016028360955
-0.8963633424138670591
0.2708414030530151284
1.768662838243809432
-1.420653438560917747
-1.264351021018517818
0.8509479804169859385
0.06915027963615515139
0.1563024175422461914
2.271601418977574394
3.232131002941005526
4.607168932826589902
0.470422938072994512
2.537802552004211787
-1.396350126767048838
1.37503792988403295
-2.761708064867296919
-2.680969476914777605
0.8313468378491607469
3.947383697675000747
-1.963513584786319432
1.269530275991259893
3.451239911299605723
2.938537076309789775
3.512316314765737246
0.7174558921270092204
-1.428999961647889005
0.5937114663657627744
1.261915569234310253
7.502136187513806255e-05
-1.163422518472215783
0.8325036892673255418
-0.05465121607767116363
-1.427980198254535704
-0.1728861674039283702
2.022711428014323687
-1.143344144848057686
-1.35511128305741102
-0.3472561306422027316
1.255094030850347098
0.5261647630310480883
-0.5239503422657941778
-1.252879610083570627
-0.1016004533827832013
-1.839642666716385655
1.189714548234295233
-2.011573302833694399
1.245851587183720577
-0.5483276650993968993
-1.846847134707962024
-0.4543409298543824582
1.397839404984442035
0.05613703894851534981
-1.738042213333339081
1.151692740526991887
0.3478184956565352204
-1.341702366036772842
1.798547985481971034
-2.051271246707279339
-1.689520861694153941
1.955793164211981683
-1.165524769522676696
0.6995970943226728078
-1.768522696323176824
1.296829498009149484
-0.5783771537030603094
-1.267483896663195164
1.836083684530881888
0.3617503850133567678
0.8857464771841002671
-1.338442132026477216
-1.2189978913650239
-0.3278778839220590213
2.149309483471006033
1.549224733879330795
0.1921058657908870093
1.106103571621687376
0.6909790917963152257
1.980854522577072618
-0.9546578036793655908
-1.915877451609517168
-0.8511000460510993459
-1.915903044161189284
1.209366412467760554
3.451461041205202473
2.449626575435484455
-1.81160663439623093
-0.04626288660232016209
-1.892439748533570221
0.7352108871088250952
0.439259349373144814
-1.445029989005289339
2.132137851404837026
-0.7572815609555341165
0.8861012236717066282
1.64338278462743892
0.2903473200687085587
1.592814028907271862
1.799403880086027696
1.614585868279895031
0.977808835493915729
-1.064237260438495758
-1.141273046773401578
0.8359681376489294102
-1.778050079555197893
1.544680129430700211
1.204243452233465517
-0.220500604561786856
1.977241184424583187
-0.6367770327834703092
1.392124343796257158
-0.6499217521328555236
-0.3816521470757968659
2.030615555880914247
0.7087119917840227767
2.035250236415361069
-2.042046095930687866
1.557549474990842286
-1.770634660153525664
1.484829335112105575
2.412267702958670768
-1.893073914793677037
-1.632232972436362672
-0.9656355469401598501
1.11903587413735206
2.510788969394706527
0.4499536902308320929
0.2608409423605909105
0.9274383678500013328
1.308385942450588146
-2.574304775261361034
2.082186662667643073
2.084671421076898845
0.00463468053686339615
0.7738007202175032351
-1.824269813538063723
-0.4325167182866495041
1.166934420016694451
2.756137672181199871
0.8841458084927819039
-0.7982097812894509703
2.755950177504897347
-1.82815318438088581
0.1823198471821046995
1.7030953281885024
1.266070195237255946
1.39175309525448565
-0.7491989703359754893
-2.080036740534988216
1.026060032247384513
-0.3404366771967924921
1.326538244629301255
1.312506498013393141
0.42821336602272142
-0.9965306907705734352
2.010473031564446789
1.599451138305428399
-2.060835279167230194
-1.33083777019727334
-1.344869516809405585
0.5405160726462988618
1.77525900258024838
1.796872782886872688
1.589015757488740466
1.907674608252608373
1.486604428299783898
0.03500890061856608282
-1.871991863687145541
-0.000187494679064833733
-1.787595294203944141
-2.889503584755025223
-0.06007554801261244526
-3.934152678769310185
-1.162764622121730929
1.337864328922777402
3.507333865839558307
-2.536212801831956742
1.512010516915730518
-1.114134760674152069
-2.994591786996021909
2.16946953691864719
-3.874077130756087506
-1.995323348921841378
-3.752301361473546315
-0.4583789851668494397
-1.973388733561927122
-1.365357938098009427
-1.327541089528717189
1.261308581800250295
-1.286312470159936439
-0.9347759538922639777
0.9039124605153090464
-0.9069885690248522536
-2.333390621914263718
-0.53685205963399385
-2.172981945205725296
-1.440764520147509886
1.479031381898467501
-1.498938537858760078
1.441535544420395887
-0.1575237163467946844
1.761850473270899942
0.3354484203793000052
1.687595401570868292
-1.193805056603307824
-0.2345233238144409094
-2.133167327882192321
-1.426402052890296313
-0.07425507170133545387
1.034046372848894446
-1.52925347697984626
0.160408676707653769
-1.315240994792614249
-1.922118725390498772
1.333501300652759847
1.108301444552532544
1.357053642687150452
-0.03749583747368419318
-0.2790762428794097971
-1.636555098247680418
0.9033474699649722828
-1.636129885571169229
-1.874343339801706199
0.6642187769786850327
1.879250901947169261
-0.7723225614723654431
0.2140124821844703318
-1.920201086040913996
-0.9393622712771874106
1.341414821511965449
-0.1070020304805485989
-0.96241861738536294
-1.941750548931447939
-0.8323820594026171138
0.5654225382204837169
1.065145254147520371
1.610524276384172726
3.116036859826917915
1.778912627910306909
-0.4961437863745540855
2.386943423377775098
0.6682041028704883701
-1.261840547870552109
1.224695556011656583
0.1378270222471643935
-1.051859477095778761
-1.207127194111468738
-1.734321040612889275
0.8734208936730565309
-1.552816605394734317
0.4452516500306838987
-0.7289292678179487561
0.3591007271268211176
1.463245637732461635
0.1647261681268333555
-1.074729659054806774
-1.346179562518908357
-1.700192517038968454
-1.362954603187102265
-1.855310104231839841
1.481834255358009278
-0.1348822421338043698
0.1448273012995430764
-1.699121737569148305
-1.068797059807804928
-1.385968792878355504
-0.0771389936347902927
1.542711894345882184
1.07216965491384153
3.125269456631374343
1.240980118255663234
-1.55845407989870588
0.104296409762247716
2.627650635642623023
0.4474097595279289408
3.233043860775656864
1.396926964295239992
3.044058086523443674
2.181709635307869988
-1.836116896480023852
1.291971177204359167
2.242094628739866646
-1.88428933837681023
-1.424744056795492098
1.652943175208228865
1.58225966554430908
-0.01403174661387144098
1.885385589452656108
-0.07068350965768169236
-1.956069099109146725
1.329050520211031206
-0.8723187510506785758
1.25635671023850759
1.083750348057276991
-2.626145277589479132
-1.674066132183321898
1.235444403385763001
2.187523548788724348
1.166335910135811949
-0.8207501146927730362
-2.560017885656132197
-1.41043481306516072
0.9520791454057543346
-1.88045702631948819
-2.645879216453656202
0.9952260304691848969
-1.021187638649854845
-2.016413669115981744
-1.559527592122494921
0.6066340477348826088
1.67998501175326731
0.4568860769925187637
-1.987086024825956088
-1.660718133110381522
0.5964120815807247844
-1.521192128516178688
-1.511447130900677172
-0.5751126917146160977
1.71350943586822968
1.46150195376574632
1.557298079282050107
1.883665970993680938
-0.1819696916772070017
-3.14912687614630471
0.04966989397378718946
-1.736795002530765908
2.16616163985590271
-2.117604210099245154
0.8650898721849253903
0.3263678917150376058
-1.739267770961804294
1.859813262827435532
0.8804813312769083078
-1.301071767668332546
0.009744997614572309744
-1.833996077017137516
1.251617818902125201
-1.715539365573313546
0.2389053701806998498
2.401200891496303669
-1.513181539134305087
-2.124927892415133357
-2.967157184472609455
1.149583072592526678
1.412331873614735001
-0.1185775822488690789
-1.626298131814770453
-2.376514120527557505
-0.4093885268413751111
-1.5150097483928604
-2.927717711456295113
-0.7654221901367536107
0.9618079992487876817
1.898142438430645562
-0.8819330753785867838
0.5850501015393332338
-0.8514912369146584448
-2.615971695913425599
-1.412707963065565231
-2.275056414283552542
-0.8623484512166789129
2.16229552131857794
-1.752086909317978947
0.9363344391851315951
-1.843741074630179444
-1.313092336889128964
-0.09806021191395447589
2.288622127582439436
1.466374300428067823
-1.786464896503984656
-1.734038620536602515
-1.81140676655476196
1.72303078764510964
-0.2469722542174399571
1.396558792249772862
1.990639485352304838
1.328179804690467813
-0.4581705654019390672
-2.096744514494860212
0.05242627596681415092
-1.530909455858634027
1.102020778329720452
-0.6624596806659360793
1.215032124971829441
-1.436541338452250516
1.564434512339672123
-1.764480458997025991
-1.786350370099105689
-1.58333573182347509
1.929545616839722033
1.049144567203677658
-0.8222478271517229542
-0.2520074821023872147
1.494943988337088747
1.697958626617723343
0.1902380770581299785
-2.554698065319160438
-1.160180323106858813
-1.638573949092920978
0.203014638277495052
-2.655124311442876639
-1.016550362347729441
-1.507720549562612034
-2.744936142380309363
-0.750215988710144166
-1.752050454478017327
1.394517742212462386
-0.462658780630812394
-2.54495675200506577
0.9928856879028248317
-1.503003774135407866
1.967125593687815144
-1.001834465767556859
-1.898644004072941316
-1.398921288151464992
-0.2251998560996553433
0.940843307435836107
1.647573888874510173
-1.475649671496056303
-1.357478855370688908
0.1181708161223375964
-2.13421356822335051
-1.330246035874377064
-1.448416851994558829
-0.4169657828526547871
0.9808388147664505174
0.803967532346817837
-1.254417531939687303
-1.057168558380318091
-0.03635012363493918958
-1.086868533764645539
1.998068255423870676
1.104144910603804375
-1.43383038618120251
1.076874533233117992
1.287958664147521581
-1.384224920610608756
2.132931071772467657
-0.1258359406958046711
0.1326619364821090552
1.375394256225266787
1.103944352761242254
-1.134380642401511041
-1.555450822355848306
0.3856268004094855484
0.1592637867498888637
-1.256196069887674183
2.190752080583098671
0.9303821411240915662
1.454560765788416088
-1.213624361105891447
1.865121863844846795
0.9273423536147988866
2.282148486882090044
-0.1039927726881808567
1.558757716968637741
-2.081835124331964604
0.7253780139203735988
-1.207084173372944491
1.694670862738371975
-0.9793319315473507647
2.027563871536163909
0.3328930088003211329
1.109368489526094459
-0.8804010496329155444
-2.181553098943811442
1.397804597619904277
-1.989769539155880729
-0.8374517490906262518
0.4997227159224918447
-0.3264719953959471788
1.2509561161057694
-1.871392394354964184
-0.2278613478867048125
1.152317790061870184
1.643531046467822998
-0.6117463532828835149
-1.857176522841923472
2.066548516376639721
1.818045400657001931
-0.1994598785277455211
-2.003454415153048451
-1.527032343956125748
-1.373060049405530059
-2.082297971371308343
-1.621563165139154439
-0.2485031157266310298
-0.7233907699160352367
1.041952977872407926
0.4607348062322801363
-1.556770472958266316
-2.495889462037971906
-1.861136090725290293
1.81009356614386574
0.7595751560122806501
-0.4301113433308226264
0.646596026311642702
-1.035939538455016962
-1.608565089055843833
-1.050518410131139335
-1.16349753983220805
-1.510905730645467182
1.392506204854974117
0.217864682480618882
-1.89061906807939395
-2.229223282994986288
1.242732319742473557
-1.688112758837850613
-0.2714499034636762009
-0.7183175523514081506
-0.4210701799550118363
1.858611657727124999
0.4048614878675245166
-1.621544083520454649
1.52000744281179534
-1.872665707629707965
-1.486791922979934455
-0.335089358892155631
-1.595459298357488009
-1.879212373351264898
-0.1911432135458757398
2.047026974026764812
2.513252072654853286
0.7490002052015769518
-0.883460641563219129
0.2374974576895750311
1.445620218747861507
0.9992364858664705141
-0.4162233707674005134
-1.354002880996756808
0.6279671540636350136
2.084514365878481268
-1.119409979729669269
-1.510908674009624253
-1.354225825559657537
1.067563519309593589
1.66275048965873129
-1.977842351643646746
-2.577927101237004859
1.765343747791193296
-0.6000847495928620656
0.8747509509591573362
-1.957203617676558594
-2.017505279189067302
-1.932462187289228472
-1.327572465430197024
-1.418343081431475028
0.4764220711996507429
0.7067305814397738528
-1.189686499343096449
-1.178453745724865831
-0.6824615635171292771
-0.5271938465012652175
-1.180444249057024386
1.387239627737623993
0.09257131847002078584
1.497871484765683103
-1.682535564766503011
0.1194442406623841685
-1.174641522374655134
-1.294085763038241854
-1.195751882131929733
0.2607953296820878508
0.8911200074433531793
-2.108483750561238601
0.0983338809075145065
-1.649043252884611954
0.4594404976760392834
-1.453750169859679753
-0.338604214916089663
1.456547211814022136
-1.747377133792781922
0.6303246777612819818
0.3131529446907486136
-1.016950846569722122
-0.3914986942788128976
-1.461825912919182846
-1.913190667535550782
0.6055064244937556905
-0.7245973667675080776
-1.372375146144138469
-0.3810124956381542027
1.640377940432999893
0.578617603482388998
0.4467759508212683084
1.49541186288127026
1.044047108267192936
-0.9823584631163568837
-1.310194566960385831
-1.180834686019227142
1.421721838741825783
0.586581311336524247
0.9950810325747903029
-1.459766096934374202
-1.330103791260426549
1.30882979924310705
1.034871515940102737
0.1566828484480808914
-2.118963130696531749
-1.070327218640614086
-1.453569136408029649
-0.8465525016985316897
1.575236843171653467
-0.3975125978668094251
0.9274590637944760685
0.607016634710101699
1.05605653854075876
-1.202710473929496704
-2.275645979143053221
2.42178934486996944
-1.809727108641148829
1.048635912056766095
-0.7924701094196042739
0.465918870498726656
-1.627610636836609892
-1.219110915590658095
-0.451364754616199515
-2.026405571385671678
-0.2511216241066489552
-2.485435694625259817
-0.3278361038466205413
-1.553795287734718533
1.232780152501531612
0.8449724076249460758
1.834771931157810343
-0.6477777793769891046
0.6019917786555991635
1.221464192269196003
1.16296013735164494
1.258388979914804029
-0.4266408061697655185
1.61985088798021426
1.376553656221856548
-0.2739582833015294927
-0.2432972317569604137
1.12095809924990264
0.9468483108647520741
-0.4705422394332849922
1.24342327878457759
-0.729415918435717292
-1.214981548098196917
0.2488640347434068756
-1.229775910029472508
1.190145542620914432
0.5010387996599816596
-1.650511939521988714
-0.4935204443841366695
1.324971661660525379
0.9897995235333494346
0.9913626505058654725
-0.3351721381266910549
-1.326534788632523609
0.9596300991204241848
-0.7655664299367676007
0.5636871998099217684
1.699741986431260843
0.5609683586961373702
-1.875206651714429906
-0.492355501041832011
1.208122761055394845
-0.174109788382522862
1.208741362295608024
-0.4463837328844604269
0.0006186012427560484261
1.721046463344771071
0.8489132461480544123
1.382851150675503238
-1.415459856635887359
1.295296979035584384
-0.9377795102296089258
-1.260369939463402478
1.758051225615959057
1.084089564088742463
0.1359419024121585884
-0.7361913147925626122
-0.2837530749918468209
1.688069159808349484
-0.1469813586541267314
2.2381701875748643
1.418948089108107657
1.565929447763327875
-0.8192220984678502127
1.186471872774681469
2.508044347627738535
0.4662250986303119182
1.380179137947832979
1.577428111504614927
0.1972489735575239655
1.289875430777632337
-1.645636895472022188
1.894765152633853589
-1.780706994394362974
-0.6147024435071101189
1.856588357809684231
-1.740488356308368623
0.9201760609755751386
-1.448722164681711444
0.6048897218581654744
-0.9612196479261438942
-2.377202649104721566
-1.667671967618614692
-0.1350700989269276175
1.064777405561633028
-1.415983001182585577
-1.605111301950048697
-0.189128300764420304
-2.036180747900069754
-0.8253478230029195339
0.7095306814824141606
1.04860373101081672
0.1170199584972227702
1.157140632110325917
-1.208549104427811827
-0.8703990754892871884
1.040120673613453395
-1.038515871000101232
-0.430956482598931101
-0.5726255506005656359
1.29553530158413488
0.1106318570293100545
1.40530016629359622
0.6788067686011399759
1.14469708900151379
-1.184903444553511376
-0.04390255378268654446
1.171068318777668704
1.300428199713446364
-0.0548908651073579737
-1.46893619333798009
-0.7459192085630170777
-2.234314070520988516
-1.90700076430367127
0.3273133062214124145
0.9316404068883074041
-0.4824049213451616636
-1.260734693265288975
-1.333428503242953367
-1.682355589779942484
-1.660741809466594443
0.02161378030887495943
-0.9945592440425120584
-1.061760336950518191
0.1787115419561675911
1.156991495136776349
1.24047187890659294
0.7401118873113259333
0.9782799531802395254
-0.5003599915945111665
-1.150849148552437473
-0.01479436193082348146
1.720427862100746275
2.005693971244696172
1.321572474854389112
1.210832924894570395
-0.9322259046565268825
-2.041819248993868019
1.534878504484919359
-2.143058829548517341
-0.8340197211764242002
-0.9364122968366851429
0.5961895718500205277
0.2917661916279727374
-1.344862047446571118
1.532601868689281721
1.309039108371682358
-0.3275891307068409808
-1.475419415343373508
-1.109593344335413345
1.167204745466267735
1.497821435190555439
1.6885014994532761
0.64212060508310842
0.979925772627183167
1.331462288894487367
0.1906800642630507026
1.209033016386728221
0.5154294069822231705
0.3515365162676300503
-1.140782224631497366
-0.8536847795663908833
-1.206462064532065392
1.19593428676166913
0.6560897499116308262
0.6075593884008851919
0.4658903204003365106
0.7045704593385024861
-1.188599642784105459
0.4959921822077742459
-0.6971027571984416138
1.141000890770371035
0.4914968855858693475
0.1293598809400406391
-1.225959183886857762
0.4084997212421089263
-2.046347408274505231
-1.414045328232079513
-2.542673910216779909
-0.7783297719164780082
1.764344138303951093
-0.4370251329533719198
-0.05850405491755114595
1.270749574829089346
-1.636628239075859526
-1.872294419539578314
-1.147830284633868603
0.7244641349075847669
-0.00539282569837011734
-0.6739616615291849078
-1.622109323197973296
0.3658260710102593793
-1.398425796437398283
-1.764251867448286104
-1.616716497496787586
-0.352777284965962834
-1.046380894370296577
-0.6936036094044623068
-0.6532504025557834826
-1.193094939406008415
-0.5398445368502005071
-2.201369271259423943
-0.07269380997543570255
1.329253629746555143
1.13605478662147652
-0.8721332172007189021
0
1.307106190484531805
1.49077619128198835
-0.8930235143271190168
-2.195497678184768819
-1.302474163856245815
