2.067415945112305e-09 8.405870727019564e-08
-6.51404200173348e-08 2.341216667446272e-07
-3.075714757160042e-08 -3.134016893945586e-08
1.605028510265682e-07 4.484460525574401e-07
-1.857476496500109e-06 2.089875357325459e-06
6.236960277800921e-06 -1.031446126095086e-06
-1.737067066878527e-07 -7.935689605721596e-07
-0.0002907007331594492 -0.001328479571016566
3.378089847270643e-06 -4.625154177306817e-06
-5.860197804821953e-07 2.936340605135668e-07
-0.0002033515139359911 -0.001578587270377437
0.0006840203867554139 0.00196657609887015
-2.100773011350678e-07 2.73261374229233e-07
-0.0002613789694807513 -0.001289063098606085
-0.0002250611442966471 -0.0012842884315869
-9.891383637105591e-08 2.091423474598897e-07
0.0003644327952175658 -0.0004699330073824339
-9.226601264948156e-05 -0.001032533142354644
0.0001899180800993493 -0.0003972071730221256
0.0002510690842824841 -0.0006699103254107805
-0.0001410998725043251 -0.0005571150772730638
-3.473543071631309e-07 4.168137631852882e-07
-0.0003840052993577759 -0.0009565510073026949
-0.0008704199185314817 -0.001594608382124196
-3.835413977320759e-05 -0.0008531371492977793
-0.0004227262970700481 -0.001187220056637197
5.62271389743333e-06 -0.001499200525648854
-0.0007650870705007789 -0.001531652579372725
-0.000727069530731828 -0.002155758005142115
-0.0002869040163407139 -0.002100470940922255
-0.0008118198370531048 -0.001879140476601563
-4.242043254176275e-05 -0.001645796958556114
-4.960027070129609e-05 -0.0003967067861960243
-5.534735944917928e-07 -4.211338147105299e-07
0.0001335937180129202 -0.0002627745253942142
0.0003250771274150668 -0.0005953195692362373
0.001015615051692374 -0.001024169659194863
0.0005612172585904545 -0.0008790427461043472
0.0004870449619811843 -0.001174038527289023
0.0009933529624353186 -0.0002931396682327222
0.001323152117345167 -0.001163804155808723
0.0005307824203488532 -0.000558705519808361
0.0008995964093370215 -0.0007666936916898669
0.001581335275512775 0.0004208519753694175
0.0004711373448937318 -0.0002089450322493387
-6.44731659286678e-07 -1.265553975478363e-07
0.0002474671898141673 -0.0002732782396652898
0.0007113371440152387 0.001005444731638309
-4.297128795019663e-07 -6.580898877859365e-07
0.0009583586199867119 0.0002436721997156161
0.001318842477956262 0.000393505989045073
-8.85756234388998e-05 0.001826217682109661
0.001121802107865052 0.0012716382966875
0.0009101579746699156 0.001712786348151142
0.0006009307736765619 0.00147648850206247
-0.001073774676658399 0.001231517613829993
-9.192483719963917e-05 0.001522126040363624
-0.001198889844850611 0.001359418178147129
0.0002319000726850286 0.001156176295982192
1.273040587409984e-06 -1.494712719310471e-08
5.835529813088587e-07 -8.821752687147618e-07
0.0004999181360667563 8.946090568258649e-05
-0.001996541362042088 -0.0002098547022286264
0.0004328325632435991 0.0004239101651330288
-0.001593133053271335 0.001104090952916092
-0.001089479329051162 -0.001491009309947363
0.000703448321659297 0.000451877609393213
-0.000596203730780942 0.001878135989376238
-0.001785824393940094 1.912000376322596e-05
-0.00171366717389624 -0.0008805109210324186
4.357946677700194e-05 0.0006590355549358837
-0.00143417561890089 -0.0006048395370388562
-0.00163635311549088 4.427804950051459e-05
-0.0011569735728221 -0.001306754678422635
-0.0009492940456774285 0.0008296168059344383
0.001504620922646153 -0.0008954667717000145
0.0005736096109287513 -0.001556473267172709
0.0002114369313263736 -0.00178766577848929
-0.0005860153512775589 -0.001577001128741328
0.001297402449315761 -0.001309957626900395
0.0008031581591681719 -0.001538321951239939
0.00150142774996866 0.0005894787042462423
-0.0008372222504621038 -0.001064300567534626
0.001133172128581514 -0.001427563342527839
0.001213947700381753 0.001076154830480763
0.001725516877087682 -9.847717442021514e-05
0.001095603552354485 0.001164964492864026
0.0007853166665812758 -0.001875870508804263
0.001844822190607202 0.0002127254091911079
-0.001697566572155764 0.001223689707412287
1.936158800762177e-07 -6.726083738683116e-07
-0.0003244113207673263 0.0005103604619011974
-0.00112670447454415 0.0001141773916575986
8.567361185040975e-07 -5.352970761764975e-07
-0.0007329665447587455 -6.462473323103325e-05
9.826698577810469e-07 1.977980404502532e-06
-0.0004008180545411019 0.0002338744896974695
1.578053683623099e-06 7.839636840565579e-07
-0.0001992905717199505 -0.0009662435896179143
-0.0003173284501364643 -0.0003380665812423378
0.0001085323108370607 -0.0006720094681806682
-0.0006727120357016904 -0.0008266224684183067
0.0003940558002796602 -0.001407451057734843
-2.696995261486193e-07 2.243186274835066e-06
-3.779330488314165e-05 -0.001548971477306765
0.001224657936181695 -0.001016139020334466
0.001401444113193208 0.0003929820067988013
0.001372428250325337 -0.000605737166328758
0.001453134006895718 0.0005571712600103327
0.0009267029513047844 -0.0009095011843606225
-0.0008983028642499523 0.001102761336387131
-2.031714463515882e-06 -5.805851976107995e-06
0.0005370513131156545 0.001422331545064923
-0.0002317305651609478 0.001473687074532047
-0.0001923855369846575 0.001417316666248438
0.0006643865451544169 0.001346104655518995
0.001001893657655308 -0.0004575652664543759
-0.0007223454860624019 0.001256912500171475
0.001174366859482566 0.0006483281008253745
0.0006104341824280143 0.001289184673125934
-1.409646429977581e-06 4.769776399790196e-06
0.0001858645011678747 0.00134852888736975
-0.0005796650127723614 0.001260383445953985
-0.001243596427642845 -0.0003949192872009543
0.0006833021121466612 -0.0002581745088832393
-0.001262320752425677 -9.562310825530995e-05
0.0008908397697395906 0.000769249273312857
-0.0009656806756830086 0.0009145919277505355
9.361211130233001e-07 -5.551115196254406e-06
-0.001310778181335514 1.694966129427739e-05
-0.0004413886982608524 0.001166462917525326
0.0006275086263540947 -0.0009519650803796689
-3.152182435341032e-06 -1.599142108974067e-06
-0.0006186495502156716 -0.001071550990922788
-3.322422907895423e-06 6.954034162746568e-07
0.0006936135085686506 -0.0008876963841302894
-0.0004011112037894128 -0.001140932251360079
0.0003471964608264568 -0.001112957167912865
0.0006205501624987578 0.0008163972109450736
0.001060935460336704 -0.000221739834657485
0.0007310030005173041 0.0007392575615624198
-3.442898178790034e-05 0.001509139208154644
-0.001209036059006276 0.0006873879708844628
-0.0006512723210924926 -0.0009850593033969408
-0.001325622113002623 -1.297150328113538e-05
-0.001220159119324437 0.0005974448439305735
-0.000119429928956791 -0.001170384495276336
-0.001307609633045441 -5.998021654512573e-05
-0.001100646495624141 -0.0006362516248330519
-9.477579019968792e-05 -0.001103336707183866
-0.001217380353044751 -0.0004582423302227113
-0.0006704247301725693 -0.0009517178995341605
0.001007356645404629 -0.0002356569397645628
0.0002739638035014911 -0.0004542259939675577
0.0004441134359389551 0.00065186707269702
-4.73088581998226e-06 -0.001150401228643056
0.0009334843185579184 -0.0006097227158129628
-0.001217549297447237 0.0006695382433612393
-0.0001191391209965859 -0.001176393536671341
0.001057379578618786 -4.029141908677057e-05
-0.0005468979392173716 -0.001101129745218532
-0.001338964690060845 2.447850868097319e-07
0.0007816858301259062 0.0004197221835174087
-0.0005811278902105253 -0.001050943480910265
0.0008329212656911463 0.000640618774282701
0.0006665711504233047 -0.0009141220507244646
-0.001182702840502619 -4.429756438432373e-06
0.0009954306413862597 0.0003693102724071781
-0.0006855695405242622 0.0007034920547952213
-0.0003739387104747282 0.001070781903115942
-0.0003439687083807145 -0.001870358826121879
-0.0006411824739240675 -0.001859032034788993
-0.0009794552064595447 -0.001775307887648276
-0.001352479613158766 -0.001493118216087278
0.001041378948413393 -0.001610225207521055
0.001668479952528969 0.000141609397154676
0.001508039564957741 -0.0007199681694848207
-3.261324924988617e-05 -0.001968815677766814
0.001640074129945871 0.0008161077776284092
0.001606296629585429 -0.0003389895580931553
0.002032103772784995 0.0001286551385678625
0.001480999694381211 0.001322449978233005
-0.001686593700824877 0.00114984344979151
-0.0002180189904291672 0.002039439800307739
0.0001761972896424008 0.0003682433739275172
-0.0002131123965264437 0.001469026046179251
0.001458222991871785 0.0007945174136450529
0.0009968631115082035 0.001252415570322065
0.001726585332589301 0.0001117696957666585
-9.828699774994926e-05 0.001473968517177893
-0.001232733827139984 -6.696894825335365e-05
-0.001155014869393922 0.0006835968994016248
0.0001085038509793356 0.00144733602874444
-0.001005421512993253 -0.0006329235168016942
0.0006737984018352816 -0.0007659033398762587
3.318445396431624e-05 -0.001070056357011486
-0.0004934912039726986 -0.0009740019373368623
3.268087085425124e-06 -4.013778481378125e-06
-0.001175961154166274 0.0001844701788946251
0.0004289411886114764 -0.0009062475637647978
-0.001144990326973869 -0.0002802859217134779
0.0002702500670976313 -0.00098860616141911
-0.000861051345025923 0.0009924490122418703
-0.0006478187005223532 -0.0008545838145067535
-0.0003334689237989876 0.0008866892322463304
0.001159969724031068 0.001009672780908266
2.047166835888951e-06 -2.348235385739757e-06
-0.0003262547820364844 0.001296621700555506
0.0004763467113558332 0.00139072499877033
0.001705646533045293 0.0001678489428112503
-0.0009438521525551322 -0.0005246421903128485
-0.001033255879335156 0.0005747336951267944
0.0004170775364952106 0.001318531199637367
0.001545145130858102 -0.0008333973438498863
0.001537693084688357 0.0004522268261467506
0.0009841871680717298 0.0009733006044610621
0.001315291512684529 -0.001327235876320316
-0.0007332770763801893 -0.000678860919851893
0.001034967371164842 0.001007760097550094
-0.00100209797216214 -0.0003385169935409827
-0.000636333894564776 0.0009781540777033307
0.000441073083303245 -0.0008679584676451307
0.0008585737078593237 0.001294721754169723
0.001000759019808674 -0.0003381387862473746
0.0008853744310267191 0.000535557045415959
-0.0008730788265857528 0.0003380452904668041
0.0001762946612129206 0.0009704618652361879
0.0001475888886899985 0.0009670534146915639
-0.0009124576675483468 0.0002450841800220179
0.0007170385534582234 0.0007097691458369249
-7.577656958628612e-05 0.0009846094320375782
-0.0006435556870700561 0.000726230838805566
-0.0007222525389359972 0.0006196999709278207
-0.000426159862744599 -0.0008042009870757818
0.0001778410879372294 0.0009920724781669636
-0.0009292982232068588 0.000196035045954599
-0.0003090615175998465 -0.0008604683363047171
-0.0009144183669674722 -0.0001992407565068735
-0.0005245573054135787 -0.0007528210838899758
0.000891406203448999 3.050824840549902e-05
0.0005192544148694424 -0.0007383382239471184
0.0004194401841983285 0.000783354800123639
0.0007970124456438036 -0.0004077303768906241
0.0008651834525538584 0.000218687821758876
-0.000617427024512486 0.0006486466625201207
0.0001147105969966069 0.0008814641991741089
-0.0008993407332794274 -0.000127726086357087
0.0007468563200209619 0.0004811025812745835
-0.0001354070474461779 -0.0009035358928339425
0.0008125416487615564 0.0003622661956269835
-0.0008113790110650279 -0.0004667167327892818
0.0004469957646861949 -0.0007845272900520184
-0.0007620511413503824 -0.0005548444891351989
-0.0009279407104970766 -0.0002069775176819631
-6.706337677673892e-05 -0.0009146302904171018
-0.0004798435565353849 0.0008756024550814806
0.0008498799279344865 -0.0002810526867852786
0.0005640175328791019 -0.0007068084412488898
-0.0002646571125715502 0.0008421510093250521
0.0005322507299653141 0.0007110749112846419
-0.0008747153009790435 0.0002036850543906595
0.0007638109257315408 0.0004504138235996526
-0.0004493695881181592 0.0007666987904895892
-0.0005657320206125625 -0.0007259494813340226
-0.0008798760199656903 0.0001590064152988893
-0.0008884313421294942 -2.653327799037071e-05
0.0007036823281509446 -0.0005590385328516154
-0.0001424962442252503 0.000878352501283586
-0.0001086114067919388 0.0008715331147713344
-0.0008938911343971856 0.0001260344566487449
-0.0003593134267983064 0.0008167361169923421
0.0004725298923111587 -0.0008335014225408446
1.526377538547628e-07 1.289245797047033e-06
0.0008754383187615746 -0.0001588921891172184
-0.0005433952140357081 0.0007121623635105767
-0.0009085291545042382 4.163548501281765e-05
-0.000430696352755003 -0.0008227731842761351
0.0004120821030936829 -0.0008628995735126418
-0.0003912956632991115 -0.0008430003055292949
0.000661820788933774 -0.0006857941699195687
-0.0005776130157617068 -0.0007091796327195629
0.00052112619187909 -0.0007999546508741928
0.0006088873911031532 -0.0007529548436171007
0.0005934563689486617 0.0008450143867418277
0.0008437529001541039 -0.0002888620952670849
0.0009685344954274413 0.0002770188793482431
-1.76242588407923e-06 -3.95954565152858e-06
-0.0008738698075484573 9.162740553609599e-05
0.0007364538772619167 0.0007260330545712096
-0.0001297012820544393 -0.0008990308373051479
0.0009793290491507823 0.0001321876590102702
0.0005012272001454088 0.0007239628419526905
-0.0008108138297856182 -0.0003406651767804271
3.106756769138833e-06 -2.308392103490987e-07
-0.0008840906673059729 -7.962063399529379e-05
-6.314920373635854e-05 0.0008708836595978524
-0.0006024658976719614 0.0009377376702868329
-0.00054187203531934 0.0006953343347843579
0.000908597161196633 0.0004366801819280354
0.0008777005232030253 -0.0001620586479984684
-0.0001757647541330029 -0.0009047867909396022
-0.0003601893675581179 0.0008005308837028586
-0.0004296244986049653 -0.0008080503361430921
1.241050815988464e-05 -0.0009206029766640814
0.0008098617377546556 -0.0005157712997449634
0.0008425878799134056 -0.0004420899237463069
-0.0003972422589454657 -0.0008158440066380262
0.0006151968460874402 0.0006303872680446267
0.0008641796416994238 -0.0002194645134095944
0.0006100993613014015 -0.0006597878123142602
0.0008107773036546237 0.0003518824970396262
-0.0007002703620528822 -0.000622683085656836
0.0002038870250258833 0.0008525428197256169
0.0003458498999206317 0.0008071449036354696
-0.0007648277543468562 0.0004219460506076015
0.00082801598391561 -0.0003405148307113879
0.0004206858086262719 -0.0007929822555897692
-0.0005406810551510106 -0.0007008507445390329
0.0009037368294655556 -0.000274756209722365
-0.0008556192125195944 -0.000161025118022621
0.0004893965542846476 -0.0007669797085297213
-0.0008660704355591342 -9.520320196340024e-05
0.0003529247354894591 0.0009463282982279872
0.0009419392099466521 2.243779359570079e-05
0.0007672537593561111 0.0006130547221171909
0.0008307353491783352 0.0004448547662653429
0.0001363131463806811 0.001033081964966408
-0.001018954077228891 0.000502897266379237
-0.001191108881836054 0.0003416654618003018
-0.0007456159322543108 -0.0006718202688153333
-0.0003383086838068328 0.0006963151311377795
0.001146460705721873 -0.001499373969464222
0.001738416428996862 -0.000380053859620997
0.001706697792051116 -0.0005817677954537491
-0.0004022237348180395 -0.001689006509063711
0.0006421926078862241 -0.00176185800359917
0.0008589017947162958 -0.001639250562852399
0.0009112891706193811 -0.001747671074245632
0.002104839005229064 -0.0002161285340550206
0.001716226726360861 -0.0009991847722324531
0.001879515833389334 -0.0003366599856272051
-0.001143707252725384 -0.0004541186399830285
0.001218275527760737 -0.001462523401347966
-0.002108786468398475 0.0004879831220768602
-0.0009639007709507598 3.658005319487e-05
-8.769953386877349e-05 -0.001005189895528063
-0.0002634582887300396 -0.0008883407104610956
-0.0009096983248778991 0.0001354555350189648
0.0008348509118761169 -0.0007033917042682283
6.697609656143946e-05 -0.001140531171375266
0.000794218721698924 0.000607397647170234
0.0009454418217550169 0.0002830443675673733
0.000585029379388233 0.0007331082539392607
-0.0004745852329824406 -0.0007727422239213621
-0.0008909036181143445 -0.0002049310459059054
-0.0007248164507076724 0.0006013513706451523
0.0003775598377211708 0.0008856100680851229
0.0008772151718360854 -0.0001406945368142498
0.0002898727209377441 -0.0008465898978883647
0.0007758960722552417 -0.0004396960418901473
-0.000526403832101712 -0.0007348150562190978
-6.327465834155768e-05 -0.0009032361264809131
-0.0005607865001327533 -0.0007080499848032756
-0.000788342909779166 0.0004590908609987638
0.0004431578498949011 -0.0007794060663398248
0.0008098751342636213 0.0003627506746429932
2.745996496289097e-06 3.83615580221718e-06
0.0001361049161893642 0.0008769830608923261
0.000340279807902529 0.0008047645010475453
-0.0008834607884716094 0.0001964760098841941
0.0005766784918396898 0.0006776317462529523
0.000817106419682179 -0.0003601328779380783
-3.839182614279824e-06 8.898047418590208e-07
0.0008144943862964385 -0.0003658935707060552
-0.0004259343067929712 0.0007695940994075647
-0.0008911733809227943 -0.0001104092275102195
-0.0001656652675698853 0.0008749497099924203
4.152616751519008e-05 0.0008881948842111036
0.0004427825580703053 0.000607285202606764
-3.364381208494341e-06 4.459919109757842e-06
-0.0006765708123276209 -0.0006182320479529847
-5.003178612098254e-06 -3.529122584112981e-06
-1.73185717864018e-05 -0.0009095183240540258
0.000453758155648105 -0.0007712011440406084
-0.000734570262039256 -0.0005268138697668534
-0.0004422191848490889 -0.0008190596379637314
-0.0006948456747822994 0.0005776259982966888
0.000380737421886122 -0.0005158577607217909
-9.106303462763547e-07 -4.571421956881197e-06
0.0005039751635927307 0.0002765662955135909
-5.983380592036141e-05 -0.0006006611464961529
4.866231218110022e-06 3.043633870431585e-06
1.548357276165574e-06 7.624668766011601e-06
-0.0007966748803166132 0.0001274370441454627
-5.698417796702299e-06 1.329107115037613e-06
-0.0003274962803577379 0.0009395119956738946
-0.000151410858120905 0.00099743581378002
-0.0009184502945632284 0.0003252301065684594
-0.0003206510315801944 -0.0008726737620958504
0.0008200505303977357 0.0006105317165408004
-0.001081273984804351 0.0004284193816987895
1.685812178096696e-05 0.001084592373808923
0.0003737075463109886 0.0009957743840668318
-0.0009323645057411167 0.0006778494062260756
-0.001070447334645182 0.0003916151811141919
-0.0002846866122602546 0.001060558930121425
5.524103343892479e-05 0.001069962824177939
-0.0005790608784274923 0.0003312661883919024
2.289118076921315e-05 0.001079986403713961
0.0003417071650894727 -0.001278345759769653
-3.351164698621654e-06 5.242553676233762e-06
-0.001026749580277522 0.000254209376760816
-0.0010409390127284 -0.0006927256129328371
-0.0002685462888861442 -0.001206478034091731
-0.0007945797696744008 -0.001021197501659594
-0.0009854062268668824 -0.0007437048994140417
0.0001201118692505838 -0.001278726987140816
0.001155204792303557 3.315464482930946e-05
0.001276786549337668 -0.0002768291314893772
-0.001209088600811098 2.76925699633238e-06
-0.001198451879279397 5.71537116892088e-05
-7.858116000101641e-05 -0.001358778762646764
-0.0002576034414687705 0.001052881265879496
-0.0007738063971500182 -0.001042625308735968
0.001314191475945071 -0.0005615223148992386
-0.001197051411953668 2.113809343451313e-05
0.0004975510870440887 -0.001295296575204399
0.001492482666141549 0.0001573100910305063
-0.0006095317705714373 -0.001145495510614069
0.000688967448254078 -0.001183489739902584
0.00131838367232385 0.0004729873593441508
0.0008318597856011331 0.0005538892319983556
0.0009517421293655645 0.0001813731413736576
0.0006564560674546069 0.0007884955520121962
-0.000696277489506218 0.0008751135874815619
-0.0008101397520877126 0.0007778986857912754
0.0001233924783041723 0.001023489116128507
-0.0002335904361441129 0.001027967673643672
-0.001137304231741758 1.425000774704996e-05
0.001231231317274368 -0.0005726037273826067
2.576327073605787e-06 -3.400175702996866e-07
-0.0001241555943128743 0.001004743723110153
0.0009054560926883663 0.0007528164855603831
1.450424455113597e-06 -2.520823736597444e-06
0.000688737968131815 0.001102989373992001
0.0001374792539661642 0.0007048933829414083
-0.001053724330634515 0.0004621208883689938
1.853062344293013e-07 -3.020894824381373e-06
0.0004563585666023958 0.0004221986453732784
-0.0005031619123351157 0.001097111283257349
1.736393259832823e-05 0.001429301047219924
-0.0005578140887792393 -0.0004938045763563661
-0.0002902029554793876 0.0003293331611828495
1.153043710953214e-06 8.76059844533392e-07
-4.125799363690928e-06 -3.140409119992213e-07
-0.000350984714982681 -0.0001579716192506275
0.0008562738825763639 -0.0006700956345589868
0.0005590672796651848 4.075302396483954e-05
0.0002045475670716462 -0.000866667217406521
-0.0009088072813006609 0.0006351946820512764
-0.000897585381160833 -0.0006307748671558951
-0.000367355455272146 -0.0007116933187330953
-0.0002407579414619973 -0.001115024347970344
-0.000552389077885483 -0.0002481871510680557
-4.415415351071233e-06 2.504972891034181e-06
-0.0009952469146660094 -0.000651900596948992
2.895531679891003e-06 5.371382164561936e-06
-0.0002265745243726903 0.0008086777723208499
-0.0005878183833945463 0.0001477265423997354
-0.0007225083115500524 0.0006626387941485967
-0.0003111166564880009 0.0002713183561695665
-0.00029143625466812 0.001007721212037283
0.0003075372418243255 0.0009489922804566435
0.0007238750900157737 0.0004529664444570835
0.0009994227895747752 8.413058231351928e-06
0.0009799059953073707 0.0002376409161208052
-2.749822715378275e-06 3.49059860939852e-06
-4.362893926756012e-06 -2.051195205021233e-06
-0.000799759476740605 -0.0007837856124944465
0.0006127420654448089 -0.0009143768676751983
-0.0009613585186408606 0.0001428460511032096
-0.0006228847718311219 0.0001777601720701048
6.506280045117758e-06 6.816166131860755e-07
4.644189580797578e-06 -3.915307282333343e-06
-0.0005456565923953248 -0.0004372517642220592
0.0002203394673133466 -0.0009956146783313337
0.0001824345619619411 -0.0007694305974608421
0.0007800492149326818 0.0006812797130585877
0.001011097156889427 -0.000339996084527709
0.001003957932847606 0.0003428091204823589
0.001006385077024696 -0.0001683295732302306
-0.000202669484629643 0.0009856688473510995
0.0008121832798270505 -0.0001320630837581991
0.0005758281952331583 0.0008313968270799958
-0.0003054733074773772 0.0009593112938472021
-2.179948040070513e-05 0.001016728381172216
-0.0009488973866697101 -0.0001460449313327275
0.0009945496070500838 -0.0004720978500654022
2.764077612709395e-06 4.06509379896503e-06
-4.833812593677893e-05 -0.0009145830449569755
0.0002502577838278636 -0.0004797241386113412
0.0002093516929132529 0.0005152032223100272
-0.0003211442732581421 0.0009863561831066762
-2.699016725648314e-06 -5.102177707854262e-06
0.001646973406391095 0.0004331500945609243
0.0003375676539324476 -0.001758201806760499
-0.001467586388053359 0.001576873059315862
-0.0003449673334278308 0.001077839987821611
0.001387288485097887 -0.0002630349931985424
-0.001024926245967591 0.0002076070937704555
0.0006206931274436985 0.001003014417424472
-3.411894311334521e-06 3.606165775160369e-06
0.0008024171859397181 0.001007727039030898
0.001266835102368987 -0.001112742371284667
0.0004819178115199065 0.0008262717382087211
0.0009076683203579031 0.0006941067203976867
0.001135522842679474 -0.0005954652244768522
-0.0006148604628196805 0.0007144919215942706
-0.0004889055121316247 0.0009299853609141653
3.432749204721454e-06 3.141187300498956e-06
0.0006240871610828894 -0.0007257086712953136
-4.014437052314737e-06 -3.78599815030764e-06
0.0004721835761854834 0.0007544043568177035
-0.0001401442420239484 -0.000700909723217556
0.0006563759090054246 -0.0002679766352301472
0.0003858081231145061 -0.0002226166922921676
0.0002793278791628168 0.0003373981809322492
0.0002215698880522951 0.0006105849798113703
6.333749941407889e-06 -1.167457882728703e-06
-0.0004969781767061173 0.0002990281213713278
0.0009487062457864596 -9.500686319199689e-05
0.0009345759151775272 0.0002013186408165417
-0.0004244313116654109 -0.0003523620117013542
1.225400465559291e-06 0.0009069389718022152
0.0009723310411230717 -2.969278253513817e-05
0.0009699593754565223 -0.0001621280508313267
0.00051210741492882 0.0007920973379883268
0.0009921577640757998 -2.709266126024217e-05
-0.0005992064986624734 0.0006895263242798368
8.196228326275701e-05 0.0009350093856249465
0.0005272730636108759 -0.0007303140764890092
-0.0005962464409703497 0.0007074464945275842
-6.041228031417342e-05 -0.0007517117371957232
-2.252672884997099e-07 -4.248442319129415e-06
0.0002267395139070543 -0.0008877469194408327
0.0003975924297606331 -0.0001370363779318479
0.0007331412468895673 -7.396234955861457e-05
3.42034227914472e-06 -4.347163102587233e-06
-0.0003241163412880425 -0.0008453130572426934
-0.0008873297694544744 0.0001816630282091162
0.0002895795279949974 0.0008385514117173556
0.0007478773005185344 0.0004788847484092891
-0.0009380339692872421 0.0002513116166699304
-0.0006644565691458003 -0.001104887174363911
0.0008140597819513228 -0.0004835151025417681
0.001195938747464652 0.0008461898060546469
-0.0001422925567773011 0.00155534500196083
0.001435071778226835 0.0004018953874657417
0.0003356769018092477 0.001466773220604739
-0.001348448418726672 0.0005988765811831272
-0.0007607122692804845 -0.0002167934470854557
6.59330873006426e-07 1.066268069282898e-06
-6.840168003340965e-05 -0.0005379073734594411
-0.0008804312344312727 -0.0008116142329179664
-3.380239887814528e-07 -4.600957935187035e-07
-6.331302118789968e-07 2.745904909431418e-07
-6.52856244602884e-07 7.944825641123096e-07
0.0003263634980510097 -0.000385633013740118
-2.993549438553205e-05 -0.0009145288717059902
0.0006431783614884577 -0.001044448601291025
-0.0003468777255730157 -0.001269705981307824
-0.000961495134224094 -0.001380555724291328
-0.001553164119300789 -0.0003037984426226956
-0.0002921655048223393 -0.001493697690012777
0.001303591667835363 -0.0008547543270311655
-0.001364827719652442 -0.0008959359483843225
0.0003926213810224681 -0.001545650348044359
-0.001420893394717542 0.0009724312025403081
-0.0001314350009182237 -0.001801023788385412
-0.001521015658023441 0.0006879331911673573
-0.00023469286236175 -0.001714501699510988
-0.001701492783601803 -0.0005791775913752277
0.0006185283144816589 -0.0001165994173405612
0.000450705567677507 0.001561508326028726
-0.001275112959968498 0.0009743466531180069
-5.04912000258286e-07 3.987634722576963e-07
0.0003853752417576379 0.000118716651922771
-6.62327574527493e-07 -1.729395688157928e-07
0.001069611093759529 -6.53937906076722e-05
0.0005989616122033157 0.0003582690042119265
0.0009851946773410439 0.0007624040450599869
0.001018316180173677 -0.0009325763919998233
0.0004917545251711048 -0.0002445223692544157
0.000749013854939385 0.0005978831570812315
0.0006451618909713286 -0.0007078669869797621
-0.0004818871955355533 -0.0007901182936617221
0.0008352649949379317 -2.566801291406457e-05
-3.643321004061079e-05 -0.0008949132183849146
-0.0001683484572072953 -0.000806027293297339
-0.0007880406966906742 -0.0004842980369118696
-0.0007571750991299652 0.0006231386915006012
-0.0001065248392528026 -0.0009079141458758608
0.0002190235286903749 -0.0008824705098673068
-0.0009369552172330716 -0.0001587619641435501
-0.000889835772388128 0.0003518618541134195
-0.0009582806856298014 0.000157869733238934
-0.0008456598637216638 3.268027143657456e-05
-5.112564589147366e-06 2.44264234479598e-06
-0.0005540999235374546 -0.0006368460860109303
3.926068840355541e-07 -4.227053989128494e-06
-0.0005130618209288376 -0.0001119728477629659
0.0002668807023012479 0.0008596818735264313
-0.0002888799624098136 0.0006161226342406295
0.0006035305804050032 0.0001420845398026451
-1.697179729121525e-05 -0.002025749891301941
6.557539581648116e-05 -0.001747390353153547
-5.824389482289748e-05 -0.002003074686884892
0.0006285495551454523 -0.00207017814029516
-0.0007888425856536588 -0.001770463761047382
0.001306014630215157 -0.001557065662177514
-8.720525852305153e-05 -0.002623439503739977
-0.0004426000007654393 -0.001671642470404908
0.0001649821651169046 -0.001882717280189408
0.0005326284473007575 -0.001633345637000542
0.0007235737255348655 -0.001795246124604218
0.0003906082357187091 -0.001073730812577558
0.0007167160347780767 -0.001681721675806987
0.00213028102356215 0.0003663529619377444
-0.0004082926404355435 -0.0005686032783120507
0.001682714580849123 -0.001151805159119883
4.28500298710747e-05 -0.001291216073432238
0.001889106878656054 -0.0007263495876728923
0.002115832351597046 -0.0003373499110161669
-0.0003920542776802976 0.002162395459076484
0.001983565942601928 -0.000743240688306077
0.001559109472172794 0.001541241904966148
0.00162203748790805 0.001485745146589127
-0.001272124382666843 0.001698989694006507
-0.0002064091341748694 0.002168855674725364
-0.001757092241866153 -0.001087090174649775
-0.001878133889024342 0.001060562046534956
-0.002145757269395455 -0.0001089037266290726
-0.0002693953993721581 -0.002107505842789579
0.0003657060790654909 -0.001068357682653384
0.0007062787632685233 -0.00160056436048549
-0.0007024715625314641 0.002086577261990433
-0.000136241956502332 -0.001961511934077832
0.0004757850041777132 -0.001437263245977323
0.001827376130802274 -0.0005304925194772605
-0.0006543122554073351 0.002081165754915624
-0.001409676031699253 -0.001526235102650376
0.001597983093248825 -0.001090032351781663
0.0009620131172469573 -0.001531944580915666
0.001809506433393173 0.0009849732282131124
0.0015264734102372 0.001554782478414601
-0.001466221311525907 -0.001472592599101671
-4.871202065906598e-05 -0.002000217237801404
-7.030352379915494e-07 1.41187021085596e-06
0.001761827100834412 0.001209055178460248
0.0008702648465761637 0.001961360530796186
0.002064185303984075 0.0004316771145244547
0.001244189027026901 0.001459886417236603
0.001121968992950305 -0.0008522719535905909
-0.001964432185161081 0.0001755038788720056
0.0007862476205421269 -0.001314778624180591
-0.000278987687099269 0.001985586727223772
0.001807082474508012 0.000273360071989325
0.001350321675682402 -0.001146979948374502
0.00112585519662644 0.001404082473249608
0.001669578099688836 -0.0001756693198434148
-0.001723480264773616 0.0007823855475060863
0.0007581833314799172 0.001413848073613821
-0.0004326276981313121 -0.001512036394978113
-0.0008988449233648688 0.001925365408564716
-1.66770322544439e-06 -1.263321461243448e-06
-0.0004522430995666933 0.0004567283967291311
-0.0005664145004420438 0.000704847887998851
-0.001004864887409009 -0.0007123935032188553
0.001390928990197824 -0.0005451044861146928
0.0002346565958664834 -0.00134461728186819
0.0009501113047717898 -0.001069630021160041
0.0001911105760483369 -0.001324968111825823
-0.0006885059421384396 -0.001053833307934203
-0.0009386059177192747 -0.000743924704281785
-0.0006383955871923562 0.0008314387426041678
-3.400247306244781e-06 4.354644328851785e-06
1.23160965528301e-05 -0.001292920113461537
0.001482957044591667 0.0005174677825037193
-0.0008072030414940067 -0.0001955567081469043
0.001227481458856784 -0.0007568963012500351
8.066877469561064e-06 1.167085259405927e-06
3.221449021299026e-06 1.936196354672655e-07
-0.00109866311833192 -0.0002313960004248429
0.001505728125728155 0.0003276810135206796
0.000984211577643772 0.001292215961229724
-0.0002142172542026657 0.001666499424631763
-0.0009798992923449445 0.001449763950897685
0.001499262716797451 0.0004746393605977565
0.001216857157316937 -0.0008085675885769505
0.0005520361409110308 0.001579665715663041
-0.0002998348493208359 0.001709895042143591
-0.0008543620494865554 -0.0009596362569316468
-0.00102993975669488 0.0009549397799815377
-0.001221930794405397 -0.000151685750628454
-0.001445519008369146 -0.0003181653709001809
-0.001686194108662041 -0.0004431267785711475
0.0008185974628465246 0.001340453505914167
0.001287562184732885 0.0001110747873671755
0.0008080344279212254 -0.0004658830539388673
0.0008518166641066095 0.0002398235384257709
-7.430595683803266e-05 0.0008726064807012884
-0.0005447827102894297 0.0006869177183570363
0.000323069694915147 0.0007110171753896218
0.0004950741893775714 0.0006975405977641876
-0.0007427201159150347 0.0004396880891096389
0.0005969385893385701 -3.780847161042172e-05
-6.169334609867263e-06 -1.629960530653993e-06
1.804164661851897e-06 4.165858450074265e-06
4.45965212816043e-06 -5.576898527641524e-06
0.0002684229624401975 -0.0005023896546713411
-0.0005804553483819793 0.000582815074676696
-0.0006125235325048976 -0.0006195934635036262
-8.702781341061919e-05 0.0006008029652646633
0.001290512576943099 0.0009279297090404824
0.0004087612674399606 -0.001231026109288134
0.001503876343093372 0.0003431163458506445
0.0006401614619254703 0.001548251496969488
0.001369623114493445 -0.0004550792838502809
0.001332099075196776 -0.0003866670762126946
0.00147434896414955 0.0001288562745807121
0.000146271901867721 0.001667404388859792
0.0007274395573342335 0.001475081432935474
-0.001736435050436446 0.0006430217504024717
-0.001239936437158479 0.001311940743579084
-0.0005767306470576603 -0.0006576162752373726
-0.0003910708271559264 0.0003472217698536333
-0.0005309171537597414 -0.0004534840009401213
-0.0003538570014478073 0.00170724111876067
-0.0009376787055624997 0.001520741529666507
-0.001849554542331024 -6.693828287309153e-05
-0.001863307827046171 -0.0002415762824641672
7.117980256432509e-05 -0.0008804566029086997
0.0007065835259170888 -0.0005470153058413321
0.0008379799437787352 -0.0003157792241313535
2.395689854936153e-06 6.419055480920636e-06
-0.00181184025594724 -0.000626438879829178
0.0002047755778245927 0.0009504900699424071
-2.874526600040332e-05 -0.0008454351599314542
0.0007386084863099181 -0.0004556795706939851
-0.0006790706863261613 -0.001803871176242239
-0.001671002645042538 -0.0009428039972666569
0.0008075887807272997 0.000487130296508231
0.000914408540141752 2.872821485417243e-05
0.0003646854340974522 0.0008740717088529435
0.0003480739679827987 -0.0008058369571501156
-0.001851584992845383 4.336786964499268e-05
-0.001207913060174668 0.0008134147215642103
0.001539947303667731 6.326233719689514e-05
0.00125025932904698 -0.001414632817791765
-0.0008456811515140946 -0.0005244044403352343
0.0007070529806750315 0.00147674420946489
-0.0006621159086178136 -0.0008331510056225984
-0.001494677693066419 0.001020716159492628
-0.0002981199524571298 0.001628856730113067
-0.0005464143696958147 0.001617194323713178
0.001278969925985494 0.0007659921929174939
0.001516531960624444 -0.0009084504048856185
-0.0004070788006004666 0.0004109163425096219
0.0007844777106984729 -0.0008686679292556531
-0.0007460644081459809 -0.000259574429593076
-0.0009253236650094775 0.0004642417557682618
-0.000200913699844039 0.0009055834940316552
-0.0008975404354351162 -9.699281135734718e-05
-0.0006935568716509793 -0.001851377935289379
-0.0008410429404909856 -0.0007830170719165197
-3.315321990002737e-05 -0.00120864322465272
0.0007970279065849001 0.0003592447420136646
0.0005711300585178098 0.0007259797286216335
-2.28374105795569e-06 -4.152139023119753e-06
-0.0007348833392418695 0.0006706113952198908
-0.0006644706526373886 0.0005883842188824843
-4.074450699547342e-05 -0.001033056927583209
0.0003444610987006573 -0.001130461300490966
0.0004933945016924535 -0.0002419855711528219
-5.606203370652474e-06 -2.762397674970149e-07
-0.0003140661265204457 0.0009045752489310594
-0.0009649722601786167 -0.0004152765912281251
-0.001014516435335004 -0.0003970056913915689
-0.0001249309958275919 0.001235636496152477
0.001322163764379342 -0.001439148279629641
2.309679352692866e-06 -3.54599880958221e-06
0.0005906476581806292 -0.001090754858805029
0.0002281643486141918 -0.0006338184556387088
4.11951243624042e-05 -0.001973702645737619
0.0001510487914889567 0.000869888449426072
0.001768997400819351 0.0003094499344607101
0.001456669351119996 0.0006582658362032436
-0.000945358272130379 0.000241400075933983
0.000597311771169818 0.001217927926425833
-0.00135273019009866 -0.0004878917079781023
0.0004753664680683053 0.000689697497006308
0.000125862592542644 0.0003442688668926187
-3.360859764388098e-05 0.0004149625320383285
-0.0004239089952322869 0.0004136251425717925
-0.0004931016095306243 0.001363469158680774
0.001067167087112001 0.000696776820343954
0.001036384035460891 0.001588930667924516
-0.0009521056369673185 -0.001718150488649132
0.001059411425749627 -0.00170722423165973
-0.001814352412173712 -0.0006021898497609005
0.00193644152285965 -0.0006461802798585474
0.001175207637854123 -0.001646042950399929
0.001425256738886041 0.001419989490074935
-0.000343454859039188 -0.001932234830854458
0.002037266434859999 8.585843477925259e-05
4.545255120359631e-05 0.002042226624898348
0.001649700526295254 0.001223285166410106
0.001718547256386508 0.001085723450751596
5.1558254488623e-07 -2.843199585208162e-09
-8.21937859574453e-07 -1.228630704832114e-06
0.001098735704114201 -0.0004393987081161828
0.001055245217094968 0.0009496749013257008
0.001262515501005517 0.001306202807686168
-0.0001340865328989252 0.001702932206716431
0.001916939533910446 0.000240432622603221
0.001941244423215075 0.0004465544121949807
-0.001044663550651126 0.0007372457557778468
1.428115117394419e-07 -3.547945279975042e-07
-0.001840763451219471 -0.0006972794679010249
-0.0006193922919412702 0.0007192974829158645
-0.001235123172805649 4.738562745865005e-05
-0.001293679821971157 -0.0008304325452827821
-0.00148147632213493 -0.000132549473821936
-0.0001085570806346038 -0.0009285169380837865
-0.0003387163107886081 -0.0005646379595343503
0.0008933919505731838 -0.0004754277191486695
-1.505441087928208e-06 2.477207811499193e-06
1.350908008559781e-06 2.322321853526957e-06
0.001838602012752465 -0.0004524327576691947
0.001593398075453836 -0.001201057575758698
-0.0006010408424227282 0.0002733302886570902
0.0005660152348935932 -0.0003690976346427077
-0.001456638808350423 -9.154642045786362e-05
-0.001119028064132414 0.00140935447634679
4.214601634460963e-05 -0.0005829775861135734
0.0002714013920293491 0.001257730966155061
-0.001553494189714647 -0.0006257222537488153
-0.0003368082009196017 0.001772859926459055
-0.001223449562884477 0.001092536573553998
9.745724811784567e-05 0.00193108139502592
-0.00164876082905208 0.0003059052798092869
-0.001081746709790443 0.001609634739168815
0.0004825957248442006 0.0006136524193804989
0.0009750875185670345 0.0003441262007120388
-0.0009404370551688284 -0.00114077453118681
-0.001402601770250088 -0.0007823897764976359
-0.002051395329241334 -0.0005762651737031687
-0.001829923342463047 -0.0002561548461730785
-0.001589377819884579 -0.0009499103671285262
-0.001850247271338215 -0.0006469312926884786
-0.001708231294548287 0.0006620985274119895
-0.001744402434282207 -0.0002161759217737926
-0.001849948474619233 -0.0003326850466312844
-0.001760327082505645 -0.0002936420558410857
-0.0018731476175959 0.0005549357739660154
-0.0001384177947171973 0.0008253866130025447
-0.0001393421738407813 -0.001908472048111621
-0.0006148613727007604 -0.001746803202018549
0.0004472733244518943 -0.001722185510495404
0.001322210221913173 -0.001142746309107389
-0.002085473925080005 -0.0002935838705229785
-0.002023912230242701 -0.0004206461269546228
-0.002144148478865842 0.0001274676441479695
8.299603119688033e-05 -0.001982011514880726
-0.0001855450755098162 0.00208371870215187
0.001531263151819126 0.0001319941337166271
0.001005927283737486 -0.0001192993684251774
4.741407966990977e-07 2.494560855984424e-08
-5.522082691587509e-05 0.0007332580039905944
-0.001135418092105341 0.0003327176542341584
4.42354467314112e-07 5.141127037032766e-07
-0.0006038227886044577 -0.0005419559919035311
0.0006848495994514844 0.0001896654262634312
0.000182438535756849 0.0006078431528321189
0.0009871720625315419 0.0002689249853397467
0.0009012378225328123 -0.0006988088585538552
0.0001808372515833938 -0.001154543137390498
-0.001300875191158409 -0.0009447961095569842
-0.0004748499449730751 -0.0009663370528405121
-0.00159055078646842 -0.0002050880763426442
0.0002523556741789016 0.000970892215606449
-0.001600255945535083 0.000739178757175046
-0.00176032367677357 0.0004048975139387697
-0.001531404751229112 -0.001024267257209405
-0.00124355305740295 0.001275274642555194
-0.001101929660550111 -0.001530341738896382
0.0007485725997494622 0.001494247912294096
-0.001123645692277696 -2.437758793626823e-05
-0.0006460022780112032 0.0008031932131498783
-0.0003570104898066512 -0.001181035580740634
0.0007665781379395637 -0.001129097022806631
0.00128295992230707 0.0008317161451225693
0.0004831204304764381 0.0001334002360602864
0.0001088432032848322 0.0004834429419218804
0.0005939434059205027 0.0005422037142337003
0.0009606242925625423 -0.001423091807347745
0.001282988820279285 -0.0002868119728778938
0.001246417378339238 -0.0004675574016735118
-0.0001929614030788614 0.0008992936787949226
-0.0001749639270315143 0.0002650901819824007
-0.00121107615079438 -0.001519822770910511
-0.001689088804666042 0.0003023259505013546
0.00145142727790009 -0.001379375714551354
-0.001654025737838857 -0.0002590499721416354
-0.0009437591149620226 -0.001635875593577183
0.001790139284533007 -0.0008212298976874753
-0.001796706088256654 0.0001413638895039101
-0.0008760869159261141 -0.001577799694734376
-0.0005368464176023982 0.001518422986603701
0.0003255920779205583 -0.001885369286004268
-0.001451825510325716 0.0005483662402013964
-0.0005127397464590131 0.001901011370038092
-0.000334836811383065 0.001476270395755993
-0.001672919443056437 -0.0002057195817683134
-0.001269930509499116 -0.00112384222868966
0.001143262241167163 -0.001458451820894973
-0.001407653935481151 3.089904689537237e-05
0.001336212237704376 0.001495017971324892
0.000693128558107731 0.001234030182600585
-0.0001577550480384025 0.00140586288276578
0.0001499606235996777 -0.001661171638991152
-0.001533431192318859 0.001314528240907008
0.001719961598909866 0.0008622400661307657
0.0008954472598815959 0.0008336779338829545
-0.0007944794464889543 0.001860028966324025
-0.001749928691672429 -0.0007941696718343313
-0.001974723673470448 8.07527703706421e-05
-0.0002787322625922268 0.001780003241328982
0.0003047182264042753 0.001870366374782407
-0.001801173788765737 -0.0003993150459458558
0.001781549728443871 0.0001379747716850617
-0.001739967520477529 0.0009079036799455658
-0.00154135026789103 0.00107636423249627
-0.0007328260144090403 0.001456307061918044
0.001469882575152934 -0.00103744101717096
-0.001630751069013962 0.0006539981801866016
-0.0009078303949076575 0.0009556026519519293
-0.001473221893197646 0.0003127320484438394
5.810495742221635e-07 -4.883273471625036e-08
0.0008987137297767242 0.001120979913265439
0.001013959303468523 -0.001152930119178426
0.001188887504723681 -4.217195660493913e-06
0.001446451295718449 0.0008459283277095018
-0.001055127923366465 -0.0007965594350640967
0.0008174816845505453 0.0008924010257579376
0.0001949168456091887 0.0007342904208383984
0.001435539917389506 5.155045140458414e-05
-0.0008113685593084086 -0.001258910384773036
9.292535172463328e-08 1.808888706170288e-07
0.0002182395447656332 -0.001245725012337381
4.669814092991674e-07 -9.174828603763779e-07
-0.0006440536875436666 0.0009467702628439176
0.0007300373790502691 -0.0001665592305384939
-0.000138713838627836 0.001227729069469127
-0.001069005905774509 0.0003493174092240907
-0.0001565184382743538 0.0006335179320952354
-2.295183769721766e-06 -9.438447590304829e-08
0.0009988745268846766 0.001115210400323956
0.002002745686740384 -0.000312813480307854
0.0008245348703717815 -0.0006983223627013139
-0.0009115619076314253 0.0003459759740644791
-0.0002391733250719338 0.0001072419887731938
-0.0004190142520694182 -0.0003438758166221612
-0.0008648596298799396 -0.0001699062361499909
-0.0005204992101759008 -0.0008760841532989936
0.0002940581915824209 0.001998710208700766
-0.001182143544370652 0.001607277620798027
-0.001582902386020896 0.001242520011673127
-0.001971958081966251 8.011186304146514e-05
-0.0002514554645207022 0.002034988312460223
-0.001579614173416777 0.0002013239778695352
-0.001580138454445896 -0.000391103745539218
-0.001530517165081119 -0.001163233722316821
-0.00181864035252776 -0.0003326245742218951
0.001354487073326982 0.001546075818041102
-0.0007938683998454538 -0.001583083190266271
0.0006473119201798906 -0.001445725981257131
0.0004285853980740091 -0.001885072771642562
0.0004838157832765276 -0.0004208124516049921
-2.621656454334931e-07 -1.985358920547117e-06
-0.001344370403566523 0.001167320296181987
4.589903820595269e-05 -0.001862332354914145
-0.001100247339896779 0.0009004506668467685
-0.001241343401418001 -0.0009728715927800711
-0.0007454746197844147 -0.0004371200307744657
0.0002961158738897712 -0.0009483444896438861
0.0008999140552896164 -0.0008124732817150499
-0.001036540044626781 -0.0005751339133398763
4.429350088976901e-07 5.097457140006808e-07
8.936372967386551e-06 -0.001311735860134252
-0.0001224335404053561 -0.0003533032945031573
4.486240168612606e-07 3.380699617825722e-07
3.587305009633564e-05 -0.0003581377300439241
0.0004367713961690076 -0.0003834238632569815
0.0002206129704933088 -0.0003772801202524798
0.0002133043511465881 -0.0007284192725467813
0.0005243901193176032 -0.0008834667364000109
-0.0003830441465272312 -0.001905995515319947
-0.0008165290276129059 -0.001464946846425423
-0.0006743573623808878 -0.001158335933472785
-0.0005249646776703733 -0.001940581327406117
0.0004820710735167198 -0.001455888598192521
0.001704851623426702 5.486147461005245e-05
-0.0004506383812666705 -0.000812158548831114
0.0005046304426957418 -0.0008191280380236224
0.000995855321390381 -1.550038128442879e-05
-1.066151108619953e-05 -0.0009033792499512052
0.0008723621560413277 -0.0005662519315852741
-0.0008150626824777617 -0.0002120582050795734
-0.000708205385667295 0.0002756118394805057
-0.0003723955238967931 0.0004621920985074898
0.001464158168241751 9.974886990928778e-06
-0.001939415779813649 -0.0006695416932097541
-0.002036885536996842 -2.287875787459428e-05
-0.0003666660416024914 -2.588065605835097e-08
3.49160829574384e-07 -1.646317155915531e-07
-0.0001741150302361453 -0.0004470825267269886
