     1.786034125717608      6.751464155352042      5.496817752801226
     3.376854104784397      6.780984154245012       4.64782764327819
     4.647829083803045      6.780984018082178      3.376852395502456
     5.463863956085866      6.780984520713913      1.775283398774986
     5.745039443983071      6.780981738169351 -2.084412778675047e-05
     5.463854834294279      6.780981732408595     -1.775322123233425
     4.621578746196159      6.808340238710207     -3.357782695978022
      3.37682364019953      6.780985306897142     -4.647848095342266
     1.765276348290832      6.808337799276354     -5.433003531367512
 -2.02011519392677e-17      6.780982311987267     -5.745038766732376
    -1.765276600760054      6.808338143349213     -5.433003018162908
    -3.357782190744557      6.808340959928194     -4.621578050798751
    -4.621599242776579      6.808341111429855     -3.357752715183635
    -5.433003889533274      6.808337483288698     -1.765276464666219
    -5.745038974327856      6.780982136070722  2.203985450867012e-05
     -5.46386119128107      6.780981137007519      1.775304832614073
    -4.647832991317471       6.78098537925686      3.376844283923625
     -3.35775260719905       6.80834126557667      4.621599094148682
    -1.775302338364795      6.780982522191204      5.463860282609353
 2.199035965563409e-06       6.78098144403533      5.745039791192552
     3.806786346483505       6.43552490558932       4.80412202681285
     5.086390355844111      6.475171976441003      3.344842682433835
     5.871051266961082      6.475175424937687      1.609363782287822
     6.081022190891916      6.475175352200273    -0.2836632138297412
     5.695739268620172      6.475168794175903     -2.148938067411617
     4.752912851520391      6.475174493528692     -3.803830470847745
     3.344839961944344      6.475172508372185     -5.086391467685446
     1.609349850269224      6.475172040596207     -5.871058818548972
   -0.2836797842485186      6.475169112155264     -6.081028062403691
    -2.148940649968634       6.47516908325931     -5.695737965607025
    -3.803830607831741      6.475172733637159     -4.752915139493481
    -5.086380181954372      6.475177070170807     -3.344848292717932
    -5.871058786609392      6.475172079211111     -1.609349811421862
    -6.081028578406055      6.475168642004403     0.2836794545852039
    -5.695738613052354      6.475168569612753      2.148940481638718
     -4.75291303034582      6.475170534563355       3.80383698665354
    -3.344848359983867      6.475177905996936      5.086379073677504
    -1.609349384548269      6.475172503530321      5.871058435641825
    0.2836800509750048      6.475169492548442      6.081027644912564
      2.14892293789955      6.475175383511899      5.695737485740787
     5.608997864455535       5.43047149495808      4.246918158585477
     6.632966040992681      5.482139148530229       2.22195936099925
     6.994949978826006        5.4821376552101    0.06350645472412131
     6.672214376251821      5.482146786612912     -2.101145752705009
     5.696361583319579      5.482134758682084     -4.060154522487124
     4.162909649893308      5.482142051150354      -5.62169843771224
     2.221958062548387      5.482139942308074     -6.632965819900529
   0.06350639591730456      5.482137695224166     -6.994949947999765
    -2.101159478211943      5.482139571566008      -6.67221598209562
    -4.060156791264981       5.48213573982089     -5.696359021977581
    -5.621709796090645      5.482134613578171     -4.162904105776237
    -6.632967063364553      5.482139223343953     -2.221956124440086
    -6.994949853278111      5.482137818177803   -0.06350621521804856
    -6.672216813552802      5.482139896041044      2.101155991334394
    -5.696361524098037      5.482143839632387      4.060142344191665
    -4.162905001256686      5.482134068151145      5.621709664868035
     -2.22195659136676      5.482138937899744      6.632967142869573
  -0.06350672577530458       5.48213747077807      6.994950120909682
     2.101156622191378      5.482140440042395      6.672216167917161
     4.060142947731949      5.482144659487466      5.696360304894489
     7.145249315333787      4.122602844457217      3.307075680315977
     7.812596946853164      4.145169618436374     0.8764070556281021
     7.701049952297067      4.145160030364483     -1.580718033564529
     6.835662483054508       4.14516362380563      -3.88310809743712
     5.301156950583882      4.145166114967607     -5.805387533261032
     3.247736091139196        4.1451583238704     -7.159403906688175
    0.8764075844695451      4.145169423251422     -7.812596991088673
    -1.580714245969713      4.145161511891297     -7.701049932292706
    -3.883099349771742      4.145171096880283     -6.835662920604895
    -5.805384590916593      4.145167205873433     -5.301159319775405
    -7.159396952983806       4.14516629048887     -3.247741252092442
    -7.812597009343488      4.145169342703748    -0.8764078027084254
     -7.70104976986617      4.145161666171636      1.580714632717573
    -6.835665130023057      4.145162838455686      3.883104276170665
    -5.301160149330675       4.14516684910437      5.805384088152699
    -3.247746230775975      4.145173629135191       7.15939044552989
    -0.876413539768107       4.14517425934801      7.812593757113693
     1.580708045180082       4.14516641593009      7.701048565415642
     3.883105542606232      4.145163453599337      6.835664037580199
     5.805388057123106      4.145166486707408      5.301156086216689
      8.29992359805107      2.296763258806493         2.196209995937
     8.569737792349544       2.30089089414259    -0.5026796299530529
     7.994967154629636      2.300895674971263     -3.126271075264248
      6.63759400375306      2.300895907478125     -5.443841971533881
     4.630489277283681      2.300899086483435     -7.228528480508506
     2.170116774355887      2.300893690313556     -8.305641032351238
   -0.5026772691788368      2.300899363971123     -8.569735656755711
    -3.126269505230798       2.30089525081981     -7.994967890627259
    -5.443839398612721      2.300895376433128     -6.637596298025556
    -7.228528268501924      2.300898122378356     -4.630490087306781
    -8.305640158514183      2.300893057231541     -2.170120790002764
    -8.569734989794892      2.300902289487968     0.5026752487005766
    -7.994967535360448      2.300895386851324       3.12627031365504
     -6.63759568052252      2.300895519363853      5.443840091114193
    -4.630489082214654      2.300892684701272      7.228530643202747
    -2.170120598742669       2.30088980233763      8.305641110182496
    0.5026753625500913      2.300898842286551      8.569735908660872
     3.126266159885619      2.300897656462178      7.994968506428462
      5.44383950459581      2.300896873768666      6.637595692057904
     7.228529850007744       2.30089740537637      4.630487974741039
     8.730317464565427   -0.02774713579250235      1.663724319441542
     8.814044790710206   -0.02802065068071757      -1.13974594416113
     8.030454613717287   -0.02802212210776101     -3.807650851173376
      6.46078860195435   -0.02802014590488897     -6.102836804226561
     4.258695815036266   -0.02802165393412205     -7.800635633629189
      1.63972833784727   -0.02802127979269436     -8.734855312635776
    -1.139739738310424   -0.02802067194938863     -8.814045593120202
    -3.807647969870123   -0.02802193454913885     -8.030455980544946
    -6.102836963059223   -0.02802130158485774     -6.460788446909373
    -7.800635835461625   -0.02802126462625616     -4.258695447902177
    -8.734855370462324   -0.02802136591312127     -1.639728028332724
     -8.81404546619688   -0.02802076203440879      1.139740717642075
    -8.030456053124222   -0.02802193264375924       3.80764781681204
    -6.460787643878223   -0.02802131473828087      6.102837813130288
      -4.2586938699752   -0.02802128484758746      7.800636696845534
    -1.639726651003771   -0.02802138167597525      8.734855628967143
     1.139740254230854    -0.0280214885512589      8.814045523810687
     3.807645007863636   -0.02802081146223741      8.030457388901219
     6.102835731301359   -0.02802180434987937      6.460789608242511
     7.800635262886035    -0.0280215847742999      4.258696494579966
     8.163113293981803     -2.249489521942865      2.700105514054749
     8.597527429275713     -2.251315872780108    0.03592339853294657
      8.18783536779398     -2.251311644699929     -2.622620715063963
     6.976661706389447     -2.251305835291928     -5.024440766624845
     5.082564019004641     -2.251306012162154     -6.934432621279407
     2.690950950584018      -2.25130471620082     -8.165635407186938
   0.03592732043357483     -2.251306276124418     -8.597529925825867
    -2.622610451070178     -2.251311241642573     -8.187838766239434
    -5.024433680027941     -2.251314701850794      -6.97666394883496
    -6.934431077872747     -2.251310681967597     -5.082564056284316
    -8.165633598649247     -2.251311657510196     -2.690950631303241
     -8.59752866576077     -2.251311103022294   -0.03592639102962814
    -8.187837810425179     -2.251311761249399      2.622612989095794
    -6.976662747445922     -2.251315070503742      5.024435183029541
    -5.082562168461452     -2.251311115031102      6.934432320947684
    -2.690946574997068     -2.251312463471913       8.16563471317874
  -0.03592471399872732     -2.251311424669845      8.597528588543176
     2.622612952814794     -2.251311753821636      8.187837824088522
     5.024434123433287     -2.251314810608294      6.976663594409362
     6.934428635015331     -2.251312856978573      5.082566425795581
     7.005219949539931     -3.969651151293436      3.762439998504231
     7.824640462112368      -3.97434121677654      1.402428279109905
     7.875049482133917     -3.974343656242213     -1.084149299115049
     7.154594954603152     -3.974339834268624     -3.464619093645767
     5.733799164782409       -3.9743398924661      -5.50593871232101
      3.75173574461181     -3.974335013562321      -7.00830447749787
     1.402415649551356     -3.974326867738609     -7.824650013962701
    -1.084165517732614     -3.974328618651521     -7.875054838403928
    -3.464613175596333     -3.974340677918782     -7.154597351777835
    -5.505939230761466     -3.974338473058215     -5.733799650796422
    -7.008301809988851     -3.974336120343785     -3.751739555110374
    -7.824646691111388     -3.974330494724233     -1.402423910494503
     -7.87505104404139     -3.974338458680809      1.084157007234329
    -7.154595824184116     -3.974341722463405      3.464615131929645
    -5.733798168358769     -3.974339225705244      5.505940231267346
      -3.7517350695076      -3.97434111128304      7.008301380943482
    -1.402431361637606     -3.974343612825612      7.824638692606172
     1.084153233707583      -3.97434276910876      7.875049388176329
     3.464614357335422     -3.974341308884503      7.154596429022502
     5.505933899036206     -3.974340599637389      5.733803296613856
     5.514156576416545      -5.20424162963519      4.636500604753143
     6.673815005986879     -5.221230702878779       2.68069669301142
     7.175559215344047     -5.221226729743447     0.4871682773392867
     6.974907156367771     -5.221222663030956     -1.754051199322201
     6.091499126182488     -5.221227330117562     -3.823560527792577
      4.61182080582036     -5.221232487972539     -5.518788971167913
     2.680696499196562     -5.221230834702427     -6.673814980705558
    0.4871561008442069     -5.221221171571834     -7.175564086375536
    -1.754048873411798      -5.22122250714945     -6.974907857976396
    -3.823562769597343     -5.221223202670944     -6.091501256798829
    -5.518794569572839     -5.221227930353574     -4.611819266286475
    -6.673823449066039     -5.221222109075276     -2.680692411512713
    -7.175565378754787     -5.221219565202685    -0.4871542814164904
    -6.974904555470933     -5.221229847393113       1.75404015618348
    -6.091500495657082     -5.221231895640621      3.823552111596838
    -4.611809524810869     -5.221224785941946      5.518805684953157
    -2.680684977820277     -5.221222740614063      6.673825940892176
   -0.4871751130168174       -5.2212300371105      7.175556344672809
     1.754036129218098     -5.221230739213745      6.974904900572419
     3.823544674716786     -5.221231291395006       6.09150568159832
     3.793873499628046     -6.224845042094861      5.083799722399488
     5.174016457923897     -6.237214915295458      3.648821089104064
     6.048322618744649     -6.237218104287654      1.871388619680649
     6.330596643902135      -6.23720862355213   -0.08925393685449934
     5.993175059093244      -6.23720315176655     -2.041161703882903
     5.069096988953997     -6.237208329355756     -3.793241294662755
     3.648826864120202     -6.237217199937731     -5.174009631148526
      1.87137949260351     -6.237215264801024     -6.048328370875559
  -0.08925122700588406     -6.237213599417223     -6.330591779641526
    -2.041137228478294     -6.237212516756327     -5.993173648583878
    -3.793240941558075     -6.237208365643421     -5.069097208535005
    -5.174009945324298      -6.23721468100844     -3.648830724415714
    -6.048337063600564     -6.237208896750091     -1.871372621932702
    -6.330598273267249     -6.237206831290632    0.08926361492358481
      -5.9931704664078     -6.237215286248998      2.041138109070821
    -5.069098230732268     -6.237213317019896      3.793231434004353
    -3.648818547301963     -6.237202434236341      5.174033296178478
    -1.871364148089245     -6.237199796377349      6.048349069957737
   0.08925502769269045     -6.237206680839926       6.33059854257553
     2.041129944984463     -6.237214698904031      5.993173858166078
     1.547136858619194     -7.343074157303131      4.761598576926755
      2.94308600747969     -7.342781377765619      4.050802135090994
     4.050801717330026     -7.342781729887958      2.943085703957968
     4.762010875751379     -7.342777414815116      1.547276252790255
     5.007075104136981     -7.342778115143874  6.153656832758239e-06
     4.762015253702153     -7.342774221078251     -1.547277935123081
     4.062884016202441     -7.332572806163114     -2.951870772907579
     2.943088061023814     -7.342777506227096     -4.050807660929674
     1.542839436462531     -7.352522913459403     -4.748393920800221
-5.464040087222962e-17      -7.33257537224689     -5.022004575571438
    -1.551879325078682     -7.332572843805389     -4.776215823999492
    -2.943088511001873     -7.342776984195478     -4.050808280271976
    -4.062888179503581     -7.332572798183166      -2.95186506245398
    -4.762011442898877     -7.342778266279828     -1.547270466560654
    -5.022005786560186     -7.332574542853149 -2.229269558720556e-17
    -4.776215262129384     -7.332571891795823      1.551885552542521
    -4.039227310487529     -7.352520070602298      2.934669128256899
     -2.95186711396149     -7.332570850278742      4.062890204509249
    -1.551880177349173     -7.332572048799879      4.776216767594565
-4.459787574244736e-06     -7.342780288439202      5.007071917042023
  -0.08114139466565229     -6.224844562525843      6.342863532601518
     1.870426821631139     -6.238249269101638      6.047556622985665
     3.647670186363103     -6.238245608291257      5.173585361129616
     5.067869804784389     -6.238238514283934      3.793186975012076
      5.99198920473858     -6.238241777646931      2.041469186801223
     6.329569311114428       -6.2382414135353    0.08993302504410772
     6.047564409606228     -6.238243020390486     -1.870422486219502
      5.17357902890147     -6.238244946414695     -3.647680299448474
     3.793186533681291     -6.238240222094253     -5.067868032899673
     2.041465562546192     -6.238245141248347     -5.991986937683641
   0.08992957950104707     -6.238245272651745     -6.329565556632696
    -1.870417587307667     -6.238242719023969     -6.047566235633691
    -3.647674771949179     -6.238239771428655     -5.173589166042594
    -5.067871270271338     -6.238243313781164     -3.793177123832345
    -5.991986261741401     -6.238245729317363     -2.041465749528524
    -6.329575866540369      -6.23823463571062    -0.0899417938012268
    -6.047580842630157     -6.238230855359037      1.870409926684851
     -5.17359615720839     -6.238236291199651      3.647670808066469
    -3.793186339147844     -6.238239950205203      5.067868513182638
     -2.04147341485193     -6.238247203583201      5.991982115308859
    -1.735784755953659     -5.204243957020939      6.992144711285085
    0.4834237478657291      -5.22403365887883      7.173769257345997
     2.676582825216479      -5.22403415127818      6.673272294217995
     4.607732889030858     -5.224025940124171      5.519559959543439
     6.087851536753012     -5.224024782867675      3.825548363461162
     6.972047139654459     -5.224031037867644      1.757057183068793
     7.173773261658178     -5.224028511168621    -0.4834199536196144
     6.673274504149152     -5.224030730318463     -2.676583992275101
     5.519555697825906        -5.224029195333     -4.607734303499722
     3.825549244635806     -5.224024853825811     -6.087850922141463
     1.757066934473095     -5.224024894905307     -6.972049284961557
   -0.4834080538219183     -5.224022794924648     -7.173778226175509
    -2.676577670810958     -5.224025579172362     -6.673281072082242
     -4.60773101763873     -5.224024611514548     -5.519562779253651
    -6.087852824040331     -5.224031506224385     -3.825537133729223
    -6.972048849925557     -5.224030658708632     -1.757051523964515
    -7.173777017391522     -5.224023649274065     0.4834167594452099
    -6.673282824109076     -5.224024841354509      2.676574742670912
    -5.519563847260869     -5.224026123420683      4.607728024153674
    -3.825544061263169     -5.224032570396208      6.087847557677159
     -3.45583763048969     -3.969646275130402      7.161444426145942
    -1.087380213108113     -3.975784986082728       7.87387640005367
     1.399009361058042     -3.975785839722071      7.824518599318393
     3.748446727997763     -3.975785167358908      7.009241826125978
      5.73095895375323     -3.975778694570892      5.507856642010024
     7.152484547224867     -3.975773275281635      3.467330848362741
     7.873882026432808     -3.975773226516878      1.087382468072745
     7.824525686439157     -3.975776049387861     -1.398997546141423
     7.009242840554272     -3.975783505068811     -3.748446594217865
     5.507856819657646     -3.975781025560192     -5.730957165926855
     3.467317682945642     -3.975784508654957     -7.152484685269433
     1.087386861135572     -3.975775306592436     -7.873880369453272
    -1.399001802777682     -3.975777441426439     -7.824524218047475
    -3.748444426260892     -3.975780450363862     -7.009245732636304
    -5.730957573180301     -3.975780818966666     -5.507856545035115
    -7.152487099225995     -3.975782859805147     -3.467314594008938
     -7.87387826926794     -3.975783638455845      -1.08737160514654
    -7.824519473932702     -3.975783861903237      1.399010090106484
    -7.009245086480892     -3.975781143987398      3.748444898821349
    -5.507861514496421     -3.975780231977013      5.730953204388609
    -5.017002414747568     -2.249482816490442      6.982600187285061
    -2.627754144851012     -2.252361672176054      8.185900475737087
   0.03044329294274828     -2.252357024501153      8.597275881745169
     2.685659110031332     -2.252360760925707      8.167086242601455
      5.07798713943089     -2.252362662881346      6.937441934414628
     6.973238435605533     -2.252359320005019      5.028718997967801
     8.185904847993683     -2.252355792455244      2.627745564267755
     8.597275993419284        -2.252356568569   -0.03044548805002556
     8.167085353564609     -2.252360659988575     -2.685661898241907
     6.937445431908706     -2.252360857642601     -5.077983161944371
     5.028717673193514     -2.252365269184021     -6.973237469370082
     2.627745604024558      -2.25236221646038     -8.185903067660487
  -0.03044817305184289     -2.252361356891751     -8.597274729440755
    -2.685662659074687     -2.252361793972918     -8.167084790636439
    -5.077981944040658     -2.252361136669276     -6.937446232783429
     -6.97323937570334     -2.252364685179294     -5.028715291288593
    -8.185904579687318      -2.25236139654753     -2.627741596568949
    -8.597274848017399      -2.25236086993107    0.03045071416008849
    -8.167084471811506     -2.252361563100644       2.68566382224288
    -6.937448211393408     -2.252358037540973      5.077980615530256
    -6.084984783432713   -0.02776867870076268      6.477606088102116
    -3.833372818217636    -0.0283670678038149      8.018206762908802
    -1.167982516666686   -0.02836542287952083      8.810346405805387
     1.611727926661553   -0.02836670486512813      8.740064071116207
      4.23367560662345   -0.02836639980999315      7.814241981919002
     6.441197012631945   -0.02836611178293846      6.123509447604836
     8.018212082299311     -0.028366734220701      3.833361694179283
     8.810346057649722   -0.02836562597805922      1.167985137945226
      8.74006447250374   -0.02836619402307202     -1.611725759010084
     7.814243579927448   -0.02836610643567818     -4.233672659088136
     6.123511307962053   -0.02836666420911763     -6.441195241596436
     3.833364725935804   -0.02836568374455671     -8.018210636587122
     1.167983157725683   -0.02836633469243645     -8.810346317884861
    -1.611725109015934   -0.02836620145166598     -8.740064592342829
    -4.233671701523376   -0.02836611867600244      -7.81424409868117
    -6.441195002912145   -0.02836666810246091      -6.12351155901109
     -8.01821118846761   -0.02836566936496059       -3.8333635716791
     -8.81034651881199   -0.02836631751329318     -1.167981642505666
    -8.740064592250876   -0.02836603786989617      1.611725112393602
    -7.814243755554631    -0.0283668080381279      4.233672330225762
    -5.423837026340557      2.296755617383166      6.655381062903771
    -3.154253064701444      2.305587909389541      7.982615081703512
   -0.5331058051081072      2.305589875524844       8.56663557490217
     2.140218929906418      2.305588445092828      8.312094585642461
     4.604049383673205      2.305599079861089      7.243903209070655
     6.617202238963717      2.305591594396731      5.466632736451459
     7.982615387053249      2.305591523038004      3.154249650553688
     8.566633077238102      2.305599045707961     0.5331062812822758
     8.312093496743266      2.305587941744927     -2.140223701163208
     7.243907237495264      2.305589187349907     -4.604047999367624
     5.466633766305217      2.305591782004804     -6.617201322809033
     3.154250189124656      2.305591604663718     -7.982615150666684
    0.5331063348189975      2.305591514601795     -8.566635100803238
    -2.140221380420447      2.305586406237524     -8.312094520210053
    -4.604047857602025      2.305589212434775     -7.243907319613956
    -6.617200775462803       2.30559190745004     -5.466634375944439
    -7.982615674439876      2.305591406857659      -3.15424900817183
    -8.566635164203342      2.305591420453086    -0.5331057232012792
    -8.312093589218023      2.305590117624267      2.140220998013063
    -7.243906662023386      2.305584954402003      4.604051024551137
     -3.83675250801744      4.122599593432817      6.875368668747262
    -1.628654769994173      4.164233321569423      7.680744497146623
    0.8245449345188613      4.164241733555864      7.808098871185802
     3.197017819855445      4.164232148552783      7.171153269818478
     5.256552562958265      4.164239561307737       5.83223418388172
     6.801538913752784       4.16424390115206       3.92241413968063
     7.680744842983897      4.164234501905828      1.628650121068199
     7.808098767040448      4.164242159363466    -0.8245437702531917
     7.171142266079899      4.164244117455152     -3.197026912089524
     5.832238593573934      4.164232328565098     -5.256553400099928
     3.922417668609496      4.164238325805309     -6.801540292140912
      1.62864059914914      4.164244657455384     -7.680741356041061
   -0.8245473269102104      4.164240820338974     -7.808099105585806
    -3.197025765173634      4.164243022839305     -7.171143413033388
    -5.256554085121892      4.164232037786373     -5.832238183785361
    -6.801540528747814      4.164238194722814     -3.922417397492859
    -7.680741474634312      4.164244547396056     -1.628640321266984
    -7.808099108911378      4.164240806742058     0.8245473640874934
    -7.171143525414603      4.164243206373514      3.197025274034961
    -5.832228173479272      4.164239203036073      5.256559515416351
    -2.041519757045131      5.430465970357496      6.732713269784007
   0.01748889115413066      5.513320796082383      6.970665641451594
     2.170687108987662      5.513321948391565      6.624091644520075
     4.111400031784191      5.513318393521794      5.629111974107573
     5.649662428029631      5.513319946916482       4.08311268017247
     6.634898902435479      5.513323336882069      2.137422252198691
     6.970672035749169      5.513312749896571   -0.01747680160965004
     6.624099029637323      5.513316193981838     -2.170679188060164
     5.629101702144212      5.513324436732667     -4.111405991748517
     4.083096716463481      5.513326058476205     -5.649668001190373
     2.137430023230031      5.513314897481739     -6.634903411787005
  -0.01748420096492964      5.513318393444201     -6.970667553539511
     -2.17068626483925       5.51332056721866     -6.624093070712698
    -4.111404938957046      5.513325515815664     -5.629101414197263
    -5.649666556564795      5.513317715864265     -4.083109980188212
    -6.634903239255307       5.51331504047196     -2.137430189963439
    -6.970667005044005      5.513319090198982    0.01748316848735332
    -6.624093032787149      5.513320697649016      2.170686049293579
    -5.629101556107404      5.513326121921162      4.111403931884221
    -4.083109211358618      5.513316671427944      5.649668131440566
   -0.2559822017017519      6.435510455338664      6.124203608501331
      1.64902889392311      6.435515569912572      5.903561179759352
     3.392629263200448      6.435522204507654       5.10502812769009
     4.804123754506733      6.435523558424132      3.806786443589157
     5.745353139767778      6.435514710258978      2.135944582647892
     6.124194788801229       6.43551922980954     0.2559726124286545
     5.903556371948443      6.435517358658802     -1.649039125178728
     5.105039486607781      6.435516839255429     -3.392622348357867
     3.806818463501007      6.435511389899838     -4.804114682556959
     2.135925490660949      6.435520223972803     -5.745354061493848
    0.2559696227240098      6.435518428527923     -6.124195755775778
    -1.649038705872933      6.435517780001412     -5.903556029763815
    -3.392621527174323       6.43551752504778     -5.105039167812358
     -4.80411763986117      6.435518341358219     -3.806802979818991
    -5.745356829276851      6.435517297700075      -2.13592686251824
    -6.124202899026059       6.43551080959406    -0.2559902691526732
    -5.903555541949087      6.435518380662762      1.649038108115158
    -5.105038723629791      6.435518480572359      3.392620383006918
    -3.806802964959054      6.435518547514947      4.804117375472012
    -2.148919453209619      6.475171885170829       5.69574277753592
