0.03476010584166063 0.2201700713665276
0.1414431157351341 -0.1722699534162133
-0.2221369145071173 -0.01839121055614068
0.1218406300260347 0.1866490228061512
0.1182002446075936 -0.1889752737898394
-0.2176657752425122 0.04800551876251032
-0.05421908089771593 0.2162017364746165
0.02022666762448835 -0.2219769581869606
0.1104348239946922 -0.1936156954553898
0.2074295549567584 0.08158356215245571
0.1134060509489629 0.1918905500619907
-0.1300079799434944 0.1810548678560374
-0.2222376031563794 0.01712926024840356
-0.1372406153003026 -0.1756359951696157
-0.116820929308757 0.1898312072058292
0.2135588009448779 -0.06384106440398216
-0.1376607708285361 -0.1753071162623059
-0.03033002614540911 0.2208238843931957
0.2094458522501999 -0.07625978009672721
-0.1986167339855169 -0.1011658196907627
0.1968422664718177 0.1047625733093757
0.1979550027752069 -0.1026443095187438
-0.06524168666251899 0.2132264310300621
-0.01517406589011193 0.2224672748828309
-0.2202696084792142 -0.03468711666856195
-0.192093250923817 -0.1132344880582878
0.05450538471449688 -0.2162198132964696
0.1794120448252736 -0.1324128144924537
0.2005058199714869 0.09756665259959159
0.06365174810344364 0.2137061131766494
-0.1569111738432502 0.1584321631356073
-0.2229827128961775 0.0007751390782867684
-0.09480676611506249 -0.2018256507953676
0.06010930727342623 -0.2147296253337078
0.2226382774402436 -0.01241634904446681
0.1907557460495654 0.1154739771319116
-0.09894561099030223 0.1998294001004605
-0.1533901978605978 0.1618440456243435
-0.01994020275427244 -0.2220910966421251
-0.1443649852012513 -0.1699436080140642
0.2090212908333012 -0.07845725394124903
0.223085882671516 0.008836012207994631
0.06136441541141247 0.2146619080539406
-0.1048151809399423 0.1971269860232593
-0.2231845248235097 0.005821838359388077
-0.1501285974218927 -0.1652470829393879
0.05948720025862386 -0.2151893247170646
0.2054442654261355 -0.08739461130940082
0.1893543847961684 0.1182796889204109
0.01810803492165238 0.2225247930761741
-0.1726334664747224 0.1415729289777322
-0.2176031150842467 -0.04994112808509574
-0.08069901992596147 -0.2081656243452017
0.1139994444818632 -0.1919620052942909
0.2229628681567543 -0.01152706935570719
0.1470505207180259 0.1679925122561592
-0.05904977082709072 0.2153102179967268
-0.2027215732954938 0.09353799537820003
-0.1750355485472267 -0.1385928321046302
-0.05319089351850307 -0.2168321145403551
0.2058293369685536 -0.08776117158590344
0.207228357351201 0.08440414917732045
0.04118543157572706 0.2199348443917805
-0.1506547209821506 0.1654408138072958
-0.2220397136453807 -0.02767358742123192
-0.1104432865488512 -0.1946014064776053
0.09521975077848616 -0.202486065911886
0.2194076643727813 -0.04390532690664339
0.1646547467792327 0.1515131027989279
-0.02634336291206547 0.2222013876601071
-0.1957796648897633 0.1083410374990365
-0.2033797063508711 -0.09329619842083438
-0.04272684130657435 -0.2196404635354446
0.1515285250850462 -0.1646409709693231
0.2220828126707072 0.02732752358099498
0.1089172709633481 0.1954600274550081
-0.0935104129845917 0.2032816371821071
-0.2194171428768202 0.04386081991863054
-0.1624327690627364 -0.1538937274206772
0.01767379507290153 -0.2230590720138501
0.2224451434913091 -0.03028356044449832
0.1631691905582789 0.1541901996908072
-0.03021761795784245 0.2224535912948729
-0.1978258847235638 0.1061298704543294
-0.2019753287895997 -0.0980027937172972
-0.03975178162406076 -0.2209487353908084
0.1559976881584153 -0.1614411694171161
0.2223848989053235 0.03071610027407713
0.1062777855875615 0.1977461962855755
-0.09803172887506949 0.2019612396228734
-0.2210797587466098 0.03901711297997899
-0.1618639069905067 -0.1555593241764825
0.0309946603048186 -0.22234656112175
0.1979369668030439 -0.1059228188953421
0.2018412664310412 0.09827930229067998
0.03914856137175401 0.2210568468802249
-0.1552661188279534 0.1621455994760064
-0.2223536893199138 -0.0309457010658265
-0.1058976855464647 -0.197950789469327
0.0966119358536445 -0.2026450351985559
0.2148401153253318 0.06838746496580105
0.07519981628670566 0.2125510200430708
-0.1274402103346151 0.1859887829898626
-0.2253834961875017 0.005918812982481574
-0.1371439644692266 -0.1789531555090353
0.06421086891723245 -0.2161241187291508
0.2127092232719319 -0.07474918684249654
0.1856695665870273 0.1279040686371239
0.005945463952455689 0.2253825596840998
-0.1790867542595573 0.1369694499335827
-0.2160229869244883 -0.0645508438616752
-0.07498863415100769 -0.2126252060153387
0.1279874066563189 -0.1856125835593761
0.2253889380134252 -0.005715085816926082
0.1369560263446267 0.1790975010279662
-0.06433223585294771 0.2160885304130386
-0.2124758062595384 0.0754117697798605
-0.1857063617201567 -0.1278518498667845
-0.005883760805589507 -0.2253849467486969
0.1790437287133116 -0.1370269167265993
0.1723115595870478 0.1471369071552008
-0.01561411842192077 0.2260455230145507
-0.1918063199035729 0.1206258506890308
-0.2102772946823749 -0.08440162516665414
-0.05518658560586768 -0.2197602331028681
0.1454435460556341 -0.1737419559364212
0.2260347434426468 0.01575999052671307
0.1202820097311109 0.192021601926708
-0.08449482341445437 0.2102395954746111
-0.2198297429398039 0.05490919788973714
-0.1735898221683459 -0.1456254283300133
0.01557657130660372 -0.2260477566335753
0.1920303408536989 -0.1202688922287429
0.2102296001541026 0.08452100485736636
0.05511645499693145 0.2197782998911288
-0.1453165289732018 0.1738489179488343
-0.2260848689065314 -0.01503230152551391
-0.1205240877032936 -0.1918706452740677
0.08439722846193871 -0.2102797145688869
0.2198259506613938 -0.05492749313227715
0.1383724265769445 0.180864365176597
-0.0636684198244199 0.2186435871359255
-0.2142074567609693 0.07728988334401797
-0.1883835544029907 -0.1279457387396199
-0.007086725873540229 -0.2276141350347471
0.180063909821231 -0.1394108652271699
0.218571433419407 0.06391349813037842
0.07695129208679065 0.2143288501952223
-0.1280707065429591 0.188298288192389
-0.2276249480953629 0.006733914555949802
-0.1392490702161359 -0.1801894126287157
0.06369846170780354 -0.2186345124506119
0.2143151404170593 -0.07699100760947662
0.1883731709701242 0.1279615638146097
0.007161872044554159 0.227612335492631
-0.1798299029741619 0.1397135673201174
-0.2188275244296684 -0.06303302081782176
-0.07737620617161872 -0.2141767033634368
0.1278284900859809 -0.1884639745758946
0.2276146941852054 -0.007095891525474639
0.1261826481403356 0.1907553159880881
-0.07959074025150473 0.2144173681410571
-0.2202192339025575 0.06174833364578444
-0.1793317544779679 -0.1419485857092004
0.009569474274806634 -0.2285117988935195
0.1905771623165191 -0.1264498091955532
0.2142436364866719 0.08005561124317608
0.06139535460284598 0.2203174407582725
-0.1420660392272032 0.1792383084404726
-0.2284932471294283 -0.01000683950675381
-0.1262732228503513 -0.1906946379797588
0.07975997322325104 -0.2143542058386767
0.2203026353567151 -0.06145071578856301
0.1793835301742772 0.1418837191999242
-0.009402762684294675 0.2285193841985681
-0.1902866308481585 0.1268878189191252
-0.2146481324468366 -0.07896597083361674
-0.06192303382986647 -0.2201706570532032
0.141728578885656 -0.1795066957786146
0.2285275670487287 0.009207378539221052
0.1206303102823544 0.1951020886775336
-0.08709297969010196 0.2122054250590925
-0.2228837731552226 0.05421274705031884
-0.1747798455119414 -0.1485534239729004
0.01759175954646983 -0.2287063161625481
0.1954431456324424 -0.1200750551467104
0.2119092982872688 0.08780978736680752
0.0538431617636685 0.2229728819939154
-0.1486194240054848 0.1747231802684132
-0.2286641394585036 -0.01813542525295427
-0.1198572243039494 -0.1955773611557823
0.08738449882068125 -0.2120853084470749
0.2229688182508088 -0.05386309174286964
0.1748976138673981 0.1484153589525567
-0.01740360535922354 0.2287214929188513
-0.1951444178030496 0.1205614333702837
-0.2124609306505363 -0.08646741717998022
-0.05437349246837537 -0.2228452135735432
0.1482766578324604 -0.1750159187055222
0.2287589311946678 0.016906188810746
0.08270335617697946 0.2142042711723294
-0.1248417824301321 0.1927113851392639
-0.229296632293335 0.01208587246967099
-0.1444333631374311 -0.1784991055059801
0.05964925867441068 -0.2217314324804883
0.2144885592762555 -0.08196049022370949
0.1923836171215642 0.12534564848692
0.01170837356381429 0.2293157574549291
-0.1787307131106034 0.144145782119712
-0.221669814624144 -0.05987947688207141
-0.08205989042337435 -0.2144512050285814
0.1251472996510903 -0.1925128629935718
0.2292981905791684 -0.01206435619399562
0.1446584822324686 0.1783172496649914
-0.05909040886266147 0.2218819915662215
-0.2141527786272268 0.08283643330922937
-0.1928939566056699 -0.1245589796419145
-0.01258457765547198 -0.2292705445191008
0.177996802118678 -0.1450536806780792
0.2219717568692114 0.05875231480536684
0.04174932430437123 0.2255513026293635
-0.1580874847049138 0.1662063774561406
-0.2273429236331682 -0.03051669227770175
-0.1087930252334919 -0.2019407300934344
0.09954312873019215 -0.2066569118338023
0.2257115891903176 -0.04086791155219639
0.1659246609402448 0.1583823833789183
-0.03090597653972792 0.2272898494834759
-0.2022275381714014 0.1082580629723735
-0.2067095426175375 -0.099434446546636
-0.04128212903312949 -0.2256366666752908
0.1583821463260048 -0.1659252404659309
0.2273848622371923 0.03020454026625803
0.1091275658363896 0.2017605777574804
-0.0986943698278783 0.2070644611333903
-0.2254992944708955 0.04202778572245967
-0.166176498421913 -0.1581186174467161
0.02969728241126939 -0.2274519839424588
0.2013913449374565 -0.1098086529877971
0.2071229986221512 0.09857188172556351
0.03461848967249319 0.2260774376364231
-0.1632813103862814 0.1601514128025922
-0.2254584636268571 -0.03843951530277431
-0.1012867161152259 -0.2050610006021959
0.1064592495700241 -0.2024237529498298
0.2263451547986235 -0.03281475751085393
0.1597139175674912 0.1637083561484086
-0.03880554754590577 0.2253952453604117
-0.2052669449562445 0.1008679057664014
-0.20246782951498 -0.1063757574637048
-0.03315173414026362 -0.2262963930332153
0.1636357619451677 -0.1597887307226368
0.2255017315561874 0.03818549702057845
0.1016439285196449 0.2048845490005997
-0.1057217016523632 0.2028106697227743
-0.2262038041765937 0.03377991855655168
-0.1600416518047267 -0.1633886307959972
0.0377329342618646 -0.2255782414651792
0.2046146477987772 -0.1021872809860881
0.2029615751574383 0.1054323969976746
0.01883436828975888 0.2269445105745795
-0.1737830687403055 0.1471658241998783
-0.2210510141046648 -0.05472319881332557
-0.08558162258318125 -0.2110304686464382
0.1204871784068098 -0.1932377990178406
0.2271538860071315 -0.01609655291067303
0.146623151674845 0.1742401759035016
-0.05499367431870844 0.2209833420024582
-0.2111615658827145 0.08525682063415008
-0.1932978640863653 -0.1203909404733102
-0.01638552132898147 -0.2271334880990489
0.1741545282713508 -0.1467253372810286
0.2211175201778245 0.05445382570804683
0.08592986848488918 0.2108892007417745
-0.1198896138901042 0.1936097405616433
-0.2271004431872733 0.01684187969016366
-0.1469247998156349 -0.1739866141677969
0.0541109195853915 -0.2212020449473481
0.2107350897513803 -0.08630834915926133
0.1938372234843742 0.1195222904343248
-0.0289586253581507 0.2247254919662616
-0.2002537023769458 0.1060111218988806
-0.2031356384047697 -0.10037755565864
-0.03831617546366938 -0.2233192894130994
0.1581783197621872 -0.1622318907390357
0.2242266547137409 0.03258746284405802
0.1055121796092657 0.2005160976748734
-0.1004312703882616 0.203108481932594
-0.2233652523842095 0.03804557120991447
-0.1623550181889777 -0.1580519539255704
0.03232157360619625 -0.2242653401591578
0.2004751530706075 -0.1055905602933863
0.2033298671470951 0.09998330365583079
0.03862477410159582 0.2232663247296135
-0.1577645612122958 0.1626348923908587
-0.2242982078492365 -0.03209512136351112
-0.10568123501981 -0.2004277031389663
0.0997813992963453 -0.2034294305575435
0.2232451931610425 -0.03874941221484815
0.1628790464856874 0.1575132302174403
-0.1128858568369396 0.1951651492469898
-0.2248658456403603 0.01636169724285896
-0.1450640701389831 -0.1725937529644692
0.05375348979630097 -0.2189580939492853
0.2087704360978503 -0.08512886680312162
0.1916134314629824 0.1188119254392361
0.01664593728610616 0.2248441150921626
-0.1723717665016637 0.1453269406833779
-0.2188785973222568 -0.05407506664093116
-0.08540714146693389 -0.2086567014440261
0.1185644440433028 -0.1917668294766117
0.2248486438339752 -0.01658801079800077
0.1457145840067161 0.1720446808385382
-0.05361607458777103 0.2189919184536252
-0.208574454143962 0.0856088378214282
-0.191743693695096 -0.1186025131719725
-0.01651130965376115 -0.2248546145566961
0.1719471820164693 -0.1458302017873038
0.2189297031822679 0.05387147994756323
0.08527954496351474 0.2087099342924872
-0.1836254863221109 0.1291515602522387
-0.2056409237789361 -0.09005572498535742
-0.05034216898703897 -0.2187778467442636
0.1465753493938808 -0.1700401373040188
0.2236961706539437 0.0189192947549681
0.1161917495575451 0.1920868304671295
-0.08671667580840106 0.2070702142325657
-0.2186769816535333 0.05077614724558133
-0.1696443456827659 -0.1470327881486275
0.0184293200193402 -0.2237369864916246
0.1918549226605053 -0.1165744422042485
0.2068907761124655 0.08714443066070651
0.05150155276559591 0.2185075919569347
-0.1468014217086697 0.1698450784020549
-0.2237509683432853 -0.01826320619376866
-0.1161990541216981 -0.1920829117480456
0.08727954168889042 -0.2068341815381212
0.2184830869435523 -0.05160705556433771
0.1697064204729084 0.1469623790419665
-0.02196740031173653 0.2234182809665012
-0.2078707058236579 0.08280739209628987
-0.1544220392328796 -0.1619289841802025
0.02207248168819072 -0.2226653376402729
0.1949783776727736 -0.1097742791949958
0.2040100454566157 0.09190648591506596
0.04415040507265947 0.2193572433934782
-0.1499696801281574 0.1660600211962511
-0.2222291346180139 -0.02609664457740848
-0.1101769032986643 -0.1947508113717853
0.09201059934689922 -0.2039629820305663
0.2190429269721525 -0.04568450971162125
0.1647050548759205 0.1514567635291288
-0.02405715107561509 0.2224594133046836
-0.1950735992251084 0.1096050076909379
-0.2043886506862686 -0.09106192497137129
-0.04391830000175019 -0.2194042139358752
0.1506660680381304 -0.1654291215848447
0.2222509830416094 0.02591531318116441
0.1136244730253291 0.1927605640917495
-0.1078616450779818 0.1960435776969272
-0.1952967369945537 0.1081863545944512
-0.07984576486168853 -0.2084938500586432
0.03235502186929407 -0.2209029273862259
0.2166691631344915 -0.05384566036121563
0.1865577842497477 0.1226418336542438
-0.008301481384184618 0.223105069806285
-0.1766980024093215 0.1364645665636409
-0.2105234396209252 -0.07432787668695597
-0.07039201909754543 -0.211871941071335
0.1326502475643518 -0.1795791773766341
0.2232444478154111 -0.002590026723585798
0.1276513232570972 0.1831664732675081
-0.06496862584474794 0.2135975748220686
-0.2141807957060027 0.06301952373424047
-0.1846372823686538 -0.1255148406146818
0.00863220956660957 -0.22309284456946
0.1748152580350854 -0.1388689668244909
0.2060499006310859 0.08595604238289217
0.09835008532355283 0.2004302929662155
-0.1829490766265408 0.1279637225086128
-0.09502536585348281 0.2017227608926319
0.04732714710085854 -0.2179036335151967
-0.1352860144352941 -0.1772554363080934
0.2166483144903175 0.05277542459704868
0.211863538125621 0.06953798370920404
-0.08742742171133989 0.2051294707123456
-0.1726672918632318 0.1410944301105123
-0.1818004491778328 -0.1291131976048024
-0.05500269341571437 -0.2160933256781705
0.1703638669116984 -0.1438672516722636
0.2222642617459304 0.01789548427306574
0.08056281991291676 0.2079213973158821
-0.0783362868226196 0.2087705142219655
-0.2229603685048943 0.003225159417414517
-0.1862208570758531 -0.1226521346919702
0.08451806551224554 -0.2063455380965385
0.1443814385018355 -0.1699288537199639
0.1295808381588119 0.1814680470678606
0.1817800507337801 0.1291428902110088
-0.222479072137558 -0.01499844318105359
