0.0251723765820361 0.219893946777197
0.1152316587619909 -0.1369447481168214
-0.2177862690990233 -0.002856600555397973
0.08907894032044339 0.1760276768921425
0.08444184046583825 -0.1695775214486435
-0.2176835989850473 0.0372885564595235
-0.06733633588052805 0.1826562324355813
0.004549448224870271 -0.2176713934495159
0.09199727958538625 -0.1954749010446888
0.1863098028920145 0.05141176158861915
0.1083950152724796 0.1517475845540993
-0.104817989991208 0.1449354529200763
-0.1829104180637166 0.001861305403740725
-0.1028861091213262 -0.1658654245198265
-0.08318901104217652 0.1706120374198735
0.213910092920845 -0.05133109848366442
-0.105838294685875 -0.1456134126779814
-0.01382274471837608 0.2167560017725162
0.1963150266430283 -0.04786763526280455
-0.1785590681175636 -0.06906812771226657
0.1589873023855635 0.0823415301186827
0.1645331666750209 -0.1097733859869025
-0.06685573646528853 0.1716381981304416
-0.01491005043125083 0.1785099149364694
-0.192992145410323 -0.05272681651288789
-0.1612276099271879 -0.1207660579283028
0.06637541807494614 -0.2090099827569049
0.1825244432800234 -0.1273945733617114
0.2029987893236667 0.08684343482891323
0.0788304163765691 0.1985169779823395
-0.1229469930355367 0.1550131064204738
-0.1872204052828737 0.01798311180236444
-0.0776668788935649 -0.161291906296864
0.05522905981178714 -0.1715202159986515
0.1949056787447698 0.01018099922160422
0.1598276967796416 0.1226595383676077
-0.1065950352767631 0.1940570222668247
-0.1591304998136723 0.1537378137214875
-0.04014623869825732 -0.1993843663050814
-0.1515721732518446 -0.1592576341828289
0.2056265018896509 -0.08487118396035175
0.2217651869125462 -0.0003355085419707946
0.07746110833626135 0.1920924730028526
-0.07303923110280539 0.1831908113673113
-0.1825239416309739 0.01702483482063337
-0.1211931491403398 -0.1320411274564149
0.06190777214348214 -0.1735206345480832
0.1867751899273417 -0.05671016591715734
0.1653362901161367 0.1281674857686062
0.004487941514305644 0.2194436761820437
-0.1727785898120657 0.1418324210374731
-0.2168849931087502 -0.03690240305600095
-0.09491218763800384 -0.1864186484705896
0.08137589792758573 -0.178738673174402
0.1824497288675466 -0.02236887514312685
0.1186053719687972 0.1343615821070169
-0.0612846946751633 0.1735395078336952
-0.1840727154715541 0.06223626226912787
-0.1521778853339588 -0.146425832042164
-0.03590907122561928 -0.2141666770267183
0.1940185335612739 -0.05864729837328853
0.1887298974140089 0.09820594993438915
0.0320518865957461 0.2199299888366054
-0.1473929932081487 0.1681485184801181
-0.2170671528989974 -0.01051813181711279
-0.1200551921647251 -0.1669841904687762
0.06380552149316587 -0.1808432112415261
0.1763496172783256 -0.04473847488890187
0.1296190276110544 0.1250942731980282
-0.03813551005371522 0.183563059158593
-0.1850218207097417 0.07723721514593344
-0.1850993717223727 -0.1062387997898424
-0.0332528218893783 -0.2196188429104708
0.1483779374345816 -0.1673060105341919
0.2172737864491756 0.01040345530691062
0.1187838775388913 0.1680147824248483
-0.06224254248711322 0.181845733844125
-0.176426595579318 0.04497707442019788
-0.1277635452602803 -0.1270021931263839
0.03010457653215049 -0.1841587617852527
0.1785962984455984 -0.02512217600779177
0.1254907338612487 0.1345452691482417
-0.04648862145490322 0.1896596850950755
-0.1933334663468507 0.07933854623180324
-0.191281616563291 -0.1085848179270429
-0.03827024264783205 -0.2213043222244002
0.1452220764671101 -0.1672972218405641
0.2115971866127016 0.008488319584011216
0.1122902332954186 0.1635070818224184
-0.06819151515833198 0.1731405371738829
-0.1773752157074238 0.03289624565421533
-0.1243419722272316 -0.1356453547338855
0.04708697158852253 -0.1893855490640443
0.1932459520703377 -0.07898304755413116
0.1908983285989855 0.1089505002962442
0.03741866421479358 0.2214333623981286
-0.1448783351486959 0.167864259142714
-0.2118482110994186 -0.008858218817705529
-0.1121506768433287 -0.1639197585308577
0.06680043898049652 -0.174009418938657
0.1975477102637803 0.03984162117680162
0.07798033662504378 0.1720106437171172
-0.09922535740457181 0.1521304066912685
-0.1835117063001549 -0.004671033366828994
-0.1017976745238822 -0.164816376031203
0.07979640913164288 -0.1914011573567934
0.2115680194111585 -0.05728824209862746
0.1830691742712757 0.1311067404578859
0.01530894149769037 0.2230934905084149
-0.1582212972653049 0.1454571597178996
-0.1985031125851366 -0.03636209995331174
-0.07790844357117105 -0.1721390761622268
0.09957085210934075 -0.1519414754471042
0.1833989727819174 0.004618860129906556
0.1015840885633175 0.1646498796137797
-0.0798520226485175 0.1910506885993491
-0.2111989856330002 0.05758337826380247
-0.182859237945162 -0.1312968496526464
-0.01497502435029817 -0.2232328623639516
0.1584468606566032 -0.1455471944362615
0.1752722904365328 0.1426337297440504
0.001859510940068511 0.219326222434122
-0.1625798588633611 0.1283960808287179
-0.1857959116167901 -0.05427091936096357
-0.05285438699274358 -0.1762342819527111
0.121457363975641 -0.1367580424519826
0.1884520603956277 0.03017678401204649
0.08888036122360743 0.1835934838592708
-0.09807965812720558 0.1934220222514841
-0.2202440060557265 0.04634499291297343
-0.1764661847419229 -0.1411882381895031
-0.001802587687625003 -0.2194214705933355
0.1629658096393921 -0.1281708176186486
0.1860095676176451 0.05433476893845314
0.05308333132950809 0.176293526948756
-0.1210605174349211 0.1369946946479498
-0.1882561596394008 -0.02928382479897093
-0.08894400077981084 -0.183160003066636
0.09804012457037961 -0.1931667105003907
0.2202038912694248 -0.04611813484529093
0.1088790852575017 0.1786498606002992
-0.07729729865052894 0.2071888595149451
-0.2151850984817441 0.07309222210971059
-0.1918631232038194 -0.1189705148598812
-0.02616277390524802 -0.2154768242763687
0.1467587492847831 -0.1415384922036909
0.1871436961986573 0.03778569723405514
0.06605310455978015 0.1713338444359996
-0.1118715374761821 0.1479013834600453
-0.1950367400850924 -0.01364829122837171
-0.1097158667934255 -0.1780883395732665
0.0773850754088522 -0.2070590063318392
0.2153123313973553 -0.07262065585083807
0.1918113519732891 0.1192363106637294
0.02609732710913628 0.2157298264284894
-0.1467635462797543 0.1420224528620928
-0.1876706355457228 -0.03684534714417866
-0.06676133174064594 -0.1711495646625859
0.1113788016985013 -0.1480982379236137
0.1948240610438012 0.01321442404474497
0.1047457668467726 0.1517032822880787
-0.07427444506294134 0.171256616419199
-0.1941715142428373 0.03386639107563487
-0.1507722038653297 -0.1474182396398386
0.02506432839968339 -0.2211518338708237
0.1921747154805957 -0.1232722302918035
0.2153775831615572 0.06970901038387739
0.07719948553777106 0.2031994386047964
-0.1087911354138808 0.1727131416420359
-0.1911295848771192 0.0074808319926148
-0.1047823107481887 -0.1516686629085738
0.07428219018314815 -0.1711838255346596
0.1940477448576763 -0.03363955158609353
0.1505993092018021 0.1472336865825205
-0.0251040264329422 0.2209482860504572
-0.1920313249498636 0.1234015145667381
-0.2157767105698329 -0.06905195323777254
-0.07760696317766656 -0.2033879819328049
0.1086201068203955 -0.1731853244231399
0.1913261353058545 -0.008350425749459189
0.131072842641165 0.1746238815890593
-0.05692034728667737 0.1968508194977224
-0.182131284146461 0.06075034596297538
-0.1433261664705258 -0.1168802753015614
0.02419481830693292 -0.1855866239954354
0.1777935668028885 -0.08604420963452035
0.1856944132382122 0.10083775105556
0.03669336206594642 0.2200023826190224
-0.1512122712428441 0.1718467914998881
-0.2269857302397206 -0.008135278096800225
-0.1303727009182007 -0.1750056118928671
0.05722035384805715 -0.1968876595006321
0.1823180658483289 -0.06060867187918578
0.1436299805785812 0.1165923562698654
-0.02375873150996359 0.185495195512319
-0.1772401179910773 0.08646551188050661
-0.1858693381723223 -0.09954327871858809
-0.03688666975750419 -0.2197049560223925
0.1510676354299847 -0.1719101486484692
0.227148224458128 0.007223666066104872
0.06830208950973451 0.2146203698786948
-0.1250796727777666 0.1923272761969779
-0.2243903981569387 0.02466446876377378
-0.1512382657027027 -0.1533349161214586
0.0314938290782919 -0.1991858944598783
0.1720000003627634 -0.08006773192892105
0.1550104874864837 0.100583711285627
-0.003190178140928058 0.1892499069462004
-0.168792167864093 0.1090196054236452
-0.2006170563831121 -0.07632061259221735
-0.0677630775224482 -0.2148552421962943
0.1254830939583556 -0.1920614097813061
0.2245246123234081 -0.02447371443608005
0.1515301769285191 0.1534186039618083
-0.03098097676995799 0.1996237496726361
-0.1717771451884405 0.08113041613795392
-0.1556577279677358 -0.09960112679045892
0.00210988934012782 -0.1889863061871782
0.1678769405759824 -0.1097488901857797
0.2006939920691176 0.07530900066624477
0.01965579362488534 0.1902582067616052
-0.1557627490275897 0.1319066027096372
-0.2120294179117282 -0.04871653090494568
-0.09821531441800357 -0.2044525029501346
0.09659842417103352 -0.2076403197196105
0.2166403045193921 -0.054951200618996
0.1676705029289434 0.1296914240554871
-0.006675750493637771 0.1980574182601372
-0.1600912137440724 0.09763486048259735
-0.1652388108963835 -0.08275183322789897
-0.01921942628218394 -0.1903555837805042
0.1558922249452194 -0.131554054650776
0.2118541323477953 0.0485039173297839
0.09825362600581262 0.2042894614928807
-0.0961189509420954 0.2079139372144482
-0.2166879779022694 0.05582221847086463
-0.1680833190951109 -0.1297114816760731
0.005478879094784828 -0.1985383107158162
0.1593387844599236 -0.09931478610009141
0.1656751614232778 0.08178299874632769
0.04985524718256204 0.1916968010948585
-0.1258226852093766 0.1384327938498397
-0.1810943190886778 -0.03376649291439678
-0.07046480149261775 -0.1772191513474456
0.1134972674355748 -0.1687594164580658
0.2164937953089018 -0.01104810698742228
0.150050181352022 0.1691156787896488
-0.03594038052084539 0.2255566505246391
-0.1929543605208175 0.1118432948119091
-0.1965311356235108 -0.07854650457558204
-0.04852317099465176 -0.1918802567201859
0.1260940419560955 -0.1382806091598651
0.1811436910498939 0.03331132000340214
0.07088061134116534 0.1768118689134633
-0.1126451211852599 0.168875366635811
-0.216113154972804 0.01175279670108088
-0.1500357466767902 -0.1689114604339262
0.03531373868497446 -0.2257046155952013
0.1926319586365338 -0.1129316858732244
0.1971429612199751 0.07783016870739881
0.02199893589835163 0.226359793135798
-0.1585283123001432 0.1549029925967338
-0.2079212147008574 -0.02882742225991271
-0.09165902073599574 -0.1734545087317236
0.08969436031643467 -0.1627074333360542
0.183249868540744 -0.009375878654402873
0.1100848666214814 0.1553527984155265
-0.07011770739861987 0.1907398985871353
-0.2072950852524588 0.0623711181432284
-0.1858327286533724 -0.1276288352867551
-0.01979052282822808 -0.2265302582886826
0.1590467779655238 -0.1544902167326687
0.2081938531326379 0.0286742305258161
0.09217763938179134 0.1735045126139599
-0.08899904256214912 0.1633031113598761
-0.183131233135224 0.0103542804031172
-0.1103862736631835 -0.1547948525359907
0.06918685330409767 -0.1906222105013658
0.2067143906849813 -0.06309558086982663
0.1861240168412123 0.1269616320577106
-0.04818751021261679 0.2003193100874402
-0.2009271272404833 0.08665711044830135
-0.1997641104709434 -0.1053332790566009
-0.04572141385414363 -0.2206099500196535
0.137987515075014 -0.1680225666475168
0.2045040680414564 0.00731256384288758
0.1041518182012436 0.1605616849424613
-0.07575641484598332 0.1666807539212954
-0.1822429476802687 0.02322120377061346
-0.1247182177981312 -0.1471277624091027
0.05121829092982286 -0.1998804086035326
0.2010485676019772 -0.08610227337059131
0.1997800512176782 0.1051538369699152
0.04575760021465654 0.2207010147025575
-0.1379208491979144 0.1684499216400444
-0.2048955505565341 -0.006904463146105749
-0.1046177419899281 -0.1606236763639138
0.07491037766193637 -0.1672074311103636
0.1819774132171493 -0.02413327171316813
0.1251402879383275 0.1463940656523623
-0.09322114309269182 0.1556023801283467
-0.1884285778590248 -0.002098919351930626
-0.1119397459859369 -0.1672470398728227
0.07003785129645924 -0.2026563820408427
0.2103978221786396 -0.07503033056955288
0.1932963397371961 0.1156668211823746
0.03184422339182216 0.2172230337901264
-0.1439392625109551 0.1500066240747831
-0.1923313403913341 -0.02720113191177504
-0.07889940867474506 -0.1661143318426259
0.09830694916743671 -0.1525522970259799
0.1882530518076531 0.001756938724778619
0.1123995797081369 0.1665419832515996
-0.06997880505176685 0.2024080721424805
-0.2101933459496964 0.07514370187713089
-0.1932810516521483 -0.1157906559812624
-0.03149071684577574 -0.2174989150980899
0.1438646261093366 -0.1506449252370043
0.1927079339494645 0.02694229698185024
0.07907914033936621 0.1661893288142936
-0.1482203553962382 0.1301915907065692
-0.173014451401064 -0.06291810073804248
-0.03923494720168159 -0.1760567913090871
0.1314920631107308 -0.1312315390534791
0.1942396057006585 0.03789631225415878
0.09119742996078301 0.1907350536573435
-0.09656244359283606 0.1991778212499067
-0.2185277585962282 0.05190953572705496
-0.1751477252521527 -0.1334144940422521
-0.004170899297335277 -0.209433112355044
0.1556514421008117 -0.1188584477482606
0.1743369706882304 0.06016075900791179
0.04052317505425054 0.1757441429035741
-0.1314121509518392 0.1310665730002644
-0.1939958777116131 -0.03719627093382007
-0.09094548277363734 -0.1905271710040059
0.09725802744475279 -0.1986823653004325
0.2184448629336789 -0.05232866494722103
0.1751890994795156 0.1336847755855144
0.0008686321669128839 0.2094414597616237
-0.2055579964906025 0.08750627494127849
-0.1603495874915469 -0.1392070876456491
-0.00224301470230457 -0.200885532759379
0.1548168893417839 -0.1059230339081233
0.1661352328295564 0.06981092324504853
0.02687668434437784 0.1798762298179827
-0.142007213983599 0.1286784134479487
-0.2003099555595932 -0.04568939059295317
-0.09237857911692644 -0.1966752422696243
0.09616402320769123 -0.2017749943864604
0.215620253532777 -0.05404367508092101
0.1697046873864337 0.1300133210439974
0.0004509388954406293 0.2009520746149495
-0.1549885052774084 0.106026164670515
-0.1666486015615448 -0.06881759113855421
-0.02691032418481028 -0.1797461167396147
0.1423481235555276 -0.1280198194433718
0.200028226044723 0.04552192850797848
0.09520103265150198 0.1947822721762286
-0.1107275560516304 0.1944316233829386
-0.1830307370052545 0.07650955937530446
-0.07232784076876256 -0.210216449647311
0.03578185520487045 -0.220406065079791
0.2082564667090443 -0.0666418212364621
0.1860617227223823 0.09740143351926067
0.01352374691185165 0.1941731529207876
-0.1372101771300967 0.1228848588938137
-0.1687488047257177 -0.06036150077011843
-0.04546850643615361 -0.178196670842845
0.1327775188577272 -0.1441169931891647
0.2083020810960571 0.01871338363033059
0.1152014832941191 0.1873742703871619
-0.06542116503317696 0.2137460744202143
-0.2062144358530257 0.07477092672948182
-0.1844836168332573 -0.1002028516805546
-0.01330721673246659 -0.1944104739025183
0.1355112150986625 -0.1253081139701568
0.1647908352758765 0.07061093284879165
0.07083371125055368 0.1676724426974256
-0.1778914169817476 0.09737814974775602
-0.06353064506573991 0.1816391053718305
0.06392810814601269 -0.190152578443954
-0.1037750598413372 -0.1472677038753058
0.2088682520977221 0.06523120184561222
0.1984414769341788 0.0836484213826089
-0.07834168264469674 0.2071934565543327
-0.162125767916066 0.1485029662016297
-0.1766329727329935 -0.09823948892760008
-0.06728970729743219 -0.181512904277634
0.1327019661640126 -0.1225045339030591
0.1782966420514278 0.01654502837158672
0.05145873827267952 0.1810332479501251
-0.08879275551756817 0.1755337192501348
-0.2143756200885828 -0.01486123405451405
-0.1750807943509524 -0.1316353133612741
0.07595643722865872 -0.208294528187608
0.136819693821109 -0.1744472086642113
0.1297037150427808 0.1455814251142507
0.1817428485157722 0.1032267563234245
-0.1796451482463395 -0.02060228844733229
