-0.04385927408726054 0.2179058497340168
-0.07349083144463978 0.1173967300388002
-0.1864616221607465 0.1089925914499495
-0.1468052255598142 0.09955398631127962
-0.1586186693548006 -0.02991370459203309
-0.2178119299313002 -0.03987357212198166
-0.1617805717567754 -0.05887139664547226
-0.1083265314523799 -0.1866713273399139
-0.04075304016161653 -0.2088611812876416
0.03424758802585869 -0.1658252024710042
0.07231555840180004 -0.1372817671027181
0.07654993766525363 -0.1151243346188436
0.1002453146034554 -0.1080679694778317
0.1444663353673042 -0.09551731584134454
0.1589608004772026 0.03223401496099212
0.2164393951478073 0.0387406561426233
0.1232835335412855 0.06818125312915474
0.1050296815562618 0.1874672469036235
0.1017730822713922 0.1565558075414386
-0.03414387386830028 0.1620352545329056
-0.113568439035467 -0.0790899808543066
-0.07610405324631847 -0.1611027365576452
-0.07847689504522923 -0.1277970787468265
-0.01300913912745085 -0.1379830766773333
0.003405588685693801 -0.1826126553920347
0.06100500524854129 -0.1749933609924112
0.1518396582701808 -0.157099202872039
0.2049337121542213 -0.09126323722036739
0.2209481686593615 0.009636266880028993
0.1881168279430724 0.08915520458330793
0.1215951087800003 0.1303958980715129
0.07026820953291357 0.1418805154157237
0.0457403091012178 0.1305510540923624
0.02009127808798571 0.1395875312137544
-0.004769031862642131 0.1728819067373157
-0.06285425796380971 0.1743955792646196
-0.1616708901392813 0.1524959018646471
-0.2004606738758084 0.09537294402092436
-0.1856296974949485 -0.03589590787836673
-0.2034639272161165 -0.0823186225979347
0.1811840214953688 -0.1310514800978913
0.2122561774479637 -0.06637045794172186
0.1933572973951733 0.02959254063501975
0.1557476077245802 0.08285035384448627
0.1102322573552845 0.09768640934159953
0.08714207848684119 0.1070417520209904
0.07933588971446172 0.1264939346685831
0.05235784633602562 0.1642178409069957
-0.00759399158009133 0.1993596230756127
-0.09357673101859085 0.1972596345443049
-0.173823477840938 0.1437007638676073
-0.2117145148851753 0.05697641715348162
-0.1972469951647088 -0.02984042217338212
-0.1535136372632119 -0.08353068191120158
-0.1092448740147495 -0.1004298768125484
-0.0861996990256497 -0.1077811149668072
-0.0773761463812858 -0.1272096053401321
-0.04980093913918809 -0.1631362161161916
0.0123972898015703 -0.2028234315924074
0.08852004928314404 -0.1949755269285333
0.1089807490288593 0.1509725887575389
0.05554098586622633 0.1975789153852838
-0.03370963726011678 0.2198950288393441
-0.1239085532353346 0.1876439921244391
-0.1812647155250377 0.113001148532545
-0.1892609125990173 0.03185976479479296
-0.1623769293611402 -0.02501465761493488
-0.1336683218017556 -0.05073714036116289
-0.1226381503998291 -0.06512129992844948
-0.1230389694735934 -0.0946329060523083
-0.1075653426135859 -0.1467103057964089
-0.05348096239718382 -0.1994255296467001
0.03496011791443331 -0.2194631744106598
0.125693706351237 -0.1864942954012475
0.182648797654148 -0.1114498362664968
0.189823444882803 -0.02959098179230224
0.1628861250947318 0.02750722981065398
0.1331053449626975 0.05301410683148271
0.1218548661174034 0.06661685379252741
0.119606203038743 0.09592347186064878
-0.1371153858835195 0.01203979193649542
-0.1457941543573692 -0.006898230758230102
-0.1636398466337408 -0.0464564395434652
-0.1609880540345169 -0.113558988170385
-0.1142868885338683 -0.1847753922372115
-0.02760316201898538 -0.223864547426261
0.06763767228971257 -0.20946079928939
0.1339256581058241 -0.1515517013844634
0.1555798567919899 -0.08301454231231303
0.146658023602178 -0.03436852045884865
0.1372974941747155 -0.01117399909128302
0.1458159580683491 0.007735225252812939
0.1629516128311908 0.04793373775143742
0.1594706459948528 0.1149833061025879
0.1121091762081841 0.1857831259363069
0.0249634046846785 0.2241442741270356
-0.07008629265804187 0.2090386087430083
-0.1362087679118526 0.1501716533687655
-0.1571722141807495 0.08110366422612178
-0.1478423385061689 0.03216701813261529
0.07304239382060954 -0.1656884541039943
0.09800008306107821 -0.1198800658297488
0.1039215836917402 -0.09164990265860909
0.117965180888742 -0.08091792708186508
0.1526956130825977 -0.06303156379081044
0.192012298675398 -0.01339583547581985
0.2033513516135905 0.06843056005722988
0.1643463495978638 0.1541659775673722
0.08272597982338005 0.2066121924434832
-0.007990006906687993 0.2065686701649814
-0.07236001734180396 0.1665968561869052
-0.09893107139634728 0.1193610587801789
-0.1050283406289023 0.09049050296125294
-0.1189287768849385 0.07902327094710156
-0.1530938634621091 0.06062700543163697
-0.1915944875766199 0.01077822754078526
-0.2020058771219252 -0.07078104065181534
-0.1623599467651999 -0.1561008481108518
-0.08043212187220056 -0.2077378547937854
0.01014941064830308 -0.2068931939458296
0.1965895525528242 0.1102108523837672
0.1276696423463913 0.170947258255035
0.04785066062616343 0.1843417378344649
-0.009529953544579584 0.1626701624400086
-0.0360625569782501 0.1371525663284189
-0.05124314700030956 0.1295261346359755
-0.0821432575429103 0.1339776971064471
-0.1372115080304174 0.1229110337737226
-0.1958904680590143 0.07233549504497017
-0.2232267004903691 -0.0153172829197253
-0.1971759952716771 -0.1092404691778299
-0.1269325324460718 -0.1717122111036089
-0.04629881510361727 -0.1850646804259692
0.01162533335515182 -0.163006129677722
0.03844484092405991 -0.1367968382363287
0.05358276564069962 -0.1283557131184185
0.08411054708393897 -0.1318947923678615
0.1384326250692652 -0.120443379173128
0.1962689765511541 -0.06995308120721769
0.222925063647248 0.01730924482100987
-0.1034729722424865 0.1627054276509554
-0.175425226198514 0.1247148206438866
-0.2222241188713224 0.04286906122269734
-0.2169160185697857 -0.05434890292576246
-0.1635103197335441 -0.1280881868160439
-0.09303840657764229 -0.1568574064346417
-0.03913601179074096 -0.1503344692194725
-0.01241384563469549 -0.1382301970304042
0.004762479804612404 -0.1429563306128294
0.03959835758885567 -0.1604001728754866
0.102923197850089 -0.1629606135740318
0.1759286940564025 -0.1237153622766752
0.2224921064554868 -0.04115412318864058
0.2165662551960761 0.05641448797739142
0.1624326035741275 0.1301757611666695
0.09131422191998038 0.1586464287643152
0.03665896441868564 0.1517059033060517
0.009665764162358041 0.138645833983541
-0.00705895469135167 0.1425350659728089
-0.04126849757430894 0.1594486961503261
-0.04959977846688125 -0.1294713603519893
-0.035997119705285 -0.1395007959781791
-0.006627932692851404 -0.166883595429442
0.05485656054566537 -0.1867997479404338
0.136627278098796 -0.1681600857074141
0.2036770982619474 -0.1003936621848058
0.2235419992207313 -0.004786515803073117
0.1909892282692316 0.07994982309976861
0.1307881720420402 0.1257319406932922
0.07788878333950669 0.1333920667880688
0.04995225638738213 0.1293183576039578
0.03484215229440733 0.1396429126542634
0.005012533264597351 0.1666008306716867
-0.05664708180001891 0.1857534517372135
-0.1381531254232044 0.166436379384059
-0.2045931224821406 0.09830012322955083
-0.223902473055406 0.002328973452305797
-0.1905312544818273 -0.08255272106593656
-0.1297608920494803 -0.1276714506637219
-0.07652417324283955 -0.1347666166279569
0.2062590756246012 0.02718079055204448
0.1603226060179798 0.08629765945585734
0.1112866367166222 0.1078210581341025
0.08314032262766632 0.1111663951320797
0.07173684138226712 0.1248751596077755
0.05071659923010098 0.1589778780532484
-0.003052759114995765 0.1946390896145781
-0.0867851957576526 0.1986147871197927
-0.1698807713518307 0.1511367923665073
-0.2149011838644829 0.06386578142750893
-0.2060841325408097 -0.02688901719987815
-0.1599614899548363 -0.08746458708624362
-0.1103673514495259 -0.109176848860662
-0.08149697910090065 -0.1125332630455119
-0.06951563979529199 -0.1257341458147135
-0.0483291593448769 -0.1590251228458888
0.005590127670818595 -0.1936894817965648
0.08901845376076831 -0.1970951016541076
0.1711626741321593 -0.1495486042376878
0.2155511359550415 -0.06249049769531129
-0.03538703049442921 0.2176162805645258
-0.1267924832807352 0.1895616918125183
-0.1890655123748851 0.1152303620813139
-0.2002335641726578 0.02784724744709654
-0.1712252640137633 -0.03685802071148675
-0.1339176238143795 -0.06643987220644433
-0.1140760458860956 -0.07770223656368243
-0.110459750415073 -0.0992242167166467
-0.09723464208921835 -0.1438888667880352
-0.04903719704768245 -0.1946967897052682
0.03517397536422003 -0.2177643098038264
0.1279008129706662 -0.1888109466529936
0.1901548488819342 -0.113821093779088
0.2010063787400827 -0.02585164510110988
0.1714069342975071 0.03936440803882155
0.1333274155708213 0.06884709250477078
0.1124431182253903 0.0800954137400216
0.1079100517084464 0.1010602098026648
0.09501393746857355 0.1444456013587774
0.04749408550844231 0.1945171388645659
-0.1394176272674131 -0.0638520834862549
-0.1390246521508556 -0.1150517754651869
-0.1017721767173602 -0.1797553690211021
-0.02205579654648753 -0.2225372675183762
0.07539655134509136 -0.2147208564974294
0.1513270548887281 -0.1563508818999532
0.1802405652475731 -0.07688348307321725
0.1677818770382113 -0.0124160865479017
0.1432903221326964 0.02114780255620892
0.1333504574959256 0.03736298266700757
0.139632033524624 0.0636682130619589
0.1379647910035642 0.1159184832183396
0.1000328771441371 0.1802594321871702
0.01996125922565811 0.2224974243877625
-0.07757593496445851 0.2140301649980649
-0.1532464986081614 0.1551421342593804
-0.1818124279421354 0.07481989587255632
-0.168893624783904 0.009640136516010686
-0.1434396509783132 -0.02375894450861021
-0.1327492664086111 -0.03909695870417022
0.1595599012550578 -0.05584378200440668
0.1438794160643386 -0.01794126260997789
0.1383275215862131 -0.0001207317180785391
0.1514529837901613 0.02324216328675618
0.16417099606754 0.07362380628263523
0.1455640069829053 0.1456717767812856
0.08047128060064392 0.208048401806578
-0.01531117794041061 0.2267187677070766
-0.104303752585743 0.1908660959395642
-0.1537869396049331 0.1218241162189019
-0.1591975163462464 0.0559159247336258
-0.1442063419652242 0.0165778660920911
-0.1382342005954194 -0.001782754520267332
-0.1506152723438872 -0.02531142771391846
-0.1624937418221168 -0.07545881559032475
-0.1434604807055176 -0.1468424806583089
-0.07799322975564719 -0.2086758338270156
0.01789553053136543 -0.2266145093313604
0.1063565966683807 -0.1902914010606056
0.1552489408702403 -0.1209058749825868
0.0447838226802194 0.222149827576571
-0.0486940659309743 0.2106106050540935
-0.1133866589934438 0.1576221689246599
-0.1354162874362601 0.09709240265422198
-0.1320139299342664 0.05711119957280749
-0.1328590572172459 0.03901297599074229
-0.1529907857627372 0.01936368050210573
-0.1790107455739822 -0.02701289400318976
-0.1794564247146178 -0.1024059397914077
-0.1320837535358228 -0.179741677943558
-0.04430653362280366 -0.2221870036540455
0.05027097576356923 -0.2103973487844778
0.1151434504072944 -0.1569388547862452
0.1371615898394869 -0.0956652419063057
0.1334130709991279 -0.05490461889284744
0.1334470792395309 -0.03635643446361727
0.1526911146344664 -0.01661416878698566
0.1777335760787821 0.02955259750970642
0.1777653574069085 0.1040363508141033
0.1305889290104469 0.1805248917460885
-0.1866354811647726 0.02459480055992597
-0.2057757862579528 -0.05269177199586947
-0.1754891093473938 -0.1410144875219194
-0.09903913026555815 -0.2011027063868428
-0.007386278672632775 -0.2097154331885805
0.06250144400100766 -0.1746667089655395
0.09435721606348497 -0.1271100867309058
0.1019025450584206 -0.09559888776005501
0.1138376461881048 -0.08351424179235387
0.1462667450159636 -0.06847358349053498
0.1872746556599344 -0.02430890140303089
0.2051771522278388 0.05421339247353276
0.1742213765258765 0.1423816768313229
0.09711394822869383 0.2022307825077545
0.004953877305631561 0.2103181322341815
-0.06519641804907723 0.1744682760192129
-0.09696059217477843 0.1259653164164642
-0.104160978105808 0.09359096490933186
-0.1151506023788817 0.08110293989892806
-0.1465787736026629 0.06633608078380064
0.04836479586589255 -0.1292495575258838
0.07391975016659055 -0.1350153588344156
0.1265553879159958 -0.1287507056129684
0.1872852540975988 -0.08528405630005569
0.222115001960323 -0.002320869687857986
0.2054132793115347 0.09302207053297155
0.1412718833529774 0.1623512484154656
0.06077476622214706 0.1837003444929008
-0.00119109048869092 0.166291198138149
-0.03204373257098542 0.1401907292874558
-0.04754701393879933 0.1297923366185695
-0.07523521078186604 0.1338405752887902
-0.1274684512416327 0.1269225606256422
-0.1877904643925367 0.08300437870223898
-0.2218493669509843 -0.0002052769218097127
-0.2043500289429249 -0.09554528420814992
-0.1393424486282808 -0.1645378789961254
-0.05832977642201873 -0.1853109340748478
0.003911195473279845 -0.1669478203712833
0.03443622704549672 -0.1399590306287004
0.1066965872700458 0.1376798099777483
0.06189614971961524 0.1324727938426252
0.04073704965289163 0.1315348078241841
0.02289240187205022 0.1481903683504067
-0.01784766196299548 0.1745308382483316
-0.0887616711359045 0.1810022606268841
-0.1674519716407679 0.1423525917747617
-0.2174533525836316 0.06006993279366508
-0.2147720581517382 -0.03536277647634972
-0.1668924783773988 -0.1064452185716637
-0.1050136179289822 -0.1353032876651478
-0.06005042836626241 -0.1341216768922102
-0.03852114446743612 -0.1321526902806224
-0.0206094015026595 -0.1481386658926271
0.02024077483642664 -0.1735143370621902
0.09088023093239984 -0.1793258376469203
0.1691031248869618 -0.1399892883890743
0.2181696500625909 -0.05752425250398092
0.2146643883270875 0.03808603069905939
0.1652880660131887 0.1088083470865055
-0.188906489292604 0.1213382314251966
-0.2030279349539519 0.02439056740313609
-0.1773145887138707 -0.04407093761694265
-0.1343458266413421 -0.07819406784264145
-0.1065634180852703 -0.08927712797907705
-0.09749410489924998 -0.1043870679255846
-0.0846774577427787 -0.1404691623398284
-0.04249186633896485 -0.186757161904875
0.03576935499158607 -0.2105311447340647
0.1260686750053937 -0.1860214833488983
0.1909770047692737 -0.1142296657398794
0.2057020414621286 -0.0243794648489482
0.1769091866870418 0.04609923604886387
0.1336241711460323 0.08025849492347001
0.1050797521364669 0.09134161245772879
0.09554710169715713 0.1057921830734612
0.08245892328078749 0.1413271559752331
0.04002437566714119 0.1866895588610399
-0.03744773804005322 0.2093385703844781
-0.1313621150619003 0.1828255523222202
-0.09471553708229982 -0.1515633662025522
-0.01819878729969557 -0.2226191666857192
0.06045505522102033 -0.2168286564734601
0.1476850524458245 -0.1587741795382367
0.1824900797253514 -0.08432944745261792
0.1706653906433128 -0.01413664865479325
0.1471021648803216 0.02511096367105722
0.1320285665197766 0.04019640583111191
0.1339807847258676 0.06426527480228283
0.1336938721700298 0.1112107329606149
0.1007170407167083 0.1720979381785286
0.02556263556067661 0.2176704096486698
-0.06867944718986593 0.2148152715268636
-0.1488566449115918 0.1593810282952196
-0.1833772249784032 0.08204346864516114
-0.1712710860858149 0.01210259489946264
-0.1474778940435825 -0.02766997341895163
-0.1322744352816312 -0.03987385579673215
-0.1272841820750402 -0.06818407923786125
-0.1414762675392363 -0.1228379741304125
0.1632313446060091 0.03703678562205972
0.1834550276711225 0.009655018068993784
0.1231038132351525 0.06864396964076533
0.1528518028710352 0.1549127980352697
0.1018026363557949 0.1852435726311239
-0.01292436136486603 0.2220541546166395
-0.08622679549647194 0.2018444260576747
-0.1394271423301502 0.1240512135482565
-0.1557562072458005 0.06746612980622846
-0.1384637192193248 0.03130703403521309
-0.1382702197489908 0.006821745880937789
-0.1580906495370286 -0.01256142748332461
-0.1640793301211978 -0.06377120454704674
-0.1525654314911397 -0.1450832670523997
-0.09487234273166779 -0.1963141997802622
0.01431271358683352 -0.2223272568433091
0.08237513211987803 -0.206979364262793
0.1305884286073564 -0.1128022529517409
0.1814749925461148 -0.08336940766718265
0.1287591037704344 -0.06094997436453888
