-0.04194172823533563 0.217961074651883
-0.06824854005001113 0.1103316889789218
-0.1873317512423653 0.105885669449801
-0.1402528876186959 0.1016782554940814
-0.1518669885264495 -0.03379325506027227
-0.2178083651827932 -0.03773017966138428
-0.1591571207602129 -0.0521622958376652
-0.1051910875724563 -0.1875324402874029
-0.03706553127975533 -0.2084893401697818
0.03847153843880747 -0.1597908423582368
0.07331776553709669 -0.1292531740011398
0.07151193967479634 -0.1079004516316513
0.09237987758492279 -0.1050143785088991
0.137595434131509 -0.09747142997130237
0.1522344168238865 0.03607784891818328
0.2163691367526139 0.03623866295855975
0.1169190383127533 0.06224251241228984
0.1017282252708552 0.1882808234277594
0.1043992473928265 0.150877378574654
-0.03815540704189094 0.1556157161372063
-0.1059974462182161 -0.074605772216168
-0.06941968602628126 -0.1596769212640134
-0.07815408508467531 -0.1194794321669023
-0.01306194221922307 -0.129191604688061
-0.002049903928084448 -0.1790047154231695
0.05483187704921545 -0.1734870470184082
0.149465651598091 -0.158541168979952
0.2043112324632713 -0.09226688544651583
0.2204495747889255 0.01178091043416467
0.1850810942884473 0.09219303162216992
0.1148022726184575 0.1310797094145396
0.0631157480102528 0.1384389208709082
0.04231233165691828 0.1224443051926616
0.02106732758031354 0.1309456493467432
0.0007774878764526538 0.1683624370841015
-0.05666864810982494 0.1729584670174804
-0.1601410052819892 0.1536503774313742
-0.1993126134851935 0.09699419040149557
-0.1815884903061515 -0.04043725394577549
-0.2020224896059978 -0.08445581736418176
0.1818629792840989 -0.1297686940940708
0.2125203165997576 -0.06453615379172878
0.1901379588102035 0.03410642764523734
0.1493924177571528 0.08563758877567587
0.1021001407167773 0.09544581004935046
0.08135498883053061 0.1004005609243958
0.07885177533749006 0.1181601966347867
0.05609166143578441 0.158080951828547
-0.002790372644084979 0.1973820637059736
-0.09085271233712149 0.197875857923131
-0.1737944531734693 0.1436488654556591
-0.2118581392802746 0.05436867214766265
-0.1944043616223003 -0.03418981734830456
-0.1469889279523564 -0.08617534833517937
-0.101142246156908 -0.09826151565506444
-0.08051066927580394 -0.1010549289369788
-0.07692916161167129 -0.1188554633075257
-0.05353071070397604 -0.1568758694943772
0.007825757158916695 -0.2012568316049006
0.08506368482456726 -0.1955086144312607
0.1113429097103153 0.1451498141150159
0.05924067785366475 0.19481855523387
-0.03188292826412059 0.2198959999503791
-0.124560898790135 0.1871024511898746
-0.1822592276743144 0.1095700574117211
-0.1873385314758425 0.02633632159302712
-0.1560940835040761 -0.02934322854900686
-0.1250567123828644 -0.0505705107647112
-0.1156310065661934 -0.05983753400826951
-0.1206805400452634 -0.08690524035200548
-0.1097169114495902 -0.1404895413257883
-0.05713702932288352 -0.1968370093728985
0.03306531403099409 -0.2194674985356546
0.1263238238813299 -0.1859612874882737
0.1836106028984543 -0.1080650226116799
0.1878501235676944 -0.02410193278627027
0.1566325509952361 0.03179441047825041
0.124507235503197 0.05279085593116925
0.1149210213569122 0.06123854693366874
0.1171200467468932 0.08814340981492927
-0.1283456168743773 0.0110075150491541
-0.1382584630179631 -0.002969244649716991
-0.1603856459343286 -0.03989765830350573
-0.1618865377098595 -0.1082007233258798
-0.1164256309791301 -0.1826589873952624
-0.02789946981423112 -0.2237934300595426
0.06979279462797362 -0.2082895888047004
0.1360832005643485 -0.1471061452464502
0.1543773672504185 -0.07616671941968157
0.1406899808588306 -0.02860437996905054
0.1285565855668783 -0.009949825626130282
0.138311571115694 0.003752431364293533
0.15973315057445 0.04134153533989626
0.1604088489413941 0.1095953518343457
0.1142977637745952 0.1836488863351941
0.02530938411607058 0.2240689710234548
-0.07216384939389338 0.2078948768096668
-0.1383098635559517 0.1457541569191413
-0.1559216159213767 0.07429745803842788
-0.1418800391315393 0.0264398948806355
0.07650087483291984 -0.1599792853461944
0.09744397899341059 -0.1117719905645581
0.09827861310573152 -0.08487822739889025
0.1095908229112726 -0.07879995781200297
0.1456263550935288 -0.0658589196863769
0.1888951906325159 -0.01834042775029135
0.2035795923857452 0.06493837110845604
0.1648664280610141 0.1535254432032198
0.0808532843143331 0.2070700062786202
-0.01216309830553847 0.204871128208118
-0.07586399220967432 0.1609591074052325
-0.09834710951231461 0.1112638328095565
-0.09934502971950662 0.08375628133879859
-0.1105307838386369 0.07695648175773502
-0.1460194759058473 0.06351652971447427
-0.188490530217506 0.01578579590352315
-0.2022612412472329 -0.06721536234860373
-0.1629293715201989 -0.1554118481536794
-0.07861386916325884 -0.2081682716707345
0.01426878425964475 -0.2051891384038971
0.1959974063829272 0.1111114878659973
0.1241749164739935 0.1722911183711208
0.04200536841812107 0.1827876918065275
-0.01442623015769655 0.1566440212788704
-0.03652899670087492 0.1284473760983875
-0.04644591058431093 0.1221293519390878
-0.07462672093350645 0.1310943384093805
-0.1309311783289167 0.1245966573872101
-0.193173501116464 0.07569900968959556
-0.2231438478671846 -0.01360444192437255
-0.1966007227569617 -0.1101279072059319
-0.1234567006472261 -0.1730374683116569
-0.04048590886075588 -0.1834842953479881
0.01646933986244331 -0.1569688824939394
0.03885146565754458 -0.1280998836478541
0.04873156333304347 -0.1209848684582416
0.07654480523051285 -0.1290444877131701
0.1321166076845686 -0.1221855076146143
0.193540397329466 -0.07337568202091693
0.2228494755256418 0.01554737316361262
-0.0975743039785979 0.163148328566215
-0.1726994504332922 0.1270057661680826
-0.2220285905271675 0.04370859346955883
-0.21622010480962 -0.0561439477017102
-0.1596951101272025 -0.1305156489677196
-0.08637737447035268 -0.1564318810393376
-0.03285046434659099 -0.1451089090402078
-0.01023420812929338 -0.1296311958785596
0.001522645991256996 -0.1348769496663606
0.03308071598680155 -0.1563237317186223
0.09701655716554686 -0.1633808281851217
0.1731913713161928 -0.1260304635004298
0.2222926682594276 -0.04202819354036829
0.2158786189954432 0.05815953860756748
0.1586455125612111 0.1325522629794978
0.08470095058109886 0.1581846516559202
0.0304275866418965 0.1464683685713231
0.007542789276163482 0.1300404062433708
-0.003769017013855749 0.1344619186423527
-0.03471037094602809 0.1553866330362822
-0.04531240220816863 -0.1216609536119874
-0.03706037874299768 -0.1308686456338075
-0.01183747662479546 -0.1613072069154121
0.04914465042313771 -0.1857058171543062
0.1335283072738207 -0.1696320787119532
0.2033575876291321 -0.1010291779655557
0.2233152098857543 -0.002717195631213372
0.1878284020822466 0.08337342353046383
0.1241331912793757 0.1270369740529795
0.07041605088904485 0.1298945324881951
0.04565407396694959 0.1215131625897208
0.03593770890242792 0.13100883659346
0.01026351136440511 0.1610385978311928
-0.05089023760552387 0.1846834582606943
-0.1350128726734749 0.1679505990136811
-0.2042441836617995 0.09899738410002826
-0.2236767574308068 0.00034616993313695
-0.1873944686122672 -0.08590925609001623
-0.1231391976364281 -0.1289357249348168
-0.06908388689426471 -0.1312550557702209
0.204170569152839 0.03127643196973934
0.1542880795372948 0.08936858056813138
0.1031361389148698 0.1065135383515712
0.07684958681938321 0.1048317653978118
0.07041622963017449 0.1162512211743529
0.05424651499601175 0.1521717089508103
0.002190217894815577 0.1920334968768276
-0.08335523581810818 0.1992088869947714
-0.1693622019043589 0.1517120701202123
-0.2152368657082395 0.06186575199627811
-0.2039810372179594 -0.03100336705246119
-0.1539286609603115 -0.0905041168755322
-0.1022372009690299 -0.1078277328333988
-0.07524345244313725 -0.1061686625089737
-0.06824461456514395 -0.1170888863334071
-0.05191001930727136 -0.1522059385479334
0.0002718091751757815 -0.1910743094888432
0.08552108921859405 -0.1977231531643377
0.1706044786126544 -0.1501697582490984
0.2158732773023495 -0.06055399314638305
-0.0325067771609802 0.2175330608232527
-0.1267449052112083 0.1896385136009755
-0.1900467592021644 0.1127146428224934
-0.1988725836596035 0.02281440957019222
-0.1655941780945396 -0.04136712831560875
-0.1254199120316811 -0.06681842386540202
-0.1066014199590795 -0.07274984912342383
-0.1074800400741245 -0.09121104661490091
-0.09922235113852043 -0.1368636314488219
-0.05324774869588884 -0.191408562563239
0.03231461278403479 -0.2176835023702839
0.1278336541092131 -0.1889012372954468
0.1911095645330863 -0.1113392221306711
0.1996320398008726 -0.02087191596047325
0.1657850478789664 0.04381605641753863
0.124852288883064 0.06918829593902587
0.1049958724978034 0.07510384316973047
0.1049711583093264 0.09300336213628027
0.09703790977711269 0.1373846432603175
0.05174963846846107 0.1912058016923903
-0.1349989211315159 -0.05679346431270321
-0.1394895992863204 -0.1081918205158863
-0.1048348778616482 -0.1761154012956533
-0.02417133870958521 -0.2220349129470361
0.0759854922569231 -0.2145241749202678
0.1531413118229132 -0.1535342240865932
0.1798913968498335 -0.07114529120853103
0.1629358318289932 -0.00656960030323394
0.1348630572472306 0.02327244305416416
0.1250563111516947 0.03402646000326016
0.1352194929744349 0.05661199648300157
0.1384627752797213 0.1090442460553085
0.1031390231220165 0.176599556774465
0.02213604719177352 0.2219916476406824
-0.07809101874161509 0.2138602697818533
-0.1550087619218867 0.1523832477096994
-0.1814310638074959 0.06913846871842771
-0.1640499441206071 0.003857401870682148
-0.1350291388828065 -0.02585771788615136
-0.1244596989688364 -0.03573918210832305
0.156512549753044 -0.04896765469609375
0.1363876910289576 -0.01359753881942739
0.1294546926785772 -0.001055336195754048
0.1452886008656396 0.01767379343580611
0.1627633924944298 0.06689093898428242
0.1475342788808497 0.1413184466765992
0.08240402784373776 0.20696693727833
-0.01588421134542269 0.2266864866742311
-0.1067662694728284 0.1886710181304626
-0.1549742783832269 0.1162582656412773
-0.1561232289753688 0.0490326974710199
-0.1366979979674097 0.01227624177953675
-0.1293625924941607 -0.0008079191168320673
-0.1444626089081913 -0.01969689169649117
-0.1611090579155374 -0.06867175497293206
-0.1454786105462755 -0.1424370562872147
-0.07999441078123451 -0.2075712678994298
0.01837936964674346 -0.226589234505356
0.1087531345008294 -0.1881425200831784
0.156412663657733 -0.1153854293245317
0.04415090915850085 0.2222667710643274
-0.05174501721900678 0.2090631713747224
-0.1160126188742052 0.1524430136139773
-0.1342008078056972 0.08957721067127902
-0.1258553663161913 0.05100512643645021
-0.1240782537239684 0.03766884113948826
-0.1456831287520645 0.02314115599970076
-0.1759859389579999 -0.02096420532012516
-0.1802297208406689 -0.0978287992932234
-0.1335767806224215 -0.178294098980869
-0.04362553332295434 -0.2223076496161187
0.05329252582473464 -0.2088443728941498
0.1177281838163317 -0.151782935749799
0.1359120356601065 -0.08818830428074273
0.1272349567335368 -0.04884329305249399
0.124653237229121 -0.03505891460620798
0.1453834094039761 -0.02045252111334692
0.1747183893350408 0.02343663062050995
0.1785694972201884 0.09939379715621631
0.1321315703390792 0.1790370234214114
-0.1827897041938794 0.02947603693569026
-0.2056411012852453 -0.04882096970575359
-0.1761634149341591 -0.1400233428423272
-0.0975580825874633 -0.201644574265532
-0.003348117735198136 -0.2085572980068843
0.06644596133546457 -0.1696117291653055
0.09462928834508939 -0.1191192041844233
0.09696757394996493 -0.08831334215779524
0.1056131852473166 -0.08054936830449365
0.1387393849377943 -0.07065842179382853
0.1834953121952091 -0.02918588771415595
0.2050624693215649 0.05031573508897375
0.1749313397117599 0.1413475701685061
0.09568738300608168 0.2027438445131657
0.0009851349027552789 0.2091551263843444
-0.06907694950761771 0.1694301443757319
-0.09717329078075482 0.1180045110614537
-0.09918677377892617 0.08634656501989585
-0.106897046390103 0.07817971179859205
-0.139031021893191 0.06855991369681624
0.04443185311704298 -0.1213370037021551
0.06663229661032345 -0.1313232355154577
0.1199305230853866 -0.1298200482312977
0.1840283817975671 -0.08854439868174423
0.2217895247441651 -0.004340576934571736
0.2050766976566919 0.09365109138434385
0.1382322261318342 0.1638754646758729
0.05508826542400532 0.1827644078146197
-0.006500541874875462 0.1609164111923178
-0.0333452791294232 0.1316822553671757
-0.04349551496362611 0.1219494301284432
-0.06791609237660162 0.1301715853842343
-0.1208054503819169 0.1280231001430299
-0.1845179182997376 0.08632114796446792
-0.2215255885898375 0.001887750267049754
-0.2040425573515144 -0.09610765564629194
-0.1363465671898779 -0.1660090188878466
-0.05271326524059218 -0.1843479893849077
0.009155549319840542 -0.1615619837781407
0.03567630797032643 -0.1314549095330617
0.09961556108487124 0.1374718038868822
0.0553708552440408 0.1270452689931622
0.03851560529582015 0.1229905967371488
0.02590905912868024 0.1404286487002988
-0.01195634897233841 0.1707354347484935
-0.08376280721655205 0.1812726159888413
-0.165482818083881 0.1439310703712935
-0.2174831971950926 0.05984325509737036
-0.2136713822378608 -0.03808643529762479
-0.1623724345140636 -0.1093059933989798
-0.0977729218170435 -0.1348464865563454
-0.05353966728141537 -0.1287249425616513
-0.03632546892516705 -0.1236000004699502
-0.02368725565402561 -0.1403829648122691
0.01428975671009219 -0.1697277241141799
0.08582951666278768 -0.1796369857957282
0.1671074277357893 -0.1416196516366121
0.2181772948645656 -0.05737993062740426
0.213567852525766 0.04074155139034981
0.1607208595174588 0.111603711327481
-0.189369031159215 0.1203984548561989
-0.2018424253022184 0.01984618809622538
-0.1724514894357717 -0.04842689859312144
-0.1263135289751441 -0.07896431690001594
-0.09898845555985845 -0.08485801544507357
-0.09403936075359365 -0.0964908652104855
-0.08626995097169038 -0.1329928407901679
-0.04687570215064898 -0.182838612701766
0.03220969015523849 -0.2101462585544969
0.1252379902332353 -0.1864590808777194
0.1916615394571487 -0.1125578326660194
0.2047021149600259 -0.02009077635192193
0.1720075686928307 0.0504007037868107
0.1256071523564923 0.0809742635275546
0.09753174231152212 0.08689274569116537
0.09214550653376914 0.09786056363420909
0.08412251217730807 0.1338452955469385
0.04446892706651847 0.182768235795677
-0.03376304996528779 0.2089342287675822
-0.1307889328671705 0.1831479431850179
-0.09716873708015968 -0.1452280071587229
-0.01970237211828077 -0.2222746467679856
0.05976968855390506 -0.2169280289347471
0.149367591730914 -0.1562149473631874
0.1825892920308245 -0.07928136742562128
0.1663003449841055 -0.008350265277693759
0.1392045998244766 0.02782690520502268
0.1236736395407351 0.0374031306477444
0.1289960821935892 0.05753022075658482
0.1336684179113547 0.104118296123121
0.1037055140605791 0.1678372561077453
0.02805260355327224 0.216828850224739
-0.06858893935218013 0.2147855716072345
-0.1504499168821872 0.1570307476961713
-0.1834079580854825 0.07698107085833569
-0.1668832008259997 0.006366120766074269
-0.1396170854562979 -0.03038214398981845
-0.1240226222105893 -0.03680483388991204
-0.1217809072604403 -0.06163250918410327
-0.142487799468195 -0.1167208595782411
0.1569324004484605 0.04105351672622003
0.1801348354620917 0.004104807054745224
0.1168016223163611 0.06264642315420776
0.1544078153495543 0.152421642585557
0.1044870485940834 0.1824214850964429
-0.01474150917819466 0.2216413574482421
-0.0883351002859051 0.2003627188394513
-0.1404606376191181 0.1178764718128161
-0.153298804469457 0.06055004552612116
-0.1309313390697877 0.02703449048137219
-0.1294766958100902 0.007091837061233592
-0.1522698332089812 -0.007183797610173216
-0.1619880363822081 -0.05712384555268057
-0.154282381174402 -0.141465988358014
-0.09710035527664793 -0.1945175640464014
0.01602503924355089 -0.2219374588250952
0.08388748105602334 -0.2060756932739435
0.1305638532305627 -0.1056249285610189
0.1814824329897164 -0.07818618088966578
0.1201923189921906 -0.05982920531128313
