     2.992201141358795      3.275106060847138      9.209067711198189
     5.681582922640975      3.324667662776205      7.820020199131474
     7.820017448464539      3.324667433676393      5.681586842664767
     9.192998287139352      3.324668279385713      2.986951424827496
      9.66608128722619      3.324663597720739 -1.748939649574221e-05
     9.192989541790782      3.324663588019118     -2.986983562158446
     7.807090801979167      3.370786711644067      -5.67218173579053
      5.68155716874969       3.32466960214962     -7.820038085863195
     2.982034019344093      3.370782590785097     -9.177789130434096
-9.904472670379419e-18       3.32466456315554     -9.666080955179165
    -2.982027595256123      3.370783172008655     -9.177791004267522
    -5.672181485652279      3.370787929974208     -7.807090457689298
    -7.807105334365286      3.370788185918585     -5.672160857501872
    -9.177789307760444      3.370782056997637     -2.982034076961631
    -9.666081056957806       3.32466426719667  1.807566872667012e-05
    -9.192996931574886      3.324662586242709      2.986961933683161
    -7.820031301397617      3.324669723872094      5.681566435580012
    -5.672160804038642      3.370788446313821      7.807105260780373
    -2.986973861787047      3.324664916834099      9.192992213058439
-1.346118961158623e-05      3.324663102836671      9.666081457448767
     3.994299536387639      3.151020107085189      8.865842260492679
     6.541944170620662       3.21789563783247      7.164818882712995
     8.435800564925684      3.217899733177273      4.792588614266489
     9.503914897245673      3.217900710012704      1.951212990934382
     9.641718268205818      3.217893889181773     -1.081176786696983
     8.835721269902093      3.217903002672752     -4.007698266532675
     7.164820366650988      3.217899113463281     -6.541940835774581
     4.792572988112959      3.217896660264341     -8.435810614697868
     1.951198968677166      3.217895077529204     -9.503919683174207
     -1.08117192246948      3.217897427925816     -9.641717632610472
    -4.007697674674956      3.217900025070022     -8.835722622776187
    -6.541927070706511      3.217904630896103     -7.164830457002759
    -8.435810607756002      3.217896725597792     -4.792572956464816
    -9.503919882629738      3.217894282070142     -1.951199309028953
    -9.641717954758397       3.21789655887512      1.081171636165522
    -8.835720939131878      3.217898280114314      4.007702787658214
    -7.164832656428906      3.217906889578175      6.541923550833871
    -4.792572608699713      3.217897443513296      8.435810531475409
    -1.951198693302757      3.217895721125218      9.503919521797163
     1.081150814660462       3.21790516272438      9.641717418035567
     4.858416192986136      2.634523383925568      8.598929824394375
     7.307811722729066      2.721494379551973      6.608772325991437
     8.992367242584157      2.721492618420075      4.027073973987076
     9.796679454928736      2.721501949988226      1.051196595869258
     9.642032616400702      2.721489763358957     -2.027613370881402
     8.543555282321332      2.721496869317084     -4.907915384131657
     6.608771268585809      2.721495721961713      -7.30781217906142
     4.027073916184001       2.72149268609047     -8.992367247990163
     1.051184250799466      2.721497417902596     -9.796682038567971
    -2.027611587547524      2.721495578718998     -9.642031350013106
    -4.907926006997134      2.721491466826389     -8.543550900849828
     -7.30781030504386      2.721498678746709     -6.608772123220341
    -8.992367264601514      2.721492894025379     -4.027073738568998
    -9.796683139149138      2.721493610089919     -1.051183852106917
     -9.64203260093994      2.721500204864712      2.027599429599513
    -8.543551494967454      2.721490544419207       4.90792548426072
    -6.608772503466589      2.721498196013029      7.307810140945192
    -4.027074240411835      2.721492306515058      8.992367217666903
    -1.051183082010867      2.721494530086073      9.796682966207763
     2.027600452854494      2.721501591376118      9.642031994413891
     5.910551225092864      2.253353383773255       8.02958892054696
     8.131351918226301      2.293450396775519      5.753930547814011
     9.511442261397169      2.293439124895253      2.959580811210803
     9.960478530470109      2.293445090962077    -0.1244690658983822
     9.434516052679756      2.293447308428173      -3.19632942369387
     7.985036553979408      2.293436243430643     -5.955321730898428
     5.753931037771133      2.293450048767358     -8.131351669677226
     2.959583376252716      2.293437282393985     -9.511441907529765
   -0.1244608268744587      2.293449322679116     -9.960477659051097
    -3.196327349898703      2.293444810712028     -9.434517362434985
     -5.95531473102566      2.293440940916457     -7.985040425353939
    -8.131351567107584      2.293449905153588     -5.753931239963476
    -9.511441974699833      2.293437557470035     -2.959582947221386
    -9.960479746221159      2.293439966879307     0.1244661922705359
    -9.434517819927027      2.293444174605552      3.196326455953277
    -7.985044661968271      2.293447481241073      5.955306531719471
    -5.753935432711516      2.293450761546572      8.131348358675085
    -2.959588961755888      2.293439736444451      9.511439577809972
    0.1244679019344868      2.293441063657934      9.960479472319351
     3.196330355153347       2.29344797122752      9.434515575988906
     7.091139092046133      1.470515857214987       7.21386477420488
     8.986013479641866      1.478706281336326       4.64235984891421
     9.980774420175639      1.478709089575148      1.638315260123976
     9.998547593321819      1.478709289036147     -1.526099718949029
     9.037594300573227       1.47871250665571      -4.54112475830448
     7.191976256260775      1.478705838600645     -7.111639899618741
     4.642361733204233      1.478711890502617     -8.986011583152269
      1.63831682462971      1.478706987639881     -9.980774474779992
    -1.526095919436154      1.478708233144086     -9.998548329407214
    -4.541124008045532      1.478711693688569     -9.037594810572156
     -7.11163675092104      1.478704579827108     -7.191979628595118
    -8.986009887965414      1.478715329835629     -4.642363918983142
    -9.980774596212948      1.478707258115015     -1.638315840724188
    -9.998548131290079      1.478708517337316      1.526096942074563
    -9.037594187394115      1.478706757479613      4.541126855632186
    -7.191979614439274      1.478703416709854      7.111637007080727
    -4.642363697442023       1.47871114972069      8.986010690286527
     -1.63832094131935      1.478709753923884      9.980773389195072
     1.526096200965704      1.478710079312574      9.998548013402598
     4.541126455791641      1.478712323822205      9.037593477550601
     7.651612828852805    0.03139626591566624      6.777783626038925
      9.38274829841213    0.03108016294307806      4.055808659403858
     10.17683752628257    0.03107928783012109     0.9578765740399069
     9.974748229776797    0.03108122611067411     -2.233818971968791
     8.796261949269297    0.03107981569260207     -5.206853680916456
     6.756733255730177    0.03108032994425522     -7.670208941976746
     4.055815263294827    0.03108034575327023     -9.382745443190505
    0.9578802264444954    0.03107943989722311     -10.17683718204148
    -2.233819218554258    0.03107957388022818     -9.974748179702816
    -5.206854097049881    0.03108052810943868     -8.796261700426319
    -7.670209178758251    0.03107968497300288     -6.756732989903797
    -9.382745894840211    0.03108065896184609      -4.05581421604556
    -10.17683716377762    0.03107944209470768    -0.9578804204144586
    -9.974747885825797     0.0310795587103445      2.233820531023869
    -8.796260647256311    0.03108050478817055      5.206855876374121
    -6.756731780495685    0.03107966679365614      7.670210244206556
    -4.055814709883336    0.03107984003869713      9.382745684085055
   -0.9578839879226462    0.03108018691427521      10.17683682571566
      2.23381732314171     0.0310794055006139      9.974748604700034
     5.206852913522818    0.03107975870179142      8.796262403721117
      6.70392176322984     -1.238754332578748      7.616392596603086
     8.734478028682535     -1.241996927366044      5.162640088990804
      9.90232701893671     -1.241994065525225      2.210856359154926
     10.10086557603469     -1.241988753377908    -0.9573369526659437
     9.310661819635406     -1.241989189181978     -4.031817806389342
     7.609067703088869     -1.241988023989433     -6.711636903740871
      5.16264418935577     -1.241987746740858     -8.734476910533125
     2.210868546312885     -1.241992756311938     -9.902324462153956
    -0.957328454115379     -1.241996074927236     -10.10086548125387
    -4.031816812836022     -1.241992226564584     -9.310661844706077
    -6.711636650110211     -1.241992116354638     -7.609067258829423
    -8.734476970185721     -1.241991893588912     -5.162643090814462
    -9.902325013248085     -1.241993681234321      -2.21086555840806
    -10.10086519803285     -1.241996731145649     0.9573305910561705
    -9.310660752557164     -1.241992997436055      4.031819097465945
    -7.609064011851551     -1.241993551000528      6.711640065766213
    -5.162641437181966     -1.241992466135079      8.734477866176949
    -2.210865601120075     -1.241993668012582      9.902325005370217
      0.95732908454114     -1.241996268520341      10.10086539769998
     4.031812447187755     -1.241995881848795      9.310663247575445
     5.589904774928426     -1.893655969749257      8.345870066388823
     7.901216085160113     -1.901466279081247      6.200139180268746
      9.43044820838478     -1.901466028092177      3.455081623140512
     10.03656899968349     -1.901463338717815     0.3718001824690136
     9.660237538209058     -1.901465080220315     -2.747864032964323
     8.338293749879579     -1.901464190954882     -5.598553988380842
     6.200129953008267     -1.901459777173441     -7.901224890558479
     3.455068339594776     -1.901458230253676     -9.430454647412816
     0.371809394300342     -1.901465818042767     -10.03656818871394
    -2.747864309380173     -1.901463501800304     -9.660237770269195
    -5.598551265732699     -1.901462036072185     -8.338296069336865
    -7.901219546397923     -1.901459891219194     -6.200136728434601
    -9.430450740378157     -1.901464792815737     -3.455075392022994
    -10.03656795345493     -1.901467558645756    -0.3718068432384078
    -9.660237041024008     -1.901464755992092       2.74786600519881
     -8.33829223620282      -1.90146497518493      5.598555976446457
    -6.200141309478742     -1.901466470602116      7.901214368263323
    -3.455078326239633     -1.901467318950131      9.430449156010193
   -0.3718078533106337     -1.901466869468182      10.03656804660393
     2.747855564503266     -1.901466760626774      9.660239616305567
     4.644876978089243     -2.211695764428085      8.832895062979466
     7.157270693716159     -2.238943727960054      6.946014878293865
     8.953405734759267     -2.238942795453341      4.394334579552071
     9.873120950979752     -2.238938253312202      1.412499088410194
     9.826382182035045     -2.238940927674237     -1.707592522983452
     8.817774414380489     -2.238944395356177     -4.660525491956847
     6.946014728527057     -2.238943939704466     -7.157270772824333
     4.394321895602999     -2.238938082362846     -8.953413138616416
     1.412503376835819       -2.2389387857965     -9.873120216702677
    -1.707590476926062     -2.238938353929815     -9.826383124018372
    -4.660528532303338     -2.238941511536674     -8.817773539680182
    -7.157272867765867      -2.23893914857753     -6.946014114216085
    -8.953413149954402     -2.238938072389831     -4.394321877583218
    -9.873118443160145     -2.238943531530944     -1.412508251135668
    -9.826382811497249     -2.238944333512708      1.707584435078515
    -8.817766703415511     -2.238942009818548      4.660541227195185
    -6.946006705199467     -2.238940508127523       7.15727963279131
    -4.394338834957096      -2.23894313758652      8.953403560647859
    -1.412511984917091       -2.2389433070353      9.873117959891243
     1.707572184559764     -2.238943541904247       9.82638512069737
     3.922173163487919     -2.786724089623404      9.018716206506742
     6.518641837729761     -2.806875935641378      7.356308283568335
     8.472811588096798     -2.806879108342004      4.981908163881127
     9.597622646529185     -2.806868769618867      2.119821392133772
     9.782942756789367     -2.806863739307851    -0.9497696857242839
     9.010638714535538     -2.806868783332396     -3.926371490173474
     7.356313251742115     -2.806877553473213     -6.518635534498855
     4.981896906492653     -2.806875738906839      -8.47281932351887
     2.119819379359575     -2.806874237347777     -9.597621492025228
   -0.9497522694078094     -2.806871746575232     -9.782942150223112
    -3.926371081608065     -2.806868773312813     -9.010638895688414
    -6.518631090885134     -2.806874508750973     -7.356318351094472
    -8.472823704852456     -2.806869158751115     -4.981893162415442
    -9.597624889655766     -2.806867951653564     -2.119812319291465
     -9.78294071352855      -2.80687626251109     0.9497537218231412
    -9.010640548630681     -2.806874511982664      3.926363185816399
    -7.356310159378483     -2.806862984962867      6.518645297318292
    -4.981892114170164     -2.806860717845175      8.472827117495459
    -2.119822017218747     -2.806866597236771      9.597623143789859
    0.9497417214788187     -2.806874875342589      9.782942276546079
     2.863567113623402     -4.314460453394709      8.813167981574349
     5.446992001860119     -4.313918568284754      7.497126129888675
     7.497125884452128     -4.313919219984242      5.446991823539673
     8.813408203206169     -4.313911233756071      2.863655216765968
     9.266966827061227     -4.313912529911175  1.328525064746184e-06
     8.813410775269192     -4.313905322872236     -2.863656205141091
      7.50421478229825     -4.295044013978663     -5.452143881878218
     5.446987630760158     -4.313911402939461      -7.49713342868555
     2.861040711318789     -4.331965571554555     -8.805398107105782
-4.498708112125318e-17     -4.295048753572137      -9.27572486084069
     -2.86635136483704     -4.295044083502684     -8.821742552559844
     -5.44698789512378     -4.313910436776831     -7.497133792551827
    -7.504220189988022     -4.295043999236719     -5.452136450454664
    -8.813410552606728     -4.313912809624887      -2.86364561210606
    -9.275725570176062     -4.295047221668415 -1.835424266961666e-17
    -8.821742896446434     -4.295042325124724      2.866352941276368
    -7.490319422789536     -4.331960299772604      5.442035501111278
    -5.452137652120784     -4.295040401428151      7.504221376132661
    -2.866351864053847     -4.295042615114874      8.821743105269036
-9.480467144039755e-06     -4.313916552186206      9.266964954625847
     2.127945265138413     -2.786725224887048      9.601693963001155
     4.981156089944137     -2.808560646765532      8.472696535969645
     7.355557808623178     -2.808556704265376      6.518764764317563
     9.009963290559485     -2.808548722557575      3.926720140953556
     9.782407291569895     -2.808552615975461     0.9502922049123552
     9.597280284872022     -2.808552957224264      -2.11914060639053
     8.472701540968988     -2.808552703859037     -4.981152055186373
      6.51875396708755     -2.808554579787275     -7.355568188693233
     3.926720298017944     -2.808551438506558     -9.009962375502809
    0.9502938503509238     -2.808555664534059     -9.782406256477923
    -2.119139331456557     -2.808556604359692     -9.597279499085197
    -4.981146671163535     -2.808552870448613     -8.472704651044486
    -7.355564936347352      -2.80855008712077     -6.518759572563701
    -9.009965247849186     -2.808554145025441     -3.926711771519521
    -9.782405951170668     -2.808556623576601    -0.9502941587973209
    -9.597284035029128     -2.808545004235854      2.119134162750542
    -8.472708949632686     -2.808540407646694      4.981146386426474
    -6.518763534628264     -2.808547129153566      7.355562554455213
    -3.926720085761853     -2.808550909684998       9.00996263285046
    -0.950305902045781     -2.808559279491827      9.782404047865581
     1.434050248405327     -2.211696288588655      9.876153851660643
     4.390789888697052     -2.243444918904175       8.95401778749285
     6.942834581370437     -2.243443587412774      7.158947152717563
     8.815263140630675     -2.243439912202293      4.663113617676025
     9.824794500902357     -2.243439275148377      1.710821067014357
     9.872606724176594     -2.243442554433819     -1.408941966256303
     8.954019846413845     -2.243440822717764     -4.390787782912087
     7.158944289462282     -2.243442430362553     -6.942837907628551
     4.663110804971442     -2.243442076960815     -8.815264077579293
     1.710822281697017     -2.243439539256157     -9.824794229078323
    -1.408937811777242     -2.243441155250277       -9.8726076350199
    -4.390779179981387     -2.243439222439037     -8.954024465984205
    -6.942833964596376     -2.243440343055325     -7.158948767576031
    -8.815261386069094     -2.243438396072018     -4.663117663954943
    -9.824795076055169     -2.243442241040126     -1.710813874803029
    -9.872605830216472     -2.243441710658745      1.408949573842829
    -8.954020677086937     -2.243438042590148      4.390787509426808
    -7.158952998031982      -2.24343871125338      6.942830129738038
    -4.663122604133522     -2.243439084687176      8.815258597550987
    -1.710825521187794     -2.243443621961827      9.824792732709986
    0.3832473705627262     -1.893648183519463      10.03761592708098
     3.451620106342584     -1.903870818401722      9.431230568590163
     6.197103782200582     -1.903870791389257      7.903018171047673
     8.335963601707423       -1.9038715761914      5.601205168707813
     9.658839788348654      -1.90386721290287      2.751112332898463
     10.03624385610772      -1.90386503415725    -0.3682698494760155
     9.431230738243425     -1.903865413247339     -3.451622624191775
     7.903025381248137     -1.903868618657759     -6.197095254699376
     5.601205720811637     -1.903870332054066     -8.335963514882424
     2.751115124606261     -1.903867747800902     -9.658838887755911
   -0.3682822833986901     -1.903872195402791      -10.0362420413662
    -3.451616661041687     -1.903866738452265      -9.43123265310607
    -6.197098411477984     -1.903867436301426     -7.903023190718073
    -8.335961182643011     -1.903865375236748     -5.601210876589381
    -9.658839088264838      -1.90386740342028     -2.751114658966543
    -10.03624241492012     -1.903869446855185      0.368286312356676
     -9.43122730841343     -1.903868760069163      3.451630149805899
    -7.903019199988705     -1.903866877160765       6.19710367254249
      -5.6012107574056     -1.903865020917132       8.33596134365027
    -2.751123395292827     -1.903865922698559      9.658836891771145
    -0.946765578781777      -1.23874257312119      10.10226050277613
     2.204812016542112     -1.243864286366505       9.90343986190622
     5.157236210358803     -1.243861824548145      8.737404530040678
     7.604830799413101     -1.243864933981799      6.716089935958866
     9.308012770777047     -1.243865128225875      4.037352262487709
     10.10005655491128     -1.243861954634624     0.9634212552076171
     9.903437896390891     -1.243860104994776     -2.204823204048516
     8.737403783100698     -1.243859443185772     -5.157238050181007
     6.716088020630345     -1.243862723613255     -7.604832852438678
     4.037358570315415     -1.243862129458754     -9.308010435489347
    0.9634205802305305     -1.243866676777051     -10.10005603774412
    -2.204822112211291     -1.243864082732449     -9.903437639868891
    -5.157240294849967     -1.243861935275122      -8.73740210341318
     -7.60483328563558     -1.243861948859354     -6.716087673597524
    -9.308009730235828     -1.243862626428203     -4.037360043145759
    -10.10005648900852     -1.243865636615873     -0.963417192322503
    -9.903436772587462     -1.243862622399904      2.204826831644267
    -8.737400747371474     -1.243861067958483      5.157242801442376
    -6.716086694918154     -1.243861537657041      7.604834217197664
    -4.037362823190643     -1.243859493297847      9.308008943078562
    -2.206283884974171    0.03138207292753843      9.980873813147907
    0.9252493319792885    0.03069225997024696      10.17985693162872
     4.025723367807444    0.03069324221714676      9.395697141795861
     6.732119246768997    0.03069256451312949       7.69182318461271
     8.779531922364454    0.03069278599096007       5.23501601398231
     9.967539467812458    0.03069260689382214      2.265773689286426
     10.17985564709215    0.03069248434074514    -0.9252634572653453
     9.395698341269204    0.03069363140166852     -4.025720565369895
     7.691824850833247    0.03069269733453533     -6.732117342412716
     5.235019328903094    0.03069352548642398     -8.779529943173713
     2.265776574629144    0.03069238046773692     -9.967538812626849
   -0.9252596158741788    0.03069314923824603     -10.17985599423694
    -4.025722677662474    0.03069283157696587     -9.395697438839942
    -6.732116770397027    0.03069268875107389     -7.691825351512861
    -8.779529301719169    0.03069351134322076     -5.235020404754462
    -9.967538724327246    0.03069237596911584     -2.265776963135105
    -10.17985586098983    0.03069316585328746     0.9252610813280842
    -9.395696746431147     0.0306928514268205      4.025724293534525
    -7.691825350423603     0.0306932358161568      6.732116769147395
    -5.235019692473875    0.03069199284444136      8.779529731743358
    -1.496586703799212      1.470498712127309      10.00421797369604
     1.604227484050873      1.488066150538904       9.98492006981607
     4.611224628759884      1.488068540345088      9.000487483016302
     7.166835788492691      1.488065118551456      7.135029255252596
     9.020912241014958      1.488077174833859      4.571135980390932
     9.991957318413144      1.488068085144947      1.559794156471511
     9.984919416588172      1.488066941069253     -1.604230816533871
     9.000486637128326      1.488076272183611     -4.611223784703814
     7.135025067187103      1.488065232191547     -7.166839934373726
     4.571140917995326      1.488067179389355     -9.020911387827324
     1.559795292009045      1.488069777470715     -9.991956889117583
    -1.604230700337143       1.48806925957405     -9.984919089726572
    -4.611223721524211      1.488068321301691     -9.000487984035663
     -7.16683795311953      1.488064031896779     -7.135027307605781
     -9.02091129818289       1.48806722946743     -4.571141078601825
    -9.991956710954121      1.488070027902974     -1.559796194397017
    -9.984918917205837      1.488068864684613      1.604232140421347
    -9.000487694131841      1.488068133348342      4.611224348031018
     -7.13502651232492      1.488068747348067      7.166837765790854
    -4.571138979600184      1.488061461080666      9.020913313340611
  -0.06203727868753139       2.25333163190549      9.970213810259375
     2.906305867572606      2.327525328908103      9.519586521324539
     5.705782729053779      2.327534542201615      8.155558956519751
      7.94672224408796      2.327523387721568      5.993225837936222
     9.409790432425797      2.327533831572611      3.244217281609298
     9.951760674151583      2.327534687877172     0.1776436059029125
     9.519586029842225      2.327522923538979     -2.906309403765007
     8.155559496249099      2.327535305852896     -5.705781646078738
     5.993209929411153      2.327536263592314     -7.946730470655836
     3.244222488362162      2.327524655754376     -9.409790906945823
    0.1776474645705752       2.32752845730402     -9.951762062486784
    -2.906319194259757      2.327532015231445       -9.5195808179105
    -5.705783197179248      2.327528722936518     -8.155560289782184
    -7.946729224675046      2.327534033339237     -5.993212447671342
    -9.409791288611935      2.327524134267065      -3.24422175548265
    -9.951762124026828      2.327528222218499    -0.1776470971927537
    -9.519580771733196      2.327531817849217      2.906319503586406
    -8.155560272547566      2.327528698551593      5.705783231760754
    -5.993212813168476      2.327534362492789      7.946728852620309
    -3.244210844941104      2.327527123057483      9.409794310960145
     1.123757443944129      2.634519381098531      9.812389735807274
     3.981749509061037      2.774381023473522       8.99638795702263
     6.566908915189597      2.774386420003288      7.325640093649451
     8.509245202616981      2.774380961975142      4.937820556596741
     9.618642246212932      2.774385829720029       2.06664464695703
     9.786498377445607      2.774390472560596     -1.006837873542252
     8.996392409829468      2.774377764494319     -3.981741719125172
     7.325647657043726      2.774382524256573     -6.566902123796964
       4.9378068704534      2.774387583012728     -8.509250985774692
     2.066629862051822      2.774387078629735     -9.618645062626422
    -1.006824709222649      2.774376703042676     -9.786503635317997
    -3.981747439355472      2.774381555600903     -8.996388708960238
    -6.566905998176808      2.774382405603444     -7.325644228883021
    -8.509251220208494      2.774391282953222     -4.937804387582913
    -9.618644326424011      2.774380757000431     -2.066641775082588
    -9.786503587385285      2.774376946267639      1.006824504912948
    -8.996388794469238      2.774382740774581      3.981746420356277
    -7.325644303052583      2.774382627464298      6.566905821706075
     -4.93780496878939      2.774392313934262      8.509250546796757
    -2.066640463983214      2.774378980423963      9.618645120555625
     1.979722874671349      3.150996934554658      9.520421794621798
      4.82480604788279      3.151006847326304      8.442684285107196
     7.197606731616493       3.15101491616198      6.538507308605937
     8.865843271228453      3.151017841710921      3.994299080040478
     9.666223421970468      3.151011123215894      1.059136038240064
       9.5204108620432      3.151014141443937     -1.979748061721441
     8.442677229773132      3.151008131923663     -4.824817554685444
     6.538514254747033      3.151010543335672     -7.197602335905819
     3.994331645397464      3.151004599633609     -8.865833305969824
     1.059120460828831      3.151014937575803     -9.666223885375688
    -1.979744692563314      3.151010114495436     -9.520412895468057
     -4.82481721504611      3.151008840446882     -8.442677159432302
    -7.197601774772141      3.151011696553916     -6.538514316689757
    -8.865838262739596      3.151013862382757     -3.994313336181055
    -9.666225242241893      3.151010840317256     -1.059120267027503
    -9.520420637515659      3.151001336216391      1.979721433310266
    -8.442677059155097      3.151009850509809      4.824816730859939
    -6.538514402995309      3.151013303350069      7.197600992936006
    -3.994313406016407      3.151014209052956      8.865838108066466
    -1.081160536140844      3.217894083500467      9.641720025599371
