0.01941973902626138 0.2197282720235986
0.09950478457810503 -0.1157496249371863
-0.2151758818541669 0.006464165445047649
0.0694219264970886 0.1696548693437373
0.06418679798078503 -0.157938870043926
-0.2176942932305684 0.0308583790777314
-0.07520668887021534 0.1625289300121601
-0.004856883414900582 -0.2150880546070491
0.08093475293980268 -0.1965904243982682
0.1736379516531682 0.0333086812503172
0.1053883938665897 0.1276618052493646
-0.08970399601983625 0.1232638039584996
-0.159314107008119 -0.007299467503056973
-0.08227340541394029 -0.160003082129953
-0.06300986008222825 0.1590805355483
0.2141208681064252 -0.04382511893147377
-0.08674480900027826 -0.1277971905273868
-0.003918375862156254 0.2143152722001085
0.1884365312787252 -0.03083234836245097
-0.1665244685967917 -0.04980951252516889
0.136274323933811 0.06888890420426694
0.1444800650149093 -0.1140508318677977
-0.06782416634695025 0.1466852583906692
-0.01475164115593416 0.1521354989686525
-0.1766256675689883 -0.06355063641948347
-0.1427082253292105 -0.1252849998503119
0.07349743809121569 -0.204684084433166
0.1843918823528732 -0.1243836286832661
0.2044945709349746 0.0804095041665062
0.08793761734044436 0.1894034968657535
-0.1025684845509086 0.1529616723913937
-0.1657630207148914 0.02830789543681105
-0.06738294656066633 -0.1369716595977618
0.05230091133480369 -0.1455945703976176
0.1782661195274854 0.02373940818124684
0.1412708672176874 0.1269708751090253
-0.1111846898486396 0.1905935955666432
-0.162574680985517 0.1488740745797739
-0.05226986026464825 -0.1857603281028552
-0.1558964860822006 -0.1528460498840877
0.2035896285234608 -0.08871954197181338
0.2209727694571644 -0.00583842099195005
0.08711912409117067 0.1785508119721999
-0.05397366120052324 0.1748291065737426
-0.1581275917154523 0.02374663269738055
-0.103831880171408 -0.1121175541666311
0.06336011527439711 -0.1485194204466943
0.1755737446280653 -0.03829949868181126
0.1509254333081178 0.1341001638775234
-0.003684114530102395 0.2175950060455655
-0.1728656638144717 0.1419881162733176
-0.2164541199234523 -0.02907916803854406
-0.1034400882652293 -0.1733704629458223
0.06180176999501926 -0.1708046739024686
0.1581418452940219 -0.02887395861557864
0.1015382827192599 0.1141830240175316
-0.06262564898400684 0.1484770817358763
-0.1728834007771902 0.04345522240368458
-0.1384632874059981 -0.1511256320046843
-0.025539977849889 -0.2125674145185362
0.186932051516906 -0.04117897444571957
0.1776308214516937 0.1064870303886304
0.02657175960775753 0.2199270755035003
-0.1454359565437475 0.1697731412838115
-0.2140836164511674 -0.0002248584546413052
-0.1258223355342495 -0.1504138608634788
0.04495698392197371 -0.1678574984393102
0.1505147890216521 -0.04523836367825695
0.1085975961101474 0.1092429754374884
-0.04521079833870506 0.1603800620576845
-0.1785671142017287 0.05857492173407158
-0.1741311709452736 -0.1140043606112472
-0.02756841023906066 -0.2196058705354866
0.1464875848443029 -0.1689050342731133
0.2143883707162566 0.0002490143424600036
0.1247038414842173 0.1515476354067524
-0.04348182018862614 0.1689841918413358
-0.1506322672008167 0.04564682712113828
-0.1069620109788067 -0.110867272549808
0.03756304540769986 -0.1608185756480943
0.1522869914181719 -0.02202534534576784
0.1028836598430305 0.1227583108227024
-0.05625122355313968 0.1699833413751971
-0.1906380153208229 0.06326375169828755
-0.1848653892275058 -0.1149340324528902
-0.03738131926209484 -0.2215176743245553
0.1387567094523269 -0.1708108532946329
0.2051245592371284 -0.004848348830028333
0.1158977019201329 0.1429636131445241
-0.05028738692828949 0.1558481157044886
-0.1511524898839121 0.02922372525875714
-0.1018288113692666 -0.1236969730683272
0.05674235835874488 -0.1696089418294208
0.1904313432307139 -0.06281918474940457
0.184332565899752 0.1153532190995828
0.03638072592061733 0.2216592717088709
-0.1386456649411414 0.1712954549427385
-0.2055449241671214 0.004394270531167054
-0.1159024716214471 -0.143501139967776
0.04891354085660773 -0.1568280491827176
0.1871722672268494 0.02271411490340196
0.07964864882804665 0.147686417921545
-0.0822964456465458 0.1318153809121121
-0.1583886323677469 -0.01102494117641533
-0.0805899005566755 -0.1563343083445036
0.08914773326028913 -0.1765673805333789
0.2108832970946945 -0.04681167525230602
0.1815089388818247 0.133028343550343
0.02092702802483117 0.2217200490030039
-0.1457020230687535 0.1505497855884897
-0.1879911879815256 -0.01944885360829367
-0.07966032922326907 -0.1478473982503596
0.08252091938115383 -0.1317388105797411
0.1582049936430127 0.01081922769800614
0.08036092589453191 0.1559813067652678
-0.08916389472585937 0.1760279835111355
-0.2104328932570773 0.04688634335416765
-0.1811509636801651 -0.1333638495241635
-0.02042978247712337 -0.2219416117331044
0.1460887398225782 -0.1506593610620589
0.1770487289462237 0.1399318232973601
0.01234368855726208 0.2152946420858647
-0.1450439822392341 0.1330582189125302
-0.1711070817774393 -0.03619249587754923
-0.05145506782486912 -0.150118711262617
0.1070656547276451 -0.1145676943613194
0.1659024505674161 0.03882686010324655
0.07003937211910535 0.1785366130188084
-0.1062305589548563 0.183331478317608
-0.22049256392528 0.04120646992691521
-0.178192002286069 -0.138525924105197
-0.01223008308416224 -0.2154456989691916
0.145527090910808 -0.132911972852592
0.1714775480957707 0.03622302738710522
0.05186345712905407 0.1502026631833322
-0.1065069105119527 0.1148821606674191
-0.1655589340791225 -0.03783473876304514
-0.06999594862572117 -0.177933617742177
0.1062258622354442 -0.182898908059293
0.2204306556342434 -0.04083251987309919
0.09118308046583601 0.1773211578545206
-0.08547462594619436 0.2003160229423569
-0.2157716835142089 0.07057362536912615
-0.1939508644843166 -0.113585380532038
-0.03760840272427268 -0.2081944378213416
0.1267756529629143 -0.1428150683896035
0.1682870538662074 0.02210901669626118
0.05951419204357385 0.1455368409804659
-0.1021520360361159 0.1236632406206391
-0.17548381527893 -0.02587761469896462
-0.09199594473979932 -0.1768276957399969
0.0855970436294814 -0.2001137026605755
0.215910645985533 -0.06999844479565497
0.193874260575188 0.1140011587732012
0.03745860014788555 0.2086003209900044
-0.1269237322631098 0.143407784187278
-0.1689765022153554 -0.0211327429399928
-0.06039240708206228 -0.1453332814420753
0.1015089886660136 -0.1238787959322451
0.1751496811589587 0.02540061338687672
0.09188363807063477 0.128272062068073
-0.07108466794980331 0.1453601653860842
-0.1785428824470051 0.01713722553354514
-0.1336364734977468 -0.1507000319982215
0.03436124087460944 -0.2167358548572062
0.1931332473790417 -0.1213656829495537
0.2160579511664884 0.06350104986829819
0.08668196409872611 0.1929286373127107
-0.08882619312588738 0.168798041562974
-0.1687113875257337 0.01797343489223597
-0.09188776348689111 -0.1282530778658629
0.07099552035908641 -0.1452815973522493
0.1782948105582531 -0.01695285306461184
0.133328776618317 0.1504436670120782
-0.03452478468213071 0.2164056271615907
-0.1930781414108867 0.1213097319553058
-0.2164538574436306 -0.06310354268026601
-0.08701732078634664 -0.1933183768605658
0.08875502358123916 -0.1693925016098551
0.16900527626013 -0.01888510832266733
0.1373383620564513 0.1623369573359747
-0.0388167678446226 0.1876380561609003
-0.1576797907412041 0.06467290531056931
-0.1244539590456765 -0.09787638609875798
0.02815665356321077 -0.1597148086951679
0.1672038195051562 -0.06562570232720628
0.1699654822087782 0.1086545292688115
0.02640348224731317 0.2182200829940866
-0.1527679795852596 0.170120958238773
-0.2259786847084508 -0.002135189803107793
-0.1366819868867514 -0.1626625623351181
0.03912186686448271 -0.1877690701327664
0.1579276144068411 -0.06465601996097546
0.1248694006052911 0.09749855466025059
-0.02757180720040762 0.1595594170683997
-0.1664975381038939 0.06600795898664032
-0.1699143826853939 -0.1073887956417528
-0.02639457613098148 -0.2178208014917021
0.1527422219884992 -0.1700466866142374
0.2261818004162041 0.001414152419320192
0.05966132950938752 0.214870029102514
-0.1252224069863473 0.1920968108316063
-0.2214466576751009 0.03221162654023546
-0.1553212072418656 -0.1382364024907456
0.01460057132062063 -0.1856585716475124
0.1465068650146681 -0.078932076952048
0.1325866097054354 0.08572654896485121
-0.01212930916377347 0.1652103966409631
-0.1628290407161868 0.08794389940600519
-0.1879854014384929 -0.08618529401830494
-0.05918498978189252 -0.2150976644969219
0.1256845705427148 -0.1917905378539468
0.221660465369952 -0.03191932938133071
0.1556531937461494 0.1384794165398985
-0.0141153175143359 0.1862688045364849
-0.1463517651251687 0.08010680583518867
-0.1333159907849753 -0.08462641507958553
0.0109265695374877 -0.1648157631880246
0.161805023650365 -0.0885660158903999
0.1879273331890613 0.08524301218277153
0.006399675217193798 0.1690823492409502
-0.1543679076211951 0.1113267378617352
-0.2028413144788642 -0.05963643408129206
-0.09186868792871057 -0.2059595666641547
0.09483160143553834 -0.2082303644510954
0.2111975337168367 -0.06340117405907576
0.1687180081221626 0.1124768484614284
0.007862385134016315 0.1805179595261339
-0.134809419087675 0.09126093898873165
-0.1403563718636911 -0.07274226523665676
-0.005981804631616607 -0.1691869340436323
0.1543982721167481 -0.110931343161683
0.2025356944141571 0.05948354356789942
0.09172926210746642 0.2058067917341208
-0.09457369961062566 0.2084236228630829
-0.2114011879610938 0.06409887811990762
-0.1692274114990296 -0.1126672002136873
-0.009052162895105909 -0.1811901067798306
0.1341072481734039 -0.09301846596746798
0.1408064591039537 0.07170966895878621
0.05899730168860335 0.1710684191699198
-0.1033475101032336 0.1254016224781883
-0.1544758323657702 -0.03096267948137026
-0.05197165271905282 -0.1605140417945955
0.1177200781549052 -0.1485608145630074
0.2105829796150688 0.002011883326636703
0.1442519396227405 0.1723600723743929
-0.03422128030580916 0.2256534936231755
-0.1855668098595613 0.1184285282392137
-0.1929691192886294 -0.0618489528427084
-0.05774603310728465 -0.1712305749323683
0.1035690099626522 -0.1253757362222021
0.1545288667461178 0.03038681379309635
0.05242262103407764 0.1599682608611815
-0.116799172904998 0.148514184783633
-0.2100587654505301 -0.001463476412201601
-0.1440322036000282 -0.1722251582166837
0.03386222133884038 -0.2257804400732145
0.1854423451391877 -0.1193783288055062
0.1936517928574972 0.06126883173323334
0.02389767646350728 0.226008962672529
-0.1493754584360458 0.1595452936348471
-0.2000433350585729 -0.01328995632786499
-0.09530545962768444 -0.1509089327828948
0.07121866946220959 -0.1443892139269824
0.1569074580609116 -0.005343474100640776
0.08816189558946314 0.1440203719227414
-0.07919212724656674 0.1725938325379415
-0.2049751968743054 0.04863969664867539
-0.1813536473935766 -0.131971572174822
-0.02183352372777604 -0.2261683204024628
0.1499821277820276 -0.1591491444036528
0.200439652905526 0.01320647341647767
0.09592630191993264 0.1510736997372711
-0.07046469976537603 0.1451191338388158
-0.1567497071039944 0.00646172083088933
-0.08846315797171272 -0.1432797955569069
0.07823241353532137 -0.1722743098337765
0.2043019712451419 -0.0491679198961658
0.1814960928553152 0.1314252370317421
-0.05972484112529643 0.1856756009601473
-0.2013311821586057 0.07504470357795379
-0.1977411937106476 -0.1083067130953775
-0.05016455688842816 -0.2189843463835859
0.1258730322627101 -0.1714969721926054
0.1926705160380856 -0.007852375557814678
0.1033356013564304 0.1365890373030141
-0.06095150152061633 0.1448241171145161
-0.1575695648579043 0.01432658330703285
-0.1021361375636233 -0.140573247499222
0.06255632132399883 -0.1852494496701574
0.201392616320799 -0.0744093012169143
0.1976501616600281 0.1082561569583658
0.05003729588249298 0.2191618286863239
-0.1260146219892856 0.1719389391895558
-0.1932539561809127 0.008209931784337477
-0.103979646171999 -0.1367412602988823
0.05998776468129101 -0.1454742314420556
0.1572167452508134 -0.01536358741216011
0.1024970328099117 0.1397225669133155
-0.08142231484614312 0.1318647186571608
-0.1665662171902235 -0.01317528930880438
-0.09206515149410914 -0.1640390120178349
0.07980846819655421 -0.1928753548957771
0.2113742538271132 -0.06897120882941164
0.1943060847017243 0.1137797586282577
0.04096319505525176 0.2126503850089047
-0.1268797601165299 0.1528144341096262
-0.1764029862327805 -0.01107677107428137
-0.07499476899943175 -0.1405889100817858
0.08615245224191705 -0.1290235775556008
0.1662956965918599 0.01276390843844625
0.09241057712898947 0.1632403646994365
-0.07979644333016433 0.1924577643557937
-0.2111646810331371 0.0688646203105525
-0.1942034664263797 -0.1141035416668364
-0.0404783611609845 -0.2130854954229262
0.127015092565057 -0.1535337593068246
0.1769748724097824 0.01078478720242245
0.07535889756487708 0.1406769655273774
-0.1269772768407145 0.1308156089791674
-0.1534385679743407 -0.04663552618965351
-0.03257061413046715 -0.1504241580479811
0.1224420913408407 -0.1079463801031553
0.1765656667286873 0.04928252275367318
0.0762008382027257 0.1899239875714719
-0.102469904263497 0.1944423854603112
-0.2184382247618452 0.05258956881593914
-0.1784497529937848 -0.1252435175784269
-0.01773103088734056 -0.2008507878730956
0.1339293537649955 -0.1202288510746679
0.1548046874336893 0.04397055601623495
0.03393614842744332 0.1500860734715577
-0.1221785884977409 0.1077994697591901
-0.1761428233326098 -0.04855610977785091
-0.07579333996480091 -0.1895937265575822
0.1032451188982702 -0.1937912755578193
0.2184219285277549 -0.05276163057695103
0.1784787068834799 0.1257182135116432
0.01457025165410253 0.2010553670386972
-0.2041703708907693 0.09032560464827166
-0.1639061164467473 -0.125573949724917
-0.01683231253660175 -0.1878176498308426
0.13071999634319 -0.1036122867359998
0.1434103452533209 0.05655358564303806
0.01651245190740885 0.1561876216726855
-0.137229734296864 0.1062494487989673
-0.1871584481245409 -0.05744503820227999
-0.08169958460788372 -0.1978299008083276
0.09865607752416643 -0.2004622017999969
0.2135666494691517 -0.05905917430250088
0.1727044668927416 0.1171472555529186
0.01515579287807406 0.188047671401109
-0.1309374489087883 0.1038788588582612
-0.1440045720867105 -0.05547099083886396
-0.01670553869464633 -0.1559512584218584
0.1373573568659659 -0.1055742381584881
0.1866945718465912 0.05728589770406693
0.08414696842720572 0.1959952970269161
-0.1124471026358195 0.1934644507945454
-0.1756711370116749 0.05750348224381641
-0.06781708631300698 -0.2112500094005116
0.03783795520621627 -0.2201079476959301
0.203208848853776 -0.07431951776161
0.1857640858059631 0.08225719343827079
0.02661888388947341 0.1768140027894892
-0.1135174819625619 0.1147370342919173
-0.1436840237885932 -0.05198167522001589
-0.0305143988393185 -0.157991508705751
0.1328538816337524 -0.1228396826766831
0.1993366610644447 0.03149542984268042
0.1077315793163322 0.1898989486589542
-0.06569268854623438 0.2138351741791018
-0.2014346199412396 0.08182176852662663
-0.1843914175120195 -0.08501565832007832
-0.02647087251191228 -0.1772010515023532
0.1119287893368087 -0.1171716022575564
0.1400353960627509 0.06140386712833133
0.05432388680675419 0.1480177325361517
-0.1748568211948716 0.07902680609124198
-0.04463381259309415 0.1695889120593496
0.07388868477310517 -0.1735019454012083
-0.08486848708496306 -0.1292750644156332
0.2042002146621649 0.07270466819475035
0.1903882402193135 0.09211468398665182
-0.07289023920471084 0.2084318480595249
-0.1558008535477665 0.1529480878563001
-0.1735324868660899 -0.07971526372127868
-0.07466191562646289 -0.1607646514373122
0.1101048257154011 -0.1096869032415364
0.1519160702347262 0.01573475483069931
0.03399628928853717 0.164900358330671
-0.0950666367345373 0.1555916422670363
-0.2092247710387958 -0.02571307013767119
-0.1683967567160121 -0.1370252205628564
0.07081946025850661 -0.2094639222422498
0.1322826470126731 -0.1771582216307598
0.1297774411731621 0.1240494519420847
0.1817205271849674 0.08767707599087388
-0.1539447939116083 -0.0239645956070995
