0.02499534756990079085 0.009228998765836366955
0.02607008506625566394 0.001164763042001545554
0.02521782308140726667 -0.006972765945786501759
0.02164371602326143479 -0.01401988094204907609
0.01668209477409098376 -0.02024116980762858536
0.009958120656238952928 -0.02463860707834973976
0.001409348209013160666 -0.02625882146110076684
-0.00687762244054100115 -0.02539548515061689285
-0.01476353322470464434 -0.02215801672405395481
-0.02048697133837129591 -0.01647180556190124684
-0.02464540476660856405 -0.009451493477248043215
-0.02634523799155431487 -0.001323959087832058019
-0.02562175035229373454 0.007033447386215737306
-0.02225697133066390637 0.01462861647238459378
-0.0165755337952459593 0.02056288041915676004
-0.009207244906213317773 0.02428867077964515925
-0.001016878006393332617 0.02617834731992536856
0.006962091218644488044 0.0255985123360029411
0.01433229153549025504 0.02201700417957593026
0.02060839205471010419 0.01632824943518078678
0.001643247299120268292 -0.02508661097347176377
-0.006898915586110720109 -0.02522256095994778249
-0.01465543995837365748 -0.02244120749680855731
-0.02122529139950960972 -0.01704356069133483587
-0.02389168101301139546 -0.008989896847084229842
-0.02562318980279748581 -0.001110870986225284945
-0.02587990597956359856 0.007513935696179704395
-0.02317744491951557323 0.01484895272429496635
-0.01678663603611879954 0.01974331254302351055
-0.008977686861878844682 0.0240212710427933733
-0.0007848810877474884972 0.02721994904788206313
0.007199342758360564518 0.02675511667627380671
0.01376102782526431555 0.02170535004458119463
0.02052750552869487752 0.01586300590154072002
0.02546868145616103946 0.009203397085076246709
0.02740798451328781485 0.001501933972138472803
0.02440750450286099243 -0.007574351137444734414
0.02129203748513974065 -0.01447101486456490657
0.01663539303460833188 -0.02131891694740335741
0.009453647251438821938 -0.0253874959832540957
-0.02457290631798753414 0.008213657286352878117
-0.02419913507914438211 0.01442826373671631836
-0.01780593784526214932 0.02073583738652451033
-0.007324666237328019726 0.02374906694518530773
0.0005170725687050764519 0.02620608770850885172
0.006919901653064619747 0.02736052788545572864
0.01491669872920039532 0.02605802440988199895
0.02056320109107991415 0.01519486559468586837
0.02516663670394768057 0.007523160427686625788
0.02829623388565800576 0.00226567683055116072
0.02827922071778572397 -0.006957265093338565846
0.01939732740822771445 -0.01495478168262965625
0.01498096549725907133 -0.02252411473754958524
0.01087886245684944672 -0.02656113709252529848
0.001966681951090303374 -0.02862264475389429685
-0.008178122929689089077 -0.02370941052494339452
-0.016331434949275251 -0.02091237835439970286
-0.02184737594160336346 -0.01892443338876351189
-0.02591433616317055308 -0.01041276036337746014
-0.02360534036568566474 0.000716866627559785744
0.01126419856270032514 0.02231535238395862888
0.01397859940777071604 0.01705807201657288594
0.01651355922150148439 0.006616600302112112496
0.02624514945673828148 -0.003082673351986304003
0.02429544819980540907 -0.004690693579538786004
0.02186432876041241244 -0.008354269361120861617
0.01250946747434991332 -0.01598502848932741721
0.0007748693651372715171 -0.01572252767479472707
0.002454674112095096665 -0.02647300814433191721
-0.000647471982749804869 -0.02220842963580047652
-0.008088031637104073357 -0.01419052730412743123
-0.02359923441884916387 -0.01198784486778138071
-0.02263049200009325038 -0.01053749263693660489
-0.02191638513160077198 -0.006605107838794080019
-0.0157843940051091286 0.004036277235313506101
-0.01874681205052975905 0.01926105358387507349
-0.01797082660056503398 0.0180637439155306688
-0.01263704362923002977 0.01980241053188828287
-0.0003178458345040880415 0.01604891609855832457
0.01185162574319924972 0.02404157910442693627
0.01078298917257380918 -0.007252904916749964258
0.004507053338591518118 -0.003133736677225558431
-0.005975998962597896084 -0.0191693035744546908
-0.003935621102025829883 -0.01496841485184122016
-0.003627151147086204227 -0.01409253020348797888
0.004713625845493138108 -0.006789699579732177796
-0.01952831827144943522 0.0003307035207873184972
-0.0177790011121989576 -0.0002178384881641892582
-0.01455054513452145974 -0.002393794349370773934
-0.00381324523524053131 -0.01192513977444657237
-0.004070613738493364386 0.01473272641228497853
-0.007028221705787941406 0.01800636676527386792
-0.007875492562057891111 0.01490557552738256721
-0.004853188299934928923 0.002096436019466664524
0.01486586973314627143 0.01016219378450214372
0.01391377450670810458 0.0126634471604629411
0.01092963515193793624 0.01174846834405212335
9.80100520967247665e-05 0.004155679466810732227
0.01637785872271123669 -0.01279754034594920639
0.01418265366570063343 -0.007997241813466110863
-0.002222728111027562781 -0.01344443894253977492
-0.01037880958142840294 0.003971769328304636075
-0.006297135551075063765 0.01568213141035401312
-0.02133186145891393867 0.005615079059483626608
-0.0145856746983852037 -8.826708265730419227e-05
0.001520455825287691685 0.01304990663766186082
0.008895231011970370846 0.006431753138242577231
-0.000734556401767414509 0.02053923920313462451
-0.007744481015046754749 0.01606844702507530601
0.0160542243149469771 0.01097810238564840904
0.01246849582042702451 -0.008852917634577106218
0.01657333041163258636 0.0009925156310077007556
0.01443940782800508076 0.01236014152482256198
0.01314675727192255068 -0.01042229414066892478
-0.004503125852921155761 -0.02080835289058544785
0.007064337669257794543 -0.0153651536109835167
0.01434409666757258985 -0.008148085751087118939
-0.008359707892592214626 -0.01714886991220841705
-0.01698541171558309512 -0.006743549740782419505
-0.01134765137761561092 -0.02062819921642126617
0.0003720914086420747265 0.004019149243657826193
0.0004974735656424929264 0.01715314889198806675
0.004127261837467227634 0.008335518055761484066
0.006650759047478656434 0.008932797340401274142
0.002669661959840950033 0.005411242382366187459
0.01551198668482033603 0.004449259553269886182
0.01363886105058551013 -0.001522323907106732949
0.01259606255478828811 -0.001698160327986287209
0.003422133979671857472 -0.001324282022268771656
0.007952513800830292301 -0.01379873287726102009
0.0001674830894404329877 -0.01363539333680715247
0.001252144755800672004 -0.01449879127676821991
-0.002602545572924512031 -0.003476513765226446097
-0.01254439532057130893 -0.0106680553532398515
-0.01212987530686345655 -0.004247107028934314979
-0.01112213325778638358 -0.006859811623776525605
-0.004482120678341034413 0.001043045888852291072
-0.01288236088033446573 0.008198380305729675854
-0.01457031810032083548 0.01260254853155136703
-0.004682918827694644917 0.001854490692200993444
-0.01374797532518941962 -0.009037480781009174513
0.006376246245369579166 -0.02072230609708865592
0.02264332441994276052 -0.00421524140802013135
0.008849207893033141786 0.02252026038060643554
-0.01368905861961208954 0.0116970032915179132
-0.01876751824257907875 -0.01223124423850037966
0.001452583237411690696 -0.02455622552785287349
0.02440287505373279001 -0.005119368527390608624
0.007955160074380948632 0.022230512397160479
-0.02095885212192889757 0.01902119834119180009
-0.02701965029019466266 -0.01064816804972829913
0.005191175184327350388 -0.02750812090832704948
0.04457014425990016293 -0.00305433828220022692
0.01434091382588683315 0.03064496749771325121
-0.02155465639034771438 0.02306966874636537726
-0.02812959663716941422 -0.01613103014956081271
0.008805997125240029588 -0.02647714374540374727
0.03499379706436314685 -0.002570913590336666461
0.01004996449990208998 0.02241690210800975983
-0.02043779348028253173 0.01622919279441452367
-0.03680105723948755292 -0.01400938130902126474
-0.0008730088727325411701 -0.04430961382195586912
0.03866705103189355813 -0.01385540582164137072
0.04507235340252173372 0.04830323498206483962
-0.02061624158541069257 0.0347955870171142434
-0.04467594141061594082 -0.009763005177142283428
-0.003731619844453944526 -0.04635515961068568253
0.06642511318971811018 -0.03062762137363525886
0.02657713034480727043 0.03421461926887033045
-0.02431812770630772252 0.04343544493733860618
-0.0485054475779557806 -0.01076718533239264496
-0.00897995122413290138 -0.07999079880325050962
0.04455533986598071011 -0.01733748781916226445
0.03165431505497213333 0.03761217031563334617
-0.02837983473819609415 0.03835655198316531567
-0.07715527841079618254 -0.02222628000564205036
0.001315442852914285423 -0.04849696290997095732
0.04279450720661884255 -0.01475511172034219345
0.02666480206944959325 0.03814407797582224785
-0.04413793309530595482 0.0547104414111520207
-0.06055506432073694267 -0.01095066066943860793
-0.0109899473268924696 -0.08849872338720742027
0.07596048769006813473 -0.0375058103203553192
0.05689929422101588224 0.06421433463667158836
-0.03264787165962874244 0.06924824265929452327
-0.09288927966568213956 -0.00992252282269103815
-0.02345612924347388259 -0.09153803604735935573
0.05731597594910280841 -0.03044124882255764414
0.07616713129186883369 0.07038038226119421037
-0.04356028957851670186 0.09641350454767932954
-0.1047667318726126784 -0.01390458489168654513
-0.01011349111205464904 -0.1020150977982243606
0.105689557468478787 -0.04973099289260893285
0.07922914486933639588 0.08087621404724382179
-0.05190781317309337006 0.09301470326172739389
-0.08432290916916466983 -0.02568763471796446304
-0.006063091622591320132 -0.08224339988823801961
0.09355056759672696065 -0.03379346251788867966
0.05901118493559583816 0.07301741264562922051
-0.04849456445575518054 0.07638171803373922097
-0.01754714452494960525 0.003118733879783788191
-0.00859753929430630108 -0.01622605817164332956
0.02790737303957925575 -0.03313277878315740166
0.04331620924600129707 0.008500288649991709702
-0.0009495870242101515707 0.0183168626948536882
-0.01843473043661966043 0.004987140928803052847
-0.02779686076479366205 -0.03869144281620136294
0.02625839288538550642 -0.0476251534066508414
0.01117455562772203155 0.002704579086732526467
-0.001491583443031873225 0.0309087856770000613
-0.05371123658544629809 0.0185849367662028718
-0.03806681329149345927 -0.04349803773536613238
0.01416301978818445932 -0.009852705304531153563
0.01446455244706890998 0.001644526701592940532
-0.008201961530476434281 0.06414211391124308159
-0.05419865540527164793 0.01728772172665287224
-0.006098348697165207472 -0.01016791875863391065
0.02760293747466354211 -0.02666235207213566577
0.04579509086659553502 0.02027376513318286666
0.0003315726691084357343 0.04542750862351258023
-0.0678438745159987977 0.06184814170775979753
-0.07281965658949425546 -0.03653388780487008825
0.008860937531476315368 -0.08606204321001102719
0.08365407110948096248 -0.01525412295746787425
0.04779086350639265984 0.08297376653409048453
-0.04917152883313707923 0.05722794840552624523
-0.09154349219133048332 -0.03244571484370046416
0.007120040709137695836 -0.09600652765378020481
0.1009447403912197422 -0.02870600639899715048
0.04545018418199491678 0.07400103112113838588
-0.07054104049767954965 0.08507469258525306166
-0.09814809688346509686 -0.04485007333201507934
0.01626652521381673558 -0.1147803776122088421
0.103006817293288408 -0.01778330108720716993
0.05385391885472758794 0.1031738485242569281
-0.0768223429314735945 0.07235356988045538174
-0.09407832497867700539 -0.05012421629145388108
0.01405520678252480428 -0.06908061555327306424
0.09917558136710626082 -0.01252685313670804344
0.03597931326700824078 0.08305296107092380309
-0.0278383576532952072 0.02752026717248894777
-0.0423390320602461262 -0.01835982714262771737
0.003695179113560812488 -0.04617296963186582476
0.04519032936217692864 -0.01637772513948248035
0.02506551156950225651 0.03500451128250089278
-0.02249919400740743244 0.03355832361184948875
-0.06568755160214746758 -0.02325729947358234212
-0.00635188909981951929 -0.0537258209706336573
0.04074496974024181123 -0.01352929197820221079
0.03122499920068571092 0.04314591063960254713
-0.04582547738269052845 0.06320823214076888574
-0.04790337305723078171 -0.01652734082226200649
0.00355171087897233808 -0.04960327344304781699
0.04436306657667855174 -0.01208396581323011899
0.03239443584212479271 0.06138342697131669856
-0.03272891443396319655 0.04131021704303822206
-0.03968927781269944444 -0.01996983517262837168
0.008231929208569958856 -0.06340950246383858513
0.05901720468826723159 -0.007184500811211291631
0.02494878992133799794 0.03933842138007692668
-0.006085882306084688768 0.01388687275019700323
-0.03449510865309341617 -0.00436890136415384045
-0.004137107089809607778 -0.0162322784959756071
0.02920448462595828798 -0.0165807519116673123
0.01417935655136805251 0.01155229409729568654
-0.002881292421588204592 0.02261426375180491596
-0.02376219074291563774 -0.001247805056955136622
-0.004693111244161872822 -0.02464474462251944886
0.01806637945427360184 -0.0131838397497599201
0.03405849282242634501 0.02563147946628533194
-0.009804949569921846131 0.02381368074731748594
-0.02809264166378637809 -0.005433807126712856921
-0.006082504950252994209 -0.02599199019170338187
0.03764701458483010743 -0.02217990136062806053
0.01792055081355412374 0.0187976196173890546
-0.02594942749575737673 0.04721437363723960529
-0.01785367341915490916 -0.003140664443871010302
-0.004877845897910016749 -0.03987229348361294445
0.01930628393348559138 -0.0111579523734392054
0.02889499241260497578 0.03033319042103135854
0.006165625798034034787 -0.01143363893183826398
0.0002721619945295315757 -0.004866788152064178453
-0.002870209124425688804 -0.0105231430850339213
-0.006743339864205933482 -0.01122694876601770982
-0.01029911074528420262 -0.01177910470061545485
-0.008252106192705747564 -0.002573484935746839404
-0.01134465397835468514 -0.001324990551628988213
-0.01196537587167000732 -0.001701845709515179038
-0.01707898619199980234 0.006331463750589746455
-0.002669834838010999838 0.005675651383694752493
-0.006562973544436630918 0.01232056543394364871
-0.004803087103496601201 0.01126273915997665076
0.0006824143637752291261 0.01308467324302542423
0.004660999299730225753 0.004190426078163488402
0.007829899627953622668 0.009289829998195546501
0.007243315605435605466 0.00794735225111075326
0.01064930564064402348 0.003640526916863731036
0.003438118273939961417 -0.002388623059191670971
0.001722855433755815253 -0.004907447625746505504
0.01638018462491431376 -0.01506394052192959639
-0.002283495668939024368 0.005300351663427372087
-0.0106533226872724731 0.009214759168271685966
-0.01843201960487173344 0.009603330522834522404
-0.008812841682706148635 -0.00430783745064804071
-0.009717290273485180638 0.006632638925071722077
0.006357723855289995098 0.01356150896657615582
0.005030451082153438586 0.02033478369957845283
-0.00863961873617536194 0.009783814322504670591
0.01118921374118717234 0.01535312905888061921
0.01781528063598922587 -0.004324344985033416744
0.02055994109844098972 0.0005017557658318343595
0.006127062936120793689 0.01428158317781844967
0.01565020420138137774 -0.007878655801745314269
0.002811452409047862731 -0.02062408626046896218
0.007771123768690661911 -0.01933605614138762807
0.01582339039678032702 -0.0003738191486945809062
-0.00157938817019597855 -0.01584918879889580037
-0.01567329052782756929 -0.009431005183264716887
-0.01557350352718391354 -0.01552753367019467715
-0.001481518867237373955 -0.01202468469317177421
0.007780037877083007848 0.001751452555613105134
0.01276926541872444934 0.01875382474195275498
0.005617982614625974778 0.01432983155947009125
0.01007317896779382806 0.01669674631320566816
0.003793285163672731157 -0.007089961878906770806
0.01406758682240957618 -0.004887158291246857314
0.0162020525753528398 -0.002202811900876544635
0.01727861218177307451 -0.003275890581955182446
-0.007931129895947058167 -0.006215663741301812213
-0.000340099109562303143 -0.01533050245134101076
0.003477528626416427973 -0.01805584629698760851
0.002490153249419895052 -0.01474616109429103747
-0.008855281641004521601 0.008779869090025411646
-0.01613124162240789014 -0.005015773072197570251
-0.01513032495920762534 -0.01145658358284529915
-0.01487504476930215369 -0.006820942641741789027
0.003800681865723198188 0.01144082108483779683
-0.009519892468614501654 0.01275111403783479348
-0.01380684621764702649 0.01081863621317572487
-0.01280784706435914369 0.01446640290044796939
0.022000106137027374 -0.01136412086878831572
0.01947990129363601219 -0.01290867975683050728
0.02084148660013015672 -0.01576702898091919894
0.005246121995810541956 -0.01670452549843827808
-0.003849057485052927424 -0.02285153824705863854
-0.007407557714963345849 -0.02326252462535972551
-0.009674953281749641004 -0.0245079578481350556
-0.01449473593198180761 -0.009907876919075363914
-0.02390399670177527705 -0.002864944450788262532
-0.02413379619068257639 0.0003318505181433863398
-0.02653919071944426528 0.001443675564807936698
-0.01228232042646030045 0.01007029941250525522
-0.009418836010402614409 0.02157156880057236811
-0.008024089758633229028 0.02226308818694930011
-0.007375101561548696658 0.02588259998232705222
0.006150619477862119197 0.01480479950914523855
0.0183437775424270047 0.01605122418090773953
0.01955062202083457032 0.01629637056215922294
0.01313563392457444724 0.01057128394757578596
0.02112130788305234194 -0.001504020350510596902
-0.01445736880121877704 -0.02258146241975457144
-0.01855959959687008415 -0.01781955066527439804
-0.0233206007774222103 -0.01037001273238338621
-0.02692664009776512754 -0.001295341335156640706
-0.02713777137469666409 0.008066466301681915127
-0.02279640488587607663 0.01263417631839306929
-0.01660262865019402831 0.01833341169179802943
-0.009413726943200369235 0.02618768182548838336
-0.0006490171765625922344 0.02866861039276716316
0.004814219013527876526 0.02607038948995350769
0.01256700093359139174 0.02127703689727844169
0.02270726960209673573 0.01718676586199071113
0.02674078188533832515 0.009523307542974802226
0.02643805843806137576 0.003315341333415373296
0.02524399639946646109 -0.005779550982417405725
0.02290842883477764436 -0.01579923421775256479
0.01731830067540521614 -0.02280603207723405287
0.01093077670024009823 -0.02330001692294493207
0.002034760874443099134 -0.02534087950119431887
-0.008924702383268805217 -0.02745233869277960426
-0.01588709558233989544 0.01938249922002622735
-0.009140773579386127223 0.02346522760749811601
-0.00188105657754418878 0.02716951030996870436
0.006500541977712399194 0.02594525166687480441
0.01359999214224543763 0.02135593759624035415
0.02036773970940231743 0.01559051442948283274
0.02542218897587420617 0.009602328995184362254
0.02679529562795523318 0.001877527518016021716
0.02489824940390285637 -0.006240800888344243992
0.02116559495066933777 -0.01441058247862783345
0.01720614832067094563 -0.02152706128955200401
0.01017266808472798954 -0.02513573500690169035
0.001502882062495149986 -0.02571017569588427212
-0.007430195581160026902 -0.02479567698526501107
-0.01527660654284334306 -0.02289352803425455732
-0.02056758146612721813 -0.01740820399917432024
-0.02384949922483205198 -0.008936386261800424377
-0.02595334063486121751 -0.0008796067091915601944
-0.02618432897363059605 0.007642041576393762171
-0.02272437201617624053 0.01414510660403058527
0.03765389209324634251 -0.05923847743068948873
0.01789845664807051748 -0.06702666738016412051
-0.00335389990166594246 -0.07049395333811644959
-0.02512797665523689231 -0.06577232485904303816
-0.04448833831848388737 -0.05482930224679477549
-0.05950358810095392192 -0.03812577794451633972
-0.06832876174254474966 -0.01789461222879383528
-0.07057522097707466524 0.003934888784583406157
-0.06593680300489392077 0.02589639696003444985
-0.054601288644863126 0.04520072637698989426
-0.03822665861344921867 0.05983951976362814063
-0.01775308332681801299 0.06876764610777734432
0.004637701728597292891 0.07081325149229049376
0.02662646971951090555 0.06568687477586263035
0.04534254758535698898 0.0544711111283062363
0.05982968719952644343 0.03771843957720989043
0.06847781098576444236 0.01754264613034202391
0.07047418852224618391 -0.00510040944317335411
0.06538866426271877641 -0.02711743226659937139
0.05320032131642495055 -0.04473738888053044316
-0.06878380994611288379 -0.01657084301209608979
-0.0699547805799679151 0.004007677434414118681
-0.06327836316274569606 0.02520940055840157137
-0.05450359441785550957 0.04417898043895072263
-0.03898720143261904386 0.05922989786663399731
-0.01841627110665638653 0.06666433253327959385
0.004208215324590763515 0.06950562246245735321
0.02604863365614425511 0.06543526440387119336
0.04543863248810534744 0.05557531194395826796
0.05923859725358502498 0.03856277240055426547
0.06751259326831657304 0.0170643329351215893
0.07062478939491562135 -0.005033264005430213538
0.06692022642564457446 -0.0264581830242976157
0.05469939766904448331 -0.044841176353767144
0.03661765808785805154 -0.05911442096959528686
0.01679624839377412068 -0.06875497886334637487
-0.004194286493982084599 -0.07177245472416228511
-0.02500597894874270061 -0.06472364646862420468
-0.04500430384918533561 -0.05322966267392144346
-0.05967875810567273981 -0.03732407903475540994
0.002576287348429067304 0.06821543672365761035
0.02842475270605770293 0.05991836025238273661
0.0445575324283953994 0.05411686564492331625
0.05934643057455049608 0.03965326599592623735
0.06513586446886060477 0.01841717172064733302
0.06613884226958376134 -0.009391794312736404665
0.06505075412457432538 -0.02709572972735781182
0.05741744228493748242 -0.04477778654793851398
0.03585423263764531132 -0.05832440922328550881
0.01020921387695893252 -0.06427312909340872349
-0.006276602444992243623 -0.07136678924245636046
-0.02540788128445307936 -0.06932237483605471762
-0.04463424788264278714 -0.05262758577708492175
-0.05840406312956845925 -0.0294661349104459909
-0.07011314981550070824 -0.01609161501771973549
-0.07300981201065455395 0.002922656305985173435
-0.061602686735173183 0.02527843456835520558
-0.04546478275201418923 0.04566163853300398562
-0.03606576816217973991 0.0609511111550409268
-0.01984370880532597414 0.06928981343392268122
0.04680355988673757378 -0.02829744150062091929
0.05329925082963857252 -0.04320744290429364559
0.04205391538861880801 -0.04666702448994192176
0.02366545588066078232 -0.06078330205886498666
-0.01192165900574882961 -0.05420975261501505965
-0.02586225617724700193 -0.06161797827421960222
-0.03397658045308107888 -0.05710921044425842225
-0.04948893279577823434 -0.03869309857822136878
-0.05760179467977968176 -0.002409625332574746263
-0.06947363167683261176 0.003941162659869950138
-0.06597974737960787817 0.01618336131784979884
-0.06056348180540888776 0.03580337642310477131
-0.01669242681581654258 0.05029254321104906916
-0.01693146966447823046 0.06790457575745667551
-0.00453144061940346371 0.06693451753429333073
0.01601908235832685129 0.06319547202420469634
0.04416392440042386097 0.03390351065309502726
0.05962321494341057959 0.0364053339424318112
0.06414525630930700828 0.02608379097863713567
0.06221022915932487157 0.002247768938861018691
-0.02793971862495920819 -0.01472075890877312492
-0.03683479078465147494 -0.02612266988130823239
-0.04025161304587480948 -0.02470855928956027653
-0.05242213210421740183 0.009828377035222454414
-0.02101868454605166844 0.01961700460067184598
-0.04539013509164787491 0.02974121773869594504
-0.02805966776464318205 0.02219427804114978628
-0.005272328589665573918 0.05533689171971239301
0.01527766795684831931 0.01925418621205328071
0.01319848559092321773 0.05506153274769531175
-0.0009628706439809751015 0.01435886391751289674
0.05638577320975456109 0.01916264166301626104
0.03216397815208202338 -0.00570426999926976902
0.0548070435992527305 0.00580916141301417166
0.01269932345189098664 0.005838465319225204578
0.03663837824248060426 -0.04819272089416992699
0.008906846236745018935 -0.03246310209869109065
0.02266555750189845619 -0.05045462384378943121
0.008039308878661572538 -0.01486558151813098874
-0.03027989329507027247 -0.04567952874175882499
-0.01919531636622185192 0.03608781890320512942
-0.02961427971395737963 0.04691721841085377126
-0.0142369898967300481 0.04797850512970397441
0.007962173093038590194 0.005293908066290849493
0.03001614598357066691 0.03765588670779579372
0.02265404229387328258 0.01839539065782192992
0.04373969587372906337 0.03335461939363037337
0.005490074414449625829 -0.002256358222411095592
0.04494917746835182248 -0.01764258764983298033
0.02738714145828604132 -0.01763815118308546814
0.04958770895141848684 -0.04058998492068886799
-0.003225633397667466117 -0.005553676145721674756
-0.008569367055176416864 -0.03528019205338940589
-0.009086153474139047059 -0.0315869952113699004
-0.02535225059465225084 -0.06002242306254192833
-0.006615500529957882118 0.001146880278844254839
-0.04497199812600301966 -0.01269658491817057637
-0.02819792177383325174 -0.003038641775354066887
-0.05998983698981578266 0.00559262339459936416
-0.003580125854760516681 0.01115984107767335407
0.08582753216106329963 0.04587522026938230246
0.03505216167190072785 0.003728672677642211157
0.02706396114242741457 -0.00482751234642585323
0.06090196068104720972 -0.03488635280967058994
0.06957853063628270662 -0.06604576065291678511
0.01721404790602583737 -0.03489332339206592526
0.004982054608335048651 -0.01840759591166657438
-0.01468039902106471097 -0.06796964368864881478
-0.04123715959284503241 -0.08293344109383350704
-0.02450356473662165455 -0.02617856044870965279
-0.02230907866755968763 -0.01251299679342134097
-0.0552631862305553237 -0.003331821770956875164
-0.09255001920057880083 0.01521033333068610299
-0.03314271574593150027 0.01229919579772301153
-0.02212677040309164039 0.01824299395791820558
-0.01816648253116200443 0.04522106213637709649
-0.01535172577199963272 0.09142865600548866212
0.008122382681952700079 0.03488270973426901844
0.01194525051496206532 0.02718356813367849706
0.05115444128204067742 0.04511885390016436709
0.01135007569349878384 0.0004303256383784500477
-0.002541322575870703926 0.008516077119288586322
-0.004389201744937797772 -0.01238816118492020758
-0.02407277671624908147 -0.01827389575779779854
0.006727764613673623863 -0.011688387803495532
0.007193740600264302357 0.004198006814044393312
0.005519324490204820244 0.02689583967717553564
-0.03959134267283591357 0.03603642378592446238
-0.008927238754227762377 -0.008365146912174778807
0.01076295326076413469 -0.01639205735757479077
0.04636648816463721096 -0.003307347162729411087
0.01845876030076576066 0.0474364273170369069
-0.01512925548380338221 0.01688633473562380083
-0.01161715597064758541 -0.01468206569322470095
0.01642971085547179078 -0.04384073103556106188
0.04266015311077703959 -0.002832308997149354367
-0.003102263917838282876 0.01071214537984315276
-0.01773455371892312601 0.005411125647050147973
-0.0137903988153232019 -0.01507915755765265944
0.01077353679449045108 -0.02819153103195845902
0.1119511137634184306 -0.004545429429307311191
0.02574180505753448714 0.05314208546196060728
-0.055714770060858676 0.05534283849240375502
-0.03727683906919476015 -0.01318348194064607529
0.0169976683885909724 -0.1097702290327869507
0.07330061622149938727 -0.01528771315674810026
0.04654825376628760752 0.0715883488384393557
-0.008951956124113025909 0.0143071723677283217
-0.1097605774473371376 -0.05569405556173422783
-0.004262541933690164146 -0.08683098462810748264
0.0872885687113051506 -0.03046820123847199246
0.01591222771159176222 -0.008600774071039601551
-0.1018186101430335194 0.08927117706732248803
-0.07646378564621930662 -0.02400795905117029949
0.005957896152390926986 -0.08922666132800932681
0.01282339911410802433 0.0005064196036498187477
0.04235174660690250309 0.123849580776584936
-0.06054789556440755283 0.04557347523134494538
-0.07063479905577549345 -0.03885758889750055844
0.002290627934532547642 -0.0357461819210483922
0.1561608693324590402 -0.05467281093354356414
0.04832408355641994169 0.06293085105600787488
-0.09655387874223884948 0.1185763300736460968
-0.1526441144187883348 -0.04079024697153693646
-0.0182894721376740399 -0.1705409273424552674
0.06970438446092017126 -0.03640129174936591883
0.09207248534081377556 0.1285850617324871548
-0.09425504633842449187 0.1529717519314102159
-0.1889597625484311649 -0.0358499867723183277
-0.005330202990466609801 -0.08632540016143179507
0.176340683561357181 -0.03862234607171639161
0.1221542607142341585 0.1584657979695074936
-0.1089683774119556969 0.1766216815144985297
-0.07802054554562193323 -0.0282252333024192309
0.02472955430702024338 -0.1808925361962734346
0.1874628769913024573 -0.0522153823514146867
0.1093535411484333891 0.1615741064176493269
-0.04426367051994382906 0.06043050035471118214
-0.1519858875810012888 -0.07546874778031052722
0.007954051289533664582 -0.1640290243444332552
0.0141826995995481802 -0.01665981777006916506
0.009120297843141849173 -0.009168928883945371561
-0.008273174892139203984 0.01351295633088536383
-0.0123603499968125731 -0.004367346347155064493
-0.01311616859062312429 -0.01791757989381526778
-0.00602713411120459671 -0.0120140534922002374
0.02555924898139227616 -0.005247391007963418674
-0.01558989820752398371 -0.005065302088946618993
-0.01734418743163539806 0.007027961538834348772
-0.01417789413450559061 0.008087672977536739666
0.008204472908356148092 -0.007972685836548141711
0.01421743469315882476 0.01388982234599053615
0.0007961574026398880385 0.01908838231547824171
0.01072136952803767057 0.01716612069445354327
0.01259193907677103909 0.01522111967551373173
0.008588061734520712615 -0.01895968524705390207
0.01870955019392065918 0.004826938375370253345
0.01576411753334457447 -0.009798612850281855288
0.0198468219819218257 -0.003892285474617555429
0.00161034503195301641 -0.01339555697792159557
0.07410129516797810123 -0.1565098417554196819
0.1504104549831720428 0.01041419332721725544
0.04803615805055292537 0.1378557209577669085
-0.07392275423057007022 0.05670177187178605804
-0.1386075117229334519 -0.1079466610543422661
0.04258527663050341167 -0.155267197534718876
0.1543407105487937803 -0.02235323941046989463
0.02619092711873081611 0.07617448867021993364
-0.1493006225116422225 0.1178184805611780517
-0.1624443598337150241 -0.1015642660176813844
0.03279585802636366537 -0.1636720917867816316
0.09257258664081552402 -0.002872798531567321602
0.06111857455742970152 0.2011968678294675239
-0.1624848096227814731 0.117913083830826701
-0.1351921635325586124 -0.08791429448690291082
0.04067764796354435275 -0.1038835463137038895
0.1953587858073850825 0.01547796717456982607
0.04292012073974792175 0.1757511067010757988
-0.1228880246038183549 0.08064907947282012879
-0.07734397663470773954 -0.06241942308509552256
0.006283344628492274452 -0.04881667565366559075
0.06831437676839308137 -0.008888558868578810834
0.03146244374265089183 0.0549415125675579985
-0.04966634878398378666 0.05628080726243157167
-0.08738164580529012015 -0.03085654217120697637
0.005128132548939657274 -0.04623487668795634581
0.06812684934576457296 -0.01751437359236871633
0.04802317123991186459 0.07885733604577753464
-0.0693689422227320579 0.09772076893849691859
-0.01526164560207615706 -0.01098272212499826206
0.01862591521363303471 -0.08290930819049913136
0.1147265079386934894 -0.02244351731366069427
0.0637575414537763091 0.09077625935000704915
-0.0165282129044694269 0.01077515020450993226
-0.06034309589623279568 -0.04114615581630533953
0.02445969451357980079 -0.1191499503984252278
0.07321884602705096279 -0.01270974129129256308
0.01470722786108418986 0.04099775756760380002
-0.05273078556265736738 0.04265700056572813148
-0.08315692719808105704 -0.05267156512995781886
-0.0008899012144646450614 -0.01154913941393791166
0.03913841436989508316 -0.01452989900181903341
0.002832780075735424896 -0.01532908959857587176
-0.0004858175245413038799 0.007194445977582999627
-0.01085434061027502201 -0.001243470602272525247
-0.003624609103352875727 -0.02902048356733179582
0.009098422948665607982 -0.0077351236509514169
0.0117144153053236489 0.004666303359432237563
-0.003691238705845271018 0.01050729580027885517
-0.04944351802877827023 -0.01566823537134419755
-0.003172364744713748567 -0.02411782023446834566
0.005246300619281218935 -0.006776170906811888363
0.01218823430940666787 0.01241274271222002692
-0.03330037116833586136 0.04040526828924467795
-0.03871850777486886969 -0.008739260556533899257
0.0006104875784608581506 -0.008051077148670465061
0.0163004383027309796 -0.004212105667016252837
0.01763555657550315223 0.03173005506027087863
-0.01276465828388589734 0.01657825266593670674
-0.006974189914545641036 0.003727172923134093423
-0.07749028689634539224 -0.06589857967205478562
-0.04774184806093995093 -0.01851434223526671544
-0.03092760670957397928 -0.004191163297049770552
-0.03529863676164537306 0.01011298540873782105
-0.08458694808377680008 0.05367845007401424173
-0.04112808829745168843 0.04850407386304134844
-0.007836977787546946239 0.02835293978720128741
-0.002570574700036581603 0.03337768911473205924
0.02554987867177693078 0.09777232147033329546
0.02425922449298114139 0.04180492652415648824
0.0222226011916432549 0.01214766274715682083
0.02422733342847199073 0.006800725386069710575
0.1005145257585778329 0.005115416789612316738
0.04650491119128828676 -0.01261841273565200532
0.02693547124669785214 -0.01777298351871435533
0.01870858451740513642 -0.02687434788175679587
0.03482569852142951977 -0.0935165972475354712
0.0002653970253958146358 -0.04894616373427969347
-0.006240862988264257553 -0.02472492778395707705
-0.02250029710058302698 -0.03054277061782439268
-0.02568339492593451484 0.02356672423121431575
-0.008156424908140265037 0.009482950258553033557
0.01416864530693914825 0.03223930203929426669
0.03145514186352711683 0.04744899859127708203
0.01701764266111664009 0.03298490895853939397
0.008408936126728060872 0.005790409364743454891
0.04502382835137561101 -0.007956144076188061132
0.05971448645359605373 -0.02001492437168145636
0.02175094730409184163 -0.006640335680630747757
0.0208005637122343906 -0.009910286639957393423
0.01541978847033691202 -0.06564625657775829959
0.01022433293080632702 -0.0423259276368280965
0.004698631824064039217 -0.03486709822550661947
-0.01905766876548343342 -0.05639486562862765923
-0.01172141024616501874 0.0005661272652186024332
-0.06141530962465950594 -0.0198942341404736503
-0.02654866371862323396 -0.01558633886767413039
-0.05672180763570286444 0.005580456319374526956
-0.001799592445093593958 0.01267833537295126947
-0.03380098478542840207 0.04783345195409804962
0.0184382340423817799 0.01865941770415633152
0.0483651409603636645 -0.00574052276777040852
0.0308258612538232675 -0.02577578020372126022
0.04085687030225817334 -0.03593500846081493921
0.02169819378608493429 -0.01059563778592136594
0.009856119333478500014 -0.04153728006561864528
-0.01611668428773905745 -0.03791396705182439875
-0.01453204915928137109 -0.04133079834832521782
-0.002196409451415884135 -0.02442154629345395442
-0.0411940644298728828 -0.02566298359587648736
-0.01701517932036121852 0.0001478708307736600219
-0.0552477343487554895 0.005558280392938611848
-0.01701844980367208521 -0.009024572521098500957
-0.03778889659407631135 0.03629285170264220234
-0.0001478481013392039128 0.02616252373166572456
-0.00489123271833899996 0.05798471509333727458
-0.01336519213085096171 0.02034074156490999624
0.02631759113024398355 0.04317777244902939321
0.02477922350824070946 0.01344866228328533628
0.05612822028942348468 0.02549938855215123229
0.006022663605102601854 -0.05157337181539611154
-0.03140761780693208244 -0.05642375209144654541
-0.0476599250619295714 -0.04408960229999841357
-0.05376461392341506246 -0.03849541264440846378
-0.04857692564673329189 -0.02164462809132992188
-0.06587389312502175964 0.01215080609673338183
-0.05813679255815146912 0.03385179044765086742
-0.05542543855686259124 0.04153774624523853126
-0.03602474228390745159 0.04042007558892173058
-0.00740646787844387311 0.06400022496218814305
0.014481972113392182 0.07126214476883414861
0.02057933754466244325 0.06836520798735323812
0.02459910987294600809 0.0480595341168673848
0.06051190285437722804 0.02688237560741917401
0.06971209285077645257 0.008451049507344293721
0.06904483053163240625 0.0009748071384325909718
0.05185568188238690729 -0.0101244244425054853
0.04202761780182420054 -0.04669968245726289352
0.02894188209057604877 -0.06253673314718190268
0.02038138648771340919 -0.06454193804567277815
-0.0625854392818789157 0.02775386807500952388
-0.05380718309357517687 0.04737627642657273042
-0.03883012617350327378 0.05748548840357681905
-0.02187977592016654774 0.06274055989996095428
0.005783350688093857536 0.0680996558915370892
0.02784851162959117721 0.06595176666405823396
0.04248543154364587543 0.05479846164431254052
0.05295689787474300997 0.04037873495121006157
0.06686688858121905832 0.01544117286647701814
0.07235811762332282349 -0.006164225779475307823
0.06659713229303888815 -0.02285430483817637443
0.05327272729518017086 -0.03615108457618599475
0.03561178658279752496 -0.06077407335554859541
0.01609992513195963176 -0.07155334296722354326
-0.001987493069188681159 -0.07002106186778052355
-0.01894724564629884575 -0.06149474123364922357
-0.04683233965444490166 -0.05203512338529784481
-0.06219842989423853691 -0.0373402103052613149
-0.06677161051264503266 -0.01901870562679578228
-0.06619965236374328321 -0.0006915540555405862762
0.04384549726848906842 0.05524012836381275715
0.05864351709843358684 0.03806705592085535966
0.06698593729216205384 0.01800178410298354167
0.06962573260618436233 -0.004532098068730858707
0.06554226588391243169 -0.02591800383427372845
0.05382581454822231437 -0.04440040802246326967
0.03768173298552986855 -0.0580714436133090775
0.01735546176069856575 -0.06791528849673995893
-0.004197082341164124278 -0.07081691283782673429
-0.02533561191866388548 -0.06552621471808041387
-0.04388782863130675366 -0.05297766891536481032
-0.05999301641453733819 -0.03735783878281514342
-0.06926483416087045319 -0.01749398278913455104
-0.07007041820428634715 0.003941119752605486484
-0.06381059590727163056 0.02578651590141229494
-0.05386955494563736707 0.04569538426457803171
-0.03750447703916388181 0.0603556556646547282
-0.0176469421052640428 0.06749358549091753756
0.003149606866192105128 0.06786184074742176997
0.02614816925975080655 0.06495547332174343713
