0.03331390790459831663 0.01240687538792179315
0.03511145271537900042 0.001749962508759845973
0.03396427027614633276 -0.009185298514486668273
0.02927507898110297616 -0.01901184661809078927
0.02231210177562970368 -0.02731561841655329517
0.01317820739260353556 -0.03302781907169187459
0.001942676427369986357 -0.03530215365328074478
-0.009275485891734422395 -0.03414945406785755561
-0.01968680723310412689 -0.02974186498448374086
-0.02754260366703564777 -0.0222752533669157253
-0.0331365240110582937 -0.01274875857948481496
-0.03547102058325717067 -0.001682021456118451509
-0.0343829081798673955 0.009487862692848904669
-0.0298332940267538177 0.01960324272106292801
-0.0222409354158600546 0.02765795967017562265
-0.01232833579957540344 0.03291098225740152899
-0.001387151489664655924 0.0352836061494674752
0.009364915099205943505 0.03427788663525197649
0.01936428442316642101 0.02949119343083578954
0.02769453168357115594 0.02191846356278294092
0.002182999225235864385 -0.0341286336359909459
-0.008829306383639065267 -0.03378409191641957438
-0.01917268570601646932 -0.02980075860069002908
-0.02775538337335576797 -0.02255157117860479357
-0.03216825632599448759 -0.01246412934384026096
-0.03452942280488100618 -0.002085510363453461826
-0.03427347816679155584 0.009481006081431949881
-0.03036981195636482764 0.01941881060723071872
-0.02248387716595082186 0.02663091588820339778
-0.01254845261077615695 0.03228629702358652709
-0.001424636099722776652 0.03586266908505481715
0.009348329832282261179 0.03501924439811485157
0.01858750561977038154 0.02934980656070233784
0.02727438819144534579 0.02174338330210861744
0.03353939033384985974 0.01243417242493615252
0.03596332346700988752 0.001952952595212461119
0.03321793816420896134 -0.009583209114610569818
0.028970416151999797 -0.01905092800550930304
0.02213571911577892279 -0.02797052633853875508
0.01253945047091077798 -0.03346362431329857889
-0.03249003387267534321 0.009767660214013788519
-0.03046170512461045601 0.01850579113240413687
-0.02243427547711187089 0.02697994855636364278
-0.01084530471770976667 0.03145792501376024758
-0.0005577868769838959873 0.03419383283201867657
0.009098793937384013278 0.03457207074932525104
0.01946551868818987424 0.03154596180204295025
0.02680563525073838618 0.02070587809260236722
0.03249926823959753408 0.01090134278631511681
0.03577947742364991773 0.002144082450204044463
0.03527778543375966608 -0.009590383795319411958
0.02688156852020315984 -0.01939705048686274705
0.02031239516777846518 -0.0282967576952425498
0.01322095021378957846 -0.03358928932929664685
0.001703349325627913574 -0.03615358560824324247
-0.01016345795508023266 -0.0319939952175706116
-0.02029436449638328394 -0.02777406379527883051
-0.02776409915355070729 -0.02330169208015717836
-0.03324173452093924508 -0.01267725029916382494
-0.0323769763419014811 -0.0001002612500831090957
0.01618093002330015309 0.0290455846888878072
0.02173519307782874679 0.02075169211267562444
0.02721790828378140362 0.009294454263082178175
0.03382508866908157108 -0.001130627348874838674
0.03264302231645214297 -0.006234555131577418363
0.02842343223846894446 -0.01399249826344672182
0.01839751547610490867 -0.02608041368401658316
0.006073786525177046237 -0.02525863718730884944
0.004158730800769647011 -0.03482113068645011772
-0.004518554091508395626 -0.03102677460522709763
-0.01742444565021607564 -0.02452837263657852568
-0.02895173962021499112 -0.01913930191384869209
-0.03110998212360692808 -0.01423614895631613274
-0.03064563628892850652 -0.004340539615018369594
-0.02789643429578298611 0.009413446304080717864
-0.02700584632288469816 0.02181868262818358745
-0.02385137613712109278 0.02527674805419583004
-0.01343561071675446195 0.02869416471161781446
0.0005358408400961565867 0.02792371787651337992
0.01193443937081375625 0.032101652721411085
0.01393919243098031523 -0.01081417262774598924
0.01195567325704782746 -0.01847651096458865702
-0.004567881708283969 -0.02971774239170296705
-0.005942629182694887484 -0.02282666785593877659
-0.007626354630635664468 -0.02262390801738419291
-0.005829002600008860099 -0.01089474776730829132
-0.03027964038317293091 -0.003461187842785865085
-0.02407678340151993626 -0.000286331384991395663
-0.0251593349039635622 -0.0009467389939812998574
-0.009538122890930358574 -0.001236804017972639421
-0.01163950259272221628 0.02751502635509529143
-0.008806017033568355745 0.02245393553949101909
-0.005908759265586080445 0.01651886774936182911
-0.002084764849799523954 0.0194982215108518292
0.02302703737441754925 0.02125307637253077281
0.01880662480652687402 0.01639351119017685293
0.01273345445477087022 0.0100411349183684457
0.01876389026243462446 0.006166802921356062499
0.02714509564471077885 -0.01519461169451757389
0.02098884633623298787 -0.01234088044693612725
-0.007500274707462702486 -0.01017242340065107296
-0.02946481479896204472 -3.113475295688011092e-05
-0.007829899445196899718 0.008939081626297874436
-0.02849297310197880864 0.01170949436803399302
-0.01304298633788278372 0.004430449576025972079
-0.009066344032336557529 0.02652167984703760611
0.005290462857531274404 0.01358726407367597151
0.002709628767812098139 0.02981653319008619601
-0.001205329534011196149 0.01344073321249981794
0.02493574098850121282 0.02291434636409585626
0.01127508695123073668 -0.001401249539781206522
0.02502370343843898087 0.002960212320845547872
0.01270330419408987298 0.005381266127425910969
0.0318029191986205495 -0.01716903694548601797
0.0004182207494648992299 -0.008392701689444385937
0.01065007406970712445 -0.02319550541467733235
0.009507986161909641465 -0.01110734568672364433
-0.009538231910592826282 -0.03557737046827515182
-0.01076846214354593503 -0.006071485726102565823
-0.02036657127806677098 -0.02459289654227251459
-0.005209244166759803042 0.02439172044640753115
0.001069088164754988671 0.0369811979258699644
0.009834604250820810564 0.02100326775295482257
0.01715428570516636109 0.01997864971241057608
0.01775425466689401627 0.01433526959812397861
0.03466318913656037809 0.009393330112932366666
0.02617225958594399104 -0.00352283810101189452
0.02715490352544809582 -0.008302399131045631181
0.02082121911189777075 -0.01535127840629800684
0.0210756177297686878 -0.03186001968216734676
0.006075288804283533739 -0.03143912701415474409
-0.0008564823868240824126 -0.03044376833091486448
-0.009469929039646003688 -0.02490509465564522476
-0.02543234144022011797 -0.02964806956905444504
-0.02923547355519536331 -0.0159834613780697396
-0.02747378780007195612 -0.009512963225400534323
-0.02555331338969957927 0.002321061699026032935
-0.03347495573816643144 0.01446314804067943237
-0.02836766511601352542 0.02382376547555239629
-0.01001389923897797081 0.0194586123352160599
0.02050914635441185643 -0.001894044963221072457
0.01538068979107634626 -0.008496560352076885231
0.01392076868575712646 -0.01032423196985000381
-0.0007480064594698236863 -0.01038239761797790997
0.008303522758833770806 -0.02289135814792450999
-0.001757957576137096026 -0.02036309695454463498
-0.00642582080030439963 -0.01641455083810262894
-0.009614205509574091923 -0.005928124561608854801
-0.01003275376658255454 -0.007550483608597073973
-0.01357398790199735791 -0.0007682236293857372736
-0.01524770201217063095 0.001606798829938043197
-0.008456178263602728146 0.006926738874103389489
0.006270063494881125861 -0.004252886577058790502
-0.003037307271931071785 0.01159283438039713024
-0.004473489583786294244 0.01297461936549199057
-0.001034446257892769269 0.00643746454945241884
0.001296076726414422276 0.01588708367789938569
0.008710096591529383273 0.005565683878452871297
0.01591744522668289349 0.009923946601516167934
0.007289898051343120244 -0.0002482007849590641812
-0.003188279983326631518 -0.01236031813770591299
-0.004746483893129758644 -0.009183485051002516358
-0.009809145941445721745 -0.004934701674433525191
0.01956822442794974373 0.0202633514596111397
-0.01418979791728603064 -0.0001261771587971949522
-0.01054848754168710018 -0.003185186610372417113
-0.00786632588564064282 0.007710116789046362468
0.02917793018383182252 -0.01051157792344263597
-0.004799027345372897796 0.01273238298036658521
-0.006043408863670002816 0.01144339633028279742
0.005282873540376777609 0.01082975594002057174
-0.003068035180900422453 -0.03493471328010398086
0.01263917469581755937 0.009082652006146713433
0.008855456650000962174 0.009924290611059524703
0.007150336632616976357 0.003328996926429282546
-0.03662514808965911667 -0.01046486059148785119
0.01101726409163234117 -0.005929282893250523157
0.0124255533415637328 -0.004274585354973740522
0.004351470704322960709 -0.003211489248898287061
-0.01898965942225026848 0.02529807488352242908
-0.01605922812301031205 -0.0001015035008896070744
-0.0009953230835901025024 -0.05133292675956796502
0.04652672223397708029 -0.02187137602454092278
0.02716007248107990199 0.03255301793706371488
-0.009204917295028565774 0.02485121530630885964
-0.05223719450703144529 -0.009266047571117872958
-0.01301107423653506331 -0.05795322628005942361
0.02181131695028903916 0.002730168337126785954
0.03889331618700715698 0.03546995102635813052
-0.02991471201624965742 0.0552343529687052831
-0.06543105149266950638 -0.009970215093064770454
-0.002605818241497032204 -0.04819406783650656556
0.05487226745398929295 -0.02793929759394350038
0.04107682048927770169 0.04774213370938053952
-0.03374144334055372701 0.0573823397870652091
-0.02879003793310394577 -0.0193881917377175389
-0.01583398703068234631 -0.02867402960357926314
0.05750094183094043437 -0.01664340358383353466
0.03456943145222023117 0.0445409370798232826
-0.023062938158529174 0.0388389584886897829
0.03237452948163002664 0.01153260521573026831
0.01691863742996656608 -0.001959423397217815999
0.01617133119368702535 -0.005557852856982820056
0.01574895256915897004 -0.008017884880892084398
0.02148194624934767274 -0.02831581962073370304
0.003698583977160011839 -0.01902538067890780643
-0.0001212954768178531691 -0.0181084882711611897
0.0003273110204414529439 -0.01564534603976268368
-0.02263930321623285405 -0.0285533558386240581
-0.01575113999416626748 -0.006601324224112655077
-0.01462973562491327525 -0.005044753343450679266
-0.01514484511275620247 -0.004971215415727214121
-0.03021223955320758228 0.005929868610521124572
-0.02582838160234880373 0.02142192446486896815
-0.00731292071950548437 0.01315183024224141767
-0.009914071594126053905 0.01239448025306635719
0.0005115771791215523731 0.03642492247233138081
0.008792167266508100348 0.01119624111830659977
0.009890931034929852789 0.01131883874635123896
0.01253541500233843267 0.01286656712684863813
-0.03547369234344443373 0.04065465177191840418
-0.03168640084401776191 -0.017375011737219552
0.004645963517186133679 -0.04789410035853580716
0.05008785696931057629 -0.01034386271108374278
0.03252936682554074393 0.04587522408967165816
-0.01721813047043107073 0.01514580163109104441
-0.05250360378887829887 -0.01781924835138262025
0.00403243804320476025 -0.05932636640807303213
0.05692517400850616305 -0.02061010550512487952
0.01212994340607084255 0.02715656241454466463
-0.04279617997015728453 0.05237051170855776955
-0.06310294385810560902 -0.02727842013985602027
0.00442423901734715231 -0.06698080977520654011
0.04254487689569637354 -0.005502212237685413267
0.03136564719413207497 0.05981675453672884168
-0.04885669707615392099 0.0464436899910553036
-0.05704639530617211518 -0.02538645814435465387
0.01248722830985162131 -0.01440546995367441088
0.06235326944939755672 -0.006304953924835083809
0.02396853281909228431 0.05113503844064485465
-0.01489908612639785461 0.006553705972130463749
-0.01048584551863325151 0.0004371863795033023169
-0.0006574618842879049714 -0.005865228356378274222
0.00151708341487117801 0.005854465444532606574
0.004373051888733893097 0.01407714323288044439
0.006435713535567421165 0.01241800750725516669
-0.02684120712941509557 -0.00892229848347908007
0.003706898640566806766 0.006882617590788025867
0.01675793925944447926 0.003178713132055985616
0.01023937139311028449 0.005533320439789931461
-0.01781154354755619743 0.02715796993497246806
0.009255660589391766918 -0.007028669653330847297
0.007764861233975809719 -0.01350686965638122315
3.139700075606971085e-05 -0.01546724234276804048
0.009958180792376153043 0.01912314230515255176
-0.001848788567444915355 -0.005366227431821217128
-0.01195628102866108829 -0.01246560654290571404
0.0003773917997439073073 -0.02049667484464915562
0.01880541483663321356 -0.002152710769446104441
-0.005420870456832726537 -0.0005423873381262654539
0.02080910587763810937 0.01816329160831032033
-0.003962681564610605681 2.409221928443093774e-05
0.0192482739104510199 0.006188754462923022268
0.00960448584209600692 -0.002284554958099540081
0.02338849099932881898 -0.0104885170387656896
0.008812698100676382915 -0.001407628908594591886
0.008869104934681475497 -0.008148444392337004377
0.002890390689329292492 -0.01856945471763028765
-9.327439241086212061e-05 -0.02501755076654468488
0.003200753770826013887 0.006136583952502953389
-0.01059909621886727729 -0.009787525019706005969
-0.01244568007385240573 -0.005007958130589484393
-0.01577239940736506127 -0.005222844291000586399
0.004068580391596399864 -0.00230838803705155993
-0.01412860563879741668 0.006365172469488949124
-0.00983935629379494546 0.01421740875737842122
-0.008907317358140496091 0.02626025347271541618
0.001296882286334054843 -0.005927585490692407685
0.0001908371974050290527 0.01753914684539809379
0.007465640402526502531 0.004867971245390008243
0.0140964411333049499 -0.03279562316891721646
0.005081338017234805944 -0.01797165847825253626
-0.005011371022548086369 -0.0271342447231705669
-0.01180547878606303357 -0.02538030929932207774
-0.02602683704940536927 -0.02596164732535426525
-0.02247738534922067918 -0.01243093592097451079
-0.02792284858877902912 -0.002903321844359294229
-0.02951184398249359284 0.001685532191455242287
-0.0341958073437948068 0.01464479997280886125
-0.01806640447549116846 0.01843493550452237825
-0.01244607406988372002 0.02697926468374249251
-0.007404689702525350282 0.03010253429961369173
0.004154228863364346422 0.03609391074251223908
0.01768676797194530109 0.02268507629752447574
0.02228286067729628658 0.02008854037528019776
0.02855310948561333786 0.01611286519903599654
0.03481994305657711009 0.005514453137646028145
0.01781505151435662515 -0.001615186560035306983
0.02058262325671763454 -0.010240512676691578
0.02980153088715261148 -0.02901256228594764619
-0.01489132583859870997 0.002335045858093789169
-0.01251205767837259772 0.005468869434190496391
-0.02742097097237310849 0.01200533528725891176
-0.01383819556385830138 0.00228601752667798681
-0.01408787880937838709 0.01974246140297124599
0.002863498873438005427 0.01511883179986088337
0.003214769650631151086 0.02952626595370500678
-0.002478908445904160537 0.01305315878368716424
0.02173653903889361319 0.02547711438630700584
0.01461535632880418996 0.0004730575878260883499
0.02875176445584177315 0.005702794173411807228
0.008935288998221052256 0.006436709433105950069
0.03031692008566458374 -0.0147542449297217073
0.006213154078615116399 -0.01409378478468818405
0.01545684589149754797 -0.02485558633765047598
0.007788063397360662186 -0.00440423376546179423
-0.004076561147774293917 -0.03106750927773860652
-0.01131935021400896219 -0.01074241643716244976
-0.02011108712142766278 -0.02303415338649623251
-0.007517289326937540324 -0.01101552166230506356
0.004498867070086665781 0.01159786526750749072
0.01560922106971318092 0.02822328704025935109
0.009736609013259102385 0.01928898000622368894
0.01845172668644657135 0.02341493673226702904
0.01232419008348996196 -0.0004883921479922639875
0.02476216467480031949 -0.004667674242257709681
0.02140221963599037505 -0.003699100271149374525
0.02833953824722700715 -0.01020291827672800862
0.001389223006214019727 -0.01207090365310779963
0.002513489134926173794 -0.02512151630231493349
0.003194763666598524413 -0.02109568209666565913
-0.0001139408036967986301 -0.03086769513985966953
-0.008954604160147455749 -0.002828146491227423454
-0.02517131122501983093 -0.009975867586943664919
-0.01779594883531277275 -0.01063628798053399202
-0.03042116219407299538 -0.009126373759834580796
-0.006278717271194843991 0.007812891691893008791
-0.0174167980314661533 0.01961639373390414512
-0.01599919644718881748 0.0146143311873460028
-0.01730565263010095875 0.02585458502080853482
0.030189311701217518 -0.01207385149567140152
0.02601293936836651319 -0.01820658182615901219
0.0244804615557685408 -0.02297755867248853917
0.01088047081894804625 -0.02690893545349644714
-0.002227872132739683927 -0.03130281430779738999
-0.01029674180107013719 -0.03104700039652171992
-0.01528126055626330762 -0.03024314551473515633
-0.02289762813225185156 -0.0191655064313655879
-0.03124400216183199214 -0.007247052154781568993
-0.03268351569612360646 0.0007942271459643965997
-0.03417531144772410073 0.005137503739889923496
-0.02536175042627833442 0.01609161551749527241
-0.01651509472010324539 0.02770426488159091413
-0.009845855182139852391 0.03102922813604341162
-0.00614782002668106016 0.03435931118136267837
0.008026973185800648919 0.02926613052683778651
0.02168766630113644345 0.02449756081792692913
0.02699687274158685951 0.02008264143242270358
0.02365241600057461924 0.01264699745948062552
0.03293283776122978707 0.001159044098322002583
-0.01861713849334524842 -0.02903755903974584301
-0.02537024255435874759 -0.02232336065765641586
-0.03112163375315912112 -0.01301949522002530252
-0.03474451381433760894 -0.002072125774925515865
-0.03436522975180078543 0.009801039723173272239
-0.02922230055700066748 0.01752571165504437228
-0.02163297338783271365 0.02515900322602901418
-0.01264524293437077097 0.03311792149028613963
-0.00128548672200646673 0.03600273759565647547
0.007549248338329076283 0.03363684213313362231
0.01744627707692747443 0.02825271482597167122
0.02807700139668198314 0.0225628494816987081
0.03346872115344241144 0.0125054741767340917
0.03435140369622531609 0.003037780024947889148
0.03307755275127842454 -0.008163227215951751603
0.02976101057186091026 -0.0193416105471147827
0.02222830041883587515 -0.02818015172445111072
0.01315702824862642617 -0.03107365091695624831
0.002065674559717952091 -0.03356834241040308059
-0.01014512657768589822 -0.03466557448223758775
-0.02113269454228048488 0.02668069410946867503
-0.01220730158872621214 0.03195769346324479204
-0.00217246854185790348 0.03563271965098541161
0.008943282339773837852 0.03421316322573141055
0.01876764030852403134 0.02867658784808606656
0.02728264693344972097 0.02117295301696270685
0.03341658129266418531 0.01261413738530437097
0.03544610021476197331 0.002103684997232172903
0.03340723885855095832 -0.008978510664308540778
0.02862868079957605477 -0.01939374650952778792
0.02247380577635454957 -0.02819262242769466145
0.01299338308925729497 -0.03327382369356524094
0.001521870910551013315 -0.03461637726750695088
-0.009889746117204126219 -0.03334283485479252324
-0.02000693151399792966 -0.02991161108933354171
-0.02748724979491746351 -0.02254891816304165769
-0.03236267061422499342 -0.01167696595517397906
-0.03475075076693821818 -0.001129167159242620106
-0.0343510775785886846 0.009914001150397144801
-0.02972491044502868426 0.01908656726381636679
0.05077962332537240553 -0.07990734462371858193
0.02409368277837617076 -0.09086134194311311363
-0.004827939391366740073 -0.09480009410281706184
-0.03400994782015958479 -0.08848897498657722072
-0.0599291266345543111 -0.07374066733127931927
-0.08000151146686931836 -0.05142154330647942528
-0.09202148231964732417 -0.02414867791203410136
-0.09508190407079430972 0.005361870851031940582
-0.08882224395999402389 0.0348317349906491977
-0.07362176457440232358 0.06078960267310233589
-0.05147336705642804183 0.08060278341626878063
-0.02391932390206963355 0.09260720989442335072
0.006177988913338944982 0.09540925736188059225
0.03575028262765831549 0.08856339416375066942
0.06112732310772037159 0.07333523271965353141
0.08059770528108384235 0.05079029000991183707
0.0922489411527472325 0.02355872860804272828
0.09488926223914057045 -0.006700453726826358959
0.0880532746154314705 -0.03614670857802648046
0.07215928109169207627 -0.06048112632179200587
-0.09170697033738839377 -0.02335154416594733759
-0.09386870220526594144 0.004763028953885549421
-0.0864040710318138977 0.03317272103164761732
-0.07362674271890677635 0.05877246516231160456
-0.0523755208129348393 0.07904618795994265701
-0.02507150551546337772 0.09004617763822109211
0.004795631859191162513 0.09373849145741611211
0.03395426786167108496 0.08831296869120403015
0.06012517332519064228 0.07439813535173094017
0.0793344637107283035 0.05196736470679440278
0.09095864555529629969 0.02406706394545283373
0.09487079231046337269 -0.00556220348784377313
0.08936402803630261182 -0.03473027750719078627
0.07357072315539764373 -0.05994142145233948699
0.05041087533956051248 -0.07928551297759783845
0.02360972923771333803 -0.09195052327081555676
-0.005337594472300400371 -0.0955481303868930959
-0.03361109516775857148 -0.08747191340081057753
-0.05988069851846739705 -0.07226097556586685844
-0.07956492975605010398 -0.05081287900880211011
0.003959368351598414881 0.09088019511219706803
0.03487294876641178903 0.08221095814779351418
0.05787023086440506309 0.07223154224026737125
0.07755859902299552799 0.05195991499749529063
0.08723891237809872079 0.02453658606075627413
0.08950131115590463649 -0.008629135436201047088
0.08650342452045127473 -0.03394199761551358607
0.0744125460666969496 -0.05829153595218544703
0.04864519747406999273 -0.07733597723148512293
0.01828787167878434192 -0.0868684736926645662
-0.006416072066386265503 -0.09365005523583205815
-0.03310586882483867316 -0.08943867057853131797
-0.05873637046707100295 -0.07048765343335695877
-0.07740834406781518795 -0.04398622090959758424
-0.09129369794079107703 -0.0227297237188945761
-0.09463424458562026687 0.004162938874352048804
-0.08355527867892247051 0.0334761986526506336
-0.06503855301317369719 0.05947863357350986063
-0.04896267010970414141 0.07915736248577763534
-0.02517977594734820482 0.09032646400152057053
0.07075450822556167418 -0.03377944357434024131
0.07031621490686847109 -0.05508654289305126711
0.0532760188370728846 -0.06569828420358461707
0.02819806251276494452 -0.08163318035849131959
-0.0098209492720489934 -0.07808834196029487695
-0.03162876312567985265 -0.08234929813204465432
-0.04813972778138850273 -0.07304205289274677548
-0.0686221240961190776 -0.04945255183126548437
-0.07949349158627011525 -0.01243399862210899098
-0.09081291888710329996 0.003510897510569831442
-0.08523712570172663205 0.02471480995465959174
-0.07437715762148380816 0.0514938908776245638
-0.03386762924107976358 0.06921333094216730597
-0.02393518339043198065 0.08793202502950019095
-0.002417299525366672832 0.08808445043510754191
0.02682378660055103475 0.08214208382265793251
0.05643301182142371891 0.05521215582646001041
0.07654037658622914186 0.04947650419335265781
0.08423661052152196793 0.03026066773865319914
0.08363042697487510502 -0.001066774587605004952
-0.04173906993325751658 -0.04006238791246588549
-0.05553338763728270233 -0.03985739295208318156
-0.06406771697480451166 -0.03074976530568464608
-0.07400768050714391644 0.007269661551378113484
-0.0512997416331820652 0.02526986450001564993
-0.06214520489037991119 0.04338309974297897137
-0.04257463731419348918 0.04598677505198249527
-0.01413262133908387529 0.07467221110871359591
0.01069187180416363014 0.05227990957904497804
0.02098926217609484515 0.0754628767207727591
0.02102931139205130306 0.04146585041613066319
0.07156464258462598427 0.03392983240947300416
0.05889918863772876378 0.006522035970798053736
0.0771171769757411224 0.004164147541904643542
0.04553347518977780145 -0.006999247497103355982
0.05423898537870677078 -0.05813290808086935685
0.02748518942014838845 -0.05398716831870385008
0.02756527886573587049 -0.0720696249316620241
0.006292796701362426276 -0.04833998443414047608
-0.03466165717915552918 -0.06751793798685278014
-0.0358898787875992567 0.05495530806240071786
-0.03436175603479614538 0.06759789089786254201
-0.0124093093865940314 0.07092282793521680062
0.01698224068568881737 0.0400953396012898311
0.04284552122518164169 0.0578014395301690645
0.04272891302147745901 0.036280052165100031
0.06638952022660786489 0.03812051158308098903
0.04158659369523436816 -0.0004469419275556272652
0.06809442493123255002 -0.02332891310571045748
0.04954088984699805964 -0.02882196979847536158
0.06100625118396095503 -0.05873690767693568598
0.009045140204587496374 -0.0402848779644272223
-0.006251887576125020329 -0.06248581983023111103
-0.01276241823147490281 -0.05552297886240915165
-0.03856917329412322404 -0.07618749286601930737
-0.0355506285420708612 -0.02136974169217440572
-0.06797772689618646058 -0.02076986097401073428
-0.05389501971331426416 -0.005530315312447574815
-0.07965246068912562594 0.01280570238616584797
-0.03362135870995153902 0.03021741400847233194
0.1035713738456009864 0.05091032723471765331
0.06660428534013090873 -0.001787067103068373103
0.06406527252280537488 -0.01780623779805998522
0.08563366451977447169 -0.05068791348593420371
0.08307088485233875275 -0.08243210237523679318
0.02142384639857902728 -0.06720037335287609714
0.01041036394307139415 -0.06573763759983161648
-0.02296312736754344344 -0.09816286161499081231
-0.05232840390480179849 -0.0998459525268363679
-0.05588593243518275022 -0.04065236297913929486
-0.06440784330327256613 -0.03458071419790990919
-0.09121141322254124051 -0.007968297435716977309
-0.1159288495108699857 0.01945011733512422986
-0.0591260033071801111 0.03706018405973690588
-0.05569132124263303368 0.05171167528999298657
-0.0314611880344833339 0.07767998058637405612
-0.0176639653068517942 0.1152091354361155229
0.02108563258554673261 0.06604287033278682939
0.03458764404074768373 0.06206559722692232134
0.0742102684652485578 0.0621048967283658257
-7.09125763866900056e-05 -0.05880338068450147865
-0.01808119383509511 -0.06490129872531165411
-0.04083123946294583279 -0.06657553536033633534
-0.0382248297701129891 -0.0380284908564150273
-0.04786055371204616521 -0.01416365259951542395
-0.07070613985284564251 -0.005079294837396153978
-0.04812203241649048308 0.01926829062808812359
-0.03754860788006782885 0.02165685200749371472
-0.03899561081636203352 0.05465143121706027979
-0.02633594621005583974 0.06111139901105252376
0.004546857814015757213 0.03398868337542768764
0.009399893363144409819 0.0473012871169814636
0.02991604025030273478 0.03870609442813953416
0.04818905377065738072 0.04000113133612501898
0.02894063692274323127 0.002835771509552733292
0.04930321196499581199 0.004426109122853288426
0.04914086565702439902 -0.01829515033444712932
0.04888501200129028584 -0.03243730760688854492
0.03019679626829400998 -0.04576861018575349715
0.02474377076126264841 -0.04914830055011402965
0.0374147351563213007 -0.0002748138572742832449
-0.02638682322099593358 0.016354422480875562
-0.02077434526026830305 0.02659483862220632377
-0.02500589748785322919 0.04055943463389162507
0.003829188323861784041 -0.03516905903864415983
0.004596942283663868131 0.01654061008790494447
0.02046129941091368032 0.02793102105088914391
0.06598628214454933805 0.05366580281455964746
-0.03556916722004663939 -0.01579455201641926515
0.01588481954506191368 0.007637902798246595792
0.03336719303469051767 -0.01139387729174785521
0.08588554380535463884 -0.04891411769320386932
-0.03487629341560961188 0.02832371407058612359
0.02038251378954400797 -0.02617980346556382162
0.002562298844320000379 -0.03480879244186320387
-0.02025357630091656827 -0.08902039996272269329
0.01264407496870376124 0.04051598751340956123
-0.02309269453981465867 -0.01323523982738615892
-0.03330382335188523946 -0.01181313376254347104
-0.04726739463884051945 -0.01153889145800659349
0.07827755630758406746 -0.03027641839563025364
0.03649562600761287884 0.02429299070385491574
-0.06086457713949402354 0.0678040736211039663
-0.07631927170367522328 -0.02395996622577596311
-0.009504878520875821232 -0.08644586323958940166
0.04566393124771536693 -0.03150186657941880103
0.04931521260960756298 0.07304816438719222149
-0.04796585045411741466 0.07434729299572663541
-0.09553641974911772361 -0.0200997133766641356
-0.018603629135662509 -0.06334778308465852104
0.09695160700786732699 -0.01744296217967969756
0.05967167899107009288 0.07897788642532943548
-0.0532000341422849618 0.08859472031337473075
-0.06643404731757139581 0.005560907096182990741
0.01367314860614142306 -0.09676578071417203664
0.09235515388918953683 -0.02478336455398243501
0.05291192959884875868 0.08222507672412610047
-0.01537721380146465401 0.06267701884990267702
-0.08361724994609384676 -0.04875269167269716264
0.007084017974477664972 -0.08202967376647742059
0.0571412313849346612 -0.08848849322399283956
0.02160240083870148403 -0.09357582071570021143
0.0003728448339602754538 -0.09201920005673916436
-0.03767685154757811905 -0.08718040315574303312
-0.06671978277807517899 -0.08165770049886569848
-0.08125796456165752801 -0.0454525532339476665
-0.07807886189705630364 -0.02402931809522635201
-0.0981671878646053625 -0.004222188418785868813
-0.10136729160046834 0.04044786601103051576
-0.07138008593582209627 0.06497085109120176449
-0.04958320166748447777 0.07452797682317792438
-0.01799004559032360215 0.09716977045954600101
0.007350698451010187658 0.1111446740219600993
0.04219789229231431932 0.09148368688594663012
0.06505789661933307488 0.0838520322588647421
0.08648782191406040321 0.0459007256562582594
0.1074884392519075971 0.02611403395018874196
0.09827863758292948448 -0.01573879118054869949
0.09866923676644737129 -0.0321142010141016454
0.0705550162152606547 -0.06290964716955599334
0.04272013392822812672 -0.08399821123254898325
0.07444615499662152192 0.002565998385385705009
0.02908313122446564911 0.08038631431700428431
-0.01787479014153433785 0.02062546903804892903
-0.07448358164766524792 -0.06161341913947551707
0.01963462612325415566 -0.07622975893220000632
0.08663709488061803465 -0.01219285865226104118
0.02322318328983588587 0.0507919950936042211
-0.07349724908634493181 0.0602974984928517227
-0.08250490290956448425 -0.05004857890266196235
0.02009821551678894758 -0.07777910132142365485
0.06045849687561351271 -0.005019033158556424935
0.03583502519112737733 0.1013376125524286242
-0.08036262379844433257 0.06079588053226516603
-0.06132078432161285064 -0.03592680029404725361
0.006361051026243077534 -0.02718196817074911009
0.09967383583367100952 0.004118374797882602169
0.02548397696524720701 0.08929026430894482225
-0.05930770604362067822 0.0381587313462135938
-0.02208817214595079972 -0.01123061384016436036
0.007103556494087216906 0.05447288728260474278
0.02090913192060511391 0.02182729533489689497
0.03553421058945165079 0.03738883544945969389
0.009457342061024295518 0.01069301073822906574
-0.009539638653105496358 0.004446020942104823154
0.03854684947123832028 -0.01959467418805205599
0.04399534161189267573 -0.01979013955304347386
0.0121084718197881757 0.00965541753798654194
-0.02004956655030839391 0.02615784369064829903
0.00626995057159477568 -0.08659809992570778603
-0.006287713070570759635 -0.04692431513235415658
0.03073876869573804668 -0.002869383243973947471
0.01220244599397024912 0.003544747204642349075
-0.08453711498207121255 -0.031614174188262123
-0.05077986867527839454 -0.01020219324136070575
0.01141509427431834298 -0.04101957678959278902
-0.02187908095392926411 0.01460774366534079924
-0.02154401359089727283 0.04017347110847008934
-0.02672654110236534486 0.0458180598099725972
-0.02138954729164902618 -0.02158345196310870739
0.05238980450155489993 -0.03588233486371251307
0.02912446379798306131 -0.02318479054591152805
0.02545525854112129505 -0.08197245595867183598
0.008253241118855947356 -0.06032619100994582317
-0.0158842778701013404 -0.0664991648132950558
-0.03060488385837054418 -0.04998566354118723354
-0.0461840642701998802 -0.05208175105155885692
-0.05306274870365945695 -0.02396119272926488727
-0.07019357854903884864 -0.008641785884442854809
-0.04369869524846365511 0.01026302602813796393
-0.04251775153026363802 0.02181595323879639489
-0.0427534915739549784 0.04886193974611547503
-0.02539022097294372018 0.06076637511702920325
-0.004565679314394163052 0.0461803581484246245
-0.002218457208604692615 0.03608798533451092194
0.03645805343538078419 0.04987549165558315123
0.05093232511929110529 0.04067252673233587995
0.04660192234639765063 0.02054575034887423657
0.05093796750449407912 0.009235028625854169865
0.06295142488757460297 -0.006480366371932168648
-0.08766144728509565887 -0.07817072984256800972
-0.0794591283350807448 -0.03209522954564732883
-0.06956328305312847737 -0.009996452264635011242
-0.06688114721391823225 0.007944648544756280351
-0.1020900565523743808 0.05922002511091668114
-0.06370755293802700392 0.06650586930251002615
-0.02856182181580887644 0.06118034863592643202
-0.01210426748032853578 0.06747689666029028921
0.02597674658345094922 0.1170276332053089008
0.04038728404127606836 0.07343001289433864764
0.05637994666176050079 0.04068768230544701769
0.05366654188445600659 0.02746957787033755746
0.1190233034241334614 0.01166621345352509762
0.08393201814705983366 -0.01911867394293909408
0.06331831419510537684 -0.04000747880047616362
0.0466468760655168041 -0.04750873674076964287
0.04532591737358032669 -0.1097352150930698128
0.006889413913361542262 -0.08189388554212824467
-0.01409606895874420361 -0.06331395995952680822
-0.03154166313173847186 -0.06088966737730023421
-0.0350277470796992868 0.04950081640872577848
-0.01262461402763207126 0.04414987857198684335
0.0150684615372343126 0.05924239520418011357
0.03916714189055796325 0.06658937749026504205
0.03887065084738931808 0.04929805835315768936
0.03900441240970908829 0.02077312295032014353
0.0685157242688617385 -0.0006626053960096122851
0.07961552936673971237 -0.01963721669756712807
0.04358758347399515481 -0.0142091342194976978
0.04463431188766381341 -0.02990512391447222584
0.02661332081730549345 -0.08109547137045945708
0.01092226336960639387 -0.06584537430014120174
-0.001886596269514325937 -0.05992869962376911469
-0.02905433421610244607 -0.07379123091709724469
-0.03138247588179025188 -0.02133000473146281703
-0.07836194793136401493 -0.03006793908683653982
-0.05395828410785942497 -0.01638209989079227394
-0.07584027728507859722 0.009224919821344795823
-0.0352443741440618824 0.02564557272172275984
-0.04905608404510150566 0.06135662146619828838
0.04910545842760834917 0.0212200696677515184
0.07118210741242160522 -0.008985035305572142833
0.05554342353343368066 -0.03445377791053581135
0.0563534620905048883 -0.05029280146594598822
0.03380499029240229686 -0.03983472462889221105
0.0138907837283114375 -0.06534362690054953959
-0.01655362149847255243 -0.06434673928698247947
-0.0252572173720169886 -0.0623508982654109728
-0.02668211149147074052 -0.04541543671495983092
-0.06236164036531397642 -0.03975316658239181483
-0.03986749651120884835 -0.001783097298360722394
-0.07703371823102037053 0.01004601713429987067
-0.04727633598076746296 0.008887197488463860831
-0.05581800625010577971 0.04988038125082816521
-0.01665198040545255026 0.05028399147014374349
-0.008716268361599341721 0.07968403936855618375
-0.005477343909334769778 0.05159981765271448584
0.03317150322565403514 0.06499246055549082191
0.04169748083898246888 0.03460196167533854256
0.07397672903415515588 0.03509643300370574731
0.001129501099454116803 -0.07597823163178130113
-0.03863887017418556752 -0.07687723700336734911
-0.06068869253160303484 -0.06107012572164725872
-0.07262192618644319753 -0.04808874088322726004
-0.0729813434573910319 -0.02435563840076002823
-0.08677954123626786809 0.01287807820715441802
-0.07811631639066124455 0.0406622922995704475
-0.06993892354059541572 0.0562526536250647427
-0.04615665885354808262 0.062343478691257663
-0.01429997012165388527 0.08434040832669058296
0.01442274130191862659 0.09155191102555358673
0.03249614028304632224 0.08663746581105254141
0.04296188902499444018 0.06448326035007675983
0.07761627819416205831 0.03928366398044260549
0.08923554020808002751 0.01442141037698606992
0.08915338263253555495 -0.003162866366830870222
0.07330323637520000379 -0.02245961793160111339
0.05924462344301355265 -0.06009399818926725728
0.04043998638338729135 -0.07944306254731581252
0.02257834431896642291 -0.08532573063512656486
-0.08356640923247900254 0.03608716815272890177
-0.07070128868103851827 0.06122690680338534891
-0.05004466068528640177 0.0770092408683703683
-0.02597291176722664463 0.0855489161093431344
0.006990413620864951473 0.09061336955706272844
0.03599731233020411064 0.08626505004832443757
0.05780672331602398906 0.07148356729238729279
0.0735166195382395693 0.05116702166829759091
0.08893895484166033927 0.02112545104123400921
0.0939643724737531244 -0.00786715697822704986
0.08693679531940638749 -0.03240819524414467745
0.07060930024542562411 -0.05268574268971080304
0.0475931754005437177 -0.07960420734653615715
0.02116297093387360315 -0.09248105095871182735
-0.005071275730659690825 -0.09233369675792750531
-0.02957991325231548729 -0.0828131593203972477
-0.06117671586060570432 -0.06918229081695502491
-0.08064670277356257577 -0.04837591193960699004
-0.08883060534375128436 -0.02292519013102217382
-0.08894078177835920695 0.002889014083264256679
0.05985175309745524586 0.07291245504175471182
0.07924448975769832204 0.05024338746498659136
0.09030533422796363507 0.0234804609416980857
0.093452669498009594 -0.006318095321087974919
0.08757407371804322438 -0.03508178096085270287
0.07197189091965361385 -0.06020337578519696642
0.0501266626067156662 -0.07878029577213613299
0.02299900614174151328 -0.09125978863491815418
-0.006228166242687131066 -0.09468587506354235461
-0.03498284399338210532 -0.08765617921400364887
-0.05990238262365404909 -0.07147264373071311738
-0.0804872133918489302 -0.04987831009048594028
-0.09253365229280309523 -0.02276946914732533994
-0.09409120029274409269 0.006478195249925964433
-0.08623156280694693754 0.03536664619339473237
-0.07200843727388615834 0.06128300470608124412
-0.04966395553609061209 0.08079170785647367403
-0.02263616952283553641 0.09099615811679499788
0.005750637982440212799 0.09212037698052978618
0.0355238556601264327 0.08690234284422092281
