0.02024770094248063909 0.007404094173603482237
0.02088811931801799401 0.0008125124855247149855
0.02022252807616990375 -0.005712513761253944222
0.01728274064864471909 -0.01115869007981857425
0.01346465496595896337 -0.0161821831649896497
0.008097415928065541252 -0.01982943562836068929
0.001092529628430418016 -0.02108730396227716589
-0.005494354114493229906 -0.02039248410002583028
-0.01193007382777019551 -0.01781546360715533309
-0.01644966359037030104 -0.01314186442567527244
-0.01979583681306435958 -0.007559496272983509679
-0.02112409675631413131 -0.001127399864943750803
-0.02060210308446292285 0.005626513084343890032
-0.01790859267162573862 0.01178814770656361026
-0.01332560832804890669 0.01651489786816197694
-0.007424905213336658108 0.01935815354585953066
-0.0008179075118956213647 0.0209638882562982326
0.005593670720749350199 0.02062391510334165429
0.01146579262353065488 0.0177454043203481189
0.01655474454327427944 0.01313287005506214716
0.001359326598892764268 -0.01994975326197992449
-0.005771435919072117997 -0.02043581628318041216
-0.01206802143004842565 -0.01832017485868566928
-0.01751185674725419528 -0.0139489404215363301
-0.01918719248438583921 -0.007015036265512177016
-0.02062570382631480695 -0.0005822334697159953004
-0.02117948406079014564 0.006337189634861518407
-0.01911975951268080759 0.01225201929071137626
-0.01354280368882119882 0.01584946383120985208
-0.007012289256602919144 0.01935142725819630899
-0.0005055216357014657384 0.02234085797318774089
0.00594880848248423473 0.02209292143307754405
0.01103296094805372544 0.01736795954224436972
0.01670866706269939425 0.01258576489180064303
0.02089840459591618682 0.007442937006382970705
0.02256910594632835498 0.00127799660796249436
0.01940445843997380682 -0.006414997624795853483
0.01700002991104802158 -0.01187572591201667589
0.01357665252387176349 -0.01752939797357341498
0.007760959389093249373 -0.02078577042482511114
-0.02019152288955586641 0.007076275513104281212
-0.02095198393136605067 0.01185987461027365221
-0.01548632499509144944 0.01680630399301042896
-0.005537777727897422696 0.01928684896659170825
0.0008686734516918356635 0.02175152127734080593
0.005352026541416358973 0.02348537955389365037
0.01177060844702646283 0.02304359398220198404
0.01684584375691946384 0.01233341983098407493
0.02101174256579187161 0.005859639061892856111
0.0241988887604895446 0.002651615378916323627
0.02427658074091278498 -0.005030133121093303787
0.01530728756307827426 -0.01217829475432147604
0.01223868081825728489 -0.01912026064304419778
0.009970129280477219025 -0.02254991014175593278
0.002515387202785016214 -0.02422552754970375838
-0.00676920025776797836 -0.0190649542153155209
-0.01390377664231529954 -0.01717625654767406668
-0.018319828610669147 -0.01679287397850483254
-0.0215079608855841091 -0.009524663498224688121
-0.01856910428923224179 0.0009553809670822822333
0.008913630222034360159 0.01636649972107718717
0.009080042386478128988 0.01452036701858272667
0.007824360673581449988 0.003844386485174145201
0.0204108365071495948 -0.00416710076864374758
0.01837671988763993347 -0.004325731623486102351
0.01728315069475230836 -0.004172182781353510513
0.007134025083146833604 -0.008638428443106853372
-0.002468840094825382712 -0.008048254111160842161
0.000969114022142891665 -0.02084122846647391836
0.002861746621701284719 -0.01557039800214692939
-0.002675437498646794122 -0.00622934504285516024
-0.01871343193605295302 -0.007149530242394515345
-0.01701962550263672741 -0.006585092052650694423
-0.01508092708227723629 -0.008203936594542155306
-0.006573840626404130021 0.001007640459386210463
-0.01286625671828761121 0.01647070829594634439
-0.01262614201717735321 0.01389744131777981458
-0.01160809173359338142 0.01379544271578753492
-0.0003574455608985688737 0.006647375550586538673
0.01135284083320794134 0.01809456334109280085
0.01486450779930676043 -0.006390803268474535594
0.005276607081312549574 0.004476645315551602659
-0.004374301225922719479 -0.007160756605024536439
-0.006368115462770719895 -0.01565180589272611653
-0.001851133320868058284 -0.01360206367146826745
0.01317373168328579182 -0.008963022605808773982
-0.006846385102453811898 0.002527537557055155749
-0.02000672167925982015 0.002275087994426566555
-0.01422957683574744593 -0.003995255258643624387
-0.002215102403881814754 -0.01965319348445542652
-0.0004171915878761091453 0.005962753004023885715
-0.004816651085643472267 0.02096312406257308872
-0.01246918366678674908 0.01681479749044772695
-0.01255461138210412636 -0.004201736310088244331
0.005536086480054169985 0.002265613476546463403
0.01682113329838023918 0.01160892931526032353
0.01108260570087558732 0.01657735805426546749
-0.007561694900961184011 0.008578052988515589769
0.005434411611446765718 -0.00699051801611461944
0.01415150921152183959 -0.01059901590936681952
-0.0007444652358182121069 -0.01862659154547386536
0.001569204600541399203 -0.0007374042153696456093
-0.006238348222617951314 0.01972678018766562888
-0.01718365122602123068 0.003395358581293890423
-0.01897545976618439725 -0.003633470446804604355
0.0001376793155565654504 0.00250403509472766489
0.0153188422366463111 0.006164403965116473441
-0.0013962195099552772 0.01581728555933737193
-0.01186876518848057997 0.01944484083779884215
0.003858699195913395906 0.002604000115502793939
0.01403382161026082639 -0.01598579135982121369
0.01940601628880014862 0.001375524613477432847
0.01428560628651178062 0.01665225846586977643
0.002473077615893679113 -0.0002590266629907191109
-0.01068376753923039151 -0.02292083380975767914
0.008168166877903162634 -0.01740279918630918687
0.01792432881811439546 -0.006929743170090527093
-0.002307379316815387753 -0.004158815155975699972
-0.02214818013423174373 -0.003298324564442841472
-0.007466760176625779344 -0.01667282831252960007
-0.0002104772251039365057 -0.00377874506167595256
0.001026476818304597602 -0.003111156321415639667
0.01196672052740661157 0.003599420630684606413
-0.0003153258996234933019 0.01068953617787603977
-0.005949707677718682648 -0.0001064351097098627019
-0.002589542371229552539 -0.003288438976387870159
0.01014122329631126848 -0.008359713022554381492
0.010320554245504137 0.006219126087584348796
-0.003089454632850458394 0.007944866295650554466
-0.004435915979164046195 0.001657603104767047366
-0.00642859942800906841 -0.009964961935554605618
0.008526872573694235791 -0.006427781661979563646
0.01068350044339806335 0.008150714367558400258
-0.003083499088085391807 0.003199556361082598385
-0.01343693726196060895 0.002928898069518141769
-0.003451771936042544002 -0.01078801810017548067
0.01117789713416537239 -0.006353325979306385929
0.001805325863658088824 0.00387863995059183151
-0.007481167249769147577 0.008588268522132402882
-0.01092273380695044788 -0.003171076709398179625
-0.03121354636641991698 -0.01786016387032093172
0.008848927722122972017 -0.0379219337627046682
0.04083241334863525057 -0.005492634666090467216
0.01904313952415639596 0.03851516262534294965
-0.02583474148586048166 0.02617514094343598857
-0.0367607978821908668 -0.01889885757133509883
0.004282635633448458531 -0.04426859690417834364
0.04490290265359080796 -0.009675004626644978165
0.01859044933937146343 0.03951432576162192123
-0.03354900580427858797 0.03585269390813281692
-0.0463556436062829702 -0.02101330449764314892
0.008720536166794728289 -0.05077255686877798352
0.06208101013783906552 -0.006193643304436519809
0.02531060873628681457 0.04843226761341874048
-0.03891021648940131555 0.0360816899066075808
-0.04724722462708958598 -0.02691332208324442865
0.01282524426321926536 -0.04536649768391053106
0.05310195558395559845 -0.005673513429292638584
0.01702409555221164397 0.04232067081896619121
-0.03567718465402135858 0.0278099817406557738
-0.05940535192501188166 -0.01935498955071891097
-0.002278172528880685957 -0.06590722526821105043
0.05924319750231415299 -0.02306474323187491376
0.05678330329798658704 0.0610326296642133212
-0.03140691695160836849 0.05550243702691372988
-0.067469712624753167 -0.01363863157467745321
-0.00795746224143725582 -0.07016743658420560026
0.08335122161218785908 -0.03998234637320437906
0.04615462949768999595 0.05260708344346043397
-0.03707158828788940236 0.06674416183878169317
-0.07598107725977752691 -0.01515221201245938419
-0.01168979419707222127 -0.1014826784879171856
0.07095180462038629121 -0.02891077145459105061
0.04914451245696425247 0.06020536540357797339
-0.04335874559934889405 0.06218912051830768895
-0.09736343189167462331 -0.02768404842076360381
0.0002406616301390199079 -0.07480820360039915073
0.06742877819088828606 -0.0228535557863428114
0.04179548685334728148 0.05752011110733259991
-0.05406080523018912815 0.06999551774185240605
-0.08113263752725723144 -0.01496846921357931036
-0.01305728982157734058 -0.1031810646850210428
0.08995202301878180151 -0.04529331306349977659
0.06961806699611598759 0.07427238580350557784
-0.0393300755868863372 0.0863522055399495031
-0.1091217879222370207 -0.01148785410944194729
-0.02804456604993910487 -0.1091126054435775511
0.07814395220093516004 -0.04404430807798696834
0.08902280263374429126 0.08068347424134672541
-0.05069963605375074622 0.1139883074119798917
-0.1249814557302673795 -0.01543212386403852547
-0.01449457069582894483 -0.1225502258109421594
0.1209392624245906878 -0.05911987181070872677
0.09289081279125448176 0.09377416882650251029
-0.06180765147289341704 0.1112674472085229543
-0.1071729025872006219 -0.02939527864708384175
-0.008167458932256182677 -0.1036970398961905154
0.1105930650982319824 -0.04127334177907626689
0.0713090544375188512 0.08619412514067185949
-0.05612834472094761079 0.09106272565021984733
-0.04768977756964634662 0.01022412107412130379
-0.02684096389042303979 -0.0411185061280634756
0.0428251426460897755 -0.05490739526530705877
0.06864742562241403501 0.01739512746361969453
-0.0001787671443761865478 0.04999891836651031152
-0.04847319600090987252 0.01823641040469315897
-0.04713527483301683391 -0.06048521254871690178
0.04159532121137278493 -0.07091110607965060708
0.0488209354472391166 0.01215823234733040548
0.001900009121852881981 0.06658980471332837103
-0.08365710982682669772 0.03035124992995454074
-0.05690204058710365137 -0.07030796143250910013
0.03257911295707203309 -0.04684101664413525823
0.05102667172294344383 0.02003333748526491334
-0.00849998522423657879 0.09462198296669015185
-0.08427755701259119492 0.02489176990049064495
-0.0267223410569515582 -0.04361337576765342283
0.04763362386359706185 -0.05220935727773255708
0.07278228310156110992 0.0315177132389071607
-0.003303315644641814132 0.07382784049743958132
-0.07909517891753856111 0.07154743554121223426
-0.08647921408252731701 -0.04540241792660387743
0.01291855740812193447 -0.1011614733236720076
0.09991358230010689845 -0.01746377082940714018
0.05524547786208097028 0.09598970184172438136
-0.06277154159431014291 0.07145149397587031992
-0.1063968007631900942 -0.04068825031370130324
0.009354345056599343289 -0.113777901819098845
0.1172091489338071141 -0.03159953464042523225
0.05591641119622359213 0.09403554754344173316
-0.08447947171180754389 0.09803453975216876171
-0.1161312887832441493 -0.05436763638746659744
0.02078176978395213093 -0.1332625004724244944
0.1231469605480986496 -0.01912733821390034603
0.06035435356529497697 0.1199853862692035894
-0.0918175757429377376 0.08420209475481511829
-0.1081751663658354762 -0.06024784776649422247
0.02092084870603314398 -0.0924126118577234118
0.1159156678084999337 -0.01199906593900321866
0.04200270466082885873 0.09897470842920176592
-0.04434273467765496163 0.0439463286850542631
-0.06120657778888696776 -0.02757060143903518334
0.006001971184225345958 -0.06712837819936424977
0.0662035246354139989 -0.02071273587087014978
0.03800653186870273093 0.05382026397128009121
-0.03801527524944883774 0.05222881682354722777
-0.0835686779789859141 -0.03018028597751096914
-0.004531113536170089905 -0.07744723422961394266
0.06625671207899398729 -0.02129149246350520858
0.0451928918325468984 0.0647500542624135228
-0.0602442261101748186 0.07928718339166238027
-0.07378634327047893515 -0.02790217389979129936
0.005436365326865867133 -0.07809427771831697895
0.07289994849086244011 -0.01743570176410711922
0.04349193100895223235 0.08234823609436754677
-0.0523005542517727684 0.05963670657120492824
-0.06375437034878449205 -0.03277486625594616676
0.01176798218539729275 -0.08501769410541590299
0.08069805032752640217 -0.009944983559327266048
0.03431625914023591489 0.06037453778831421147
-0.01711703190938401384 0.03106368159966632972
-0.04992397889611158851 -0.006888392543559124052
-0.007578012519428967142 -0.03626035260476644789
0.04357811054736694667 -0.0252630502268420612
0.02771235855445429441 0.0259143912208917096
-0.01163231987349749343 0.04049215704702650853
-0.0447542397979056733 -0.003277854983781883832
-0.01063088563467316783 -0.0445069335086727344
0.03661830570410532643 -0.02344124761181913541
0.04628228704234935154 0.03881260135670423078
-0.01967162642101997691 0.04520595949572549233
-0.050468679513757643 -0.006772152358906402894
-0.007679456980542952692 -0.04870362530194367878
0.05528819004840988816 -0.02916648891200899693
0.03339565435500892882 0.03653761098253030526
-0.03408377619928960184 0.06118851013589900883
-0.0402919999966250969 -0.008281886443346847537
-0.004948729543167238419 -0.0576376407297116769
0.03782087214834997657 -0.02046884307740293174
0.03967832537966991396 0.04266460785277215867
-0.001802914932843612764 0.002347614222001216926
-0.004028437520291892199 0.004270524726821212091
-0.00806679637430917848 -0.006160279084874295367
0.001471567001671239116 -0.01067492388886929523
-0.0009547477763487838016 -0.002076728967284624267
0.001907951793597544845 0.004856049527874353906
-0.009165195761278168221 0.004881366759879267846
-0.007896058984874887443 -0.007882230715040258393
-0.002753526097087214634 0.00115197682640541749
0.007024140625454007927 -0.001485181145261967733
-0.0004077104057061284531 0.01225923931001397099
-0.01090580561236496882 0.005195670069854983232
-0.002880564284351559614 0.001263844614411893403
0.002203846590874213029 -0.008830013308477217132
0.01121835428268856336 0.00361419642437805751
0.0002669355160495046064 0.01280479832650467491
-0.005752179263028340053 0.001051665418633489224
-0.007689777033667930493 -0.003920553557289924509
0.00345086792149758249 -0.01208792593523016524
0.00697287379563012958 -0.006157516075011188264
0.00692912633950839435 0.009545470732319902979
-0.01169922676755058392 0.01276848279939802808
-0.01330005918187315318 0.00804371314591452273
-0.01119629359407025258 -0.009956555955075640715
-0.00166927169521514495 0.001452855412611273782
0.01163707419245126051 0.01522362684391660725
0.005168196726327661111 0.01683703113523529402
-0.01475390874595972068 0.01148381408516410337
0.00283086774206783116 0.003094630155739296583
0.02115274119811370521 -0.008327367471856502237
0.01908015378171656895 0.0008116908520896236887
0.006201317912379724316 0.0200348014008622545
0.002546216285248656744 -0.0006621216756156977174
-0.0007300000302778703433 -0.02463251153709513155
0.008184708277137957289 -0.01819077143725647897
0.01988354784373097192 0.002078165449588562867
-0.000149900573844037458 -0.003931069755557885931
-0.01980858580139260167 -0.008327683345313269953
-0.01279785540880303864 -0.01190829651345049617
0.003795987498628776956 -0.0170136063503944987
0.01480687562870867079 -0.001417272054137178484
0.009635844291652767221 0.01275695326146767186
0.004078370412482982231 0.01740866957390765912
0.002158753042291590169 0.007371973456920894764
0.002103608108901963702 -0.01534162133235491242
0.01122230637663402392 -0.004598141430330401555
0.01920846480420539126 0.0001274748515450678369
0.005300045970162816159 -6.307653088942087507e-05
-0.01567173047822023949 -0.006767277075160059961
-0.001648155719110355136 -0.01608381282437528273
0.007077740369248564783 -0.02077765008389498985
0.002790795310282920012 -0.004645674550534216116
-0.01237073548751150068 0.01605335822229838477
-0.01652495287192457668 -0.004112984353787843723
-0.01672565660871658949 -0.01550114251576997781
-0.003786163933548903921 -0.00303590406185718243
0.008995592029851572774 0.01734106974567507786
-0.008378119808774659935 0.01263560676621679028
-0.01757136552563188722 0.01066479219403261916
-0.005508132833747313162 0.003092147692702832112
0.01601146178044220506 -0.01057921720724569817
0.01567899550377816267 -0.009200294054700363516
0.01777968322164754852 -0.01110964622979434928
0.001747258034596270958 -0.008411142487116534533
-0.005144974953232791387 -0.01675774885308630238
-0.00486672476846763697 -0.01825692754815980492
-0.005895268794473795294 -0.01967064369068536808
-0.007709062079105872059 -0.003817698664572059288
-0.01845709785754605023 0.0007450409736932584901
-0.01816611448303647944 -0.0009413625057982015574
-0.02014773340791082765 -0.000889916246932923689
-0.004417375126103490791 0.004936234580478430362
-0.00410210023641760773 0.01682264140107748648
-0.007273035329438922066 0.01631146509041385764
-0.007554211453028614534 0.01911391633974028267
0.003680516312289846322 0.005674434622412582313
0.01597275551990460021 0.009868015459277479709
0.01415415161090503686 0.014001389580103012
0.005202276884619337453 0.007659291317297029292
0.01240291254610061469 -0.002312434943117581358
-0.01242374002480019571 -0.01884480206190468701
-0.01484769087882728544 -0.01514732125473981089
-0.01895371032412910411 -0.008675875483422017254
-0.02239055560179669183 -0.0004508311627347416509
-0.02306487155840251588 0.00744214079295711043
-0.01907589657847144973 0.01008122861899539424
-0.01358298770912784968 0.01460372815841247222
-0.00718486809239000327 0.0222894423793080429
5.725404320147409334e-05 0.02467102150562948404
0.003516626023818864542 0.02176510834353284282
0.01004226857847752459 0.01712442250665834748
0.01971931203880079517 0.01377826740878167547
0.02310766550668966884 0.007648636589113813611
0.02201909322680047076 0.003270159098402710372
0.02066444678240250341 -0.004797004096275085672
0.01873459611239066888 -0.01392592665988397899
0.01445111704773555453 -0.01996871720288328697
0.009490759971261104183 -0.01898392921293179728
0.001651538541622916143 -0.02071885014002403796
-0.008558416743961631129 -0.02305802781948299365
-0.01288819035818299617 0.01528947689793227864
-0.007372736961268470599 0.01864585466938325012
-0.001694628482641297694 0.02238453203164230548
0.005166816227568109612 0.02125403135678771011
0.01072762755852616282 0.01721139921096659017
0.0164357258710597226 0.01243091259025990054
0.0208989243241991321 0.007870210848220818983
0.02191822475740887177 0.001682057031223975268
0.0200992061511207562 -0.004740170929213715668
0.01693400555999345289 -0.01156582953484795728
0.01420145568630493474 -0.01777882535060874847
0.008507853670224716988 -0.0205808273457662172
0.001440628944164212746 -0.02069117475853081076
-0.006019841369740190455 -0.01994751443422952686
-0.01262992855945910785 -0.01892229502865998281
-0.01671906796288546992 -0.01444599500954140379
-0.01907887520179298024 -0.007326280481777738482
-0.02095855599273559189 -0.0007361854305326258124
-0.02155685168436265176 0.006386287406394095499
-0.01872528953149630096 0.01143618227262686339
0.03014877572795202423 -0.04742722847913033446
0.01438505678003582783 -0.05338423708392395911
-0.002530777450195628719 -0.05657525365151539615
-0.02008804720378078168 -0.05278561642811403776
-0.03565308531301406708 -0.04403836935747198339
-0.04775517254850480953 -0.03053646489984472578
-0.05475463612787750955 -0.01427596337523375121
-0.0565602568207853526 0.003167521401002200594
-0.05286806072158414804 0.02079009413850016127
-0.04371758411106214937 0.03625936344473622286
-0.0305959352050559838 0.04793793957717764481
-0.0141950961082466659 0.05513589881829450423
0.003741542959441474664 0.05676484971114837547
0.02138477154728261193 0.05258959152867226372
0.03630616426574310995 0.0436198523808435587
0.04796855491054236725 0.03021934832545898966
0.05490026485488282149 0.01410419938521355158
0.05650310136938364175 -0.004162786656023961633
0.05239117631554419952 -0.02195636804085744978
0.04231970631741441974 -0.03576502622416321414
-0.05571053652597453276 -0.01279834389065889755
-0.0562991144230279017 0.00359508025151771991
-0.05010816961797572716 0.02080177422619830171
-0.0436369079340714755 0.03592151839068341568
-0.03140695522589111166 0.04790256272297019335
-0.01456811922219196365 0.05332204099550524878
0.004007160481820024045 0.05585367489780700134
0.0215983835874559299 0.0525232211670349225
0.03700493159102227758 0.04496363504515223791
0.04782262021147970499 0.03091821243633078101
0.05436871499797440305 0.01294702482231936159
0.05695765766570344557 -0.004712349549991406809
0.05421767179190194186 -0.02165214624767480486
0.04395984632405204595 -0.03627898677317943632
0.02875106945136337092 -0.04784938639875668115
0.01296442624519421848 -0.05565596331966274346
-0.003421733661342166079 -0.05824606393741006694
-0.02014380685086524306 -0.05176839976051596237
-0.0367144003902337146 -0.04241354840767157935
-0.04847262498686022436 -0.02965111740997940573
0.001511687066371133689 0.05533739321876497003
0.02483854813100781767 0.04729913227247411339
0.03697026344639134376 0.04434614648347264682
0.04888906535760455252 0.03339425712865216195
0.05257141755618682105 0.01505927534887619747
0.05292347481550856159 -0.01003858190387149109
0.053784946435794935 -0.0225370027553533428
0.04890752207756392245 -0.03615479029447089127
0.02885650567948032028 -0.04720593494643311738
0.005977444666240490888 -0.05150318565050512193
-0.004903355886921761594 -0.05950441138232826638
-0.01964449728866395767 -0.05863356307856160132
-0.03636881657511528698 -0.04260557219278134772
-0.04756976061534667205 -0.02166926753949345238
-0.05838800240628570781 -0.01377062010818117313
-0.0609745718917694135 0.0006866817229425645035
-0.04915294788506772983 0.02034660413809478985
-0.03453722596244728632 0.03778255431638092438
-0.02995903758020200536 0.05052416879897978635
-0.01801817186885796077 0.0572934995624819754
0.03190240696295516126 -0.02510877482133150318
0.04418267923750018172 -0.03630435686929186362
0.03622382214610569973 -0.03612874094533522623
0.02367082141538849258 -0.04443063381998972605
-0.01328050514243226711 -0.03991315238297703238
-0.02254499965968686029 -0.05096087565166739636
-0.02555449147568412613 -0.04921649542766225877
-0.0298810975385655278 -0.0309071790929441037
-0.04244059878510343664 0.003827419414474312383
-0.0563566755431553143 0.007056274891167763248
-0.05327819446406233117 0.008888893654532360744
-0.0462748831403662908 0.0190509743186878279
-0.006256954836642541172 0.03736748663771550377
-0.009789236711345020853 0.05614185808832111019
-0.007809204202092933679 0.05226388523298886729
0.004975787859698752036 0.04417459946645071328
0.03571681589207721663 0.02048163656063923393
0.0504334867256767197 0.02747947819808865128
0.05074186472612433885 0.02487589498345975023
0.04303442987842644174 0.007332308868087379812
-0.02510334242953073808 -0.01118427955742604986
-0.02673158439214185292 -0.01682502987743483142
-0.0233870163188333105 -0.01965088169554109199
-0.03679495702932102791 0.007832032081080034236
-0.01433215816918799977 0.01606666788915456223
-0.03358834538637210654 0.01986709878260218068
-0.01689495877278093111 0.004383015884525637285
-0.002912582745791221246 0.03589265381924394011
0.01772439055119527651 0.02286528714562094736
0.00916959156623971261 0.03956503023934439256
-0.006462507959208538266 0.02111846242479918298
0.03286844074901717344 0.01169156338372631665
0.03266123923317989369 -0.008201316402989600185
0.03901414360562587696 0.004880714578847320309
0.01667976893749462119 0.01446494453566260843
0.01938455285329493405 -0.03162442127324128355
0.006452866873399298007 -0.03191330447348054294
0.01741675421625046849 -0.03582667137573311567
0.01287012809629216326 -0.01092634893863251785
-0.02124419903140881832 -0.02805231517454419288
-0.01056090997950058161 0.02180905740704433202
-0.02802269945933531792 0.03385519581110304349
-0.01363805724664989179 0.02959425940177603034
0.008691196849776689978 -0.01334958106640009128
0.01960814250725397695 0.02491375820967202739
0.02073570758878858639 0.01831045702045312404
0.02462707193694465418 0.02202321682801810718
-0.01767827170017186034 -0.01068946897816388727
0.02901696462785357394 -0.0100029423349416377
0.02778351026977450913 -0.01558717738821947113
0.03363150800430397824 -0.02420781644901667112
-0.0152594297253675678 0.01354504637842368804
-0.006133066403793741017 -0.01853849431628383851
-0.006908668959760099273 -0.03101989237687531598
-0.01209767356113758061 -0.04116139942894776749
0.00386604300013266124 0.0201360906695695896
-0.02827606556909953092 -0.009361620884769194725
-0.02848598509453931227 -0.00554321825626036789
-0.03955175911451113552 0.001003574693237143604
0.01203843294473402881 0.00376379387970933281
0.0662961718204745365 0.03344099135315591054
0.008184582979447374909 0.001971495729308932448
-0.009123903113124802108 0.0004804063214094323885
0.03135173723016614761 -0.02179224552803063833
0.05106171184512861561 -0.05088092902750159657
0.006102387023168341293 -0.007866661868871060656
-0.0009390375639564020735 0.009022626551597173056
-0.011628219257349897 -0.03513955106468175105
-0.03257300490294468692 -0.0615088372686009438
0.004238679820366605781 -0.006817991079540700224
0.009548459310584794454 0.001116098961947779074
-0.01972592933558460146 0.004619588239077927587
-0.06859048243172578829 0.01331273619463054295
-0.003599615041174327856 -0.007783605933780562286
0.003929630179034866722 -0.00885678161911983286
-0.003694238145744212568 0.0135725103462818672
-0.01087227533033397614 0.06907173298364834013
-0.00127764724342534176 0.006626489135839512545
-0.007090644513554096064 -0.00667730588981214207
0.02984599868315698096 0.02093073519015415523
0.04413014159084938104 -0.0005976303294435352052
0.004464093418736273661 0.04122922287876379377
-0.02824268498687094314 0.01822899691179229523
-0.04817315093566107431 -0.03664978661758987177
0.01159890479457007482 -0.04520516729747649232
0.04281303779387373581 0.005447440871392704963
0.02168642270320172982 0.05109830057607966936
-0.06116204187750022558 0.0555874579377312536
-0.04031257085186148309 -0.02258012196284503448
0.02601464490205090963 -0.05181814437962450892
0.076782852358154699 -0.007666044448136518676
0.03060973563511215287 0.07895341829504191888
-0.05021266875395622581 0.03815711577649334024
-0.03954126460709132124 -0.04356095021981435528
0.02348756408336219112 -0.07272212629912819248
0.07702358818784706129 -0.0006897832644048130591
0.01235470613489433704 0.04664819971157065787
-0.0519704206848814465 0.01981275215252979033
-0.03949597031443221468 -0.0314020314559271263
0.02267463528517651289 -0.05726916989076379083
0.1355833463282741791 -0.01355900062740230186
0.04470867456846097654 0.08072708246480368721
-0.07511154578073667154 0.079099647302089654
-0.0734901920708510431 -0.02936891949526010404
0.01499836941153091449 -0.1354184613716655217
0.1042424042956170971 -0.02737012699030073881
0.06662938671228263443 0.09793612214606146893
-0.0406081216593436739 0.05038576807631392485
-0.1378717657064528479 -0.06166066038022528784
-0.005341243820699239329 -0.1245236673828970242
0.1256175315410694437 -0.04183771880984241132
0.03552095440093225309 0.0438133242694691491
-0.1210849011726818081 0.1169829045252126359
-0.1148267402341555388 -0.0389099500589614386
0.01116878843590051601 -0.1284519165685769349
0.06325777801196189043 -0.01168640381378527847
0.05917479117312231252 0.147778960959731448
-0.08456111204691538208 0.07600912599969288086
-0.1019030798043580321 -0.05444531592441516354
0.01030881704975962661 -0.0764554310631225531
0.1746975715711290844 -0.05958392794079523519
0.06822343300218895734 0.08989684124202175497
-0.1059124382819905813 0.1340500069350534229
-0.1717416212939812115 -0.04522342323370186212
-0.01967855894851083115 -0.1894775115685815026
0.1057579547626041755 -0.04780978978540307428
0.107145489658493881 0.1451580647886615838
-0.1044071992491332618 0.1715218341749250031
-0.2096897189187380828 -0.04154929817862980379
-0.008681739332035563056 -0.1300406581299004272
0.1997620247114449965 -0.05077521293888867526
0.1379809504187033686 0.1775068897289893699
-0.1233600942813032481 0.1973378466335338755
-0.1258091215991996026 -0.04234176125781392852
0.02086989618144784175 -0.2077823134853536147
0.2094460742442695866 -0.05780806610738630641
0.1222010602206816121 0.1788937270009045566
-0.07057248090626044856 0.09587401268049099146
-0.1717778950091345402 -0.08057846967528471682
0.008376822750468764303 -0.1847403884130553176
0.04745139848141350508 -0.04566382064343434133
0.04772257728282459227 0.02610862802415110998
-0.008465287202685181298 0.06259146782344375548
-0.05796769100573367917 0.009017207997421778157
-0.03545662525525592607 -0.0572861105410036181
0.03770739047285823209 -0.04292837355192823112
0.07183197919629172312 0.02434122092775408211
0.001984927160305831155 0.06241017585249410832
-0.06568711291032669486 0.01591551373752410695
-0.03242808171552478275 -0.05186253040086945265
0.0499465067410346103 -0.0541243348463816068
0.05832736511655073341 0.03316423761850392782
-0.01028401333703544626 0.07307140858325349153
-0.06726584513818940902 0.00296802279408831882
-0.02934017356180142547 -0.0609552830675410412
0.05953563364904050637 -0.04798023701440448652
0.05818053768430495043 0.03562384735841391675
-0.01864259450238681809 0.06326228104776084049
-0.0648753489245922077 0.008606914480723105651
-0.02106930938329214242 -0.05801653069956236308
0.07912708765289040713 -0.1726459136317825271
0.1703139469972351772 0.01094809426350687627
0.05430976283616735512 0.1556741605953025909
-0.100485105423927551 0.07355383812440884073
-0.1541415394087209956 -0.1166064816236854346
0.04843606821401706675 -0.1758142190469118293
0.177890318714472917 -0.02497179454209717472
0.04100309685197216225 0.1151614404326514324
-0.1658060566079729847 0.1313463418446052799
-0.1805470466951813735 -0.1164114360795135555
0.03868083386023170311 -0.1908605277375768627
0.1373396044084563006 -0.001926599006503372036
0.06836747350994548666 0.2237094062983396581
-0.1835315342721856591 0.1288923177050468605
-0.1592284074286488271 -0.1082761351980513487
0.05653556367990909132 -0.1410981103600802977
0.2157027950881701961 0.01786472420380175868
0.04436793528374716189 0.1975820648663711987
-0.1477377687170771114 0.09090227145338997117
-0.1009271892149824212 -0.08652178394535885164
0.01872847769010139996 -0.08387818667783757121
0.101716837143310479 -0.01141331446243192514
0.0426000289087241496 0.08660325578045117989
-0.07575594240937594259 0.07543843948627533547
-0.111964612104718933 -0.04761963424584902266
0.009174012412123060123 -0.08568529273198761953
0.1046571610987049039 -0.0204652617044784671
0.05985511283588097059 0.1092082699065614892
-0.09289201873479954741 0.1159509187684008846
-0.06240615642006671487 -0.0309886492659639072
0.02682433720422646231 -0.1216496448835434063
0.1483616162709188169 -0.02178596986827234516
0.07432636527125568993 0.1260581085562568759
-0.05465349400635606536 0.04839531705181857046
-0.09485902716927907541 -0.0662116908428430212
0.0364106389569658212 -0.1486356020842347081
0.1125304985017282766 -0.01168745571872820306
0.03098931781931844529 0.08200152872703386775
-0.08376668944819828933 0.06318015047100918047
-0.1060418955041380062 -0.07078295716521638969
0.002384134724143133471 -0.04402067837179378385
0.06510741024507049612 -0.02182379021324460516
0.02036026114522073577 0.02819391579401559628
-0.01744688909826295001 0.03732467254874774487
-0.04288863522317164223 -0.01115336485640167942
-0.005591278458692505726 -0.06013551708488345388
0.03601870002917497565 -0.0183085103048933294
0.03818998926136328576 0.03127050850048187364
-0.02470351611105256126 0.04206216934875748464
-0.07981336399927695113 -0.02412057068898573048
-0.004055960811808987168 -0.05862603626347004382
0.04279323884659854554 -0.02270035053425570673
0.03417975547905250516 0.04649525278558749863
-0.0539260577482545897 0.06620508229741693673
-0.06812065190652921709 -0.01816830691710053305
0.0004016817915496095816 -0.04763167218932186364
0.05239858593740723269 -0.01211243910341602142
0.03338906790801526858 0.06043255442724546067
-0.03144758867034764399 0.0402195543546629633
-0.04209939912430528397 -0.007983203064422442555
-0.05460681150153850333 -0.05262266387410249879
-0.0176969443860434221 -0.004993611535581451814
0.005505460801527001236 -0.003665004504439237695
-0.0107152388309831835 0.007413337644487517052
-0.06567065689054027433 0.0372616617615582485
-0.02214994035624390581 0.02138591974067071549
0.004027829075614297073 -0.0002752143514396754006
0.006728294576277603009 0.006415175042527891322
0.01584339818044740167 0.07225410679655959456
0.006441968191439690662 0.01354941924423513043
0.002014943646622713216 -0.00434962364992732848
0.006976412185543089117 -0.007878156156403191487
0.07137702628750379474 0.007862051897705306033
0.01227208901352421985 -0.0002015614476142772173
-0.004766606451163480328 0.003961102619341449853
0.001680968108941187584 -0.008448206233733674547
0.02956955942324837258 -0.0663648648668798552
0.00283888387735569802 -0.01147771667891590505
0.004755275386127499546 0.00842243557685745832
-0.01041302117818258474 -0.008420582906964312053
-0.0168781063112395241 0.01000046271684677801
-0.004002059608946504851 -0.0111811637613034344
0.007397879426724267467 0.01744209001132233927
0.0278885639979020647 0.03451682565408852044
0.006655648426259913771 0.01986225985458492035
-0.01376377157270099356 -0.005958479042567413168
0.02584266914322367117 -0.01207148243278879582
0.0444481015469332108 -0.02273046818892084445
0.0313060898040523547 -0.002798126937841511654
0.0006486576201936983385 0.006780627828812002544
0.003775046708818622938 -0.04972512563304894162
0.006299124065575317441 -0.03644130226709607623
0.009108275774835675534 -0.03291427458017964075
-0.01040684996293095473 -0.03047847774149462993
-0.02010536508642338585 0.01904613758356589817
-0.04956269646146045649 -0.01123406916827706173
-0.02739309668587619831 -0.01850042575427221503
-0.03157860048522762725 0.004969590433667817227
0.005740635479556011229 0.02014831394208112941
-0.02455909789953279396 0.03706470562395468987
0.008046862849819393787 0.01359126740559680503
0.03373322641654757231 -0.006043739852315085058
0.01378067567098473917 -0.02004112056055012969
0.03064263021694605543 -0.02812177021051078668
0.01851233613657123078 -0.004992979383724195468
0.007052156171012155354 -0.02299960790012458428
-0.01122994819366684473 -0.02185227596329664818
-0.007247496864961538998 -0.02917017349000441268
0.001801997352698526261 -0.02325287537204661845
-0.01943202492061971848 -0.009620925440854027552
-0.02813128787985742785 0.01360688246351293533
-0.04046133002944381218 0.002429201259570624299
-0.02379131856078164908 -0.0139936565152094048
-0.01610786383415066872 0.01660421411673480493
0.002673264919471674429 0.02117374140689915266
-0.004557289190642516488 0.04242884676428303886
-0.01422222516985487475 0.0139856175778818332
0.01518066767123285934 0.01935048533514373628
0.01751557050400321877 0.006740570647308316739
0.04302010312600092895 0.02051905136437669891
0.008592088699714547917 -0.03756149479232641364
-0.02962834434600806685 -0.04250296234388975525
-0.04051315124328221107 -0.03497668580619498618
-0.04317620983193205114 -0.03344852292131975796
-0.03385100345249823089 -0.02019684334723112484
-0.05053434877324724378 0.01485540949235911005
-0.04712128168769070397 0.03038264537873648294
-0.04703702183377696938 0.03309732786373609237
-0.02917178479681666395 0.02683194082402727554
0.001243373258958944006 0.04800729497481159846
0.01537785363142986882 0.05620323304388110536
0.01173379353306431942 0.05830573764693025574
0.01248098695150008132 0.03628533622467566139
0.04638923389395884639 0.01308887680699774396
0.05809653290816859522 0.002901179284206137181
0.05699680487927352018 0.004207138241268995257
0.03867836079584426046 -0.003159825609617058877
0.02696457875447455521 -0.03973553683297951361
0.02100105126028894639 -0.05344415628728177436
0.01936610042444579863 -0.05252070109850150853
-0.05062775558843571333 0.02317891200090136522
-0.044255364179492232 0.03992505245743197678
-0.03251249758942738322 0.04671624037731206963
-0.01961282781030597444 0.04972519236805422738
0.005311185922995251794 0.05533037052279736467
0.02385461800561969326 0.05447655925311293418
0.03432657729766536853 0.04542387299683147556
0.04128866656771335714 0.03429591444824113544
0.05444949342421374211 0.01180662863568833661
0.06037148041264989856 -0.006131803315500146748
0.05522790135334489092 -0.01877088552467700081
0.04334839005959434388 -0.02699744331025273961
0.02845149460592315618 -0.05024783547369162523
0.01208448456287794341 -0.06022830282589434342
-0.00131473741519923964 -0.05802573770357868227
-0.01308114959743000502 -0.04945181085229145151
-0.03896040582171874517 -0.0421014107575594515
-0.05238400675580755922 -0.03075147788675118218
-0.05492832295517297708 -0.01644124371396591539
-0.05337480492881232358 -0.002669069635532826494
0.03479435106415602885 0.04511218376983204548
0.04690624883674190948 0.0311971131236349862
0.05370716919507764059 0.01496540725562582261
0.05602875688016367706 -0.003531176244166440558
0.05298877711861536832 -0.02078930530892457093
0.04356990383099432207 -0.03539647413133438503
0.03070632963572226051 -0.04625596711980673598
0.01414144238778900636 -0.05457855394448993258
-0.003141055997078061844 -0.05722819606723669739
-0.01984811170766602115 -0.05300922238507431439
-0.03464564243684212924 -0.04265248171915246578
-0.04836089933290535492 -0.03024012788349618452
-0.05607326386504946081 -0.01438884583272323318
-0.05651146287817173514 0.002485007095822416856
-0.05121042039529199313 0.02017114094009461733
-0.04354630495555743969 0.03679171280160940805
-0.03054041340796071966 0.04878810110757778734
-0.01483470234125782751 0.05416330039305575217
0.001523410262904380556 0.0540900651149872555
0.02078795228197459488 0.05243629991851472133
