  0.002793718141477758
  0.001530463782785898
  0.004402178348609871
  0.005743887000706413
  0.008247931216601905
  0.008210692452223089
   0.00799560311425692
  0.006299671234921264
  0.007365427290910756
  0.004715780315772787
                     0
                     0
                     0
 9.668667189597209e-05
 0.0002068432108216343
 0.0003906324753823978
  0.004485436660107748
  0.002125018879659204
  0.001011712889957055
 0.0002718385094333058
 0.0002909423487534033
 0.0002037464589976119
 0.0002365298850928164
 0.0007282727127615182
  0.001896970813349813
   0.00834459775969165
  0.008011408443991929
  0.008404166494577326
  0.008128702833080535
  0.006800404927484291
  0.001169348957006806
 4.211085242786676e-05
 0.0001384953736964046
 1.126835159025889e-05
-1.375618332421855e-14
 0.0003017081779837602
 0.0007740883687269496
                     0
                     0
 7.862207388548656e-21
                     0
                     0
                     0
                     0
   0.00246926174981222
  0.002777242871453812
  0.003677364846887482
 2.074152617237771e-14
  0.003559769691751009
  0.003733731668915863
  0.004998269141947634
  0.007602018032510344
  0.007025343071782783
  0.006039858742931344
  0.005010303945801541
  0.007634279029522557
  0.006146518706518554
  0.002742266691951702
 0.0009157321641583735
                     0
                     0
                     0
                     0
                     0
  0.007695887769555319
   0.01112670584392009
   0.01298843361198785
   0.01127510759828217
   0.01098719891102188
   0.01188413091285967
   0.01379768139743268
   0.01519776356903955
   0.02108182406619916
   0.01225571141309847
  0.006346101661689854
   0.00212474603891663
 1.003248726398738e-12
 1.155794342281032e-08
  6.59351356790664e-14
 0.0009783837793374414
  0.002872275899063026
  0.005033470366677884
  0.005980895448706469
  0.006303245817806979
  0.006439163945766924
  0.006479443186038642
  0.006341404492381027
  0.005846432201408701
  0.004508297214134536
  0.003735446282675909
  0.002989327690844638
 6.368372582857458e-15
 2.702713118212337e-13
 2.134675638816935e-21
 0.0001835693069449452
  0.003311048801155344
   0.00521976927993594
  0.006557332189250899
  0.006113928664246164
  0.005546144059072678
                     0
  0.006272112726787019
  0.008451914660621769
  0.009688565812537117
   0.01063830894740483
   0.01241208049649792
  0.009425938741484667
  0.007298876516972998
                     0
                     0
                     0
                     0
                     0
  0.002500702118166675
  0.003219558592233328
  0.006007188848830433
  0.006975193067944662
  0.005108606977075636
  0.000744323205984856
  0.001791735074971712
   0.00139637711383193
 0.0009360327815028265
                     0
  0.002189958004972294
                     0
 0.0001037341161728385
  0.001572611900555809
   0.00135913884285958
                     0
                     0
  0.001787035447408208
-1.535514122212793e-13
 0.0009270715726720545
   0.00752281895702748
  0.009767451193995138
 0.0002079057014503586
   0.00326646804143088
  0.005558787838809639
   0.00242854261819099
  0.008872247937247576
  0.008186963567355043
  0.002586959127281085
 1.151689787551983e-12
  0.005984221969804841
  0.001360654802057177
 0.0004183207081819677
  0.001241209784936947
                     0
  0.001807582505320133
  0.002306949585955535
  0.002235577831216445
  0.001183165033606213
 0.0004318342973209378
   0.00101317672354479
  0.006197291190256706
                     0
-2.596901918108093e-12
  0.002418418399481584
   0.01001620735423212
   0.00924033300772001
  0.008611006309562814
  0.008327902029253589
 4.817068982643462e-05
  0.009497842357649442
   0.01204791595610962
  0.006178672352912884
  0.008491220128244744
  0.006852160536364223
  0.007674086550472738
                     0
                     0
                     0
  0.001932321670257848
                     0
                     0
  0.002196969055350838
 0.0001181159526939453
  0.006827957451104411
  0.001245861498740653
  0.004713402544501101
  0.006182502481494925
  0.005567390175430349
  0.009592741476355826
  0.008188241070922076
   0.00900838922241967
   0.01010142602322279
  0.008751794418317195
  0.007569517674097085
  0.009561821448527356
   0.00181950010975757
   0.01283030352523204
   0.01027171296890294
  0.004276733643407928
  0.009745727129335597
  0.008266621799498757
  0.008082822459943672
  0.007977029097728829
   0.00770223959423853
                     0
 6.431907044483231e-17
  1.65636161792452e-12
  0.001560608472081688
-2.604825306337002e-14
                     0
                     0
  0.001393418070538905
  0.002232464808963347
                     0
                     0
  0.003599070921069201
   0.00783897880992088
  0.007860821971570313
  0.009105236362140818
  0.009035356311260859
  0.002654802601338208
   0.00322147053255605
   0.00188059009204993
   0.01171325400495771
   0.01169149150623197
   0.01146848290057565
  0.008634070900209994
   0.01375736635108807
  0.009648366510521349
  0.008760051440841748
  0.006772303656088495
  0.008361179135703117
   0.00828651592256624
  0.009002271872388043
   0.00843038862517684
  0.009571098832901028
   0.00762737410545703
  0.008375807611702391
  0.009746953897202433
  0.008558347412484048
   0.00853456683865853
  0.008862877657149888
  0.008670211919756381
  0.004277110880528209
  0.007305594268718814
  0.001168391997096042
  0.002410944514998689
   0.01251492091946001
  0.007794716136259203
   0.01017364472960406
  0.009225647478900974
   0.01426538846689572
    0.0082815327766253
  0.008296617077794581
  0.008231038064236224
  0.008337134995333536
  0.007845079097808523
  0.009500264750768426
  0.007547359893190317
  0.008602618458343217
  0.008065015431684478
  0.009224000380777621
  0.009791826943834275
   0.00907233828555978
  0.009477958346523607
   0.01013518566415092
  0.009370909068127337
  0.008594043127719419
  0.008866397743157756
  0.009596779422876883
  0.004848246925599208
  0.005349807518764826
   0.00104062458931048
  0.007804086736994339
  0.008223812399120494
  0.008780797494231857
  0.008843147811758791
  0.005575267183795436
   0.00432105716573759
  0.004363095392991212
  0.006738469818970924
  0.008016829716382585
  0.008617849366470106
  0.008533504784005275
   0.00871096486419135
  0.008388030936135086
  0.008641896530617386
  0.008397325605555284
  0.008080181456503382
  0.008537033988093561
  0.005115138835176892
  0.008800278061007581
  0.006231698442459196
   0.00665897155370098
  0.003172113956535885
                     0
  0.002996031353826797
  0.000380374365073189
  0.000118187678131265
  0.006767582900295565
                     0
                     0
 0.0003192131988863027
                     0
 1.625662249567559e-14
  0.007224677913477183
  0.008904669659117003
  0.003415760284609446
  0.001352849411677506
                     0
-1.396486521389094e-18
 6.103213344606475e-13
                     0
  0.001461097780190944
                     0
  0.002571081662270886
  0.002097757851027591
  0.004222497856999338
  0.002332024897921527
  0.008574973268618506
   0.00117585224107611
  0.009287079539110345
  0.009462325057000859
  0.008306877845301991
  0.003737045502507747
  0.004559783126644322
  0.004857363645346319
  0.005410737821582033
  0.006246857756158259
   0.01248838488269171
  0.006727949013481753
   0.01019282189238257
   0.01124496661123801
   0.01177844076217206
  0.004685579381877433
   0.00116641108633325
 0.0008467494839332042
 0.0004270052142736503
  0.001529356780669196
 0.0003272681015975276
 1.672408665117468e-12
 1.107758031376067e-12
  0.000125922854772605
  0.001235249489173155
 0.0004712954671063366
 3.651804904845086e-13
-1.692610324171737e-17
-5.293955920339377e-23
                     0
  0.006027858560686494
  3.54976644028234e-14
                     0
  0.004376369798431346
  0.004526130518038417
 0.0006417959764773714
  0.003036322990881251
  0.004837244416495951
 0.0004710137316864928
  0.005795637370837634
  0.003226905026475816
  0.004317745001102845
 0.0008170537123610128
  0.004138101420173435
  0.003592542647687993
  0.006508463376191449
 3.315448932689589e-12
  1.73461092379654e-05
                     0
   0.00597813894153742
  0.002457676230043582
  0.007332381035579293
  0.006247899703906349
  0.005056214157880829
 0.0004361294866836307
  0.001494069678779096
   0.00033901939768564
 0.0009221080753389745
  0.006961995332776872
  0.005732495954624162
  0.007304462995149569
  0.006817765831907273
   0.00628218570466793
  0.005326904638351357
  0.006092669354654195
  0.006694209387945723
  0.001592187100485134
-1.144470260748542e-15
   0.00982970884161001
   0.00539744659420863
  0.007799406704095088
  0.005873889281103837
  0.005649927696684729
-2.686134998863888e-13
  0.008258487088709703
  0.008275503640245501
  0.007527683526387794
  0.007786830759504832
  0.004807849694907607
  0.007537445808992828
  0.001286253493940747
  0.006521721920506691
  0.005697591917406255
  0.003973651705340516
  0.006613831743170879
  0.005910193995653131
  0.006475750281630825
   0.00678409465164483
  0.007143540461315614
  0.005541469855590315
  0.006469581107739144
  0.006310276339709303
  0.002951648376621955
  0.005854493848609399
 0.0007631020412669694
  0.006871789334050171
  0.006380432301040547
  0.006997004631929453
  0.002034182017060744
  0.002879553651450244
  0.004904989266652525
  0.003262502643530681
   0.00483653125836543
  0.006762957758943734
  0.007031845989646493
  0.006230458981522655
  0.004559637759636317
  0.008127065982788336
   0.00686211484265753
  0.008757616521093747
  0.008710638805058801
  0.008359830567712383
   0.00239613061025261
  0.005752966603013258
  0.006616239807032822
  0.007551744992431744
-1.334635523970516e-14
  0.003181724020828506
  0.007003788107286074
  0.002047451664805222
                     0
  0.001292759723685519
 2.645193691140084e-09
                     0
  0.006142060889702456
-3.175036034240353e-15
                     0
                     0
 0.0006417216765552992
   0.00390340901099237
  0.001782824404624884
                     0
  0.002428907778243629
                     0
  0.001647134023760784
  1.43780786224861e-08
 0.0005712772740583454
                     0
                     0
  0.002621927712192795
  0.001074374828534814
   0.00260179740556748
                     0
                     0
                     0
  0.004029282018652736
  0.004556981626867882
   0.00620196413795441
   0.01057847576748269
   0.01066678666816167
   0.01040365459778311
    0.0103648193027407
  0.009933622511589491
  0.003776725387454135
  0.005681628908451974
  0.003253830145775052
  0.006757434808209548
  0.007145542414671061
  0.006954693634273479
  0.001689522608101069
  0.006057605697366672
  0.002858976020349342
  0.002764139128448776
 0.0008423468501980453
  0.006163845216718442
                     0
 5.177742407603099e-13
  0.009227726298278834
   0.01031566230939687
  0.007349001457438281
  0.009133678036173289
   0.00645324026092222
  0.006257327588000493
  0.006067078790509555
  0.004977776789239281
  0.006328036673378093
  0.006522432728118505
  0.006373394224351492
   0.00645143289644626
   0.00639128944402926
  0.001243793566908987
  0.004171202662848054
  0.004136723977138648
  0.005819689401242284
  0.006451281928158174
  0.006866371947107768
  0.008593916240591229
  0.008773867335862353
  0.007462476819098021
  0.008267674653173612
  0.007424297194589568
  0.006603650113764434
  0.005922919326332298
  0.004329209269586511
  0.005327135768185809
-2.179233434561992e-13
  0.001368635634060909
 0.0004438400857353361
  0.003798815681906148
  0.004129044930515692
  0.005907108421276869
  0.007733974687249959
  0.008677605771446601
  0.002701661989521056
 5.874382233237458e-13
                     0
                     0
 8.323854272935699e-14
  0.001201761814395072
 2.828517951407497e-13
  0.001409712199646757
                     0
  0.005613453269643329
-3.292264296902979e-14
 4.930332778022782e-14
-2.242068674086976e-14
-6.093235624132273e-14
  0.008893160649512259
  0.009163361456974835
  0.002481078019150627
-1.118039629775218e-08
                     0
                     0
  0.003881866401917439
  0.004837536196312382
  0.002672536451290152
  0.003808241401831236
   0.00256710689094633
   0.00168377746616754
  0.003236791799773583
                     0
  0.002451053140208653
                     0
  0.002295062203284631
                     0
                     0
  0.001389866810512551
   0.00153103834653338
                     0
  0.001978828263563733
                     0
  0.005712422027565901
  0.007028956307504376
   0.01022694814090643
   0.01111406173363538
    0.0111405361599921
  0.005065222152398043
  0.005733826439030637
  0.007277283980489721
  0.009093724988581067
  0.006681303300019578
  0.008409335253319963
  0.008476477744067061
   0.00906199619722689
  0.007209950546686389
  0.007851372400569172
  0.007459570231200033
  0.006370126778635498
  0.009418069846936362
  0.006159192603323572
  0.008185952970332033
  0.008988214568992852
  0.008649423998637468
  0.009976619202607197
  0.009932978841222496
  0.009252055681978424
  0.008732176780337757
   0.00686595939480256
   0.00904994170876541
   0.00912544844009254
  0.008776677938658136
  0.009091072963810265
  0.006366333163772004
  0.006423554925714343
  0.006296807927148308
  0.002391686426818884
  0.006346684660470525
-1.378589101823852e-13
  0.006162591459757996
  0.006643042137045956
  0.006869941061102476
  0.006528173299123807
  0.005042013923256257
  0.007096345285096057
  0.006642126709674062
  0.009343281710108982
  0.009189820099479147
  0.006871180861960985
  0.004750396797461157
  0.003609445364558097
  0.005810008392324384
  0.002816732891959669
                     0
-4.423127527510233e-14
 1.826214860230499e-12
  0.005352162584649864
  0.003800267102682988
  0.006305379539319199
  0.007276857354083608
  0.006585492239151973
  0.007624905546730874
  0.009731883271202753
   0.01077330679549457
  0.009385232712057167
   0.01056387703322974
  0.009379951109501532
   0.01106678663396716
  0.007359552276654372
                     0
  0.002575450076370102
   0.00472150599635003
  0.002369974967149961
  0.002284207499465258
  0.004192338152027527
  0.005283526218323849
  0.004479838530581566
  0.004950428381743719
  0.004706795434240295
  0.001424748571250168
  0.002084535295616929
  0.005771833114144388
-9.771327672528501e-14
 4.379668557073085e-16
 0.0007872680493574231
  0.001271322346573271
  0.005188285421678408
   0.00501476286016478
  0.007617265678384758
  0.008852744083974554
  0.007209865848312694
  0.007105142451068294
  0.006969459782310023
  0.006180475728105185
  0.007947216970125777
   0.00679156955169857
  0.007551474784538927
 0.0003513144173270104
  0.003413673835550216
 0.0004404978538717803
  0.003077549815100458
-3.179717378333032e-20
                     0
                     0
 -2.38731618378855e-13
                     0
  0.007504581827924107
  0.006219904924137977
  0.004595438628388869
  0.006674595146390963
   0.01021514228377542
  0.009932027781602805
  0.009899187006588346
  0.009930394451212908
  0.009884128554743217
   0.01019612109030415
   0.01060085990457609
   0.01080247270569936
   0.01049080957187621
   0.01035319284067699
    0.0114455560326448
   0.01146143587523026
  0.005134713268710001
  0.006455926622308045
  0.007529380745730399
  0.007994875328424874
   0.00795312351556538
  0.008369696256858607
  0.008858976067348428
  0.008353172658596766
  0.006870673286681755
  0.007012726911419365
  0.007553448025926547
  0.008305508350899125
  0.006889703113667916
  0.005841796540998343
  0.006425857138980673
  0.008919538978611322
  0.009488896970631168
  0.009412788589018395
  0.009569947100950344
   0.01090825190630421
   0.01045384323391273
   0.01022404224400443
   0.01114834993439099
  0.009138922820632056
   0.01039003274621473
   0.01146840518335377
   0.01065333307256078
   0.00898713486192531
  0.006228488322989213
  0.005980874168978052
  0.002054388300029132
    0.0056710732366226
 0.0002518229967904711
 0.0008797959861295458
  0.001377366280103869
 2.331999716808481e-05
  0.001414535531954482
  0.002442870315556908
 4.003788086635429e-14
 0.0002201138417291299
 0.0008140472540558359
  0.006428056188108351
  0.006342723930188995
 2.551454489738737e-14
  2.44686642638086e-18
  0.006555567478609121
  0.006661049499459085
  0.006811293953297402
  0.006683287754222399
  0.003162289830052963
  0.001290580946699411
                     0
  0.004895577178831699
                     0
-4.408444892871794e-10
-2.052939356023633e-14
  0.007679662717187395
  0.006133728652248726
  0.003662620663692757
  0.005673945587109713
  0.006180600201975769
   0.00596031032029439
  0.005981282828006998
  0.003221968300094972
  0.006191153634257707
-4.220378844440936e-14
 0.0006874270221011029
  0.006554980986799483
  0.002447084046141679
 0.0006789686241080893
  0.003321374290610107
   0.01220625001172876
  0.005532178534565537
                     0
                     0
  0.002143708209512374
  0.001631442114840463
 0.0005110115724546036
  0.002930693093706509
  0.004962844468851501
   0.01074468481144172
   0.01053316751098154
   0.01075754905776859
  0.005636854776543767
  0.005271396641227973
   0.01078240308184591
  0.009160166783907612
  0.008983385164518728
   0.01223509508162349
  0.006922451393645813
  0.009683027044826216
  0.009141156406198319
   0.01228952515464818
  0.006148246180477913
  0.007088427281595966
   0.01379801878738336
  0.009553511243110647
  0.005764644133707023
   0.01363321278960605
  0.007308004560601769
  0.009326942221531166
  0.009595924563168011
   0.01256569176826615
   0.00863045617281299
  0.008569604765157996
  0.006504853308958602
   0.00909579490936595
  0.009542150437195461
  0.008994566676774812
  0.008927139076580437
  0.008320648734737061
   0.01009602676306014
   0.01134448984944793
   0.01172076952919785
 0.0009044862051115045
  0.001856726060653015
  0.001416508220777243
 0.0005267559266263452
   0.00106884120992814
   0.01560853623873028
    0.0133091025971388
   0.01073650861469786
  0.007439499316834955
   0.00796282648570309
  0.009880410559822415
  0.009008046613166964
   0.01192625886257062
-1.434717223820901e-12
   0.01475259075078906
   0.01363546601755053
   0.01068496216921568
  0.009291571966142356
 6.849933118947754e-05
 0.0005725877213449424
  0.001795154050589493
   0.01292452718208719
   0.01021917976462859
   0.01013790303709586
  0.006816710472831371
  0.006974627446368094
  0.008609064229150443
  0.000388143867046842
 -1.64819534301714e-14
  0.001733838505962081
-6.877829193847118e-15
  0.008085067779280352
 0.0005532471659165513
  0.003588045022045165
 0.0006782574155063832
  0.001402319434658338
-4.107791837459377e-18
-4.461929477262256e-13
-8.392502907030581e-13
  0.004681458196735953
 2.877166701816496e-12
 6.367195961861597e-13
  0.000662421580955885
 0.0006909444969481277
 7.762961950671168e-05
 1.020057587803401e-12
 0.0001065728787151684
    0.0107916793383549
  0.004911294842935325
   0.00483358730713046
  0.001345762258859286
  0.004206909708205186
  0.006614105318904958
   0.01042155289293091
   0.01113753077907588
   0.00853517437436006
   0.01233680055627583
  0.008187529316878911
    0.0140104325393275
   0.00221075576893355
  0.009565208959083877
  0.006592502537312309
  0.007756994429334897
  0.007264262210160542
  0.005983972191365813
   0.01052861728419683
   0.00365784192884578
  0.006437092052601253
  0.004393422788163717
  0.001885644588917538
  0.006466420338124113
  0.001104904780640317
  0.005524594070873077
  0.005150463559652649
-5.669493381788518e-14
                     0
-3.076011836878367e-18
                     0
 1.929889512350992e-11
 0.0009980143741484364
 2.119288038244048e-13
 5.421010862427522e-20
                     0
                     0
                     0
                     0
                     0
 0.0009007619233890079
                     0
                     0
                     0
                     0
  0.007014942904080573
  0.008839709180326404
  0.007876549170821067
  0.004181531347773511
  0.001827037572461869
  0.004207127507018254
  0.007039849925970212
  0.009212965173950849
  0.006023813593688344
  0.006228403394279673
  0.006003165269752748
  0.006716313964920869
  0.006188199232955953
  0.005684730604968729
  5.48090002457551e-06
 9.234365815542788e-07
  0.005763694417382151
  0.007509100184158866
  0.007950149820476341
  0.007741560149248708
  0.006990961704878407
  0.001158552103091454
 0.0007611219161527997
-5.063805345930269e-13
                     0
                     0
 4.565307804335834e-05
 0.0001295611874956269
 0.0005562803397502253
 0.0007865067189228711
  0.007670491860530075
   0.01064436206067777
   0.01082973799456703
   0.01138112953208113
    0.0138176535056967
   0.01429904380916122
   0.01537069953455599
     0.015035180787663
 6.815256328671281e-05
-1.860960594790503e-15
-1.535790016594694e-09
-3.068927400480646e-09
-3.411165773395388e-08
 1.659531103934512e-23
-2.213004614751985e-14
  0.008512468721343029
  0.007730355864060233
 9.567244002424872e-13
 9.024966327673399e-07
                     0
  0.005512845840737582
   0.01139975516645401
  0.007334845897964952
  0.003506230762377873
                     0
   0.01102300961673439
  0.008115105575129285
-3.568922501279159e-16
    0.0016077023222205
  0.008779254184809985
  0.001032651339965595
 5.739473250131634e-05
  0.006875403958071364
  0.009153434554653589
  2.15642369412461e-12
  0.001681031091446407
  6.28172194244534e-13
                     0
  0.008452968444483457
  0.009633721687623756
                     0
  0.008080608112884854
   0.01132254718510835
  0.008359773228780941
    0.0109343796346671
  0.009790044316179304
   0.01310178823782517
  0.008944443895980269
   0.01217097449501661
                     0
  0.001234469752754331
   0.00169962348246124
  0.001071525302328975
                     0
  0.002546565745498156
   0.00893234736881156
  0.006418668426106747
                     0
  0.007578650867443825
   0.00156801904201806
 0.0007747902158517444
-1.963321777789315e-13
-1.270549420881451e-21
   0.00268437820349586
                     0
  0.006421933357422117
                     0
  0.005132661725641436
                     0
                     0
                     0
                     0
                     0
   0.00703986681849848
  0.009250246217513435
                     0
 9.143018887068233e-13
-9.154340021028235e-12
  0.004914321044899732
  0.003988401998785235
  0.004235283947462311
  0.004763848711725013
  0.002592237033189448
                     0
  0.008614882579774583
-3.486180847662697e-15
                     0
  0.003161898544550454
 5.293955920339377e-23
  0.002975693620274087
                     0
                     0
 7.207107450106936e-06
                     0
  -1.9713546991469e-11
  0.004028857656622894
                     0
  0.004121687937461738
  0.001446318048873669
 -9.94400335824734e-13
  1.29306050730086e-14
 0.0001699802844722668
  0.007306524830482768
  0.004352941852614887
                     0
    0.0051555728378139
  0.005938445362184084
  0.001460983260895336
                     0
-9.625529093301357e-13
                     0
                     0
  0.002666071730284888
                     0
  0.004298382356054606
                     0
                     0
  0.004624254357367922
  0.005463243819829418
 0.0001635532582721801
   0.00185891956725529
 0.0003706327609939365
  0.002350082991353218
  0.001783675136517486
  0.003397658349637702
  0.003060281535399422
  0.008881337582576573
                     0
 4.323442339163605e-05
  0.001455446791986268
                     0
                     0
   0.00480758236970039
  0.003972206481888636
  0.005072212416871314
  0.001041389685752687
   0.00222450539982607
   0.00465884194345014
                     0
-3.631975633872769e-16
 9.332009636026592e-14
                     0
                     0
                     0
                     0
                     0
                     0
                     0
                     0
                     0
  0.004361056449382655
-1.160930076030131e-13
  0.001900669536653794
  0.002979916895055825
                     0
                     0
  0.004785635306813615
  0.005499265075280609
  0.002494878811177908
  0.001407249776956944
-6.090648158139836e-13
                     0
                     0
  0.001751709356658163
 0.0006076545967573075
-7.767274348669686e-13
                     0
  0.001747823594844653
                     0
-2.429006429653173e-15
                     0
-1.216742394198368e-14
  0.000340465096473066
                     0
  3.11732826949355e-10
 1.098259045957759e-07
   0.01412840457919964
   0.00671329254498821
   0.01028399699288944
   0.01259868559226156
   0.01325924726722518
  0.008374734712282721
   0.01167632047235095
   0.01382582181805067
  0.009502183510108226
   0.01023669890450514
   0.01060739328188398
  0.009414909843315087
   0.01070058101181726
    0.0103658664429784
  0.009651358505221495
  0.006831385594855492
  0.007351808321556092
  0.009796327078673409
  0.008772807604781089
   0.01401274469606536
  0.004269270915002029
 0.0006129535120856389
                     0
  0.004424360249686264
                     0
  0.005137447592460854
-4.034186759450957e-20
 3.673680065729663e-12
  0.001206049043961288
 4.965403133624295e-16
                     0
  0.004639052247897589
                     0
  0.006429743177681088
                     0
                     0
                     0
  0.003583946074508268
  0.007717316548852111
                     0
                     0
                     0
                     0
  0.007443500428372394
  0.007700807489974487
  0.007258940302188203
  0.004177757723137412
  0.006588350744606276
  0.006912701427372304
  0.005158857490226084
  0.003935808044764689
                     0
                     0
 -1.71023025091646e-13
 0.0007963522020710558
  0.001475145577826521
  0.008527967200686434
  0.007387601465127341
  0.007841523280446162
  0.007043013869992314
   0.00655242373857082
  0.005363593764028631
  0.007996733980589806
  0.002267792856277545
                     0
  0.001303626079099906
   0.01474949494178974
   0.01579202216096583
   0.01303576462143801
    0.0129110620920332
-4.037555879909949e-13
  0.009387488062739559
  0.006913824755201354
  0.009508592516641115
  0.003227832274097726
  0.002531914390750097
                     0
  0.007803785334026568
  0.003641009936987297
                     0
                     0
  0.002421082564493901
  0.001204055558738662
  0.005024106568593106
  0.005705905169727209
  0.003534137916811736
  0.006701626876462985
                     0
  6.66037048691423e-11
  0.003115273144151783
                     0
  0.003887894420289221
 0.0001778684118994235
                     0
  0.007618200555941596
  0.007778104744257065
  0.008706904877586203
  0.006820016794043391
  0.001845336248955232
  0.008568174217799577
  0.005219189028547364
  0.004643233108535605
                     0
                     0
                     0
                     0
                     0
                     0
 7.150862867568398e-17
-1.505601524487983e-12
                     0
  0.003349050480751861
                     0
 3.194498257814108e-05
                     0
                     0
                     0
                     0
  0.004110291736365321
  0.005458526118023554
  0.006967392881529909
  0.006933665085871291
  0.008107143423218943
  0.006794150533778636
  0.005824613128222149
  0.004130965772911495
  0.002869154738996035
  0.006541870931306659
  0.005667538849020352
  0.004541833669475808
  0.007559501222415331
  0.007576486682184811
  0.004642147932841955
  0.006384980157048903
 1.159492433542147e-12
                     0
                     0
-2.849423990689958e-07
                     0
   0.01192710184671614
  0.007023094940063734
  0.007814981063133329
  0.007346241825487424
  0.007641220351202089
                     0
  0.002281568439346475
  0.001924353136665555
                     0
  0.007306330828485096
                     0
   0.00142718779844135
                     0
                     0
                     0
-3.150987529501274e-17
                     0
  0.002356539950518812
-5.641801567833638e-12
  0.008345423291794829
  0.007404076229385883
   0.00601583896980845
  0.008351808640465421
  0.007222068555664455
   0.00706297455767813
  0.008282940953804928
  0.009065236384469825
   0.00904669767420899
  0.007752920758382969
                     0
  0.006036696946589594
  0.008083422974405204
  0.009121633623513762
  0.008416930694043119
  0.007846138884879011
  0.009364167858210939
  0.007835166257730057
  0.009122929075405468
  0.007600175090660062
   0.00733156249986118
  0.005454368025647053
  0.006474113479751775
  0.003881026417316145
                     0
 8.925410777289848e-06
                     0
                     0
 1.902969768964385e-06
                     0
-8.219681037330008e-07
  0.001287382790412515
                     0
  0.001799952288575665
  0.001394654005893222
 2.048828184613634e-05
                     0
 9.196081210131925e-05
                     0
  0.001037651911304314
  0.004484026149470106
  0.004091186879170614
  0.003512137509774099
-2.485961996996682e-12
  0.004627341999306689
  0.004096846863964987
  0.004413147563395623
  0.001662312910128744
-8.222253173456595e-14
                     0
  0.003348686632765312
  0.004482560795572219
                     0
  0.000542749010466415
  0.004315462646243211
  0.004078607108019975
    0.0016995190888413
  0.002343535569059132
  0.007448396043234404
  0.003344016371361545
                     0
  0.007040321386692019
                     0
                     0
  0.007693987091905583
  0.002510880466829723
                     0
  0.006991262181031421
  0.002377556724235658
   0.00800249621392804
  0.004983573738529056
  0.002742244463581977
  0.005399947760553658
  0.006549193192607703
  0.005066891924139694
  0.008369755890614956
   0.01059587219906876
  0.005666384009359066
  0.003058092991608382
  0.007914643428700506
 3.262323863117892e-14
  0.006602905295294905
  0.001013858253341559
 1.631388636162103e-05
  0.004416505478141353
                     0
  0.006912376862221469
   0.00771726421879279
  0.003231167468874633
