-0.6412640084573703048 -0.18804456146750817
0.2457648041572309539 0.4993772628696759308
-0.4337507654048974315 -0.259073676014926646
-0.5446158159048530845 0.005942714841655255889
0.2171239676951552955 -0.4200845476418856306
0.5647970694215069809 -0.1857214929594352137
-0.1704238527402857917 -0.3100916123741440655
0.2616031822069508905 0.3424902705458310326
0.4434936828664162167 -0.2042531210299315947
-0.1965442888436594038 -0.1703449283765446631
-0.005833110407517024323 -0.441013277692307859
0.196064603523798564 0.5640162237977895954
0.03255153715106152978 -0.5006404525415455442
-0.6033754306424774505 0.6291306254304279699
0.2792467832773907199 0.3593277226737670027
-0.400809946554390506 -0.6411175742623398399
0.2530193625129602553 0.7486543765485303981
0.312539439878818992 -0.03537366870666085877
-0.1391276851853944785 -0.4343285302333826925
0.1925131441231822949 0.5094353554771061665
-0.3080778027806201913 -0.1963609065582902213
-0.4061908295117592216 0.1192262368393690458
0.6812197734140246208 0.131185753576667341
0.4089257688775772004 0.2121123389240239798
0.04609409264542720097 -0.4296790666193672226
-0.2225733295122797328 -0.7312329343480451493
0.1263723294730777214 -0.2280937505031767343
0.7075272561954455419 0.521625223975580421
0.2448563106721141636 0.1413859163266663888
0.7177000866677702984 -0.02888185842266959708
-0.05098363982562213736 -0.4185430085560671865
0.4071069180936805476 0.1206549899477432908
-0.395087428610793101 -0.3035252240600856966
-0.03656070625081760811 0.3190147692669370594
-0.5777276927449509492 0.367725366425960265
0.005669981751182351717 -0.6119958558106136648
-0.1597257377646572607 -0.5316275660468989805
-0.4714732174736426806 0.3899960318176816099
0.2722000503362859147 0.3506650973029454277
-0.07594376820319598265 -0.563506982367830811
0.6325803906931369847 0.1949295722683494769
-0.03514045938799023605 -0.2513967424358837799
0.6249116869109243577 -0.3817168699189563141
0.3044321067909225853 0.2433702034669426306
-0.2845193495968100783 -0.3558964606090457838
-0.1958331484338705353 0.6660732363968512315
-0.4880080838284208689 -0.4917365701134052691
-0.373375512253730002 -0.3914043494369618958
0.4813615123376741023 0.009809542278511891589
0.07521363564427527293 0.5807622193268040522
0.1191575899034584413 -0.3804518222958556128
-0.2150494009199300227 -0.4119980506259557362
-0.7896980098547439209 -0.2260612630077167007
0.2693460760274636878 0.6984838295273234632
-0.4574184739687274792 -0.05225931779900662433
0.1185919119143817174 0.6506205687137989191
-0.06060415937662486097 -0.7018519820277789867
0.4404881244847503874 -0.3820807358103391338
0.1914662399206359666 0.4634887584355061318
0.08891615140722393396 -0.3237713681280696698
-0.03683263606823932584 0.7146754228986627044
0.4146808983870374221 0.4441792061505944744
-0.2494863840845209513 0.205695625232250906
-0.3767806526704720049 0.2056455864923679711
-0.7307382035373095608 0.1915200988306986762
0.0601211789918922393 -0.7668200401606344307
0.6360986879828534057 -0.2693337308102350947
0.4182328700966340684 -0.3380006260908680615
-0.6115102592596521891 0.07289142712901175436
-0.6492592671931947113 -0.1711708548538123098
-0.07314943207960714067 -0.4475272047115841922
-0.3306342517910266232 0.736010970712688839
-0.3560683346301558583 -0.2430297826670799743
0.2585954233454061391 0.5817509823606069608
-0.2866422632313648244 -0.7496639784638582382
-0.4093319561372085191 0.4047515949057237661
0.2019558409522035636 0.6815589800191536041
0.4640993500151324169 -0.1262133989984901838
-0.363348348524053788 0.3344411844550775337
0.03383248382289247291 0.6004601115455076021
-0.4172070657034420704 -0.394461286055579452
0.3568637550276490544 -0.763203739424826888
0.1223758018848285917 -0.4746938437069632699
-0.3785206030393776233 0.01586020485996560148
-0.1697854782248207905 -0.2680023802113555842
0.5885735874484619989 0.1967599647719378286
-0.1408222126729598289 -0.2918231576822162832
-0.05649519914933242432 -0.4392485486319430699
-0.6009577784088824259 0.09845932004263226178
-0.3817658295269884539 -0.4563544250400989322
0.4383108813411643045 -0.09415313803990206509
0.6589215816328312103 0.006328786900389457744
0.286623400826110708 -0.04082052895693688566
-0.574545453913123505 -0.514499313808286618
-0.04535277889841390908 -0.532050699299045915
0.4008480508029474976 -0.5368599508359753747
0.006860117485843054801 0.3006818983651249888
-0.6023888843058655684 0.2343342256726171358
0.6915646550160226003 -0.2120307172506498417
0.7303114756859970802 0.0528465971814508842
-0.5837372228766827265 0.4322632625637320425
0.2265128001782479861 0.4732333968988814421
-0.2166098644340631318 -0.4479636865616936081
0.08693077287972919565 0.7514783539492129183
-0.09135999329075666919 -0.7591474786411938069
-0.2922756872121735627 0.4876320813008554467
-0.2041923354317770334 0.3402945421328806286
-0.3573732432624091571 0.3336570709738963525
0.2637281729097457617 0.2528969913016355098
0.2291605982429526511 -0.1643725381144998665
0.0204538891542982125 0.253958042932487138
-0.4560182740298259763 -0.1946596915131219852
-0.6633156227561762819 -0.07584231462426221926
0.4900322779276074514 -0.302694813828799425
-0.2401053553294250631 0.5660733970084382838
-0.5360191226739999815 0.381383833471123701
-0.7481290714573269884 0.431739307257261562
-0.2351789412171385873 0.6160015646874216211
-0.1278469434350049949 0.3288146679740456824
0.1041851594279892129 -0.2347467079060327755
0.5743288677154880784 -0.2973475222728653167
-0.1823917639855284489 -0.2406768050575956719
-0.4601336175282028651 -0.09854526645226271975
-0.4074939593387328918 -0.477432056781089853
0.6104331023546731849 0.1161561015071155278
-0.6055129257512366081 0.3252146432285840105
0.7532632863266360834 -0.008444425162871815188
0.3389921835803242356 -0.5251628005064934435
-0.4971692246629977885 0.3912825279364922637
-0.6672136049059858021 -0.2892410927107325058
0.1233890013115863243 -0.7601426879566341999
0.4561437480170815739 -0.2711552007537370024
0.1660373942611776399 -0.3852354564260050962
0.2760250402537866021 -0.7745766007363944494
0.09671598603342003442 -0.8613583769005063173
0.1385615139363366444 0.4884432380143687857
-0.3393401214490361917 0.7075253510794390355
0.1002742447676448906 0.2283123767599636589
-0.4625723241681717335 0.02559217245934916965
0.4377184976909048175 -0.03722963386543280684
0.6725228259315360058 0.1252593432010860319
0.7054640405404830616 0.3337420743034705817
-0.07899335594686260342 0.6052299727598712265
-0.442832815437911087 0.3142747717957155573
0.7376729633863996494 0.1504129568207332179
0.2974350509497452055 0.4712789881833919781
-0.5614974209665095639 -0.357615118802435239
0.1278394662550113858 0.4863333471761631666
-0.2133179616220596542 -0.01296753654487908455
0.03409914306934871964 -0.5230847025184706123
-0.06388831235902851791 0.2935244641588952708
0.399346620912191641 -0.2733515166160655485
0.2355911510955084609 -0.5331956372569295333
-0.3297263652542115064 -0.1502234793415899439
-0.06655250843028238938 0.2985423496889220152
-0.08566175150348294409 0.2456231826910933169
0.4787002252050256423 -0.1919852402966132909
-0.07645953925897623626 0.4036807776162409378
0.1063425837377468819 -0.3890067028180401731
0.3713652220936402015 -0.3157843737250317084
0.2851059710892125953 0.1482220680380235966
-0.6691286267468603555 0.3629722157031923802
0.1787310036158026028 -0.508978817356004698
0.2083699538428701314 0.6586417302472213908
-0.4491300705608491928 -0.2900080115938702408
-0.2971230891080849923 -0.07446874217569783572
-0.1462523911174348212 -0.7686738887505577544
-0.2364582822782483607 0.3008160586554850524
-0.2837839313536492103 0.1944897842435096558
-0.6275886374975906401 -0.3047685214397902187
0.1301107543750734674 -0.5850216103742412743
-0.5250631536273122624 0.1690997856334237603
-0.6039383205260128173 0.1466968250090379677
0.6760096108640976098 0.1752393569348551228
0.4642912206958725307 0.5176550678079145928
0.1919277034646212909 -0.5658641005087472475
0.6670428615516614812 -0.378858922434186618
-0.01546535269357953921 -0.2953020558299079834
0.4335710197366458019 0.6554097644770109365
-0.5390786910284125488 0.02864060430776661781
-0.1076464280460223411 -0.2019216964980129481
0.1324018600093690434 0.6622970466753018703
-0.627924810758388352 0.2579368309573979445
0.2030709624003756431 0.4148511863795973365
-0.4151099202430645341 0.3639137122344144881
0.7802703566867746909 0.09191174651620889757
0.3988720445312539109 -0.08732382727903696684
0.0268412998087159578 -0.5435576102606204385
-0.5149707262208930159 -0.4479203602849126109
0.3946469246269422859 -0.01583193083440053925
-0.1454454857876077145 -0.252411492865502296
-0.7869524000692916799 -0.04111169943048548214
0.007077452348330609717 -0.3581059162154119346
0.4320029630848434832 0.5060609885663929219
0.5507448411595625704 -0.05218061985401221264
-0.2414025105591340314 0.06683706111307240183
0.1984957643633330215 -0.4834601188820369377
0.277029444834879679 -0.1005481886543128367
-0.3572818144928487372 -0.1078822288531323531
0.6259073638040046905 0.07919366418680696962
-0.5239181113887132479 0.06898501928036490649
0.08492986172407711309 -0.5043638578911604498
0.5409961592961360921 -0.6584581786522347713
-0.7341975456224854035 0.00963023686600522448
0.2880303665533335833 -0.7412322989833406428
-0.2959932587169080143 -0.4207173666098202314
-0.003112118335247661318 0.7359678205868119827
0.3737046655981152155 0.3934967128385195023
-0.175936221628650552 0.2906321835668126408
0.5475236697039843614 0.4872254521241001224
0.08667289619818682733 -0.4171229164118379629
0.5773037172256153537 -0.07386314124840576145
