 -0.4851841600414460443
   -3.25040760048822408
   3.221341938278658112
   6.517967016863552843
  -3.238253813078263654
 -0.6722995821326207544
   4.117952759275897101
   6.218397950829411158
   3.692749316842586005
  0.1769908754792894889
   5.698590970643744313
   3.190178920123252659
 -0.3672093428909573021
  -3.187303743429243497
   3.328287110021804107
   3.294421770190480991
  -1.506918219766247846
   5.508138121604444493
  0.1108546699832791138
   2.930301288314782315
   3.164714337041187875
   2.594528315057757162
  -1.701606500317182524
   3.271879824705747897
 -0.4323820966876243954
   2.979525258163384205
   5.401998594289380229
   3.921598797494953992
-0.06859516803249744721
   3.157325432811835419
  -0.719643300887663262
   3.285278295753928823
   3.191131922964746792
   3.293624282434829631
  0.2827273864381555368
   5.314148866312866204
  0.2336763044769574194
    2.88759159924948916
   4.462766128598962823
  -1.825867393966495555
   3.882961607641331359
   5.525993614545897437
   2.937166406270713459
 -0.7676208909767795463
   3.249141678551572987
  -2.024979709931183702
   2.243484424078786788
   3.450788896655734295
   2.212133003403828013
 -0.8997846389673874734
   3.493779014781355663
 -0.9457860652240113186
   3.262805272871737827
   5.644281828042631233
   4.004844779709896052
 -0.1001412249842352775
   3.511580808682591481
 -0.7412869607142288375
   2.332599164402855862
   3.433831040598529061
   3.821265443800308415
  -0.770999195013286176
   5.596204552394090648
  0.4344510082693622266
   3.685577644524043794
   3.289840309327793477
   3.693507560190436578
 -0.9453000032760735527
     5.4250119572722868
  0.6122387577430045136
   3.358288281196163627
   3.174004256327266127
   3.348572810741647476
  -1.237190666823484886
   3.269180217499119134
  0.3809403862866737045
     3.4937296745687898
    5.32011526516173916
   4.085200080148466029
  0.4554983629995579819
   3.137038858852451817
   4.869419659545533463
 -0.5351666384514750519
   3.189565992646429926
   5.356495911241042407
   1.843386616837408454
   2.323076104344540482
  0.9070629805552785641
   4.374638078494911042
  -3.353668935663296491
   1.171244911249289089
   3.647294333636481589
  -4.237747582479167718
  -2.677490663715483166
   5.200994159884215762
   1.142120230541034065
  -3.857605668427594559
   4.077096418763236585
    3.86879871305981915
   1.113534680935821752
  -3.821677164290693263
  -5.126530884513031516
   2.763760530009979455
   1.217446156514849775
  -5.092700879563985872
  -2.432768270759095852
   1.737942148621291816
   2.994201548926976653
   1.389591377482180423
   4.252917699974782195
  -3.888070134399750355
  -3.782818958726304803
   1.852992924138995967
   1.312505421508330716
   3.031073886557182906
  -5.494203560802136899
  -5.959313223850284835
     1.4728590534618482
    1.85522054934470626
   7.118657043353945113
  -5.620917139903223614
   5.383933920487851132
  -7.471138462860971607
   1.641312069143095798
   5.818676050515692921
   6.480846793280607088
   -7.29369191625297475
   7.344548911344165987
  -3.131559339567326017
   1.658326784973595203
   5.075342792691216687
  -4.876629435668073498
   1.716484619645981535
  -2.063012356434445138
  -8.243970087297457283
   3.520269972463281771
  -6.128113047782241196
   7.485178588890795126
  -6.624995361838262653
   1.664168077198579843
   5.964735215582724237
  -3.884921098569239728
    5.86105090061995071
   1.744897334150549373
   4.419915387933551543
  -5.673698991842947237
   4.355827080412455032
   1.705033745124822531
   6.279046227135640201
  -7.384659376843907275
  -6.549468774172985341
  -8.500439638141145338
   2.711184287275232307
   1.646541846172308254
   4.553351509520814133
  -1.979144334383228898
  -8.331534866147261909
  -6.107653376242194732
   8.254149515803939963
   1.627310555781817492
  -3.512705296008211242
   8.029945077186079416
    6.44683528199482403
   1.684395393525908613
  -5.066855415252526917
   6.296467835192107287
   5.123580748148320652
   1.645339954461768395
  -5.555077465526077063
  -6.536238124469964106
  -7.399921797587184713
    3.37820430038990871
   1.517296895411140545
   5.956330218501472373
  -7.037959298777935579
  -5.399486979543764775
   4.924448143307447623
   1.563880444233833211
   1.558198262756965713
  -3.631550588822099357
   -6.77751598463820315
   3.278234713608648487
   1.332488114159172898
   5.586231146927568503
   5.958897049900266474
  -5.023756945251163231
   6.992783846398532788
  -2.175612369058006035
     1.5245325250886963
   1.227121899109883785
    4.56310624200479964
  -3.417483996777201494
  -3.341458933109342055
     1.3711190049818478
   3.266098008581966639
  -4.507195710239068731
  -4.739909053576427667
   1.082507000062278513
   6.236466568336374472
   1.695741973075742148
   -4.94066406332869601
   4.814003726312021669
  -6.010078178985045483
   1.048066278634211645
   5.437149560816850524
   5.064567969597293384
  -5.930828315318320776
  -4.781221011531131104
   6.729785635882571171
    1.06870969881557043
    4.27190364166648795
  -3.127954888200507266
  -5.771025723543954378
  -2.641507000255438165
   3.566660062516310958
   3.315397314265958517
  -4.316767654075915672
  -3.528636407200216318
  -1.892847628605220933
  -4.075419690294542541
  -5.879932262145157296
 -0.8805717172955671579
  -3.182994292692583826
  -2.708196304533958987
  0.8145996684040652802
   3.877544663429252747
  -3.350379233636652021
  0.3756026447472379237
  -3.547048175788097168
  -5.429493133105850688
 -0.5211785809409230641
  -4.092170483236513334
  -3.173812695000748807
  -3.730995816021485112
  -5.304100970236333978
   0.500215459136530205
  -5.305485231601236862
  -2.178708590869652628
  -4.479195285021315698
 -0.3676587814245288466
  -3.957631899494852057
   2.550876357535706518
  -5.504856604058659286
  -2.987977990755900759
  0.8050013532991959764
  -3.219289834116410454
   1.838512722778882669
  -2.364675193998748703
  -3.384586780054454458
  -2.349657947132454794
  0.7220797964002336755
  -5.533491555477512591
  0.7821697591956062734
  -3.408435502496636182
  -3.222766811283426236
  -2.868493086266142633
    1.34846378501073727
  -3.384100827214540086
  0.2038207478503358816
  -2.414406912448320064
  -5.442497474839719018
   -3.85449357785071145
  0.6625745161482958778
  -3.169789503214826887
  0.9180313653741778435
  -2.724660732965292542
  -3.277847036041839246
  -4.016012299277533337
  0.3304745874189488619
  -5.354712649898603516
 -0.9674654962163868888
  -3.619826143701639687
  -3.154725406747415306
  -3.350968238122772114
  0.9800972011501508652
  -3.196923859715202987
 -0.3824178886088316909
  -3.635779544934978791
  -6.403244021660090546
  -4.266012813242759272
 -0.5687228070354934939
  -4.550864178211909916
  -3.026567402414207297
   1.804321099521977612
  -4.506435190498450538
  -1.033202424383939722
  -4.186131201408482383
  -5.615807045860825575
  -4.237894876430596369
  0.2570776314234421434
   -3.38907130008174029
   1.035442334809782094
  -3.242767269800116203
  -5.429739184718116007
  -4.601677820304590938
 -0.1097400991768609224
 0.07505820287455734763
    4.16034939689066352
   1.108336326727045407
  -4.120575647935460495
 -0.9723319217114126944
  -3.229132259347222256
   3.966912412031144086
   2.634470429780678025
   1.782395294049312184
  -6.136842538560275173
  -2.721827796155309009
  -6.278988201904684985
  -2.108200717203850161
   3.726997343703710719
   3.072481919521906857
  -4.233467142194855981
  -3.205874359674262486
 -0.9407437952167638784
  0.3122386241213945257
   4.044660008294281184
   4.700054114475292977
   1.532436635997945995
    4.12264038145944145
   1.699558516429151789
  -1.956969883733811866
  -2.610852691570541229
   5.008699485780747196
   2.436184066606118748
  0.9812972491445342005
   5.196555296747646935
  -3.398457836703347112
  -4.925113940810587287
  -1.389797162299231337
   5.178186668676900695
   1.036022531121452372
   4.169832120240950957
  -5.420284428534339227
 -0.7537831612873233667
  -4.539328849035743296
   4.880381338167376626
   2.234301966639622439
    4.95501135597938358
   -2.61286624876753315
   1.094330551483880365
  -4.183525555173834398
  -3.655602690738451788
   1.813924735518148035
  -3.193083279097757021
  0.2623999953698180621
    3.38861951523798588
  -4.539755763231895003
   2.518767728620931123
  -1.372307799085672686
   5.211402434121715999
   5.066376068575820568
   1.656556036003971943
   2.272000407392597676
    1.34908024977933505
   6.798955057781347122
   6.527066345573376616
   0.135478010260318138
  -4.016294974024522624
    3.07180241356164041
  0.9437861304084658176
  -4.683914189096160641
 -0.9095717729300184518
    6.21518104971866503
  -3.613466117494395835
 -0.3919800231760002251
   4.834705939730032043
 -0.0457646927359691702
 -0.1833808487728377234
   4.013852947260497572
  -3.509067933395090932
     7.0005891841441521
   3.582950854818858666
    6.47411771627965571
   1.221233381708831001
   4.703218804030235844
  -3.111180259730816022
  -3.329927174638756426
   1.729456928036741559
  -2.084638682549702082
  0.9220099932495836592
   3.324808875213392412
  -2.413585591429662891
  -1.662201381039594361
   1.385634001742048094
   4.163014107739963165
   4.559364104314674648
  -4.663170190769379886
   1.115658674891205404
  -3.173312382232045259
  -1.077657254379899454
  -3.980745099787513119
 0.09118166444034170315
 -0.2781819571958253912
     2.7650161005035363
  -5.886164113891311445
  -2.978068604763494776
  -4.086093426149618679
  -1.060398037410101191
   2.048108951099282038
  -4.248678099837492006
  -3.536005136695598239
  -5.464633599489857829
   1.409067398140561034
   5.012125608341476024
   3.963229671154886447
 -0.9724788403143106441
   1.048053463565147947
  -4.607459288785912932
  -2.999743928261111581
 0.02420499786118446295
  -3.940868628712135724
 -0.4340359819115665596
   2.697886393647225045
   -4.70928168350630294
  -1.525098377827942553
  -2.338029013374186782
  -5.025700703669079061
   1.588971941382323116
  0.7332412291488155098
   6.019140414009794604
   4.322880475817697743
   3.308647229749323238
  -0.997463102674177704
  -4.268720876659864771
   3.813540356296673206
  0.9588161833777256726
  -1.699439819145912356
  -6.481464153212758816
   1.560467187738956429
  -2.977144140273861872
  -4.569921329687756995
 -0.7169768525198322306
  -1.849863341029759134
   4.183102512610918922
 -0.9550736965877411055
  -4.004832653016017652
   2.133854940900420605
  -1.780878035790055325
  -6.806295553919571084
  -3.556813020511706114
  -1.476925420247705567
   5.077211661834823531
   3.927152825128122693
  -1.191600049605519906
   4.870353789460595273
   1.352794072918087842
  -3.402906590345022853
  -3.445109566648548949
  0.2976586451599324556
   2.345206870421846723
   1.279746597193223812
  -2.211154766207038769
  -3.424984901115646352
   3.070864587315149219
 -0.1637778612541298529
  -1.354570112941763771
   -1.13447803990574636
   2.869568174748525102
   2.117051422714466558
  -4.132116509317373954
   2.061655395954141046
  -2.233474568947794836
  -3.411372447100710747
  0.1780501108213950467
    3.31177793249660013
   2.993022532872473995
  -5.168272606113953671
  -6.215717858003415586
   1.275677856859067205
  -2.240530354558518233
  -1.404743035065668888
   2.910891809241273442
   4.556813128169253879
   3.673054599813917243
   3.375605445894845236
  -1.469813637759970648
  0.4342324990408965579
  -4.123133029284519857
  -1.199017881394338847
  -3.410616774410720087
    3.55807674919745498
    5.11239175499210674
   3.541885758968590814
  -3.309135058446941891
   5.772516328070107505
   1.350542808137720208
   4.595954216850436147
   2.432766499502807989
  -2.227373808160373336
  -1.246862543873093143
  -3.500012715812314212
   -6.38253219100140079
   7.278444721048131782
    4.03609595346072858
  -3.277759161731724546
  -1.386266295932249371
    1.82512049275617505
   7.866992981052550071
   4.056528027716950646
   3.257679903833978763
  -4.860541013469239502
   3.326944727137593372
  -1.504994938431166052
  -5.635635248080127724
  -1.952648442641955473
    -5.7343319722283983
  -4.977984036859746553
   1.378003104276075641
    3.74275057620728191
 -0.1184458178559277958
   -1.84063252417746015
  -3.048827573289291326
   3.031674489574180953
   4.357941302006150153
  -3.368709322667026829
  -4.815956363928461492
  -1.595126466177964719
   3.802377139318518395
  0.9207075105730261333
  -3.576100359410433693
  -2.358043403095780199
  -2.699006744300158189
    -3.6784479597694002
  -3.316160095697296306
   3.010693534383594105
   4.844763901232366443
 -0.4520522445086917473
  -3.758698246321162006
  -2.692303964464813681
  -1.961467299581278745
   4.431843047201454056
   1.534292508762664431
  -1.637746924824658112
   2.023469123731730601
   3.754348520830417701
   4.669848503356343272
   5.508009022627635254
  -4.621750806044586213
  -4.615150190383007889
  0.1537998532592428635
  -2.803517470645347842
  -3.999584058709976908
   3.156694169265782168
   4.013969261866929372
  0.6627246977727244692
   3.839246046857830663
   2.591864071056017238
   1.083893552463571552
  -3.262265945130028655
  -4.274727268300930305
  -2.710505844141147591
  -4.353657513291803838
 0.01404039389568899343
   3.663824005798788086
   3.452781117829818669
  0.8441421055588390621
  -4.179271367007656224
  -1.456298093933404703
  0.8924614835619342212
   3.875020305683306798
  -2.757265517275536482
  -4.346292652265402623
   3.001119460161877583
   4.198609942512464777
   1.475204359706309365
  -3.820558343481581076
 -0.9378577680437883979
   3.781363263208522785
   2.517560207952793672
   -1.77612723711325815
   1.894609995882527986
    3.57370768570575903
    3.12868547565303956
 -0.2218525299263641726
  -4.022879603587726116
  -3.800860553619527682
   5.095824781667967152
   1.679098767527169578
   2.916024458159627297
  -3.102427081205713311
  -4.183788730611572859
   3.730058552612801837
   2.532982196878050374
   -4.15176884110337685
   1.105751595487689087
  -3.057290640332349874
   3.319828168049236972
  -3.471677818870697152
    2.83855438745424582
   3.942225805059861088
  -3.079193070200224369
 -0.3878295507864709668
  -3.291497275727998328
  -3.714707815549744829
  -2.478694169972012418
    3.99743418404679085
   2.461567477976747131
  -1.434182753473163041
     1.3907589951998931
   4.135087383630956737
   -2.48873717928201188
   2.575163945970707857
  -5.288084538269952617
  -2.673192622242852146
   -1.38378085409809537
  -4.100479816369211328
   3.975735125964018124
   -2.48223058370995675
   1.111006848036098837
   1.644497659424018821
   4.123012619736308615
   3.684771255952874469
  -3.747230270833862065
  -2.902428707228329241
  -3.722181899774918534
  -1.540894404961273612
   3.741361373344091135
  -1.375039836732233844
  -4.149393240300386587
   2.284091486485760658
   -2.49879786588147379
    1.92323482252427147
   2.799315357504958524
   3.750656392359668079
  -2.185701132498433008
  -3.810080898454963005
   2.552848442899523285
   2.010590181498488782
  -2.175210300562068433
   2.755872724632457693
  -3.957934277012427948
   -2.84785991547394346
   2.502127143942729948
  -2.776249685290482994
   3.881143231744243138
  -1.578214160253162746
   2.159187410297027654
  -2.794206853352324327
   1.686053976998962423
  -2.770880274572665058
  0.1748589172826251481
   3.318047499313561133
   1.937197435378096522
   1.682042820256210991
   2.890571023313408094
  0.5877585522427489773
 -0.4884613742221369792
   3.271019035564306066
  -5.663467990541534824
   3.732513111375824089
  0.3877951084340965915
  -2.605570112734254096
  0.8363741451863770937
   3.964478504941226333
  -5.042497728711435201
  -2.865741305394506444
   3.523053404335442895
  -2.141303005240069002
   4.146886978714063865
   1.770235133205830369
   4.920966670826418365
   4.519993765275853725
 -0.4783543518317138199
 -0.9074758246521734684
  -4.202655393779910042
  -3.206040929164679198
 -0.3304182584870186679
   3.835045852470432948
   3.287213061048957385
   3.705529145716163875
  -5.014411570141327879
  -5.303233576958042761
  -3.706981690931394624
   2.684167447596402578
  -2.925567165149653093
 -0.8062783633120360616
   5.482576188018919439
   1.492487397849344255
   3.819076404930225266
  -4.346741594306664069
  -3.749636606108618597
  -2.374346903701053613
   4.092172042894345552
  -5.035727437701313036
  0.9834822522328302563
   3.859464886563874764
 0.08255182998039711784
  0.3312012067284549888
   4.386489067791495167
   3.158495619411553434
 -0.3832199937376438159
  -6.105183315718720749
  -2.487220191378868073
  -3.463344670628888622
  -1.014250620148364757
  -2.915752208512596422
   2.754633970458860937
   4.934725119942032556
   2.877371503637400352
   1.074826706094709428
   4.233653397657782591
  -4.680110379723685377
  -1.309213514942612289
  -1.756952604283114949
  -5.305934109537079557
   3.454483860023391806
  0.7887981347846028113
  -2.827136129960729161
   1.248862509015359112
   3.942869240517815399
   -6.19327419228845244
  -3.505008493411635673
-0.03246643299201406457
   4.446742030587278904
   -2.43216501301551391
   2.501994991099769639
  0.7224713526256426599
  -3.500246782287056657
   5.102367054860551754
  -3.573710506186766001
   3.807622536614001518
  -1.549446918533377238
  -3.496627800872388558
   6.108546223404605513
   4.007036890117216643
  -3.315007166725347787
   3.649694447778203177
   2.643357925271535791
    1.65453753445521512
   4.597918712895282312
   -4.93091210416491954
   -1.38295681116705893
   2.957353324193788602
 -0.4753742038193188302
     -5.556361684555295
  -1.154844530588471585
 -0.1435873651146798713
   2.764843936677726433
    3.75709626005595565
  0.4420599448152769395
   2.911881270766991214
  -3.098589916240882758
  -2.960573905925405924
   2.935005816090003883
   5.497946091976330329
  -4.251495173028898122
  -3.156622707276674156
   1.078134904493240454
   6.105234624516634234
   0.865673889247630779
  -3.328274849524145651
   -1.71933067764838543
   3.149142123771300206
   3.281228300415901966
   1.474487756714900843
   3.644066766355011477
  -2.304490381108565522
  -4.397498910527830596
  -2.246000095242156824
  -4.849217773971538747
   2.347628704034138369
  -1.478171994027813962
  -5.098267917736940547
 -0.8828593110413622824
   2.999630808927092218
  -1.308189826759296626
   -6.06350580097238101
  -1.624383525853252408
  -4.821555717070877378
  -2.958451331232984316
   1.044184980500146631
   3.544487333939281282
  -3.324356112576247302
   3.328863536772511456
   4.729322337202061632
 -0.5642405567051982374
 -0.1745594792433805831
  -3.438634684676570963
  -2.261101273100007081
 -0.6460027671992202292
  -4.251882844054517108
  -3.721362011775640077
  -2.046665107353507373
   3.958735703639819192
   3.597963958989941258
  -3.677715106876919826
  -2.111761976264835194
   3.122336768620252556
    3.24246648892103595
   3.512789232338975776
   3.789906484915620766
   3.624996967120317048
  -1.864799164240913631
   2.168455429488902908
   3.301293668990493035
  -2.578872061162301943
 -0.5675222396828871751
  -5.088616197271014663
   3.440375842035847676
 -0.2460978996799533247
   4.131653156920929604
  -3.304145065639975787
  -4.269507777679763194
    1.42304636297084186
  -2.058463646885831277
  -3.881378496252771981
   4.293873885627234266
   5.893493952345529863
   -1.67078847090544258
  0.3025373996962305578
  -1.319748142875621699
  0.1678861242085797345
   -2.40023931610001906
   2.113806934098118706
   3.914246489188029976
  -2.492999718570984236
  -3.823437970675385156
  -5.752839932362867614
   -3.63422362118805431
   0.636205890642441152
  -3.059130332678454689
  -3.249467104874609547
   1.984486737083858365
  -2.819018751141206813
 -0.3095156759286616932
 -0.8359595679309795857
  -3.317784558319345045
  -4.833343442311536009
   3.990423906390499376
   7.017994164450449546
   6.397745394864717383
  -3.422930427198586312
 -0.1144172753426487832
  0.3213998986959296644
  -5.721132993941007605
   2.261063553143690896
  -3.632298874030654545
  -2.538128116979595283
   2.334930415484111066
  -2.713693498657415049
    1.87453116397740116
  -3.316504126684096221
   3.708056927656919299
  -2.226514192311144669
  -4.526261681904408363
  -3.123785840774369493
  -1.403118673648900083
   1.706577626967204164
   1.026905248781745161
   6.517799621006515665
   4.391312877362096856
   -1.43685083579530648
 -0.6693224682744192133
    5.13919045406528241
  -2.009895240844515207
   2.470333580072560764
     3.9689342427721086
  -3.922104617874084376
  -4.388584361160408953
   5.237415128031894795
  -3.750291590237753603
   2.350079061626887622
   6.540192345652934058
  -4.341786343482983312
 -0.9625579549550936642
   1.548235298169576613
   3.118108498718021426
 -0.4824057992976248377
   5.773647474925813761
   4.102713379525361859
   -3.44320594745317532
  -3.045826778825962755
  0.7205220359796937757
   5.039342257749598986
   3.549924200802204055
   -4.22129515503598185
  -2.465848704705673633
   4.163403462766780194
 -0.4243306420888690589
  -3.418322142539386377
   3.079612634973420526
    3.28466616802770961
  -3.184777022259665635
   1.407768796721177829
   3.228069396536696001
  -2.851938832719346451
  0.7386744006297525367
   4.629391909884187584
  0.1835475266696128815
   4.162863833378388279
  -4.842558531052786996
  -1.546088028681960269
   3.849959917433553702
   2.236364065362359099
   2.668016023698924766
  -4.050113562166531622
  0.3935132303751843752
   6.510864316067599411
  -5.819547122313602827
  -3.832750728211919977
   2.342757554976583112
   4.268380635781981347
   5.377226444503589775
   3.920901230680054361
   1.245804413252482146
  -6.161729900871078414
  -1.291185053039164865
   1.050982677888767203
  -4.348640463175134308
  -1.835383068076500201
   4.931384527976603316
  -3.256999244038061292
  -5.999893250291039593
   2.371153256302603651
  -1.746999784317264659
   5.697462732207083214
   3.642648025702610592
   7.270513814184061729
   7.254788998954111001
   2.599495359206652534
  -4.417793514088782736
  -5.634869714291994569
  -4.283711583893220265
  0.5184143838175891972
  -2.562707224751905599
   5.582260935684273839
   -4.66211111994162053
  -2.183368446453310519
   4.232779603042590821
  -6.822314694901823628
  -1.577022809927602021
   2.025014589214644278
   3.060353807026618078
   3.331833598730712609
    6.52929438303976184
   2.476116306654203569
   2.431355678650605423
  -3.082389701011793548
  -4.335183203981940459
     3.1192872722995304
  -4.158505341970027303
  -3.908993285847949473
  -4.172981807194801718
  -0.163950381544840873
   1.708504964354321309
  -3.250215735020905328
-0.02515111493926511232
     4.5758419741704488
  -4.550289741374346164
 -0.3347042813370922909
       3.91835064726533
   -4.41383628707415987
  -5.838881360834471401
  -5.472992159393496259
  -6.744144762896658207
   5.127677038540105592
    1.23947146073959269
  -4.714532558221086411
 0.03461723648313236312
   2.987792349099677836
   1.966061105652539887
  -1.771794772533235029
  -3.043238366354714231
  0.2481015336774448354
  -3.013677570457954147
  -3.354103160747444967
   2.955033157344898687
   1.267720342930971134
  -3.518903100963153285
   1.842866129814631826
  -2.487158072693966826
    3.30179363960955996
 -0.8475235388755394395
  -2.970010484414188134
   1.766911143968365128
  -2.846522716207903869
-0.04837813710822183588
  -3.478291471760537767
    4.67444264258508646
   1.992450603608851623
  -1.217216190963720024
   3.466923584326403684
  -2.790471845120934269
  -1.850846282918078289
   1.533538975304621355
   5.206430365483295297
   2.129612239250720407
   -4.65619190403599692
  -2.335603004825972384
   3.447529942327581587
   3.598390078265630621
  -2.900080606953058471
  -5.292228650197589701
  -3.562573882758994781
   -1.05170574456066368
   3.182327232442486942
   6.065373696061008957
   1.158082123991463153
  -3.479941159935870942
  -3.549654008017447904
  0.2984318335282891699
   1.562784262513417621
   5.258396246732131019
   3.059016964085196744
 0.08550756070328485725
   3.752583322944222477
   5.166424494476764551
  0.6360071361530892364
   4.797928263322537745
   4.079122181291581661
  -3.014067225193519217
   1.621640653106203755
  -4.785819252856714279
   4.314382031246886129
  -1.030388586043800458
  -2.238971289178931734
  -0.716886358707421234
   2.987515691537774742
   2.342586898705706133
   4.705671702241777332
    3.83536222769560009
  0.3316290097937229508
   -2.12074177368074368
  -6.741717499650320633
   5.119716605313402447
   2.784966785892826202
   -1.37203804396557727
   3.584861472025233198
 -0.7571155045183501908
   4.910656983571836776
  -4.527910392505886783
  -5.477554666471195155
   4.357643046784968277
   4.752026397029414539
  -3.733867574980703097
  -1.108811344452677261
   1.585831934074862559
  0.5312168838670093818
   4.022130517385476445
  -2.299932794413701131
  -1.001728994911614601
  -4.690532976558067446
  0.3855741757285208182
   5.574286427993507154
  -4.535646167502083159
   -1.45057837071782636
   3.398722598248872018
   3.911402685027058013
 -0.6986070973072049384
  -4.310250703322770605
   2.662082254094856992
 -0.6528655907210683118
   1.331047439728609838
   1.377771736022320503
   5.266977194848586841
    2.78536079166488193
  -3.389267767606947146
    -3.5947610399689367
   3.017313310804125237
  0.3219605337218195973
   3.960217021175129304
   4.754529962954194389
  -4.790159320292632472
  -4.828344320009195556
  -4.209988496155306237
  0.6647687715667842667
 -0.7980408121665639731
   3.865554576349576887
   3.555916191311751184
  0.7553239753886401564
   3.976769051277837974
    -2.4423769643487514
  0.8416062712789741385
   4.850306238256276714
  0.4715652218574997723
  -2.621731093614306118
  -3.719129554940163729
    3.56567564411956095
   5.369746327455015233
 -0.6607945852672668652
  -1.165545344090256785
  -4.512246435177177162
   3.114498899302411417
   6.114600043418025876
   6.499179661362631144
  -3.012996038553464651
   4.465305440967362927
  -2.545680278163828358
  -4.279740690667694025
   1.907286563239524391
   3.206951857637057923
   3.965314470565814986
  -1.641331568014989362
   3.738155370495320984
   2.098289977833890596
  -2.164034671857470116
    2.51179967683944172
   3.245220127830073409
   3.373767031387350013
  -2.705152880127980275
  -3.025183712943600334
   2.130073811862679189
 0.04055651985669339599
  -1.282995846681525443
  -3.297497204579234342
  -1.334416200364389127
   4.338169894560800266
  -1.175072978279621205
  -2.668186076746563273
     1.1133607226059683
   1.195366478798924437
   2.325613446497078129
   -3.17443725221072981
  -1.568496513552348759
   1.406311139934540044
   4.723754515057242642
  -2.580409908257503382
  -3.250025465031191274
   4.809753935751725606
  0.6515474199129440702
   3.302499152702362384
  -3.931745373170107527
-0.03321494327345414499
  -3.875729746556320521
 -0.6832735278443398119
   2.180877760304226864
   5.411183956423227137
 -0.9038832210195609784
   2.738075814513601713
  -3.120981227033777117
  -6.304847501119592579
  -5.613112182750185752
   3.137306145085191122
   3.296483818601461557
  -2.925432762751118965
   -3.02600974304160486
  0.1965774548497535024
   4.168847981257350455
   1.780937208613896816
  -2.818336629611141841
   3.098636114995850122
   3.008952400464460109
  -1.154383314535164962
  -5.412079576704758921
  -2.264334376736975241
   3.965971297196326795
   1.032626141010659415
   4.851659869016548221
  -3.317106488174542456
  -5.926955738455819578
   3.257657337314885382
  -1.220805192620879165
   3.814489494132321301
  -4.218525784751003371
     2.0945513230319035
   2.939553100582666723
   -1.70287536907083914
0.004694181043736644909
  -5.309585390370577862
  -2.472137171035744707
  -4.760896913053507262
  -3.615226676448181298
   4.879092132617859789
  0.4692105926234552138
  -5.866005411277242843
   1.182616964340541532
  -3.040631720830742069
-0.02608483962177687854
   -7.13453911179068001
   5.902565148289111718
   3.268007312082254145
  -5.294223272301464611
  -0.997440839619627595
   5.379614720384495286
   5.558201143453978865
   1.676717520696713759
  -3.250186887830278426
  -4.391919799891764065
  -1.373279677537623034
   2.594437007572718557
   1.727808378788863397
  -5.899569396935661736
  -2.616348968630987315
  -3.391695229378028476
   6.025167395952748528
   2.314631220870771777
-0.07479025044827405933
   2.995978208192041414
  -2.681626009667808397
  -4.276829020693862837
   4.251798939429703772
  0.9109626877529768407
   -3.42098851518065139
   5.694853105651661807
   2.316198908001605439
  -3.482925823807736521
   1.687626452381745246
   4.661079246936693288
   2.300086311678641415
   5.221629127818726346
   -4.51762270141664235
 -0.4772303953143537392
  0.7943126300309890642
   3.020759350880710237
  -4.397690979915903853
  -4.787662328826607805
 -0.1003479567115052595
   4.187634558228684689
  -3.970845352738180178
  -4.418500383015072863
   6.566302027887601866
  -5.366901050951381258
 -0.5364486284272993455
  -4.313817948573563044
   4.136139888289118716
   4.620647865592149905
  -2.512700902803684411
   1.682156897972320486
    1.11733297166499268
  -6.418112900163635004
    5.06813851535368709
   -4.19456324901414046
   1.398265562139818119
   5.659311296100173472
  -6.269971243731561117
  -2.669665854415792516
   1.598164366283115312
  -4.166083056614196423
   4.345655053678687096
  -5.479352825420828133
   4.213078990295636927
  -4.233442880600803093
   3.484067793763663268
   2.605362698608768124
   3.561804483103993224
  -1.106872003912351188
    -3.3437163675094288
  -3.355218608925867763
  -5.203289273196077147
   1.792775457402476347
  0.7896439366962664241
  -3.333901539546038961
  -5.443940641959827076
   2.482402404531635742
   3.794333815120418674
  -1.567329098759540074
  -1.300675330720942213
   2.598014407673533199
    1.12446479278482947
  -3.387186113837056922
   4.358218340222364873
  -5.893961180477370831
   1.617797514499175193
   2.942807601272906304
 -0.5624282383778931305
  -5.299649059479386359
  -7.269356162712883318
   1.501635376950056111
   4.695455840432687822
  -3.430398883699224299
   1.868767040392402823
   5.933885070583272636
   5.483536703679893876
    -6.9214469411759314
  -1.696495853897417305
   3.115057295087344524
   8.190474703040818483
  -3.672438240097840811
   1.610248102479062471
 -0.3867556206579839118
   5.107320171709293533
  -2.310836337377044636
   3.316347634787454535
    5.29698187609683302
  0.5334223541136122737
  -4.869182425525986346
   -1.44395830360948052
  -7.498064508200405598
    3.39873811398286918
  -2.526847912632578463
   1.383342882033967491
  -2.069952489606770918
  -5.015175026716868878
  -4.394340976351476691
   -1.97907198815056562
   3.338210602582340591
   6.915499014437753722
  -2.207912867255036993
  0.8532583496534595913
   1.075596288097206976
   5.031484508569295855
  -2.514433443323039974
  -5.531666069072403324
   4.790379926485192286
  -3.033680483424298746
  -4.846195723195039662
  0.2846403703460623213
   4.092299299271809687
 -0.6848202868814912136
  -1.171762156792023113
   1.101805620457416701
  -2.710545480664555917
   4.399200925184073796
   2.448417255676489823
  -4.979703179415331249
  -1.639480066748257414
  -1.535401980666005528
  -3.654579230788834288
   -4.85422366480462486
 -0.5169909248970026017
   2.074377273937781041
   4.188278470904290174
   3.220768655070125774
    2.03621367147062271
  -2.012444232016625811
  0.2572760929316984524
  -3.428949976906457753
  -4.372197467369562496
   3.416606628413344282
  -2.767772175925222733
   0.706826109727254126
   5.076753381239534235
   5.455835052773872818
   4.306865715284907026
  0.7571358742487723781
 -0.3059582884534138847
  -5.671858168692733848
  -3.970530107352717941
  0.2118611757821330377
  -4.163163614633505816
  -4.771456590077870707
  -2.093957408992033642
   1.901239073264233692
   6.597134453542737198
   4.079007386045256034
   2.117472182051058027
  -3.190886465231053126
  -3.065566192379463928
   1.700103151793823875
  -2.045720258825130422
  -2.356490857185333798
   2.172282602608927249
  -5.245833425249102788
 -0.2515801131031578097
 0.07741765382064319523
   4.854010693842342405
   3.038948299969102873
-0.07988052990715033275
  -4.953606402127750385
   3.664777624723988048
   1.457106691383055264
  -1.078573286590450264
  -4.752527294271621017
   3.719425210914221847
   4.400726477436405659
   3.927962297174182993
   7.343680456592093897
 -0.6325098078663780043
  -4.339255053801572615
  -3.983463092998544841
  0.5511920938189343033
    3.11044433800554998
   2.615158330671658149
  -3.927719241284045815
   -6.94444344049701634
  -6.682803862244843351
   5.888900988100179923
  0.2170841371355258509
   1.888209673001302935
  -2.606408447167742004
  -4.029763337552393132
  -4.969845004210938555
  -4.179895425590299141
   4.793306769175575077
  -2.790645966315695503
  -5.402612682181271886
  -1.201271768769508475
  -4.840844830881363414
   2.819162370292866093
   5.798514159146979097
  -1.173890849392468239
  -5.892333637062300511
  0.8666502832442863902
   4.043090998295889804
  -1.904645991464192445
  -4.501973886729280672
 -0.3988248980814226297
   2.787896325073570658
   2.840941457822970584
  -4.528195778715660147
  -1.173064675566989123
   3.083145213214282698
   3.903386669365930928
  -3.885061447178360883
   3.054680022398693851
  -1.661322500012957892
   6.329573504939817852
  -4.091127642756111626
   6.189966859077498995
   3.251259587877736834
   3.123346223189188198
  -1.124972612915840164
  -2.244492486774730011
   3.184132568115495943
  -2.000026822839951812
   -1.05902460751078964
   1.365902491483153458
    2.74539806171821521
   3.686484925221280129
  -5.025750896813876878
  -4.026674036439632509
  -6.260724912522809937
   8.968387669586739719
   4.612015897165635536
   6.221733379319554835
   9.151607166614853739
  0.1048129614002140386
  -2.286138762401246805
  -5.432512557451123492
  -3.428415638069237659
  -4.153782554516158854
   1.870510247270454673
   6.275970654539542615
  0.9861279388684527358
   -5.95136404160683341
  -4.561864699724861083
  -4.171940994294384808
  -2.231595544039000067
   -2.82503953895884985
   1.987048115158273953
   1.531420060003535699
   4.853089365212772677
   3.494149742334486497
   3.436316622693655898
 -0.0739775705158400021
    1.24996479146577899
   3.817875817784257997
   -3.64944119009015111
  -2.016606087696654726
   2.025119711323607241
   3.528100127868186053
   4.121856094149924488
  -1.678852377185056532
  -5.208283393711933051
  -2.102828952752502811
  -5.469672356417468073
 -0.5773780748024354148
   4.284396980536422816
  -4.859249609491953947
   1.297580119387845787
  -4.944554736227926739
   2.041406082592465143
   2.327478902944532635
  -1.892663638989727115
   5.222877760456338336
   6.489879029361002694
 -0.2151115100432305915
  -3.774117887121436254
  -5.506771144940368679
  -4.141040085689486006
   2.795635649208368712
    7.10537206607983407
   1.547294269299563263
  -2.815248346986076289
  -3.144465490243183226
  -5.195249116213207508
 -0.6187809381593898372
  -3.992176180306566735
   1.564387896313691906
   5.711446563220614614
   5.112435683031199218
   -1.76462570000669583
   -4.76746397244405884
  -1.507673773403066075
  -4.398027662523581682
   4.228811534496607294
   3.008107342065445167
   1.008890766125546401
  -3.437668614873465422
   4.446306148896642441
   1.274778677053421072
   1.707322332714155344
   7.187267870485603893
  -7.098338911105120275
  0.2895022889810554556
  -5.149121514358533602
   6.233403137529291982
   5.507384319526332561
  -6.853406543540609519
   3.676246466914534494
  -2.146044945130230364
  -6.834474040838594888
   4.274479445210499051
   3.060100145784080627
 -0.7204375893306130818
   4.207765257970429218
    2.06604978565537678
   4.849619320197110284
  0.5111925336052229873
  -2.967674651877484138
  -4.993214816224090136
  0.7238546483138144083
   6.190733993869958596
   1.829528633247970326
  -2.079710534182307224
   4.851121901729729124
  -6.017582026132216377
  0.5390705492806234789
  -2.115509290889659333
   3.116711383608019581
   5.438868490193398131
   4.711800654185763548
   5.595847733520274758
  -4.670889873012963989
  0.2076419213196872282
  -3.617524101209562026
   1.038294284507192966
   7.197824600547095386
   4.354909519994759393
   4.884659359256588118
  0.9368361879714759421
   5.571498363399423503
   4.313042131201902052
   5.723461629509268178
  -1.756735291774355723
  -6.714233912049357045
   4.528364911526474579
   3.743100771272178662
   5.977578555581207098
 -0.7349241010372532523
   4.333440428057610205
   -2.93514075236225036
   3.103113661438313464
  -1.184807569554888307
   3.367834264236470254
  -6.925388487541832561
   4.041387703192294012
  -3.658054954889748522
   3.205506424833328261
  -3.512402576973622459
  0.1591044756552671413
  -7.374619282978568613
   5.026378085175418065
-0.06412168808639992501
  -4.992402056328705484
 -0.5455722052915880083
   3.774341351062002303
  -3.062505202189104381
  -6.738982002496104684
   5.786974504897370863
   2.224369305911503503
  -5.815062382841576394
   3.364886400351791096
  -3.661125845694267245
  0.7776166251363396675
  -4.407881488429156391
  -3.544049970290385598
   -2.24141162996286436
   2.387690778002544256
   4.285639244165331263
  -8.197157013694797101
   -3.76818545643070113
    4.39873027530587013
  -0.530701634629401231
  -5.007243710179018592
  -3.508218487319072487
   1.389737867670873595
   4.602799800757861881
  -2.528494383737620588
  -1.712055402099758261
   4.282585463287393424
  -4.595409246327649022
 -0.7291044396871855238
   1.546229269356336644
  -4.747614137677772739
  -3.676466335302059463
   3.302136831665413386
  -1.260704950938840607
  -2.227448219816141162
  -3.258934849853440507
   3.530908719805457174
  -0.380737260324185367
    2.82642098735522973
   -3.11005042974157675
   2.561214987902063811
  -1.023529500085783139
   3.184544999355003014
   -2.65199485916033062
 -0.3361125831371849504
  -1.334016866422486736
   1.114746807613555379
   3.202717585626635444
   -3.46944731159184272
  -2.067090451134906637
   -1.21288297901233455
  -2.958030478214102921
  -4.084351426273822305
  -4.152590691170312986
   -1.45670045509868995
  -3.414280256352411946
 -0.5141257848593454582
   -4.62751518854041155
   3.317852017671137244
  -4.746429583475593184
  -4.294436013788772932
   6.167396053854042215
 -0.4224569874616729281
   2.809060369905021393
   1.653888471136496952
    4.06691099875163431
  -4.505062640794420759
  -6.865620762409777811
   2.257926548827236424
  -1.139473187717578107
   3.449912321216170863
   4.667774261168215588
  -2.290551554057993044
   6.770461333329330422
    2.50368910576405046
   -6.01818997211439477
  -2.189891721340579078
   5.672914639682838711
  -3.701687691553990689
  -4.115606026199990275
  0.7250135306969167637
   6.070332880118384011
   4.238943939791134596
   2.419309906374456975
   4.758545910909862897
     5.2198829321385114
    4.39822074610168201
   1.458318057595160644
  -4.446106239903317103
  0.6807415960893378193
  -1.946794407904281599
    3.92909370342591302
   2.440674618055401979
  -5.932558876415192195
  -2.222178150425688781
  -4.106503947377192709
 -0.3101982022574695241
   5.065673249933276168
   3.786820775553678242
  -4.561717935229825827
   2.657786739651089913
 -0.9549964765893467211
  -2.706253603659672269
  -4.483273172359603542
   1.308012481164624541
   3.270991859592544238
  -3.864970117521262516
   2.281492680020973829
   3.783795886488281468
  -1.767852144150921401
  -3.572758811695758041
   6.372379553520492124
    2.28500314401943605
  -2.811496352550289402
   3.528292238821837845
   1.518964006629988761
  -4.133840058926455896
   1.913472701238842166
  -1.950990518220764303
   3.131966327583035614
  -2.110651435986524938
  -4.538613737908228529
  -3.696370788934545182
   4.425406593039468817
   3.759238742931490407
  -5.258204014307076513
   1.243173349318180021
   6.201772080786364327
   -3.78938822353953686
  -4.557897869500740384
   1.359275357065984347
   7.846160587712248002
    5.23879925561772275
   5.105754076712755385
  -2.288049453398825595
  -4.277574278367659133
   4.093896034803881534
  -3.908687817916202789
   1.335147360790689408
  -2.330588731051757456
   2.031175540331276785
  -5.861776746800275717
  0.7434020027800382069
  -2.953168204202834435
  -2.060984157139786888
   7.431515076998467251
  -3.792359952223105513
   1.884224064076302607
  -3.343892222793153568
 -0.6709979396868206436
   5.003884342204159452
   3.917720562645961024
  -2.431039157347078206
   3.054338685767804762
   4.041407147759541019
   1.690169972023041867
  -2.896172704651757801
   5.341019497130428562
  -1.848781807783851372
   3.455261769410001627
 -0.8000137534782028048
   3.846748718883731932
   5.279535688219867851
  -1.886231409009972104
  0.3484294654260585711
  -2.886433621946344896
   4.604478066386155533
  -2.322536626387222469
   3.240186353087047166
  -4.472190410689042217
  -2.249823955021930111
  0.7778012051492751988
   2.157901160438107091
  -3.590598941935494448
  -6.458570479111452656
  -4.671104891890342614
   4.629892055361986003
   5.230749982344479854
   1.583331630059385153
 -0.5838905958574260868
  -4.321301978519691112
   -3.66305071603355259
  0.4885934628187583728
  -2.960347697425951718
  -2.443676787448639143
  -5.813035242916586576
   4.672654786947100014
   1.760094031466977071
  -5.074794054183819902
  -2.509314993093572532
    3.96724526310674408
   4.159440790170556568
  0.3749845434946211808
  -4.252287237180387258
 0.08376982992677232953
 0.08261172113109566117
  -3.515056017728155346
   4.150599792127139587
   4.159438602303665355
  0.5646715182533297295
  -4.168214989214005683
  -3.618663733891765766
  -4.562303661757029616
  -3.884777790738159098
  0.5924735245182810583
  -5.061201443097686159
   0.538824130000932433
  -7.058324356411151967
   4.324195755668432284
   5.506054227074341334
  -1.822087766054788283
  -2.584566740008671815
  -4.152814484856578225
  -4.259700396824852575
  -1.473519776094548872
   2.933887705477491004
  -6.215068667609687125
  -2.568098356356359524
   3.478888486563588955
   1.026197364221287156
 -0.1203336392623867157
   3.359035651457492833
  -6.652683891905351921
   2.443726905249863357
    3.43251092562835014
  0.5096994696811409931
 -0.6737452965787754655
   5.974101653451533878
   4.262529770715394406
   3.178315636225949703
   4.224700574084057969
  -3.568423342417789357
   3.866267847877096209
  0.4731204886767041984
   -5.16648015948249828
  -6.297170341181647757
 -0.4443229658256933612
  -3.360439802915823559
  -4.686661306256131532
  -5.215568437804336099
  -5.253445024905763816
   -4.37204163488716091
  -2.028212831675106465
   3.126346395799317612
  -1.179769837408918942
  0.9578211114297205953
   3.105957458902097734
  -4.538394889148723799
 -0.5077694530928653638
  -2.565955266798576773
   4.214693327587304417
   1.973188996272743356
  -2.412033405077979253
   5.696922347450954938
   5.370050154038187529
   1.411892357754096272
    6.12498677150635995
  -4.973483507427898687
  -4.350659807298580262
    1.34259969740677354
  -2.973004432968888278
  0.9163672976244284785
   4.854114450302585482
  -4.389686176749311386
   5.935798157554115662
  -2.796598558583594851
   2.036881101593104315
  -3.578764253261745409
   4.521975579635227227
   2.985131374150964412
  0.8075468587541309029
  -4.587156727069841011
   4.416691166985734718
  -3.432141917452484758
  -1.471764465358937235
   1.179138090587350529
  -3.603028841220894396
  -5.111530024972049446
  -1.379902810843457228
  -3.113964121941384278
  -4.219932618501866628
   -5.09074737088157292
  -4.022255003290951869
   1.021271271455733043
   3.873703188201503167
   3.673284501378407896
 0.04114190905416487132
   1.029981810600934855
  -3.570051798758378858
   6.054766783194867941
  -5.432434707516048178
   -4.57307560940482638
   1.597225296008579987
  0.9947758457052828795
  -2.253047983575696467
  -6.660190615701674588
  -3.625207742752495577
   -3.49420105292566463
   7.693541600700488203
   2.556504712015133851
  -4.670965055219330253
   6.147439797565518838
  -1.108296088883576225
   3.877760035396191185
  -5.188999321428404699
   2.837711469257870434
 -0.1589096139857369416
   4.716556371264586822
   2.646218145874067673
   1.248090877308116076
    2.30366884169003594
     -2.099651800828088
 -0.9975614083876958027
  -4.428597005000842302
  -3.313155054453342352
  -2.530746286540660694
  -4.366341706727565608
