  -0.1820789799695939903
   -3.252074358047309488
    3.224610591192142994
    6.527640930659718066
   -3.243724732977697922
   -0.956684374305295071
    3.591463794583177549
    5.691401478805133252
    3.687413571626795949
  -0.5182101325515493517
    4.869060963517785723
     2.27072680644292646
   -1.462959812830737949
   -3.948476280640786484
    3.331280856453737282
    2.596870912262904785
   -1.808179999982619801
    4.688644671381295481
  -0.6432807192207992131
    2.321554904148928511
    3.165399942442427061
    2.329292004927037141
   -1.680563823353033337
    3.275620074185899178
  -0.7395380049655011501
    2.634897007542285507
    4.577403450524485606
    3.312420084249422025
  -0.4738276069401036183
    3.157547354718518662
  -0.6801293707553988099
    3.068487034577828787
    3.193629770143039615
     3.07448711660598839
  0.02294221511195884688
    4.462906633316737093
 -0.02135162937433870978
    2.658657736841107511
    5.351638187282201642
    -1.38160436308130663
    3.898450755447177229
    4.680646989788546541
    1.893279642310001787
   -1.532179545647196273
    3.252355674665285079
   -2.346363131630673671
    1.639807303603402877
    3.453431160955456214
    1.595940861394530952
   -1.541836846770214153
     3.49547581595620338
   -1.625040838810972055
    2.264130078619219333
      4.8288159147642018
    2.795453323178521909
   -1.140489291423062213
    3.511917782880071393
   -1.312548058749588575
    1.837959810451245124
    3.438733043850308313
    2.929925151336623124
   -1.351459872826526798
     4.79119701403960363
  -0.4891752204718310404
    2.856366423235021657
    3.293800674962091612
    3.112587253252874664
   -1.157217765092271478
    4.604060716262577735
 -0.03157413478897875408
     2.84707374213404929
    3.174869915423112143
    3.079179652539326018
    -1.12336772481906233
    3.275356469913373036
  0.04653289029732454729
    3.163615675970243402
    4.475226826240125355
    3.664268937469596032
  0.06741972981117827501
    3.138196743485414331
    4.778252398987564931
   -0.315132100869571774
    3.196899396285385109
    5.195092965626233017
    1.716854716654675705
    2.118429322999302755
   0.7148787707320263252
    4.261478712612656317
   -3.370556101247005998
   0.8821365830893732607
    3.656499030051422849
   -4.073106870990362616
    -2.81071082486403423
    4.860398102667758735
   0.8552956421687927246
   -3.689561894283643451
    4.024126584616755764
    3.518744052999696059
    0.790808531402743764
   -3.864430699101878197
   -4.620630867824375265
    2.694542843645445718
   0.8575549839661672502
   -4.744127633435494928
    -2.47803831212814174
    1.948427255471118835
     2.85954036149315538
    0.970850821506982431
    3.912323096738230532
   -3.885472627845531601
   -3.419037804511114054
    2.040527410440197364
   0.8881320034053210577
     3.05516010706350416
   -4.980045696655003518
   -5.727194576323494601
    1.002653764716946228
    2.231260164717590033
    6.439756112264584331
    -5.37947968079984129
    5.203979593343694532
   -6.733898799291814896
    1.122011735989722592
    5.535561076990041407
    5.414778133221393119
   -6.520573490179597087
    6.545797314249678145
   -3.076191650493584007
     1.14110705693921255
    4.470502952863927071
   -4.262117680633253691
    1.155882428263010908
   -2.429239774333333823
   -7.209749614544677776
    3.391356969537870025
   -5.728477742056146127
    6.624047988999066661
   -5.414616506629561954
    1.096600154355259926
    5.189264030983368414
    -3.64519979591235721
    5.526411793031080322
    1.176028575196011117
    4.128922690804245121
    -4.85717502772274301
     3.70689759167034083
     1.11671201156497979
    5.381692095006419763
   -5.950476813412937993
   -6.023040291268905833
   -7.308981632112503846
    2.582801508014787473
    1.097662585499262988
    4.218991513443272723
   -2.353488877590670381
   -7.236531033170567895
   -5.687714616674584889
    7.159476351699113117
    1.085240571820681232
   -3.391830690044864038
    6.954390454097799434
    5.941349040409375171
    1.142904863854758091
   -4.457000694042218214
    5.773549440151525047
    4.379144849087514224
    1.117032241981730678
    -5.33974553590454093
   -5.437484991706067916
   -6.582209091758112862
    3.199973063242545379
    1.034519886793811017
     5.58231859232729466
   -6.354789248227756815
    -5.23636138748332236
    4.298069411842461385
    1.975263102851331887
    1.071173199390511144
   -3.631456096353304019
    -6.20429283000558307
    3.192517553999362878
   0.9485963198692548559
    5.472257156768046471
    5.180357613291282526
   -4.591763834373122855
    6.412353833520460178
   -2.225770733122114819
    2.000977614538149041
   0.8577828908474887104
    4.211660240036084524
   -3.466434405479935421
   -3.063915748868464739
   0.9816712022707670959
    3.320214804459934221
   -4.240129869530317563
   -4.816280336585935906
   0.7920836835009310573
    5.958665230898300358
    2.212796594875509726
   -4.942876013747464548
    4.932308672827584672
   -5.717484286150878781
   0.7882837869789872665
    4.976934519116070987
    5.113804929147917733
   -5.679728711202308489
   -4.845696401493690075
    6.477839791927660684
   0.8296650532052257665
    4.107115777272135837
   -3.293752859005175004
   -5.612508345247016806
   -2.984064796542996056
    3.298862354976409783
    3.357918898999572743
   -4.201957832502547063
   -3.544884513773019385
   -1.364662284691700034
   -3.596941004212916404
   -5.093385595569014157
  -0.3219169738850383711
   -3.184155548874393116
   -2.502227357093490756
    1.071154825826022616
    3.805927288527938934
   -3.357926976105162886
   0.6162124731269820188
   -2.909779304667636346
   -4.610824771179977688
   0.2080264207673768462
   -3.469088388314568672
   -3.177679384634588544
    -3.46870337188912492
   -5.163382937230010405
   0.5013873969156636967
   -4.454970353088589796
   -2.040430966494615639
   -5.344800159856454513
  -0.8226077459036185147
   -4.122041247963712962
    2.005252469945207672
   -4.672258896096934677
   -2.100824214787562649
    1.359418072111028053
   -3.221420091075650305
    2.032692719831335815
   -1.868733714777511157
   -3.386120024848001897
    -1.82947013782318102
    1.260696715364581832
   -4.715106656911441263
    1.365791720065069992
   -2.446976116543999602
   -3.224479032791300881
    -2.38789692880693849
     1.63823230200465586
   -3.386307754769523282
   0.7307700664790273137
   -2.032957827741924461
   -4.623179368235589948
   -3.081022640887016273
    1.121139422760746296
   -3.170353970779856034
    1.009981302127966218
   -2.543861610063301359
   -3.282370229522910687
   -3.479128807917152955
   0.5451527455331839356
   -4.518855807055923712
  -0.3655482263016919808
   -3.166990345744747692
   -3.154953994735797629
   -3.181566658730286878
   0.7951929893779600134
   -3.199411865523083875
  -0.1499856985765771755
   -3.433520644138549294
   -6.405850645422116685
   -3.822499416666778504
  -0.3331361859077783816
   -5.452437178030152154
   -2.075119180479100933
    2.365447347176390824
   -5.426153094602259586
  -0.8756393504011859008
   -3.987813418666543708
   -4.792966860077390479
   -2.955778438339767167
    1.361408503651550417
   -3.391630487371130265
    1.577365866888280621
   -2.613540280678479988
   -4.606557331737045402
   -3.732886538991054159
   0.5870908965670071922
   0.3012415943607368307
    4.083779434965680188
    1.381976184749467818
   -3.925739052139322283
   -1.205688208717002663
   -2.776443694671882678
    3.680956797642704004
    2.143309600627536948
    1.903601707446552771
   -5.069636809900673668
   -2.778471801173658218
   -5.565362559813022081
    -1.43559115957637351
    3.032469989606246141
    2.854130359198848943
   -3.996706691377258647
   -2.769501942944127215
   -1.163515250205147566
   0.7422735360290403372
    3.848157584886262583
    3.948001669785260237
    1.191815073292439964
    4.010747790089379983
    1.818151639287582277
   -2.044081022727460173
   -2.292238418186515414
    4.425909361024014999
    2.580648013957331344
   0.4377120997853620743
     4.90461162983194221
   -2.629979404854396741
    -4.37321514907681852
   -1.484557078932600582
    4.585515729920767392
    1.235826393242511756
    3.355166243637102585
   -4.274655591164142621
   -1.134784325710840758
   -3.879564437043294234
    4.323795690602845632
    2.448795426282774912
    4.769628072057853885
   -2.045084820156087169
   0.4803667208533601296
   -3.833489591210680558
   -3.784951310095707289
    2.026667691229464552
    -2.84574612178484454
  -0.1708071152406297477
      3.3032316487854545
   -4.542224493265782925
    2.166136923038187945
   -1.011653225834019398
    5.061951631864818779
    4.657766874073256069
    1.346467216324512606
    2.356641746420106376
   0.9248765615882128532
    6.222090418522517652
    5.681054773306324357
   0.4624342554650648918
    -3.41874394211897048
    2.667731504350538074
     1.16830584568040452
    -4.25153345450714415
   -1.137609369049655816
     4.98900192193868719
   -2.993435959864481077
  0.07246615168901221482
    4.229733509325699359
   0.3885961213522048374
  -0.5347636935649489054
    3.632451492960762973
   -2.746721569010660779
    5.960255570628779864
    2.826826395580825491
    5.828823609567273856
   0.8409515709268057249
    4.341495153148196451
   -2.591351466913159207
   -3.084046501453779676
    2.001478407631333223
   -2.178877656459272671
    1.151299407782355289
    2.839023053941575281
    -1.88490621085255583
   -1.192037196890072925
   0.9235254340388800998
    4.040929021972482715
    3.983067968921372604
   -4.091138254030886934
   0.8162752915350381944
   -3.184339802606776182
  -0.7804093190334228103
   -3.996995006451865784
   0.4079313300305773549
  -0.6032391401457651847
    2.308616259957946504
    -5.23626691473606698
   -2.462611793324220866
   -3.307464046827746529
   -1.263693981901828689
    1.407089821609073699
   -4.010340321485379889
   -2.829950413293614631
   -4.772563150765199325
    1.613571918937426908
    4.478677332733871808
    3.230344285163721629
    -1.33628650798697457
    1.239986773674853104
    -3.62202458107957348
   -2.761436483119661833
   0.4167286676337557116
   -3.947040976969557136
  -0.7427928464018034305
    2.291914319162647651
   -4.403613850788650197
   -0.921344831949269194
   -2.004413083721180655
   -4.876887612727100141
    1.282560727697020564
    1.008641282190170241
    5.365069395065351188
    4.137435297394087996
    2.723898336177744461
   -1.260631068963433243
   -3.507947881891732678
    3.118548452865447906
     1.18057522452275232
    -1.13887931684762278
    -5.64185663839111573
    1.059133654720336715
   -2.803358780278545126
   -4.222199657653836091
   -0.971756563931226669
   -1.347889595548566355
    3.443986274031994199
    -1.18243528562276623
   -3.254187298985658838
    1.449515732553368075
   -1.121585354135822055
   -5.723716927805108767
   -3.402346649229422759
  -0.9151067120918400244
    4.530243068601453871
    3.170315405988734181
   -1.431629536309827255
    4.410148058149491845
    0.993433423550716177
   -3.416942359365971349
   -3.074053161151679703
   0.7083969484885999091
    2.397011805941987816
   0.9330971246592359991
   -2.330465353936779671
   -3.057283433007158102
    2.875158734624476686
   0.1898833836691527777
  -0.9881427815733982989
   -1.447330075518830528
    2.414043138371926744
    2.231775199691064415
   -3.943092083407520487
    1.533845323394086524
   -2.437842270363792974
   -3.068595809984021372
   0.6804736573099636754
    3.365628894367186597
    2.690594487426667403
   -4.623059526090062654
   -5.856011003981055119
   0.8456340733494531747
   -2.284092482999216411
   -1.039854587248257634
    3.006937388220143781
    4.199650465650452524
    3.352313023813695558
     3.44820532093849863
   -1.080901936855256817
  0.08456535707590431827
   -3.933480343029158721
   -1.602570980915660748
   -3.422856329461162694
    3.310888939920781926
    4.740179268300823701
      3.5509063602339066
   -3.015179571294142047
    5.195705386263366421
   0.9924626390580471025
    4.372880526391916156
    2.559590782271377485
   -2.306594448734839542
  -0.8721271458468132787
   -3.213926412956901846
   -5.502635316585358538
    6.267240763476258358
    3.234802246964873618
   -3.046994572122056599
  -0.7878563765024831911
     1.17571985994238748
    6.638441882208907074
    3.770259856857469671
    3.113278190684618973
    -4.53733870041515619
    2.723051883784853633
   -1.782599402674349909
   -5.035480503904711469
   -1.381145322458231739
   -4.927247442759994378
   -4.527533592071643298
    1.010692176963648548
    3.645895270017924794
   0.3073011501500094167
   -1.931762550781010113
   -2.705244705179113751
    3.084828668571526933
    4.087721268165431354
   -3.355866444852658503
   -4.464337345719167516
   -1.237042693995795473
    3.707320362715437412
    1.169845890393238275
   -3.464129254425809545
   -2.565785701570035382
   -2.147165229518507967
   -3.716259830144038379
   -3.056747492197557481
    3.151871195449356566
    4.576727148677439239
   -0.105678320648521451
   -3.607099263560502589
   -2.791664489003878202
   -1.657360315092250236
    4.087926912497582776
    1.674748115161749595
   -1.160986802666831075
    2.371952350582961166
    3.667813991328483958
    3.989127155102703881
    5.071789859975065262
   -4.645697124030092162
   -4.284549837981272091
  -0.2818956050152376935
   -2.912797921995076145
   -3.793995140694918167
    3.203648203767089697
    3.731895103811815773
   0.3114537778773374677
     3.67454036805344364
    2.757604418325332318
   0.7277531428708973182
   -3.313941090016689461
   -3.994603114753360273
   -2.923891530678248252
   -4.047297288948354499
   0.3780709254818358511
    3.626182336492743019
    3.046300567844250295
   0.4028266230256825065
   -3.881065165161179831
   -1.609861326928140102
    1.151366600979221166
    3.742856796214917736
   -2.901299428175546424
   -4.090503156129517315
     3.11904628881430579
    3.902076169580183773
    1.096115784411107352
   -3.722747956513373868
   -1.165632483817535148
    3.604179587970141263
    2.676071536356697145
   -1.269948221655816667
    2.256182138293403749
    3.518293189203915095
     2.79799522586241034
     -0.7009303525530306
   -3.781103855444411188
   -3.929330248221657662
    4.776974572132795416
     1.34743027533262083
    2.987120449331063909
   -3.138298759756240841
   -3.934645242138159915
    3.565312037811957602
    2.687705036774717726
    -3.90836755156943827
   0.7221557493375333481
   -3.178670062269313146
     3.43043275113631374
   -3.228208969354780411
     2.90740437929672968
    3.730184183209444004
   -3.177315321744342391
 -0.05039423272376183927
   -3.020176893593749856
   -3.563180272179365726
   -2.644338910950653876
    3.794793577222319136
    2.625975354453821353
  -0.9789902763275042386
    1.010564105505720178
    3.851846077996940121
   -2.581347833738241171
    2.710224669774027539
   -5.062571348535182203
   -2.288030501424849206
  -0.9724348743832789133
   -3.835915011421468623
    4.169419897088299187
   -2.609432286269881107
     1.58390501908576109
    1.226359725966969183
     3.87574302059522946
    3.546788154260654302
   -3.607502442427809708
   -3.079523072093537817
   -3.539542748139020922
   -1.063552720218704284
    3.464246074460290536
   -1.031585485710407646
   -3.894057403010544149
    2.441922933346914792
   -2.657387681006175395
    1.451016203827266926
    2.546887109295622231
    3.584994958097478701
   -2.468714849897827079
   -3.546047434859509018
    2.285229197710701765
    2.116391082764057074
   -1.824192209325166569
    2.860676525229753242
   -3.661473429897917242
   -2.950977927091732234
    2.564587574762611233
   -2.885322587793518245
    3.641476000850350392
   -1.157857927153671529
    2.461565578993952119
   -2.476054855723064385
    1.271413711398737378
   -2.521102576662956896
  -0.2619913061947897193
     2.96801804820509707
    2.090179966400363298
    1.264260435149150208
    2.537020629716324471
   0.1582543138163404195
  -0.8349883217897398069
     2.79895374009152853
   -5.354945627994522894
    3.621892100618421928
   0.7599671475649879548
   -2.171769588952456864
   0.4905074794821396855
    4.015513332929057988
   -4.619755104988245265
   -2.867340837107152041
    3.302547999580093041
   -1.726390346792068264
    3.839207211406566067
    1.429621350086433207
    4.751640015403967965
    4.160262660158254633
  -0.7400722697495614177
  -0.5213950659964657897
   -4.069383456915764974
   -2.884539442116073715
  -0.7701917674481362219
    3.279899798869963412
    3.210528165002011214
    3.601432781177408504
   -4.411680127425462672
   -5.027279272517490405
   -3.350715849568630222
    2.818492134245461855
   -2.217955289521084783
    -1.06591932350586216
    4.596007373924987149
    1.695639948736830327
    3.506468172408951034
   -3.815228198195646847
   -3.568323125184316158
   -2.431039975089540395
    3.649917159911888476
   -4.929435493550610836
    1.168135562904506264
    3.276495380925223522
  -0.2723454741064463835
   0.7383448401381751403
    4.451257124324857983
    3.236039929878240962
  -0.6762467540986984993
   -5.732012245197962486
   -2.018828477518536779
   -2.973725059795543579
  -0.3720688903423977623
   -2.971750078952081431
     2.06183676114374137
    4.447437726915158152
    2.811324539929274557
    1.242289020605599204
    3.794535167870340509
   -4.373154469242485298
   -1.536919509126287497
   -1.362933222314204329
   -4.971183758507870643
    3.354950272785789611
   0.4309709256480210859
   -2.873221360316365214
   0.8386871022942581355
    3.577196868936329821
    -5.71536070158029208
   -2.886399871209126999
   0.2949333598648786747
    4.351167362023250718
   -2.456419926591235647
    2.665630079231762206
   0.1285534871315299199
   -3.594939876889708064
     4.63247456716643935
   -3.211018239396257634
    3.076933100726434667
   -1.828809720567867281
   -3.429677861727148169
    5.399758763377846549
    3.667200718927873915
    -2.81781240936995836
    3.240998859198180426
    2.717026525367476353
    1.136157835506447444
    4.121318860581345334
   -4.782432932201936993
   -1.815048385325468194
    3.065764841279231767
 -0.08910156883217505708
   -4.844935790199979664
   -0.629388971284776777
  -0.5269422269790144941
     2.30702333946635596
    3.871427455735336753
   0.7306653794070854246
     2.97696368477952289
   -3.011357774558825362
    -2.87408649215747003
     2.85136223685049206
    5.163816422142796903
   -3.968488872352005092
   -2.654743233544977876
    1.390361585528049559
    5.418612073136989338
   0.5009096666846246659
   -3.146600786594854426
   -1.237049661918853349
    2.672666767311423719
    3.163854685314581694
   0.9255323317170950359
    3.363511237692625055
   -2.572822658632606174
   -4.261251290150660509
   -1.842663007744729908
   -4.382342273772056984
    2.394193586520338535
   -1.743421217876449214
   -4.960954687595531709
   -1.147723311417530923
     2.84010367447239398
   -0.870491971338105075
   -5.360520864341286718
   -1.804611756830071911
   -4.283940678702546023
   -2.871586418295943854
    0.508838272169390593
    3.240675411141127338
   -3.060343281619768874
      2.4315636777770675
    3.942306453023463053
  -0.1538494145312180872
  -0.5232996524225035362
   -3.452535289518982697
   -1.845229830645304325
  -0.2443543175509723664
   -3.972003839200528574
   -3.453479389647218678
   -1.484483633970214767
    3.792328746626303815
    3.137140943758332412
   -3.224100567696134512
   -2.161563246499497826
    2.539986931485483268
    3.300225472658351311
    3.183294461625973515
    3.107887817237331429
    3.273302113150539761
   -1.212487817606420659
    2.253311909613646247
     2.80010082937385496
   -2.595549099563020157
  -0.0436309302205301619
   -4.401169339863701069
    3.410004506702496219
   0.1489436990908422631
     3.56122400736230782
   -2.902881860399050495
   -4.245192333383920769
   0.7437762778278674825
   -2.416618151240705448
   -3.613600631647274852
    4.136742066446380761
    5.181648352836608851
   -1.778596320105417794
 -0.08854528167007680306
  -0.8461033087152980414
  -0.1481221168818031009
   -2.372987666959503805
    1.687391938922558898
    3.718647745919771097
   -1.825649626923826041
   -3.361466392173619422
   -5.316186300488163319
   -3.216706644219120115
   0.1280416267964058497
   -3.075240756661492991
   -2.914652202550682247
    1.505737988715880604
   -2.883933170248730082
  0.07815819651689381864
    -1.23968546809316349
   -3.322335919009546501
   -4.512559300927385664
    3.976061603904939012
    6.130819224087278307
     5.89458492322368599
   -3.280174640261899199
   -0.425131595767113124
   0.5941878521247911937
    -4.89521558016670788
    1.835123153505130666
   -3.365829743052766165
   -2.094574831348385402
     1.90180409158932795
   -2.942072538660303049
    2.019101837639042607
   -2.917777217070970597
    3.245921007293378402
   -2.331381883335184479
   -4.067254171287349784
   -3.133644778736224268
  -0.9401931248225504634
    1.832676977909813765
   0.5525318927342018904
     5.74505740065323689
    3.977227828806490173
   -1.001069802229253236
   -1.080111713193565137
    4.177486727360297358
   -1.361264405045382375
    2.532807540078664488
    3.418487747248118769
   -3.642408365221794231
   -3.707477721583573249
    4.781462452963401333
   -3.460572941789196832
    1.488228447240824037
    5.318560565180937338
   -3.621573869410619206
  -0.4975793706622860801
     1.04417109736735858
    3.143687275724517782
 -0.04318322767106279325
    5.283628592376095057
    3.489805725613456922
   -3.173414981128396484
   -2.414497056466998082
   0.9728223598905288982
    4.544562339228495063
    2.726191115417882394
   -3.492373579435046338
   -2.424348998857853488
    3.680047150396293709
   -0.688398371654456831
    -3.05240427421844851
    2.757204202223435985
        3.36828494297212
   -3.049161632739813665
   0.7790284659706814274
    2.725395790130336948
   -2.369823166894629463
   0.9828445233398797054
    3.814248073568748509
    0.581193063664426135
    3.460500155297757008
     -4.4095911649241053
   -1.827167438531050792
     3.23924371247183096
    1.500351249064888925
    2.829491080334663344
   -3.040237843374689053
   0.7145240347406190962
     5.74741209940797404
     -4.9776697952806499
   -3.667305006783264432
    1.431591429598684906
    3.446926024690787127
    4.329391384773997764
    3.430416814802287995
   0.5315776412010188023
   -5.233406949477821257
  -0.7994967882023484851
   0.5359432950012734675
   -3.962209088955656711
   -1.870577245662863541
    4.451442715853388243
   -2.631916535384123179
   -5.546814914328640711
    2.637462925391515611
   -1.886519162639116232
    5.107819546134129141
    2.946717480126577637
    5.977277493858721868
    6.328712811989316123
    1.673058660170678724
   -4.115537661992527241
   -4.493051655460094551
   -3.693600038421870124
   0.8130128301860758411
   -2.784144542473935502
    5.269189263748689456
   -4.423338566686558337
   -1.668195152563183292
    3.637028859049165952
   -6.223002916082465141
   -1.819537929855135072
    2.107832993352049655
    2.300008470197006716
    2.873114875130472257
    5.287821918143666977
    2.400654141393898211
    1.722941306914144821
   -2.195275668705035876
   -3.829922498620288884
    2.222010337651263878
   -3.923059610392410246
   -2.778958507516872345
   -3.627410307505116727
  -0.7190552987995085799
   0.9705580919649680061
   -2.938745484870517011
   0.3453728951902035882
    3.406066391059260567
   -4.186113799551740122
  -0.9420098445435527434
    3.150629184883363187
   -4.403970678995232646
   -5.394572568499524046
   -4.534134033956187082
   -5.514751551519728068
    4.265890322060423401
    0.927071351930779719
   -4.371949877217426561
  -0.2835764767518576535
    2.717071846083197073
    2.105694414889452304
   -1.271851520218834741
   -2.761799694339243771
   0.5819954930162998252
   -2.657918858205250423
   -3.289373341869993084
    3.010394873949154171
   0.9496115374248927932
   -3.281901570090014264
    1.981175943673420425
   -2.751902185010474788
    3.164136614191211283
  -0.3165565199850927658
   -2.614854066568108149
    1.365654666086217661
   -3.043527683989262211
   0.3156473776965683653
   -3.154643889058148076
    4.281321883907519776
    1.589506229837171158
  -0.9112657907411746416
    3.218062634887725704
   -2.968193752836820742
   -2.088019789625150224
    1.143145013748136263
    4.817694121573538268
    2.280895906350008495
   -4.329636237439531854
   -1.839261537456478468
    3.273383296011520116
    3.008598154554323223
   -2.305178989716205162
   -4.881657501592302495
   -3.068326173155448977
   -1.330516579965440815
    2.518798559641400203
    5.317058677069248063
    1.290633045420133795
   -3.037628581469153932
   -3.447646932816163634
   0.6939980739159505863
   0.9786212571937535909
     4.97590070861348277
    2.612610993236641477
  -0.2981510489072268788
    3.729933354757418051
    4.426395545587884506
   0.1122408482900319748
    4.166992698761502467
    3.911298762063199153
   -2.499969177757882299
    1.733616521815192435
   -4.501709742324351282
    3.559640410137174804
   -1.198603952394217353
   -2.374436025526042382
  -0.2772739234511159001
    2.942301882384630751
    1.907892502721448835
    4.364137209820075469
    3.346654373281123362
  -0.1008935758889776824
   -1.423786227281153671
   -5.776853635495061923
    4.108415005064792069
    2.615097081528837908
   -1.552694113017056399
    3.126883659208670618
  -0.2027817608611219291
    4.671924275439172547
   -4.299863116965257248
   -4.841890151605172221
    3.940995108190308294
    3.945037587256202016
   -3.481414579489114924
   -1.488417597658191927
    1.155531416010796786
   0.8974589300967741323
    3.810425929624861929
   -1.876994850573598717
  -0.5437409945403863798
   -4.109568756085863583
 -0.04551725062072364825
     4.31423050583917167
   -3.872443657237091053
  -0.9412043261604249311
    3.241812844414354799
    3.199769754383385401
  -0.9743276008013368461
   -3.979869707398208334
    1.992409091805136034
   -1.011320810479775734
    1.542000641013320017
   0.9043094231243068437
    4.689857882046818638
    2.712782253555328538
   -3.064144146917020084
   -3.490905183730057537
    2.891892488318432264
 -0.03201682904739638208
    3.848826378680889171
    4.122673121474680791
   -3.963033291382518808
   -4.041740973040574225
   -3.872127349088133386
  0.00922490183668123187
  -0.3211112178352759638
    3.542044508800192393
    2.806669150273177316
   0.2672626376044096586
    3.715950994029254772
   -1.962566636389420971
     1.09612837481039227
    3.808791307178716057
 -0.03824482020916702973
   -1.678099109791361343
    -2.99387082323519671
    3.425262678049806553
    4.540585826531486013
  -0.8965532759569293519
   -1.338255275656986321
   -3.963922115731022267
    2.958396321099482584
    5.045529159430071964
    5.811051943259725405
   -2.528433583743317392
    3.708907644077070298
    -1.88711641013585929
   -3.900966536906980586
    1.129699069743772988
    2.568076442707059481
    3.615234938254097585
   -1.115042800396579548
    3.509492268729115683
    1.520090458979745707
   -2.172608046776391078
    2.698410067489814157
    3.044592156141219697
     3.11698827768836928
   -2.307204447851363138
   -2.989310592645474163
    2.221087012365414726
   -0.337830482916888053
  -0.9219491082514549296
    -3.44413443964650412
  -0.9956757969915428497
      4.0578685920919213
  -0.8683737749162833142
   -2.868808687967919102
   0.7461740005026257228
   0.8978133554918924508
    2.611763279682967287
   -2.917551177315854005
   -1.191993567676230326
   0.9843546090325521192
    4.271989468185382499
   -2.678336127203349903
   -2.964419172264997293
    4.702307606946051877
    0.963642003309684636
    3.289191825471764474
   -3.620689066290575298
   0.3378771364653467835
   -3.334756302363767855
  -0.3085379098827616406
    1.615067398927694908
    4.902308985826508092
   -1.091779846552402677
    2.810373462728958494
   -2.376054438400341695
   -5.766745829907594434
   -4.830514624749603136
    3.249554954130333684
    3.104872483646647474
   -2.607170338249646058
   -3.088752987174572695
   -0.133052614758766008
    3.840388867702256626
    2.126764888484836469
   -2.183421138259277861
    2.976395719315748423
    2.515378069559200735
   -1.349721163916304034
   -4.875627069008314329
   -1.701053049627005098
    3.973009153909962343
    0.598439908499150075
    4.422750485342803017
   -3.261753192829893067
   -5.083141070694662922
    3.325693933717313922
  -0.6918541881234110402
     3.83805436392555599
   -3.767924674083006575
    1.710722292227157215
    2.919934387068315651
   -1.181160878205412823
  -0.3972560006569070823
   -4.610030271378833255
   -1.759337662818491355
   -4.419566533508224815
   -3.085222215000809065
    4.527517595723631771
    0.892990772251996745
   -5.160484442435534724
    1.339267373885472789
    -2.38738402842131503
  -0.3825826330090237315
    -6.25788357977673293
    4.941013756927867817
     3.09390713923105265
    -4.16908970796755618
  -0.5150719368678164933
    4.423702754458387787
    5.008915863818862668
    1.746908929940723221
   -2.496247067282665988
   -3.856369776444438457
   -1.662115481129055716
    1.778239383577226551
    1.207316527536304918
   -5.184207604290538285
   -2.579286490824792999
   -2.719120294389960169
    5.336746866309654003
    2.445541303323143012
   0.3944668889633397568
     2.89536456769997308
   -2.597866815970193421
   -3.754434367598654454
    4.098559174737385291
   0.5644162556067537917
   -3.474431571880095326
    5.024509982751057535
    1.809488216579419717
   -3.301441728781934426
    1.176530115453175762
     4.11641006329706638
    2.469773284348115272
    4.489588832234563398
   -3.811192842751434551
 -0.04769651309583697318
   0.3896726252738099139
    2.848313427406309106
   -3.763495979719778006
   -4.510952700236245505
  -0.5064760725998002089
    3.391610034907004412
   -3.128890839430611859
   -3.920662530065546214
     5.44385772256646483
   -4.422536335716497291
   0.2062681136488341282
   -3.188909342432752592
    3.768230958505549566
     3.75927596254253249
    -2.39743170384052684
    1.954800909028335365
    1.309228463150990063
   -5.520477830059502544
    4.421650000481687215
   -3.219528488291055979
   0.9265725683281217373
    4.969027052472980266
   -5.231856276472549361
    -1.79649814545861175
    1.743986822420095173
   -3.728529045899275918
    4.123635159550470775
   -4.578691267327029912
    3.894524800422536792
   -3.337140415866287402
    2.865092386819631631
    2.214616394756939943
    3.401971808280500831
  -0.6960734000746463535
   -3.212302230490160504
   -2.964442932396498698
   -4.952118602430463312
    1.228598077945407097
  0.08923907023245880588
   -3.452594465615987041
   -4.944729073513846274
    2.461036529886570179
    3.188184719933409017
   -1.714697566548322172
  -0.8669906863194798419
    2.580219658366218916
   0.5253831120603738025
   -3.116465841423532446
    3.736178538191889942
   -4.596996512155773651
    1.708350848388545007
    2.949006506534074479
  -0.2159349344686005145
   -5.164538682375311218
   -6.669717708665964473
   0.9841250438846285142
    3.985741987951786136
   -3.120467671728265557
     1.15963328634018259
    4.873296477975702423
     4.89491159709065915
   -5.820627122897048089
   -1.009059552640919843
    2.934435152101448452
    6.654323431148746693
   -3.290430562770550793
   0.9673436033587629046
  0.05240066507502755266
    4.725831500002009022
   -2.323230991863243666
    2.590141035933275493
    4.411059689593749944
 -0.03916097422264874783
   -4.604395673084451523
  -0.9751767072405965742
   -6.614466018431565786
    2.905675479935223571
   -1.799478068943321851
   0.8376647490408459795
   -1.542540765062431651
    -4.63374624309881078
   -3.807877202136294326
   -2.291506495024127954
    2.608956510742512336
    6.223632828961662256
   -2.200790841204865345
   0.1717701137465876271
    1.379758452726880469
    4.456015723254118654
   -1.850984450868995879
   -4.818635152211262707
     3.84150892740876948
   -2.999349294476531647
   -4.331351082229428329
  -0.2507296238946794542
    3.503210889486616519
  -0.2728542857427694313
  -0.7138620561181135971
    0.676135842117068675
   -2.742086758488929465
    3.937635636713429754
    2.461205602065431819
   -4.559316113388119263
   -1.241021667965968689
   -1.684037473275034946
   -2.933037400509816983
   -4.414988181760062247
  0.09237865792076904725
    1.723118178354901886
    4.086069092683461079
    2.930339323911366201
    2.169964632536034888
   -1.627832115641712818
 -0.07053697203751807532
   -3.363101900782340614
   -4.054774772886707623
    2.853590122626775916
   -2.754201335388090754
   0.3225112687960074442
    4.019301036019363949
    4.591919468972516682
    3.787772683300751897
    1.030852240722332169
  -0.6198998984984701588
   -4.970810692214344684
   -3.192062054842096597
   0.5563910584676343696
   -3.173898524832281964
     -4.1204090063079164
   -2.204737356719117525
    1.305779506894669151
    5.673825002366626791
    3.774794248228247717
    2.187098806878850166
   -3.208081569759769547
   -2.708840917404112147
    1.353714725409643105
   -1.651767862421707589
   -2.412010805594267726
    2.428849937852413987
   -4.936465425165578402
  -0.6238091633596890562
    0.448437012619542108
    4.532281251063514205
    2.635142064305077803
  -0.4173609744680435996
   -4.649761386569212007
    3.373684160356992034
    1.739465975578628809
  -0.6974530137859936696
   -4.143802239548607602
    3.783752942509891248
    4.270980920128732983
    3.218618788716975487
    6.568308777134651777
  -0.9622621678529021949
   -4.011728492501677401
   -3.249678652140973512
   0.8465690215770955707
    2.492951784816420879
    2.535418184754829163
   -3.265010520581248521
   -5.748757787256107754
    -5.90503495644241827
    5.301204925195701634
  -0.1387732712863551932
    2.058753971202454292
   -1.865213739054865538
   -3.471593580870988571
    -4.27974533697252113
   -3.264311757818656012
    3.910918186470536462
   -1.814660656405830519
   -4.833339701463122751
   -1.354751850389658729
   -3.947418647396622848
     2.76285082138022231
    5.076252426357665826
   -1.356157109220160528
   -5.203370219891398918
    1.048010651629836421
    3.645798786193116037
   -2.032227292081462799
   -3.956188774848148793
-0.009208943190520844577
     2.14542045672893833
    2.050680438664996608
   -3.703247046354078975
   -1.430894505089461255
    2.398316914473354267
     3.39645947224557343
   -3.432986943993175277
     3.00054894557908991
   -1.962101142282289157
    5.348200842891609241
   -3.493058726611052212
    5.485427949691023208
     3.26509231971006475
    2.420498041976905768
   -1.311201808326241114
   -1.575800439041655565
     2.33037030858188654
   -1.613643713291460502
   -1.281776604692191013
     1.46081999082076619
    1.969579522511350156
    3.194467033833693126
   -4.522143863436464351
   -3.583360999286583581
   -4.898846820235279509
    7.327116547072316521
    3.477952213096955791
    5.633961777744717736
    7.842376321782157156
   0.5781670991421483663
     -1.3832865939455119
    -4.20834342472781664
   -3.050262075324173594
   -3.287331587306796532
    2.126729069173175724
    5.380337874505931595
    1.195410729821714479
    -5.42032735039226754
   -4.013133790850339722
   -3.902388463604504754
   -2.274893920268168834
   -2.881797113277626998
    1.661313899526578153
    1.129504642020636496
    4.561695579275021117
    3.292369471905290279
     3.51519171228599614
   0.2059928327503252055
   0.7071683922445735071
    3.614370179522353954
   -3.012280429929959258
   -2.043746904944236498
    1.487384453014112484
    2.897555863333258763
     3.77282016546207366
     -1.9202592165057637
   -4.660291908334679434
   -1.516172191207056485
   -4.659169935751582337
  -0.1363276874107399728
    3.796659129449844627
   -4.475165897237500801
   0.7684661783008832625
   -4.569019923720889054
    1.312215260986181242
    2.473280201819983315
    -1.29571500353831115
    4.570218646532116402
    5.271379021155265576
  -0.5844207632423030763
   -3.406565894008981576
   -4.608633939529165779
   -3.741079403027649075
    1.991812676501931723
     5.96469841684764468
   0.9962926459315930572
   -2.142998078825010921
   -3.096794200062474189
   -4.224822944983766426
 -0.06310201697463418968
   -3.538155274308172782
   0.7826605689179769731
    5.116695555273031104
    4.176230223509179496
   -2.021971970427047793
   -4.151567663628599192
   -1.607015648811977115
   -3.792457779618951363
    3.492582032816525128
    2.080547867802263085
    1.234924410144172757
   -2.602454446450944925
    4.066644540819975617
   0.7433504544728082308
    1.773969704741630293
    6.000804475586136277
   -6.241307831865382738
  -0.2145693133176138634
   -4.198017559011728572
    5.120655423162840947
    4.261806220368645093
   -5.994110215039795797
    3.490472664134676606
    -2.43024544570605272
   -6.131300560778333519
    3.666761121248387933
    2.224074792412540802
   -1.057444357521005962
    3.487285156751239956
    2.102899030858113694
    4.447047291091040577
  0.06071065806362230255
   -2.727403827181434259
   -4.036747599170584344
   0.9421682468256459275
    5.313909516443335868
    1.169687381355776878
    -1.32293114021659175
    3.952693070939083064
   -5.628652017544389707
    0.760239395966917364
    -2.17811286897485834
    2.348700607446201793
    4.650459801008675953
    3.916136262574360316
    5.099510279469200213
   -4.114847581890735739
  -0.4348377293103427021
   -2.828317718543118531
    1.245807769576287249
    6.202729990269297389
    3.373504733679363987
    3.615750003587158368
    1.207812388584032615
    4.323154223069066049
    3.950637030252312165
    4.824578420284109548
   -1.839935054352351385
    -5.81854172256053026
    4.014467753185875232
     3.71882671832572953
    4.813452990519683894
  -0.2483499371176869641
    3.955945857626589124
   -2.878050280178348075
    2.348508942069557737
   -1.551582145571031024
    3.124310559439972934
   -5.788900818732679809
    3.118733698363548523
     -3.2938338384199497
    2.446750140519924344
   -3.267782252615224259
   0.4674463651787174046
   -6.244672780461117512
    4.038011082114699057
  -0.4896677302688999811
   -4.484543493996648422
  -0.8389248421383310728
    3.708403907827412027
   -2.981405201301977392
     -5.7739868157420835
    4.964940379083161659
    2.241715777495446371
   -4.427041449531529338
    2.568348069102103004
   -3.580291928234488275
  0.09824297681452168196
   -3.855993703692874419
   -2.664159025678553672
   -2.259323921266215063
     1.71770029111448852
    3.523547004167323138
   -6.784556674150940658
   -2.862170226353804914
    3.883136669032462684
 -0.01761567869917145257
   -4.237613535477537496
   -3.527630138127789028
    0.566878333490813513
    3.995503336582076681
   -2.437909509975656697
   -1.787050904931365647
    3.564722160122229866
   -3.875426671421959401
   -0.227352935711195997
   0.9020079218483222361
   -3.732348953469002861
   -3.322388735400725768
     3.28239796302535769
   -1.495712643877085801
   -1.798162762483995536
   -2.704747123384665386
    3.354879285843954673
  -0.7147415888151205099
    2.446978994422404963
   -3.005989850227552385
    2.570555364720688019
  -0.6569614092169270281
    3.148261046051094247
   -2.240733182931744949
  0.07734403516813473378
   -1.570862578131398513
    1.406954758048668541
     3.07644820847891598
   -3.163457882692019218
   -1.562388853708596814
  -0.7846259662436517734
   -3.010240300571705774
   -3.818431494051966801
    -3.46499900282583484
   -1.745443272339731511
   -2.648096688058936721
   -1.096180053108470442
   -4.393424935223421812
    2.310849373833696596
   -4.263060110608616782
   -3.710971254945440112
    4.945586202019228494
  -0.7884237373977109886
    1.954102635505714058
   0.9854589202440287021
    3.589934655800917529
   -3.567090669956509696
   -6.058131160041279273
    2.474149727665992948
   -1.391224171003326404
    2.640581324740524316
    4.071716852687409904
   -2.458071547920116284
    6.047700114787461168
    2.629434287582409269
   -5.406436771627481264
   -2.208002399967061269
    4.624376311592742539
   -2.940180885647047049
   -3.324928475020387797
    1.119974766685049694
    5.330873655177718717
     3.46344395036808006
    1.572101313108970499
    4.395179077604364437
    4.109350894909604257
     3.78118993843511042
    1.564488807792248748
   -3.980331720680995389
    1.098215216560302965
   -1.470112133932547582
    3.977584036859517447
    1.653214163367382028
   -5.288995595641473813
   -2.308035058678298945
   -3.284256212616318837
  0.06587797535691969353
    4.589400940912867988
    3.148813681260751007
   -3.700921999783056027
     2.62750208682835007
  -0.5528332757912829409
   -2.604309458917510867
   -3.824575354896880164
    1.491890721081120308
    2.876774238025107344
   -2.966274971064813748
    2.450524195552321594
    3.284326536263635354
   -1.237246987312474067
   -3.128299414446356952
    5.586981681054908222
    2.361732956889137647
   -1.944631848953409126
    2.855506235121371805
   0.8330339676898392831
   -3.215053427713258305
    2.030670889195465012
   -1.991765345298913914
    2.226280184800840445
   -2.156806033465721306
   -3.905530869328575072
   -2.565596766996894207
    3.664384870169280273
    3.512202963270356193
   -4.439022458507730917
    1.368917259149553756
    5.374308913029351764
     -3.3804613784366917
   -3.615305944652675407
   0.7661000627598952839
    6.582631408208629686
    4.124065234850082362
    4.613064508487838999
   -1.611026372241100013
   -3.620180028052921273
    3.310266770148020843
   -3.111856819785031369
    1.407968574434062203
   -2.423606269395355728
    1.246768715676543238
   -5.115030914013534158
    1.198306198924355748
   -2.043624097366635084
   -2.029883561292460392
     6.08288583439281183
   -3.329016197134726518
    1.983068733268238404
   -2.555346070718770957
  -0.1395139044435995679
    4.012399460021601527
    3.444534003275626866
   -2.347004212025128655
    2.224963270855338848
    3.395081823722549519
    1.989239893379203483
   -2.096580856362246337
    4.476531670091635107
    -1.87100771376600683
    2.721636303654001665
  -0.3340190322628630026
    3.457427213811326006
    4.563395433662241985
   -1.938023166246855222
   0.6944213099745593087
     -2.1477585315561738
    3.750170156332834015
   -1.705737119064347329
    3.250603987858329269
   -4.146503611861232841
   -2.397150771050700069
   0.9771858547753484725
    1.713932259578415884
   -2.961928416573760714
    -5.96604559346948804
   -4.622946720055129077
    4.050420978080692791
    4.976089684369578769
   0.9539402618889243346
 -0.09426581239096706866
   -3.621562527892134398
   -3.486883690758634913
   0.8395669554872136064
   -3.055813613513421956
   -1.803454847088046487
   -5.065997361401977983
    4.181977431079380025
    1.332617337309971894
   -4.323748169311645739
   -2.478439120415722119
     3.31265361127493474
    3.929078859616817354
 -0.09007917936118063629
   -3.853434610648778236
   0.4371828765870676148
   0.5730815503941579792
   -3.357316137551830337
    3.963217658455457482
    3.460291539105334824
   0.8720151959556223797
    -3.58621528780382981
   -2.581394928793157018
   -3.728563299243561779
   -3.610499201115793699
  0.07849458125866609626
   -4.706463088001377137
  0.05494975482404262923
    -6.11873453988164151
    3.362116108701559192
    4.707599210134021384
   -1.293358894198147979
   -2.554733457316700651
   -3.731698835596252817
   -3.532550399199697821
  -0.6689810414366991198
    2.198008411368079784
   -5.143979842362019994
   -1.757959246003339082
    3.150499151896233752
    1.260402800409723412
  -0.4312232347698342072
    2.979102081078073283
   -5.736361801684759953
    1.789382233088081975
    3.386142869309623826
   0.9071865570675046175
  -0.1866520969780503525
    5.373764819244247093
    3.151557034008446223
    3.118350301164361849
    3.677083935755645072
   -2.676940605742661461
     3.40904611955679071
   0.7887176865001046533
   -4.818025361415191554
    -5.31539882361386784
 -0.05085502259228182054
    -2.61322847344195397
    -4.46946157266029509
   -4.583817911758547581
   -4.686421718400755054
   -3.565161484295822802
   -2.079182171889531361
    3.132170466705156198
   -1.366104110313857145
    1.151714326035469416
    2.519884968485501364
   -3.844547037122496125
  -0.1161307192894175389
   -2.466155817680287576
    3.856746468576533804
    1.404199461766214352
   -1.442569177330042418
    4.979283601721528285
    4.291945731118952168
   0.8589619040758738056
    5.291334796555679176
   -3.966922139973331873
   -4.095496054432874899
    0.511898123631432278
   -2.992214397558661698
   0.4099313193471312289
    4.088529223779220345
    -3.65477000871748281
    5.329918436897029821
   -2.022477206258282756
      2.3158093846447807
   -3.214795520004725127
    3.963504666796074716
    2.299048452709360202
    1.059946123625106651
   -4.009420199039214872
    3.753895292972549314
   -2.613400283970421789
   -1.608636798206478202
    1.394648375886914149
   -2.848826073119387736
   -4.455003787639179258
   -1.508696849842521504
   -2.165513537366624774
    -3.92820127914231465
   -4.467043855486519277
    -3.22037282009829795
    0.515446024972442074
    3.430752267441429915
    3.388985004300895554
   0.5438267910694060125
    1.211266727636453489
   -2.788689003687903956
    4.930386955070403587
   -4.378799083183912089
   -3.987244759164296326
    1.695296386005115785
   0.5049550455434957952
   -1.474730644142760561
   -5.791788175446290765
   -3.006399121990638079
   -2.743989957290555282
    6.416970606021720869
    2.446737395927021552
   -4.168394320597165859
    5.264007139287143922
   -1.355363006719714658
    3.629773537998050248
     -3.9720712137335763
     2.88083586950420667
  -0.4618025875801095026
    4.510497174116158803
    2.840136857026011263
   0.9052032058686987348
    2.489404894018719894
   -1.692226469690422563
  -0.6684346573507699008
   -4.196559252194304257
   -3.502439655238862137
   -2.284431392443315723
    -3.82537398148914054
