  -0.09187152277025453784
    -3.238421868888892607
     3.214925839926308093
     6.498634411869640637
    -3.232366315301942183
    -1.036938573512072859
     3.442957802368403097
     5.530696988036710948
     3.615093102531852232
   -0.7155300058939997321
     4.555393699342179303
     2.008881493797089135
    -1.751009485394003029
    -4.119206500415957706
     3.307950746291897559
     2.391161354201236655
    -1.877269000070341587
     4.400777342215214105
   -0.8472544815380551597
     2.151044076781786885
     3.162637814896384292
     2.254241934555709648
     -1.66912232434764829
     3.259710817287024831
   -0.8302814204076905957
     2.534905766952248563
     4.301586817208175262
     3.140392965714003282
   -0.5876996726637097046
      3.15568490156523751
   -0.6683574437245956013
     3.008458087506460821
     3.187654267311325285
     3.011710584156865878
  -0.05545375314693853919
     4.192218232421776491
  -0.09527149719841704334
     2.590894238134637373
     5.585492171739575795
    -1.253401025748695385
     3.877735205897921755
     4.384837210726095336
     1.589205949143624341
    -1.761689808843992955
     3.239173105061925462
    -2.423013835046459619
     1.460304209537344633
     3.414093020168163406
      1.40721058909975838
    -1.723021622980668743
     3.450487476296592249
    -1.813432238756462755
     1.957991425004623753
     4.525149254975874058
     2.459404527037043486
    -1.421437187130865976
     3.464217151933947303
    -1.451949840285931659
     1.685936789821188553
     3.402108158238871916
     2.651924577944880568
    -1.510346750096257518
     4.495837053243217696
    -0.739002374479780455
     2.624610978023436125
     3.275636675759416416
     2.944688992217574075
    -1.208194900583425602
     4.326140071444773305
   -0.2098852162725726445
     2.702699517271118346
     3.170996539328665875
     3.003956845966068823
    -1.090755441218436594
     3.260252268093063677
  -0.05242174885063483059
     3.069403535301048258
     4.205202754316925251
        3.542170621724682
   -0.0418292358612868953
     3.139153168213973721
     4.757183097716064069
   -0.2545731851076770136
     3.191814424049381316
     5.150278372126283699
     1.680208641525126056
     2.059100777184929232
    0.6608599071987839579
     4.246054082853762068
    -3.383367898307417576
    0.7994618770789925222
     3.671603839744651765
    -4.034692591355248048
    -2.856917424340627232
     4.776690248694932528
    0.7719813882918875603
    -3.651383480937595571
     4.017468546700475152
     3.426509288489957061
    0.6977464157771660069
    -3.881327076697238532
    -4.481890179380779493
     2.681095155502420724
    0.7534942602410421575
    -4.645948335262476192
    -2.494251152997644105
     2.016457529094524137
      2.82751726060928199
    0.8478145929600622299
     3.822184706964281808
    -3.883832834574158177
    -3.312598486825068633
     2.102856541723331141
    0.7634898718342593149
     3.066409053833031972
    -4.825328828389913838
    -5.655302746333066288
    0.8642323164542213831
     2.347989616400945501
     6.245763649808217188
    -5.307265054539167082
     5.158041810785825021
    -6.509440369766803514
    0.9651889977776202389
     5.458656565411535766
     5.104788488582808981
    -6.282222395204063226
     6.314270943560059024
    -3.057450311096100215
    0.9845748852587818956
      4.28677063765851063
    -4.072538754114196635
    0.9841845527128797455
    -2.534830792226686391
    -6.883883013782511107
     3.351448536755718521
    -5.599385603655436583
     6.359204442105074406
    -5.054797043576560789
    0.9316590103089671393
     4.952503810613164248
    -3.566898927999874402
     5.422998214159611585
     1.006263337875817232
     4.040197384962482374
    -4.599483508982572744
      3.51120345628029229
    0.9440383631448212576
     5.105812216437909612
    -5.523430643624939407
    -5.857039168525663086
    -6.932715035182891228
     2.544437540756794291
    0.9314919290662729834
     4.116744901530282164
    -2.461361330689790794
    -6.888583516497066128
    -5.552520253257589467
     6.818714122942723499
    0.9257898373453190555
    -3.350542086806303388
     6.622007762323717017
     5.788202686075171854
    0.9804696954508784756
    -4.267011274379106212
     5.613213122184287585
     4.153477670731048121
     0.956556059051056895
     -5.27638634097126058
    -5.112634522949117688
    -6.335215679547014034
      3.14492269328040841
    0.8921462246057160206
     5.466185374767885463
    -6.149494081644878207
    -5.191490783493519778
     4.112733501225675603
     2.101772664526366796
    0.9245446549162479322
    -3.633826238846405321
     -6.03397355124285717
     3.166719891182799618
    0.8324626956628312646
     5.438065169128941001
     4.956159806627994158
    -4.467901045638406288
     6.244028724075528558
    -2.244263759128268809
     2.146785925553427177
    0.7490387491747991788
     4.112322210650201981
    -3.485341631142798935
    -2.987437442899802953
    0.8671375656793165465
     3.339095630411777371
    -4.167845308498914214
    -4.844396699500652659
    0.7085525185029359907
     5.888396576324021581
     2.372571581264348417
    -4.955824618844858698
      4.97311767806989824
     -5.64329786217372309
    0.7140062982882631193
     4.855796725455826746
     5.139839402459747575
    -5.620668211821775451
    -4.877866601508531907
     6.413792733656754841
     0.761764017805957705
     4.075843059046796668
    -3.347976314538048115
     -5.57815537970644737
    -3.077431947010757174
     3.217242238818983413
     3.379412033432239948
     -4.17168085258517074
    -3.497587778821866333
    -1.212388007683528279
    -3.448360116859127356
    -4.767640076168547125
   -0.1756983032051759042
    -3.179135746725647582
     -2.44205270070985403
     1.143496058379465108
     3.757090838418738699
    -3.332647289027816484
    0.6848968374063229003
     -2.72679238234890553
    -4.332900867024147118
    0.4092942339399338603
    -3.292304264905131284
    -3.173942880466835703
    -3.394890705258458929
    -5.121470256817007183
    0.5012936090110092779
    -4.185337842918549711
    -1.997853143781803231
    -5.574282383830157173
     -0.95923985841770254
    -4.148302874053534595
     1.849648552705870141
    -4.381843158904249691
    -1.847996353157192129
     1.525426827490538484
    -3.211905206905630195
     2.076971676534342226
    -1.723548756754700539
    -3.355226032767463451
    -1.671881211146413193
     1.414523901330607014
    -4.424377502549583951
     1.526679953044392635
    -2.176313305342472137
    -3.214459880051937279
    -2.247885484231529674
      1.71004615042546626
    -3.355598732360978609
    0.8810967447515680728
    -1.916319225145509009
    -4.343445626575639373
    -2.857724510792995609
         1.24796323372911
    -3.166949888518276524
     1.032398456420823507
    -2.493014489445792847
    -3.265864641079427422
    -3.324036512125953191
    0.6078879617064925078
    -4.246427823717714212
   -0.1963579850980469166
    -3.038502677709073563
    -3.153433395269236605
    -3.135026043264496298
     0.744834108272530715
    -3.192884029610539187
  -0.07986258500093271206
    -3.376477507629414454
    -6.391066853651997448
    -3.691935907821400242
   -0.2656603537231374546
    -5.676437931182784169
    -1.760357947756208796
     2.526348374364687288
    -5.657933738783478717
   -0.8146928627952082502
    -3.902932564259123716
    -4.490999758700082722
     -2.55299476040095108
     1.686235111658395569
    -3.360294615511698613
     1.712220180193583463
    -2.423169052276256785
    -4.327261984524128913
    -3.482500052452916606
    0.7808672107945135998
    0.3621882447917718073
     4.068272491997804607
     1.464320644922731951
    -3.875954701270042158
     -1.27902141893778043
    -2.651600194428279877
     3.602150484241716022
     2.003235478347823673
     1.943547491302922925
    -4.750097460354246515
    -2.789332447393968906
    -5.342829496405258283
    -1.237154695221295508
     2.823122223679241038
     2.787996679971202596
    -3.933963241471340133
    -2.649128700780066126
    -1.232859551039994894
     0.875382678195700259
     3.795405445383480014
     3.732275045975470995
     1.096239567404839077
     3.989226976467923791
     1.858836654435900293
    -2.077447719389803993
    -2.208959475655011051
      4.26738360501393732
     2.632103020469273691
    0.2740736083369071929
     4.826170272109867376
    -2.406414987441849451
    -4.220446190332226344
    -1.516557032430058793
     4.397072143294817437
      1.29186101613670612
     3.107159591225393314
      -3.9358866643807362
    -1.249040741685370826
    -3.674632061044338371
     4.164016506009025065
     2.518013910872139327
     4.717352340101752972
    -1.879818740286932854
    0.2981343691416505348
    -3.738157856012361613
     -3.82832305402860662
     2.095025567570448111
    -2.749364067927206445
   -0.3014993006162811073
     3.285860139849126949
    -4.548540799150415204
     2.066591641305598248
   -0.9081658822634495198
     5.027662309234779414
     4.553778094837177548
     1.258455348264099882
     2.388054690230995369
    0.7998628148298679852
     6.059800572456270906
     5.448080731045997993
    0.5592368598060815099
    -3.244177772699959661
     2.554971449666169292
     1.236244694367380603
    -4.121138331309721181
    -1.205076863085275507
     4.630911783573652407
    -2.811855867299140499
    0.2169311366869868252
      4.04679774941165693
    0.5131063460523093145
   -0.6259176196367455258
      3.51374460909852715
    -2.517163779323426276
     5.642050614955993026
     2.602217513722197673
     5.627503097998700632
    0.7299895511988686581
      4.24777825384006924
     -2.44295695724341666
    -3.019245654200005902
     2.089578141254321508
    -2.212562885850014816
     1.223121354953902618
     2.702698474447720045
    -1.731744413678419248
    -1.054666251857399928
    0.7891348293924543844
      4.00802568726938091
     3.818363402770885706
    -3.938379284027228699
    0.7303366075248942657
    -3.196063192103483441
   -0.6933484255600527169
    -4.009699918965564436
    0.5004209123471972109
   -0.6969172690344576093
     2.178542694467430429
    -5.056026595635578325
    -2.313771148671651012
    -3.069386282445248249
      -1.3159103283958693
     1.217870008372489377
    -3.939817619084307943
    -2.619601913657168879
    -4.561490384196382308
     1.671453569249475191
     4.311631066247670674
     3.010511731419192927
    -1.446870308317794285
      1.29518697322787002
    -3.323884432138456191
    -2.688114700497455267
    0.5308871309507410263
    -3.950134675260009942
   -0.8283245719697748255
     2.173714560302202337
    -4.325202457013706869
   -0.7376257621921318286
    -1.910717731098753536
    -4.845947412219643979
     1.194873741880518869
     1.084630062715466803
     5.171978184404526502
     4.082407768262611647
     2.554201488394040265
    -1.333347380074338506
    -3.281698388152130885
     2.914058559337653342
     1.245683112379641244
   -0.9751655597967091582
    -5.389442455754278605
    0.9111579302603542985
    -2.751912500207651657
    -4.118804344588368416
    -1.046322578904297806
    -1.198072318147202608
     3.222597954057914382
    -1.246591648933516705
     -3.02618000841664081
     1.246242492979002581
   -0.9319398232195047482
    -5.389601229713155917
    -3.356666457108570256
   -0.7501407618347080142
     4.362501099656180159
     2.944273340132243622
    -1.493356514382433442
     4.294162624004580486
     0.888167655874306794
    -3.425246387625252353
    -2.970618924192225396
    0.8333522982553608349
      2.41999142372089171
    0.8316719966433799849
    -2.368101054919646842
    -2.953991488210736538
     2.828779971688450079
     0.297412573036785588
    -0.883041633943988602
    -1.546031692439806093
     2.286361393525651486
     2.269160497713450741
    -3.902010269885813898
     1.375702148079640752
    -2.502405901334348481
    -2.973868695917999627
    0.8337922712186173202
     3.385164875149329955
     2.606102024273016848
    -4.487082610906320213
    -5.775325639390452181
    0.7182157254458177986
    -2.306460074648833292
   -0.9332321210004334011
       3.0352744950712367
     4.094387787945677815
     3.266726847816460833
     3.475649932782763685
   -0.9702299179909704696
   -0.0186004697723731946
    -3.894383558610997831
    -1.725024036838497032
    -3.436125500502190011
     3.250131262373305852
     4.641717109997900437
      3.56103735270959687
     -2.93695040686344111
     5.031360732921334566
    0.8915387475818778995
     4.319847813025209149
     2.603678930455882057
    -2.339229419432503398
   -0.7650113664696708282
    -3.145884172011421676
    -5.232644375591087638
     5.959403138994107785
     2.993855975616830811
    -2.976593820174499694
   -0.6129647398562274585
    0.9889825014553100813
     6.255669264811045238
     3.682994267881572803
      3.07251969388169055
    -4.438823435835669962
     2.546841961737111859
    -1.869325699368139748
    -4.852966174998933013
    -1.205733427010068137
    -4.674838281705383736
    -4.387253703901914825
    0.9072596927312721604
     3.630657262765176085
    0.4355407137276455787
    -1.964687416467310488
    -2.614182292260324836
     3.107032797495662635
     4.009327630018018951
    -3.362083215514374945
    -4.380676992638028899
    -1.135189192771176359
     3.690184681467731931
     1.247083806010270912
     -3.44575329695317345
    -2.633750383493199454
    -1.985704086194710172
    -3.735716450630790497
    -2.992703085748378733
     3.192949089498747561
     4.451188296687837997
 -0.004584443430949269871
    -3.579592090743398902
    -2.829281666164899622
    -1.575636870680820145
     3.985475580059354428
     1.721714024445823554
     -1.02499276176950227
     2.481786863830033774
     3.654794176532421446
     3.795720517662608984
     4.963324750795486295
    -4.659588983380109184
    -4.198418646542354082
   -0.4138340405617167983
    -2.948110128903306038
    -3.744080247868594391
      3.22851739558568962
     3.665373911286493591
    0.2093652726276649945
     3.641580502424690557
     2.816797882103291073
    0.6275254150628266636
    -3.339851750240196537
    -3.923435323119711882
    -2.995323769652278756
    -3.969369951493615822
    0.4851113157149160582
     3.626232262219694746
     2.940480877021086847
    0.2769154192102007417
    -3.802086062675914313
    -1.657710537724458533
     1.230635862325219598
     3.715389365111990472
    -2.944642197414632179
    -4.003622743282702068
     3.164562890943887652
     3.831327422773077807
    0.9855882333453064303
    -3.703380181594996046
    -1.236336115614633968
      3.57261594285118278
     2.732105340887820866
    -1.127876188794257439
     2.370900894568769068
     3.514794269239015279
     2.712175080290967877
   -0.8436519374127995352
    -3.720717903103389901
    -3.973538649003780954
      4.70253972135674303
     1.254408598428921273
     3.017962612955517265
    -3.156707218630240064
    -3.878599839768977819
     3.533326084693442226
     2.745446825815983871
    -3.852859937015958636
    0.6145348748997623289
    -3.225101158395999867
     3.468863313764774858
    -3.173779994327824205
      2.93406803456525811
     3.684418977668986628
    -3.213951028691475642
   0.04768909914003437861
    -2.952345756147483069
    -3.533408392504225226
    -2.704224200414729218
     3.748831421241718864
     2.681736870054574062
     -0.84980790250451399
    0.9043820567185223425
       3.7848834672131626
    -2.618053697046649919
     2.758418230318704367
    -5.015581689083548511
    -2.183862196284839907
    -0.856323772542903594
    -3.774693519951024534
     4.231512580450236705
    -2.656088752963722932
     1.726153795189357965
     1.105980762537668305
       3.8113901156519705
     3.516936992940564721
    -3.578180610831899422
    -3.139934542396037642
    -3.498939875573812586
   -0.9285782595885471169
     3.384863621554482283
   -0.9340025446293069855
    -3.833149814784158949
     2.494762025598801891
    -2.710937738100743566
     1.316519135568731569
      2.48397256553843615
     3.546801740380782775
    -2.559019585198696323
    -3.458808853488815949
     2.221583428107349434
     2.154191819146984432
    -1.726153669334215213
     2.899062263230066883
    -3.581681285234256329
    -2.988787969835249747
     2.589276879708142687
    -2.922495783880433962
     3.567079650162425786
    -1.040560543929511805
     2.559310618287808481
    -2.393591008737353309
     1.154886111288335515
    -2.453168024804980529
   -0.3918273493684277242
     2.873494716722290843
     2.141206956073819168
     1.146108656673802795
     2.445000084999258139
   0.03315863897303150676
   -0.9402337150746773453
      2.67071408186244863
    -5.275331675877722226
     3.597142691995125041
    0.8755262112132401464
     -2.04680493376629391
    0.3889927427112398473
     4.041045401503492229
    -4.505468578025354276
    -2.873317946012551971
     3.248574329782922376
    -1.607432090701041538
     3.762019631464816438
     1.332757401525866969
     4.706401635023381935
     4.065171554864095427
   -0.8179583534525437516
   -0.4067145346119038773
    -4.043459218272438704
    -2.803049299227279967
   -0.9052482536864663309
      3.12234095727511507
     3.193916827788888746
     3.585650456004140008
      -4.2484730770223047
    -4.963096021796902235
    -3.254164064446833926
     2.867054545790011399
    -2.010260400309173967
    -1.145161950027773434
     4.347115842075143455
     1.763524701513710324
      3.42317119448048679
    -3.664539041045164591
    -3.516251930533848213
    -2.454733534906775816
      3.53187356126145291
    -4.907582622140856721
     1.225517760603315853
      3.11711793557013328
   -0.3790377911069234829
    0.8595598273368547648
     4.478449528237407051
     3.268812868263672566
   -0.7628807672345525592
    -5.637346350631645464
    -1.885467208475523737
    -2.837020450757110179
    -0.175436659805157158
    -2.994729716382175777
     1.857583811908709359
     4.313114039249196452
     2.796982507844845589
     1.296571747522695439
     3.677961304699913558
    -4.289368092696460799
    -1.610106009281359052
    -1.248611486481714383
    -4.887000906156254487
     3.328432164522644232
    0.3255597808946363303
     -2.89486881308818278
    0.7203305119694276559
     3.480272820950585988
    -5.592339637397445884
    -2.706926119781174922
    0.3938950255775853782
     4.330196254595352734
     -2.46951937028747448
     2.719184875586236672
  -0.05389062183385601168
     -3.63236281192141508
     4.505350172434166467
    -3.112441981109815181
      2.86302274361341258
    -1.918402527890077147
    -3.414576425821048034
       5.2084111394449355
     3.579024840772680349
    -2.681452488537101164
     3.133851903588528387
     2.746134968712087066
    0.9859716908729778684
     3.994338510908063355
    -4.742796174828598055
    -1.950026416932798545
     3.103937103753614757
   0.02148298840566090218
    -4.643398946079030587
   -0.4737952488950310515
   -0.6420193715899149556
     2.174771705166313129
     3.908013322653659749
    0.8144299817687896681
     3.005253852296306594
    -2.988270811963027018
    -2.847547613806275191
     2.830646585260069514
     5.073045807961220177
    -3.889243026608066423
    -2.511000771900291362
     1.487792902430570274
     5.233536703514279687
    0.3919166928737726208
    -3.097254578964846239
    -1.093232495939797877
     2.536743329243992928
     3.134940160227639439
    0.7638100705588308781
     3.290016463658499646
    -2.658761562857798744
    -4.228739181112587175
    -1.727236525058324146
    -4.251667063749769326
     2.413289639207012449
    -1.826395689557675617
    -4.924844718831809409
    -1.228739877836374061
     2.798175574707315594
   -0.7432705436177389213
    -5.154012351569610573
    -1.862963934887466255
    -4.134289535805183213
    -2.850127010704303743
    0.3473334798022454373
     3.153267775237074133
    -2.979197257951201827
     2.167191467477171951
     3.706800392320419579
  -0.03335510781855038909
   -0.6277331563035402073
    -3.468867774976162721
    -1.729855388348737089
   -0.1290886420859531092
    -3.902189012579873939
    -3.384304270746203436
    -1.318137038274242334
     3.747937623740554169
     3.008065586119371915
    -3.101253388443666381
    -2.176868657261337159
     2.374685488510489773
     3.322540995833486388
       3.0950596736780982
     2.910224044667800047
      3.17175327242548466
    -1.019780219724782722
     2.282589396844949547
     2.657759910690366212
    -2.606331797420843976
    0.1089914660678826808
    -4.204609118382192534
     3.402561765920374626
    0.2684831398333524799
     3.394298756748677537
    -2.794952206248313864
    -4.245005139349018464
    0.5412712207498248107
    -2.531043870897657477
    -3.546632282617580678
     4.097406763493937731
     4.984106550223396326
    -1.817847850203360149
   -0.2033162781364658556
   -0.7089375511870359414
   -0.2433663246423183879
    -2.371800905276635341
     1.564087988363764836
      3.66511113380348208
    -1.624161437351265169
     -3.23439264183935915
     -5.20031088603286662
    -3.096109724574084066
  -0.02416036667098137025
    -3.087124609243335982
    -2.828274543081809256
     1.362555647202324804
    -2.905380075473904533
    0.1920735609071743677
    -1.364329007050449682
    -3.329898090893478102
    -4.430282863296620022
     3.979161779976009505
     5.884040773416541192
     5.756581276597225738
    -3.243954080595925937
   -0.5156796743466848243
    0.6744901295947245412
    -4.666372166473401251
      1.71395154735541877
    -3.293110248835048992
    -1.969377970587685489
     1.779367749413236499
    -3.014846677509527062
     2.063434096199376455
    -2.804385168297855557
     3.116131654183221134
    -2.361998018074793482
    -3.943457407044309804
    -3.142274469371200141
   -0.8021926041191853596
     1.871625047141076026
    0.4125076782516999274
     5.520444119559719809
     3.868109686606021391
   -0.8738801899860419997
    -1.209648592297526859
     3.898354879606345413
    -1.171454792094442254
      2.55383353849528083
     3.254656216529728141
    -3.560831889157467067
    -3.511413572757274615
     4.639463668107817185
    -3.378392178510075006
     1.218223227381340035
     4.946176301724087843
    -3.415901068448420119
   -0.3604483143873569717
    0.8938607894598287196
       3.1596323856351054
   0.08870805047285637568
     5.140055874085002863
     3.315518658694463827
    -3.099437460174664594
    -2.229525259029553563
     1.050525339292674998
     4.396976508328543254
     2.480917489775269935
    -3.274230743651306064
    -2.413045669785859548
     3.545644220742966812
   -0.7634927186616882189
    -2.959940234857961983
      2.66157838005227898
     3.390924617116423789
    -3.013340272568274525
    0.5825291825280252134
     2.585997021421960085
    -2.233425707317916231
     1.060980475259886369
     3.576650092327340325
    0.7017772616649016193
     3.255804968275224809
    -4.281661569133827783
    -1.917921896943076021
     3.061091283979512578
     1.280357109809004745
     2.882275559929911246
    -2.740968709058207331
    0.8112695707961022906
     5.508850455935059287
    -4.726937638360814375
     -3.61862682300656191
     1.155500840625507175
     3.197515585659221671
     4.013425597715775339
     3.283148965399639074
    0.3094444897675642792
    -4.956584178057761747
   -0.6504984238092015314
    0.3826836727303718488
    -3.842353441703794559
    -1.882234051736505709
     4.302343005945509447
     -2.44517292692455257
    -5.409337289136468385
     2.722904248331726063
     -1.92483159214525501
     4.932158404139729946
     2.740724671786946232
     5.585405601356368877
     6.037308105053737606
     1.409221129017106611
    -4.022860422171937955
    -4.154288801361903261
    -3.510126355359333594
    0.8904249562982688992
    -2.857160746916698635
     5.173878302468620127
     -4.35520550763656189
    -1.515845841081201018
     3.463001746265024217
    -6.044855547940606755
    -1.892961092924513533
     2.138525661924764787
     2.075120969024814244
     2.748373332030148219
     4.910232316336273328
     2.378416102439909974
     1.510162424462937469
    -1.923323615307966694
    -3.668805694806669848
     1.951191884442087465
    -3.844754082901534087
    -2.440455588121640318
    -3.453888272911335822
    -0.886334204642136414
    0.7349184373354251676
    -2.842914687845116362
    0.4449731770199497616
     3.040458015362848876
    -4.072259931785909615
    -1.139139333513991659
     2.915371891378838232
    -4.408445182633371928
     -5.26410048440310252
    -4.249889484924073813
    -5.141485048839433247
     4.008322515858159463
    0.8380857404444579384
    -4.279902527130740708
   -0.3768192106465572122
     2.648761649311884181
     2.152618588301651759
     -1.12301032655089883
    -2.682462775867666238
    0.6802786429185716521
    -2.564489345018576838
    -3.281542798979319109
     3.035543173790867577
    0.8576943335203464081
    -3.213892555354969094
     2.029694294411728883
    -2.835408265264384386
     3.130056640472221652
   -0.1533256230870724823
    -2.516007203792748115
     1.250049262455663168
    -3.110729637889607879
    0.4224365837322569539
    -3.072836832904387805
     4.176110743446988849
     1.473605396700054637
   -0.8239156197315082863
     3.150713725203908133
    -3.031073133837854705
    -2.165051163556847236
     1.031672274169552761
     4.717807655189252714
     2.332028885755029979
    -4.247214079081503613
    -1.698054141778474468
     3.230195188245444715
     2.840149756374971357
    -2.134093016488193051
    -4.763191514522000958
    -2.930588281307496601
     -1.41960590168091616
     2.324352440209660475
     5.107149953353204985
     1.331872878466423549
    -2.916189435586427958
    -3.422925475438059806
    0.8125190307151950453
    0.8020402937868993387
     4.899762120252068698
     2.485013568212356194
   -0.4146759761384550269
     3.731598465982905566
     4.216253736385445983
  -0.04744711750652860771
     3.993397210717650303
     3.872050458605447609
    -2.358293839835889028
     1.766814554279899419
    -4.418893661011587426
     3.341466865547559451
    -1.245028903587996449
    -2.420828486593963547
   -0.1438765500668365838
     2.935269361698077617
     1.784353121617102467
     4.270363141000716567
     3.205444940614267768
   -0.2233397881486470782
    -1.218113656223735131
     -5.49065534944701561
     3.808743396356569555
     2.567582738641724927
    -1.607411825067567301
      3.00154696203160265
  -0.03774091423051254696
     4.612754812554665129
    -4.234304655665918737
    -4.652618438310240023
     3.820101963573271586
     3.711585227363607853
    -3.410881828493059764
    -1.607623500521459636
     1.027724982964469236
     1.011114710158434571
     3.751223519629004244
    -1.754540352583014107
   -0.4132413273292191436
    -3.937779499119309357
   -0.1827811092092660183
     3.944397320984629918
    -3.681912837376563274
   -0.7920941911086423204
     3.194696741522793371
     2.986333088404011349
    -1.054200381734854863
    -3.881057326886545589
     1.798041331415978661
    -1.126467155116881669
      1.60786457307899644
    0.7610973788557809927
     4.521592065727958243
     2.692485616265038573
    -2.975379899650267834
    -3.461286946506960227
     2.860457614405026217
   -0.1345398643676694872
     3.816455785301280379
     3.937585795130423172
    -3.728281854356934488
    -3.808377207071782511
    -3.767578773782276347
   -0.2007881861779598487
   -0.1744560081996863743
     3.444715254554882478
     2.577111282449593865
    0.1215116212058183209
     3.637596672144774335
    -1.820986948850041642
     1.175082005822446485
     3.494863928466541925
   -0.1982358355089851309
    -1.392048480939932942
    -2.772111233632904792
     3.381394442312798621
     4.283313593906161287
   -0.9591121615973154935
    -1.392677208654649057
    -3.794583276574693187
      2.91020226328278353
       4.7231863276036119
     5.614137410270448214
    -2.386909512302333169
     3.489328779470952213
    -1.686856625913302876
    -3.789067428832851192
    0.8823484946154529496
     2.373711005179974798
     3.508060955008546866
   -0.9539869318241431806
     3.441713233706666042
      1.35084621045090203
    -2.178628561146495279
     2.757640818870232824
     2.987035825302744918
     3.055058205222020984
    -2.198398981645772299
    -2.984344591109962863
      2.25565833902073809
   -0.4500119329600497098
   -0.8204221907732412999
    -3.499404977849900344
   -0.8993253129498699483
     3.975884521722725218
     -0.78197445837007451
    -2.938873501520281817
    0.6421764645519458803
    0.8138559010007074823
     2.705579149751126344
    -2.852826419390387613
    -1.086349204436707128
    0.8630578119764632516
     4.155771541787849799
    -2.714266950213427343
    -2.890117246011834062
     4.680715587490482221
     1.055240645744787154
     3.297106000282075122
    -3.541954948748774257
    0.4479543833907269068
    -3.189374795735357981
   -0.1972947306655520872
     1.452159767733973705
     4.767223910463152414
    -1.149861069646483713
     2.840816892651431225
    -2.153715177675322057
    -5.621076053706675957
    -4.610768574889238636
     3.291188050597633641
     3.056882070677519714
    -2.523557542707838497
    -3.113598034939796033
   -0.2275105752375933821
     3.753980185722808116
     2.239196794729237716
    -1.999729732219887923
     2.947290551431974492
     2.376514509174379342
    -1.412160002819708993
     -4.72542536554735193
    -1.532949649936091729
     3.982274816869615819
    0.4702857653950636707
     4.305303392453602385
    -3.251655407616437898
    -4.844628448460392534
     3.351250066693338692
   -0.5336315615919708932
     3.850271361790392532
      -3.6461093076987523
     1.602460451562213173
      2.92053542388078835
    -1.025162735054361285
   -0.5194090704769693811
    -4.418673318101910219
    -1.550722401256368066
    -4.326682123703905702
    -2.937116077618838528
     4.425447300443602572
     1.021593954310928698
    -4.965337127993631583
     1.389501349790001505
    -2.196383321064336425
   -0.4804754565740767536
      -5.9876095614570648
     4.662256060025084636
     3.044274324440952473
    -3.834937784175548092
   -0.3721239701876526418
     4.143924427271238997
     4.844166009266241524
     1.766684705494067309
    -2.273876276527502238
    -3.693934322210722598
    -1.754947762537647504
     1.533531168758954788
     1.056584448165892143
    -4.974646744885015792
    -2.573030444312031317
    -2.521644968012821231
     5.139500474284360187
     2.491716311734058387
    0.5418791026600866534
     2.869995630646665408
    -2.577073155767682699
    -3.606263103514355528
     4.058700185783630232
    0.4660357060071295132
    -3.501016468233246748
     4.838112368879177616
     1.660260957460176545
    -3.251852069663919931
     1.023994035571880179
     3.961153258771170638
     2.525685712434230012
     4.279605886752279709
    -3.609394319589597444
   0.08600174889072159656
    0.2710328277932319008
     2.802979433394297004
    -3.581979888220379937
    -4.429024312856998158
   -0.6360253647620350836
     3.160880445969025399
    -2.878899201889811632
    -3.775082954401657531
     5.110020228810965293
    -4.143893144018692354
    0.4470523604983467347
    -2.839806615539720802
     3.655544125976343039
     3.504133983692087728
     -2.36239417273799468
     2.040621055734696654
     1.370894039881580095
      -5.2631769321099382
      4.23908716690304832
    -2.917472989053539578
    0.7839371767113045841
     4.775413421201839093
    -4.925453973290149889
     -1.52633503679298288
     1.793048542867210493
    -3.596264723713822331
     4.063472933333762249
    -4.313964468053030465
      3.80393753088286557
    -3.072904225070556272
     2.688018628174756675
     2.108028532782447062
     3.366458556317824868
    -0.574885000583661987
    -3.182497684900252644
    -2.861098416107910936
    -4.881167281841626959
     1.061150334208256441
   -0.1247654566581347657
    -3.493207220807803992
    -4.807199550830489443
     2.460946804582565761
     3.015224825417651466
    -1.758626383561912032
   -0.7349691014427118807
      2.57833677380624815
    0.3489692983956324546
    -3.032832871834397537
     3.547317571520585577
     -4.20557291586152715
     1.736532465840283868
     2.957687269611644076
   -0.1161303525675254633
    -5.133351784579465615
    -6.497060947692543387
    0.8300855027955579279
     3.787781887824564375
    -3.038211010668306677
    0.9395422225772951386
     4.559916231852827018
     4.715867898955828252
    -5.495333740847186732
   -0.8126569836032228045
     2.879504639184151671
      6.19313573899025549
    -3.175567887074931317
    0.7744097743602351702
    0.1775288491578149996
     4.614189439395405934
    -2.325169057605687595
     2.373541869592714182
     4.152224683336147137
    -0.209461982820289716
    -4.527508496857221232
   -0.8383156011646560879
    -6.361921239913231219
     2.766522845002548525
    -1.577800870855224691
    0.6731093591824961475
    -1.388765617478893377
    -4.520369496031115375
    -3.639170255814571764
    -2.393388192586914265
     2.389368198030771939
     6.021588857061453304
    -2.201851343894658086
  -0.03859344905118115843
     1.478480884558209807
     4.276832016360943456
     -1.64770253370250086
    -4.598415096479820718
     3.552988052613744951
    -2.989227928749421892
    -4.170860985224048356
   -0.4045651429771767171
     3.326136212994192043
   -0.1391480557645624616
   -0.5792661621110324344
    0.5499258189018290111
    -2.756285656308886001
     3.810368664707707076
      2.46930686906495378
    -4.442741812301309601
    -1.124155673084370921
    -1.733084587725086889
    -2.723751633815855833
    -4.298612466172166968
    0.2786743690532894613
     1.624121866043599649
     4.062324519272586087
     2.855709676309952094
     2.216193800606944819
    -1.520613993517083706
   -0.1672107104946858047
    -3.353190574757115794
    -3.976484845749412855
     2.690960535076714066
    -2.754046334205184188
    0.2098290170983687086
     3.708423137729292662
     4.326989849680646039
     3.624239129503421974
     1.115734207785858301
     -0.70802432291283246
    -4.753664197452025064
    -2.958186271930816069
    0.6658632094556218295
    -2.884843151805775996
    -3.925946931806718609
     -2.24292560766630622
     1.128476856824425223
     5.395827786652049873
     3.700218004694464824
     2.213204964868007441
    -3.222907704670403106
    -2.615448194596912579
     1.257118434255851902
    -1.540413550008515653
     -2.43771808666253742
     2.510029538960403706
    -4.860547660519181079
   -0.7367487450528349413
    0.5622872778408642969
     4.454685222470691208
       2.5216104019789225
   -0.5170132772167753687
     -4.56246231079148501
     3.296200994090426217
     1.829772782866789793
   -0.5864221244831968605
    -3.972682586163652552
     3.810214592230278363
     4.233357740790301804
     3.013430670691484625
     6.344943489594796482
    -1.067310070237485586
    -3.918452286974541732
    -3.035315383029758785
    0.9341112960964959022
     2.313353347859493869
     2.509737073972611476
     -3.07300255480960649
    -5.398631184406628591
    -5.670500740783529281
     5.126834831502696588
   -0.2454788483472509775
     2.112980390729755076
    -1.642205903062908812
    -3.302204557091589443
    -4.072826424956043745
    -2.994208745193810195
     3.648655412174492074
    -1.524619133136376981
    -4.658085987804680528
    -1.389204374829237087
    -3.680621914704862441
     2.746885460477141994
     4.849570047645303639
    -1.410152079036399719
    -4.990548591311517512
     1.099431759103229211
     3.526995179191483309
    -2.077274591966400408
    -3.791019202764538409
    0.1040376928358126007
     1.953012633146378407
     1.818126339385488954
    -3.459980006050172197
    -1.514525979705533487
     2.196259990200739143
     3.251550928944180185
    -3.301585152393556211
     2.988900941176860115
    -2.060202748383124671
     5.062968444737678375
    -3.322576550058180977
     5.280499603938356046
     3.274938264536547905
     2.213869542836976123
     -1.37230947571702222
    -1.380759406719218152
     2.071500393084784175
    -1.502239864594188568
    -1.350777969746714824
     1.493904776893095754
     1.740827891740566624
     3.049425256591419942
    -4.368896264126208351
    -3.441466265675422243
    -4.475677884446268351
     6.841233852639920343
     3.132653011158918144
     5.456662654046124494
     7.438394029798585549
    0.7073037874064187491
    -1.096283175489543682
    -3.837856837370459573
    -2.932486785323769496
    -3.018641703036024637
     2.201043552279101867
     5.096190511996780081
     1.262444251200987466
    -5.282861806360100942
    -3.870235279049864197
    -3.839449806881954697
    -2.295503942637899808
    -2.908514639943339919
     1.572147872113282219
      1.01191377363515711
     4.492846270375594031
     3.246383992451146394
     3.549425971089537502
    0.2877428526526795705
    0.5430533217794930589
     3.552731346341389429
    -2.821798230430086818
    -2.053630257287774707
     1.324810545824049779
     2.714060723717839352
     3.675061301693054894
     -1.99702358502013233
     -4.49247778233436712
    -1.343397443213127707
    -4.405297861816855232
  -0.01525670543061335982
     3.642329860526194896
    -4.355068124753228354
    0.6106024297886171182
    -4.459131322681929355
     1.103455158183204832
     2.520993268000245813
    -1.113524523350365225
     4.368867929199361733
     4.909909239992359176
   -0.6936499860077727231
    -3.293039829815918473
    -4.345062975416269069
    -3.617109777967145057
     1.753874203690362066
     5.629633895231323848
    0.8331293801282049216
    -1.945009366782060045
    -3.088480375185179927
    -3.933918290603495294
   0.09600178489379607161
    -3.397527208755172445
    0.5441231085698297054
     4.931114544228123897
     3.894658843990745023
    -2.105421820727810811
    -3.969516733673883024
    -1.640419947793431366
    -3.608565964008797256
     3.274187483643030472
     1.801548443747889472
     1.308920646220646189
    -2.355916393523539654
     3.952970726467169182
    0.5850664469846227345
     1.787171626717741768
     5.641342293482293435
    -5.973781936666733294
   -0.3465516785359962215
    -3.914196990610853355
     4.787137330963094684
     3.886495261522627587
    -5.726136037749052221
     3.431558214116540828
    -2.518269844991606998
    -5.912469275207173247
     3.476584882850833225
     1.968261009976743026
    -1.138389326510537147
      3.26705522530820236
     2.112660814183412228
     4.318442452221246342
  -0.06282886290190087264
     -2.65435100528711132
      -3.7496419594402286
     1.003491142177369344
     5.042852199920448086
    0.9759705437490018287
    -1.101138647967232709
     3.680610484136390692
    -5.519431952156650389
    0.8252657498079714049
    -2.200930466052424705
     2.121961752438458859
     4.418565043075427745
     3.678467793409610387
     4.945767806874149741
    -3.943063054319723371
   -0.6415508955807833757
     -2.59396378148508866
     1.310549916103659784
     5.904785004514376823
     3.077183308574565235
     3.235059017860137942
     1.284050337389480045
     3.959071200789243683
     3.840876918637589732
     4.552337454943407025
    -1.857999320750633121
    -5.535795299585602791
     3.862624384198903638
     3.716173103831499791
      4.47409050866232505
   -0.1063423478927518206
     3.836205912565196385
    -2.866000608272812222
     2.116252917376099774
     -1.66949604125775064
     3.057889189751826109
    -5.446294425348444435
     2.830762077494572537
    -3.181952171700369369
     2.223879581621675428
    -3.194114908529035457
    0.5558427758344407499
    -5.897299030692568778
     3.738537631884034873
   -0.6213090631678243048
    -4.330093771699525362
   -0.9298151791383717502
     3.689922536611073056
    -2.958880261479748253
    -5.476280655095389527
     4.711605903357474645
      2.24862607140431825
    -4.016009114310808314
     2.330149636623644938
    -3.557444208225108095
   -0.1044575571506805578
    -3.691129923856570016
    -2.403646821041156123
    -2.267377656632813654
     1.519809351749684234
      3.29849902944090001
    -6.359613934164317861
    -2.598713553040943314
     3.725661877529018895
    0.1257138196399401331
    -4.001193252078502738
    -3.531036218674458382
    0.3223323770671392419
     3.810741297852231035
    -2.412083435844527557
    -1.805399779329059484
     3.357981930919265778
    -3.658231069847859729
  -0.08507864750027054057
     0.711650903836406723
    -3.426397803503062889
     -3.22755368318045921
     3.281532698225633204
    -1.567548852256271052
    -1.674343121212385821
    -2.548110648629276831
     3.315026494041734217
   -0.8151068952113765809
     2.348786148284209396
    -2.979129096967374046
     2.583676177079133218
   -0.5510316289899718223
     3.153076477233795583
    -2.124114192599618978
    0.1982398768650744658
    -1.646524400742120697
     1.493838750995274633
     3.044859112608602203
    -3.079293537918950996
    -1.412598710057766827
   -0.6605401129859206355
    -3.033455038652756564
    -3.752063183149281222
    -3.267334290342233771
    -1.837556037413972776
    -2.415024856443906742
    -1.274393199572158908
    -4.315508001765753221
     1.994598738628854395
    -4.112572530347867072
    -3.543542060763612334
     4.585806888514301072
   -0.9060090980829309526
     1.704045986516828481
    0.7903001631335203614
     3.443291879716915638
    -3.279188820418692973
      -5.8051568876588302
     2.540497322121205048
    -1.459043946061570285
     2.390653486459242583
     3.888136301418008145
    -2.502248318417288786
     5.823667527255662613
     2.661637230338523619
    -5.213012437030217328
    -2.213238067623227501
     4.309392631216302227
    -2.705894022493333662
    -3.088450431503807714
     1.236332557215499728
     5.100459417692780661
       3.2317650171512744
     1.318767724930763885
     4.286597679024247931
     3.775336599166019269
     3.591468872397523882
     1.597989988938656625
    -3.850236576284219225
     1.224634432972286913
    -1.326623871809822885
     3.994326527227706869
     1.413744729706291503
     -5.09501909140374476
    -2.336577816146861331
    -3.040150425989720517
     0.179914899760309388
     4.445915593407486099
     2.961351894497310511
    -3.448749184285011538
     2.621334286717136308
    -0.428606123307104625
    -2.576973379737105496
    -3.635755101302219572
     1.550216697173902869
       2.7632443164309759
    -2.701901382092557924
     2.503672852587531139
     3.133274945144264745
    -1.078018882836882852
    -3.001838951620203311
     5.346940009456893073
     2.387561816207143472
    -1.691893870603242034
     2.657169641431553764
    0.6278167888531421825
    -2.942101702580810496
     2.068261071161642484
    -2.006487974457444423
     1.962884770931510259
    -2.173484955369429983
    -3.707600142396558329
    -2.231402438535460941
     3.435617063756251977
     3.436457022252016102
    -4.191262231008586525
      1.40716593021636549
     5.120985564568753645
    -3.254425133775389334
     -3.32616727749096297
     0.578380078181425672
     6.205947569925641893
     3.794544158184872451
     4.461633233700467827
    -1.412229765084780819
     -3.42494600443756303
     3.076290869374184389
    -2.871581190149210538
     1.428700152959965441
    -2.453499266184276273
     1.016570763679249811
    -4.879539200569720236
       1.3444354508208054
    -1.762807929177107713
    -2.022737380114957517
     5.678507899170286422
    -3.181616811816540213
     2.005177132539346374
    -2.311673335903921878
   0.01307398680232596533
     3.715175301407615649
     3.300223658916904057
    -2.323715517666053998
     1.976329341637123704
     3.202430719692630046
     2.084569578407731161
    -1.854049428487740236
     4.222273510514326311
    -1.868314669706103492
     2.497637476013596647
    -0.193285537980717681
     3.336097911047740894
     4.340143696504335402
    -1.950446705384316637
    0.8022793255498469334
    -1.929204239292562573
     3.492964528616651076
    -1.524024386991718938
     3.258058333747776203
    -4.057552143611556694
    -2.445237341417352273
     1.040241174026824922
      1.58632427397371778
    -2.778499503196184772
    -5.827276220881240754
    -4.614986234020740596
     3.882727592978922893
     4.898674833895768188
    0.7656571485735885751
   0.04790914752928160381
    -3.412458639674925909
     -3.43284385726567276
    0.9429152289670488241
    -3.089407127619114846
     -1.61271862157611845
    -4.844689732739893451
     4.037121593788581819
     1.206603410912018726
    -4.103008396947156022
     -2.47153396358757238
     3.114871504515539513
     3.852664322661033314
    -0.227501608810504824
    -3.731865679866228636
    0.5300593348637376856
    0.7085046186348911146
    -3.308522341468810968
     3.905476060823220408
     3.254224372083176497
    0.9627716098408943823
    -3.404845253711986874
    -2.275437295495601031
    -3.476678142087226142
    -3.524935366081541677
  -0.07536274397684944448
    -4.603136195941603503
  -0.08356400871426172827
    -5.836862353033016149
     3.077709244745790329
     4.475352916038755069
    -1.138986769433790514
    -2.549118959933320383
    -3.613088416798700742
    -3.310806101141581692
    -0.432259712337345503
     1.972006021398839293
    -4.822583621517690489
    -1.520580623547717281
     3.048591566002171405
     1.335795059798130957
    -0.520993015656078251
     2.871336166665229506
    -5.477879140979874606
     1.593213665360057485
     3.375627079318946233
     1.034561551979468419
  -0.04147223300751584629
     5.185503621982094913
     2.808839621043391244
     3.103151688858980961
     3.508375733864047774
    -2.411802247641813057
     3.277766929640049121
    0.8893129962827945878
    -4.716873083652302512
    -5.034028123543224709
   0.05969259998587070348
    -2.389838108113632842
    -4.404655014457897089
    -4.398960666777383288
    -4.514527700053871051
    -3.323674362332052379
    -2.095572497883268603
     3.134584082047005005
    -1.422267845942475128
     1.211944484133592903
     2.347580962169601992
    -3.647278482302931391
-0.0006804623666765152734
    -2.441805491748056944
     3.751058682568481295
     1.232472702865446079
    -1.147845371909674839
     4.757039352996654813
      3.97042254469948519
    0.6965796321495273391
     5.035849400880525906
     -3.66255458766065134
    -4.018415837800734636
    0.2864036389158024498
    -2.995392736083725804
    0.2603664042000082834
     3.854274503105781235
    -3.428186193560996298
     5.150680163951198764
    -1.796342001350346829
     2.402066701781003122
    -3.122384209638531694
     3.790157202266930536
      2.08787369151351232
      1.14059135282092905
    -3.831460640723529654
      3.54808853113014866
    -2.360682953456295419
    -1.654436282127635049
     1.465866162628260527
    -2.619459575125633322
    -4.249322342243735839
    -1.548852597109503071
    -1.885395524576335635
    -3.842308232888111075
    -4.271837588207209713
    -2.976885451077076805
    0.3648887248073182099
     3.287720079716163646
     3.302246377930543986
    0.7050096078070797745
     1.263646026158992575
    -2.548259729373228755
     4.591210989490095429
    -4.063830634677222164
    -3.803191213899611789
     1.724872796601713443
    0.3579178204549166575
    -1.235745641901231373
    -5.525573408395525909
     -2.82501246198182443
    -2.516078322662232303
      6.02842203509953567
     2.410674896905875997
    -4.010854194195982103
     4.987306872460251839
    -1.433198058093040128
      3.55296849709477236
    -3.611407568971954252
     2.889689882843295088
   -0.5537891030513353297
     4.465847109717272723
     2.906945710034940511
    0.8067373116028853097
     2.551299294826412378
    -1.577245248968553337
   -0.5737534838850076868
    -4.139479276696982346
    -3.557483097588649557
     -2.20838141399621124
    -3.664929282861318249
