  -0.5633555000529947288
   -3.237762398753379678
    3.211721140066370772
    6.488655987030601757
   -3.226256852512747741
  -0.5966925580689300679
    4.271822867001638713
    6.361093132836095343
    3.630782832451457942
   0.3620790200281174265
    5.859825972714530096
    3.447167615927549722
 -0.05620543459794624663
   -2.949605849479146613
    3.306767962676532946
     3.48029470189990553
   -1.416945405561681248
    5.688729039525136422
   0.3225798254093956707
    3.108586044867949205
    3.162085257923104464
    2.668823867086739909
   -1.708512531977597781
    3.256622699708772828
  -0.3531158344092766299
     3.07493470933913926
    5.595445491578947994
    4.101055850797331814
  0.04152673245251561895
     3.15566626642546888
  -0.7322440021996512449
    3.347902782203864724
    3.184861699920007894
     3.35485145398000606
   0.3489634026401616795
    5.522021443127648865
   0.3015229014807047081
     2.95481473235736658
    4.208976343434912337
    -1.94760947316262456
    3.851938982701854197
    5.709296419767101227
    3.216466881557052293
  -0.5753034370459431113
    3.236445823908046027
   -1.931758687283646747
    2.400420536466236321
    3.415105498882987423
    2.366817987176133897
  -0.7276636985977493755
    3.453616484962419353
  -0.7622980801240067938
    3.513722133537590331
    5.809306020443843366
     4.35155044522608847
   0.1902986818948534387
    3.469210639406297592
  -0.5706209480111581467
    2.458788213678963608
    3.399927045687434202
    4.042529221626852021
  -0.6122498525013493342
    5.764694375296066653
   0.6939258591222442485
    3.928345615121592971
    3.272531447990767006
    3.853993256676297996
  -0.8838143781483953632
    5.615197474892449137
   0.7911494618056422734
    3.510945546069889289
    3.170369808810917345
     3.42726950737907865
   -1.272420846821070262
    3.253777189150313554
   0.4680598776976826469
    3.588033652284557284
    5.526264444144565857
    4.209693414192610561
   0.5622450593551873155
    3.137461684078698632
    4.901378573777742886
  -0.5977004711457566399
    3.182325659093071302
    5.406594672130285772
     1.87824104278443138
    2.380669550218913244
   0.9625577471328465862
    4.437907699947835738
   -3.363502385335494616
    1.252736274819852502
     3.66716021533162051
   -4.300961650515586321
   -2.655991493079230548
    5.321286666764725837
    1.221932994004232276
   -3.921771075389909988
    4.112256970012587942
    3.983365202498039714
    1.201525412212347099
   -3.820265407713407058
   -5.278538571323188933
    2.797457835132151516
    1.313781364102614591
   -5.191111807969424063
   -2.425898272130052824
    1.693314995348734975
    3.043351950233473602
    1.497884069778593119
    4.358223400998396002
   -3.889047336124096255
   -3.878211424503350546
    1.814936372417821131
    1.421849081884481114
    3.034537937918456496
   -5.620064358904226509
   -6.013862709656624617
    1.590861562490525349
     1.76559070832475884
     7.29886844616441266
   -5.680478810801423251
    5.439755032705271276
   -7.647594446202115037
    1.766755302157658303
    5.898999169165284329
    6.750235508388336747
   -7.474629582964341878
    7.548590477673729815
   -3.141567790436094576
    1.783014230823532831
    5.220819329925775243
   -5.018994220417604346
     1.84987713465577075
   -1.966176232813359182
   -8.476024298785272748
    3.549960578315260129
   -6.212889095634866798
    7.687777436722259772
   -6.915620070346705006
     1.80332421205297555
    6.148097293566329391
   -3.933492554168831479
    5.939126007260528972
    1.881707287510769433
    4.488172137060665534
   -5.855061679310152201
    4.510371527409513526
    1.847929900817626425
    6.488133103671502866
   -7.722833413702591798
   -6.667013149203544486
     -8.7648825473594556
    2.741583706493059935
    1.778483797716263748
    4.631983652869603674
   -1.880128832719892173
   -8.573884543143050152
   -6.196677829011440153
    8.506150038932458912
    1.759804355270566223
    -3.53620565836136258
    8.279271625776582155
    6.567644713308770754
    1.814942897863074833
   -5.208053398190544137
    6.417884374835889361
    5.299164663208911996
    1.773920592180931122
   -5.611083914119889826
     -6.8061157674132442
   -7.597405761718871275
    3.418123052134484752
    1.637827128781107477
     6.04113950926302401
    -7.20732614245760761
   -5.446645077114572686
    5.077620224270092741
    1.463676981085915152
    1.679851561671621418
    -3.63721538836806868
   -6.924157527303695048
    3.297974103355121311
     1.42998284125841435
    5.617271712014320073
    6.163505164860396235
   -5.141545039529098915
    7.144008345237525148
    -2.16924206438906042
    1.408071307951994644
    1.323586419675738535
    4.658105772703802216
   -3.416391621079929219
   -3.424400060445262906
    1.474321755310835425
    3.255908720940648315
    -4.59267594247659261
   -4.737584818176655332
    1.162399858180190204
    6.328236039521303979
    1.571085193030506533
   -4.963973839816929967
    4.798132881185018128
   -6.111181667133294582
    1.122136662014661557
    5.584786408387124368
    5.071631954933693009
   -6.026314481441492177
   -4.791175322751688448
    6.817767614444318447
    1.137062067333160176
    4.343702162952215673
    -3.09978079842691967
   -5.845469615961333965
   -2.548595745681236036
    3.636421254633222411
    3.319660163328917335
   -4.360413533785211015
   -3.481054391390730363
   -2.036806825634646323
    -4.20282984375948665
   -6.013696250942498267
    -1.04479075868874105
   -3.178211236120351835
   -2.763895233390309958
   0.7464455388598685293
    3.889143457767664458
   -3.325506553559016698
   0.3117964445493088821
   -3.725302157739492692
   -5.618814321095051412
  -0.7238558487369954886
   -4.276840105159774197
   -3.169338543467385971
   -3.806789327879987361
    -5.34514205248550045
   0.5014335800170155455
   -5.514156183424423929
    -2.21882430840059186
   -4.229924121213244348
  -0.2521242442775397663
    -3.88636689052805373
    2.703498213939886874
   -5.688231044219252297
   -3.233700256494422387
   0.6644362933763025003
   -3.210206283519236869
     1.78264771634006447
    -2.49674537626446913
   -3.356858790628052258
   -2.483823524660313975
   0.5789641857822925841
   -5.711239469844796801
   0.6230131636500839676
   -3.680410368732978554
   -3.213252442141404153
   -2.997185384158790988
    1.265556079264126943
   -3.356289741450583897
  0.06310094938113813834
   -2.513455647188691078
   -5.630461357991292104
    -4.07177006292931587
   0.5377249976091162953
   -3.166658031548081897
   0.8928443889125821098
   -2.775754692368770371
   -3.261807304741612512
   -4.165625493432030702
   0.2745955864041955685
   -5.555143216389176963
   -1.133765366365158567
   -3.754736228858519542
   -3.153376577974995598
   -3.402750188715601531
    1.035844952985511824
   -3.190238014433981029
  -0.4418567698083024631
   -3.693934025032183932
   -6.389402328521764929
   -4.388056698914190257
  -0.6329146465361423779
    -4.28407729656118974
   -3.249924395263453558
    1.656210830107083476
   -4.239797694042157339
    -1.06245779151726949
   -4.213473324975257839
   -5.785183526293152134
   -4.554156661442117837
 -0.02347700998943574868
   -3.360457727506682257
    0.876696058452021032
   -3.405780578824333826
    -5.61952084095291049
   -4.849690953162386187
  -0.2997006357081807848
  0.01122296307710728136
    4.209490193227181543
     1.04190947396365563
   -4.185488645914931638
  -0.9180952562259958594
   -3.358937637961748379
    4.052844878168074594
    2.772786191859049953
    1.757611874106459471
   -6.392541256071390343
   -2.700329743760311985
   -6.442570867721942207
   -2.271551058000095047
    3.894429160587646876
    3.124413876327261086
   -4.306023013066133664
   -3.331375965330069633
  -0.8871399870593662529
   0.2068522697757081419
    4.104140689614473203
     4.90168943462846407
    1.631865759572116437
    4.178383721192832745
     1.68051037705637607
   -1.950268334365832024
   -2.717593582095311433
    5.177587721008124255
    2.409417165705465713
    1.120924296169487189
    5.284309765132610082
   -3.600830971413714998
   -5.080691776206898602
   -1.371124769218559525
    5.309312455692179356
   0.9815934794131867536
    4.362431764228425379
   -5.697643402738196805
  -0.6585093232500663918
   -4.690547641349072094
    5.034901916276609768
    2.188288329755463391
    5.011448726012101673
   -2.766464238058164771
    1.251777004520541414
   -4.285080003651977165
   -3.629652842619967235
    1.768585291671580739
   -3.298780398778009548
   0.3734694441584527347
    3.428211956508822933
   -4.553860160525111667
    2.623153809981636719
   -1.471030916036683678
    5.271146088809331332
    5.203888144738909816
    1.744810218378785471
    2.260790230373481258
    1.458154914824400183
    6.957111434859356791
    6.762795575653909097
   0.0522388509878140006
   -4.171762405137420693
     3.18897507662230062
   0.8881558813618600778
   -4.789706910745572976
  -0.8512618664422715309
    6.520342666736507198
   -3.771961193021398984
  -0.5032372511659666259
    4.981628949782197502
  -0.1568335118788106719
 -0.08634235637399217955
     4.10233192383321299
   -3.691959234662825828
    7.244114306951905391
    3.765659646807717031
    6.621778812963091454
    1.322955742342256658
     4.81719648188091476
   -3.259755193638536497
   -3.407994909022629582
     1.67004716561886779
   -2.070041868407197505
   0.8678396287272660548
    3.459492043605771894
   -2.557431576349842306
   -1.783101254840727901
    1.503393638883737671
     4.19935218271380073
    4.710983343381933253
   -4.837381010072637544
    1.199136943692701074
    -3.18660158880772304
   -1.157688472657116385
   -3.991655850997066768
 0.008552918709391454932
  -0.1924257606098321305
    2.889157207902563584
   -6.066372573760689058
   -3.114255158073000018
   -4.269698818934390516
   -1.000946473501657552
    2.203717130972765226
    -4.30666685193978882
   -3.709458348545323858
    -5.62888425234499401
    1.353794230210398464
    5.132905723426430811
    4.141085953496392413
  -0.8821672292995994535
   0.9967126142995677007
    -4.84288196127548165
    -3.05379913729012431
 -0.07776386716499400498
   -3.945376096962704082
   -0.351031478330382507
    2.806359647588149375
   -4.809607484957547641
    -1.68018607231524375
   -2.434995678021643961
   -5.089409269385193113
    1.675704603342231813
   0.6592685802864151068
    6.183706416952434282
    4.369110789402073536
    3.459741324241817573
  -0.9267880174827627382
   -4.457070738015897149
    3.987083786917220429
   0.9014851008938330468
    -1.83957027378281901
   -6.685038062878713383
    1.686639379911039294
   -3.020981258355575072
   -4.657408527783755581
  -0.6512059856004688285
   -1.974314662589784053
    4.363184293285133464
  -0.8937914781683841126
   -4.183423277490073033
     2.29819915940407693
   -1.942959348773746431
   -7.053666582413923081
   -3.592416016518617194
   -1.614661223205511531
    5.207395481058728848
    4.113016342952191096
   -1.123811515419767648
    5.027663197575227727
     1.45178753540789085
   -3.410692017052574521
   -3.554113810524181627
   0.1945329001939640201
    2.347521604978429099
    1.374011775261909207
   -2.186412669629094196
   -3.531493718112741931
    3.141620141701399582
  -0.2537068889088859303
     -1.4573745646495877
   -1.061338315362303941
    3.002016357305970828
    2.096390168394543174
   -4.207617726588156692
    2.202082698403807104
   -2.190089250961227307
   -3.515103004136710396
  0.05246693298705554231
    3.305864829911850045
    3.081433058507186296
   -5.353915568818549353
   -6.352543665695030484
    1.389775418320419842
   -2.244773279581252723
    -1.50572369949678353
    2.891539006943663281
    4.655691647849882209
    3.776150821074175212
     3.37244798855970096
   -1.580118367455481954
   0.5274020491966214808
    -4.20249246484160377
   -1.099687857419381132
   -3.430332864279683314
    3.642658424550116791
    5.224813769582271838
    3.552939174616621454
   -3.398808697335036655
    5.926816879710333552
    1.454729529444989122
     4.67991458970670049
    2.412814263117180058
    -2.22446265509130825
   -1.352880499503095635
   -3.604671733365060859
   -6.587864536101809776
    7.519129854361128906
    4.229413735546465603
   -3.332780389515598962
   -1.534416596232475616
    1.985808744314130792
     8.14607512903744535
    4.122494198278912947
    3.297088674859426582
   -4.936434224917071845
    3.480020628007249428
   -1.437141088796014987
   -5.778617723676394924
   -2.089234759262272867
    -5.91720282226467198
   -5.078615499411828438
    1.484072841321839586
    3.791342894089633653
   -0.228265792979922999
   -1.829698649385235854
   -3.159459761231378394
    3.033042056860320024
     4.44301605884874018
   -3.390015475989828886
   -4.943806948316591843
   -1.697880618051150314
    3.848259418192679249
   0.8609549622202946617
    -3.63277587962741455
   -2.318618776453880592
   -2.852256866213017439
   -3.690802944429569354
    -3.41193458034226671
     2.97951045098204137
    4.877855757349131238
  -0.5458838084957493564
   -3.829105424315368822
   -2.680190036308299995
   -2.056725721007017782
    4.530622459047850548
    1.507972087229521696
   -1.773317624443640383
     1.94505387656344686
    3.799814418268075755
    4.863299696664847183
    5.656056942233302465
   -4.634493829647928109
   -4.725588196829313858
   0.2642673100755869586
   -2.786099146160927909
   -4.075152060025183154
    3.164950043841481708
    4.119183588556066589
   0.7590427162064088407
    3.911168652181310712
    2.570174209769160889
    1.186312861509623451
   -3.270549317673356882
   -4.373463005187224972
    -2.67115853190927055
   -4.457182996136647368
 -0.08223596906619079494
    3.697792359443154098
     3.58798649589793861
   0.9694693185430505178
   -4.277181387570686333
   -1.421410987188866049
   0.8297422232218353289
    3.933318842981834429
   -2.727984297475214426
   -4.411953495698433869
    2.994633097674171296
    4.307142079126597523
    1.580323417976430278
   -3.874795791697041025
  -0.8843279366939692521
    3.863215650265483525
    2.495696774883987334
   -1.923249762275014652
    1.813704621123634286
    3.611757410330948215
    3.235559962171156378
 -0.09843551516691362302
   -4.108825705505788406
   -3.783889480238471936
    5.216377531576898541
    1.776896959627661365
    2.915631452699879667
   -3.110168643131430599
   -4.281233105897027436
    3.804877827362087572
    2.515825130083521266
   -4.246751059238088821
    1.216769451871626107
   -3.046402849812230862
    3.302733827470381023
   -3.568861225599586184
    2.837416050590305883
    4.029816891582662208
   -3.068281511117776361
  -0.4799928317798053401
   -3.386999121625211551
   -3.781645890243873875
   -2.455429669476686172
    4.077779160162369188
    2.432914336629822927
   -1.563799597183600287
    1.503032601202582974
    4.240808867457168674
   -2.482899283133542578
    2.556392015105817705
   -5.385165905081509052
   -2.792847627921241749
    -1.50348647724606721
   -4.201251894939953324
    3.941101052012376815
    -2.46582728304308052
   0.9929669323144703075
    1.761671610457189674
    4.207590638529471683
    3.742655734826955793
   -3.810801487761461992
   -2.873140851851314181
   -3.796113072409302625
   -1.677845785149198132
    3.827487115118088035
   -1.473639099133911445
   -4.241780176367445421
    2.257275868313259437
   -2.470339406819199279
    2.058753367439658089
     2.88949636751610317
    3.816849176433096957
   -2.124427835467157522
   -3.878266788574195711
    2.651876577187496142
    1.996112801136084247
   -2.279206716915792796
    2.745626658251338004
   -4.059197162852067109
   -2.834451878462625807
    2.501007201289020543
   -2.761337888588689005
     3.95088429453607537
   -1.701637615870954079
    2.095862669100862163
    -2.89883221944943914
    1.806374767909994628
   -2.850706700516346004
   0.2887934597474586251
    3.427784084681315679
    1.908791781806725485
    1.801854701255820812
    3.008225352422964072
   0.7054717657866559355
  -0.4018082569063269882
    3.417090811908501724
   -5.766165453596503454
    3.778523986320039274
   0.2972273357887276202
   -2.724993739022615102
   0.9287655306908750852
    3.970032596522898416
   -5.170997713190134348
   -2.875962772169449178
    3.600025486539932373
    -2.25627954135772768
    4.251765111985722712
    1.867865926964206169
    4.980976066215172082
    4.634406062693757988
  -0.4116104584735289507
   -1.010385683731753304
   -4.264731783684775124
   -3.313926876353090023
  -0.2214630340102013428
    3.991586590834098836
    3.319980708255917179
    3.761835548742968882
   -5.198826109071777779
   -5.407820018195278244
   -3.813994894474241448
    2.665980858339183968
   -3.113296031177711587
  -0.7418547873915251056
    5.723660235049386813
    1.449716027898342974
    3.911816353702550764
   -4.491887109649624676
    -3.79948033442756028
   -2.374714022297126359
    4.229783851294651953
    -5.08333683882784193
   0.9412089811839886577
    4.036332006213793733
   0.1735176072340499642
   0.2264447186929229305
    4.389165148788443105
    3.153639648467871481
  -0.3076553093832343211
   -6.227890631443472991
   -2.617244017981346538
   -3.606244845016395306
   -1.177378043676970965
   -2.911541661868584541
     2.93686814471068125
    5.075383474484917556
    2.904143548651814566
     1.03821452552293203
    4.368037794596951073
   -4.772009485993979894
   -1.257438861820504794
   -1.863966253081683178
   -5.414096392301829042
    3.490017430085459615
   0.8830444737140350497
   -2.829177239628583695
    1.361726181863637919
    4.056583844971985542
   -6.345957595482954794
   -3.671888615221433838
   -0.114974138364755285
    4.487257926335387559
   -2.438117672279452641
     2.47111597203179878
    0.872209813159404046
   -3.491674595975993167
     5.24540661496726468
   -3.684935393679823701
    4.002169976751672742
   -1.486035153339988035
   -3.526085905819943633
     6.31684674349939268
    4.117872648021775106
    -3.46188831911043815
    3.782634119135860118
    2.638399614420399608
    1.793154952571663019
    4.739183927420835829
   -4.974859773558939047
   -1.280056152944298642
    2.938173050563603894
  -0.5762778150480943884
   -5.745084978370295303
   -1.295751272236898899
 -0.04457888519397694427
    2.895072379537821927
    3.736591376529110331
   0.3667821748264305515
    2.908911478658691596
    -3.12761739929080651
    -2.98528552105621392
    2.967465744734445465
    5.601532680988346335
   -4.330633454090095924
   -3.290578325676247751
    1.003235465740019094
    6.312008310777204478
   0.9598593984047982808
   -3.384460328400756168
   -1.844693659204696079
    3.280335744389996755
    3.320114770030373919
    1.622400202832865901
    3.733976537469454904
    -2.24664156610460708
   -4.450178210559625924
   -2.360201905535906697
   -4.985777211448962021
    2.346274077864777041
   -1.416018190383605324
   -5.145764304853131854
  -0.8188965633745697303
    3.047345131145671182
   -1.420208826431432536
   -6.241283492219078965
   -1.583612049148716672
   -4.967826375453261889
   -2.985373174176755739
     1.17832699698612231
    3.628479270965916381
   -3.387315492089465696
    3.547457780916063896
    4.917430880300049267
  -0.6653251671218334273
 -0.08508161209109738055
    -3.45941295741311805
   -2.386359687515938077
  -0.7595455900748724343
    -4.34822716452077529
   -3.810556130139719055
   -2.193223869751623312
    4.008725149477657901
    3.722814055894516638
   -3.810123490468677154
   -2.101378338642525989
    3.287394994847806284
    3.240378075512669209
    3.616532404654722921
    3.979172382506495076
    3.718524721163479985
   -2.033574638818124836
    2.151136543192300632
    3.439022511364560497
   -2.583002382018225962
  -0.7025978059559357947
   -5.272263566133116086
    3.454292576156648309
  -0.3466300965562385539
    4.284141352532638614
   -3.425944250770717847
   -4.289960042298609721
    1.596956497278130716
   -1.976681402284586664
   -3.972403803790106824
     4.34650338718017526
    6.092690183184042318
   -1.653278941797739154
   0.4063152406378464088
   -1.451752150280558373
   0.2488719537460297726
   -2.418541420696658228
     2.22916827589961164
    3.971792492312054002
   -2.663615015939243769
   -3.956747995968326936
   -5.885196239862991341
   -3.749908578063304354
    0.765864110061773351
   -3.070416230722623929
   -3.361051051624729169
    2.104898972790529399
   -2.806147191744404079
  -0.4130060677453303297
  -0.7370808827645353167
   -3.330497766264216786
   -4.942830010684946096
    4.005247813866120055
    7.261676784952481256
    6.541543837802406891
   -3.472465876271455087
 -0.03363053575680140239
   0.2513268709235441101
   -5.963049808102766747
    2.378147076115317837
   -3.711167360875603727
   -2.662667521935056403
    2.456151725314805745
   -2.663831643639710478
    1.840667964137115753
   -3.427098178510886939
     3.83289112277271915
   -2.200813225352023839
    -4.66200474778080487
   -3.130663252520675677
   -1.523047366095657384
    1.677050601930782037
     1.14853892057943896
    6.719742490989973227
    4.519311059380828333
    -1.55143201526969432
  -0.5708867954525351784
    5.385928412817751365
   -2.172164521394921444
    2.455494021764646817
    4.105371464575389595
   -3.993062414442868135
   -4.562712055322918125
    5.342051126280569662
   -3.826443270705569333
    2.551602433074870113
    6.829812334075613833
   -4.530783220490815388
   -1.079221169846343642
    1.678709863403762714
    3.126009976201753471
  -0.5962339085282145623
    5.900066774566909977
    4.265194076226864084
   -3.520053912550989317
   -3.209494056765432646
    0.658634229038607244
    5.159928563330224094
    3.752307227232449804
   -4.403900616012952796
   -2.476258155236502834
    4.297494469332582945
  -0.3543993252736041821
   -3.538256405222310885
    3.166003017026751021
    3.265614280067187458
   -3.227913140499581779
    1.562383112694774034
    3.372159834021248859
   -2.988826112320064343
   0.6822520494348740527
     4.84576343370752749
  0.08387037830840232688
    4.342069340592368043
   -4.953196788722609156
   -1.480900428946819281
    4.006650412818064666
    2.416596578123246353
    2.632701050413701616
   -4.300503200408650528
   0.3136498666248762057
    6.685759731050289645
   -6.024269486620164038
   -3.872374200398079669
    2.561330805189159676
    4.464410320936657683
    5.628492032509148757
    4.038470257977861522
    1.414053552804485747
   -6.386089379920031561
   -1.409430976394137947
    1.175923188217376847
   -4.436174024873212218
   -1.826879153961676217
     5.04323173498978683
   -3.414406131407057288
   -6.110861505382398917
    2.309085141111546946
   -1.708079205377689869
    5.842116999794551013
    3.815222479243628229
    7.570447836332604652
    7.461162021518545906
    2.829433753230619075
   -4.485692028130715769
   -5.910627089863096373
    -4.41928800052888171
    0.436610893194686156
   -2.513906389110820427
    5.660923772575972457
   -4.728239183454367556
   -2.314811278255643145
    4.385233420228530576
   -6.971621049168590822
   -1.516324948407999473
    2.011486656675892437
    3.254141402340830158
    3.462417785178660168
    6.818704993360811706
     2.49299296082631372
    2.598681178805282599
   -3.288579841769708079
   -4.446048083790094196
    3.332557905248982877
   -4.201987110965720973
   -4.177726490604852572
   -4.294448801419425976
 -0.02806164768495056361
    1.876974899224312265
   -3.321692039101646898
  -0.1240056454506977823
    4.844255152994126234
   -4.629333974921950201
  -0.1980232280319352278
    4.097270905068454816
    -4.42409713574039376
   -5.954462898821748951
    -5.69222203790808301
   -7.028644617933027305
    5.335857062566942588
    1.329131124263458918
   -4.824120804158574138
   0.1189428758385850937
    3.081286534941215294
    1.940836245841765173
   -1.903908105460628164
   -3.124391415390991966
    0.160438665675613934
   -3.134789751910843858
   -3.395165388166476728
    2.961139018277221702
    1.356758730395283497
   -3.588730680409827123
    1.819650100131224413
   -2.428460852852509788
    3.348147558180906369
  -0.9805250227904573901
   -3.073122592960346289
    1.876596482871502936
     -2.8105425452265691
   -0.144742186604955525
   -3.586948724218334661
    4.800028337915141385
    2.105054125036958101
   -1.304572168425881529
    3.547980696337492912
   -2.762488413228791906
   -1.799822980022200314
    1.641679744998388646
    5.334840265652571745
    2.102463763145095754
   -4.765824456139950094
   -2.477611741937912893
    3.506442102072749645
    3.761126083830400368
   -3.065506488067129442
   -5.401628314188943847
   -3.698016240646527564
  -0.9861166597925858923
    3.351651670366424973
    6.265883085356626303
    1.126163083914372143
   -3.610158236169881185
   -3.586466245714982293
   0.1977158064311869412
    1.711354512163556496
    5.345001118461622625
    3.181533965585243706
    0.182187125664274141
    3.775724082157889683
    5.368477433611079874
   0.7664991108145904342
     4.98156552191157509
     4.14072082202589975
   -3.166792929476458518
    1.594022610612979118
   -4.861599532361966958
     4.51034315622531512
  -0.9848695877284552314
   -2.212162766249304635
  -0.8293042846918636801
    3.009559438555425182
    2.461505323532522826
    4.802733134559930228
    3.962570189126523701
   0.4452764024875263127
   -2.293558949329959518
   -6.978389780604362436
    5.368277940322500719
    2.828692462735499902
   -1.325772909865917004
    3.719677493686326386
  -0.9033297251052820886
    4.992443457488732861
   -4.586975893826091166
   -5.636436014274731399
    4.463852664974290008
    4.957526658646098205
   -3.806813855165944727
   -1.018817268132323761
    1.696004335836713839
   0.4423215638336150946
    4.083172333445036273
   -2.415824870120200973
   -1.119669563984129645
   -4.835711937768319757
   0.4854628403496121236
    5.883492104589160832
   -4.706401483431099209
   -1.579159530479940177
     3.43667489807294535
     4.08503179211977141
  -0.6265881554449684865
   -4.391549690535063277
    2.838937404179581847
  -0.5694174233949631514
    1.281803565694200397
    1.496189907105704098
     5.41631756319835489
    2.805874676266356449
   -3.481469791711954365
   -3.621916474299829769
    3.055236837602290478
   0.4130573788881087283
    3.990049793344323525
     4.91391209769501458
   -5.011879026896329137
    -5.02425054657277137
   -4.289035283966148526
    0.815381024500203111
  -0.9141335843979427889
    3.944970660954222552
    3.736226260316113823
   0.8767715686002521824
    4.041449595001571637
      -2.566016027695321
   0.7800062017989741747
    5.101927060660640834
    0.591890218038898186
   -2.846957696580244779
     -3.8922288938222529
    3.594445678893302798
    5.557448566063422746
  -0.5966168164384084704
   -1.123855035608316788
   -4.639487596527120061
    3.148792434818477926
    6.367363611640543652
    6.681535637617072254
   -3.138180299162326214
    4.660273111454741546
   -2.705873409856296874
   -4.373587396796001947
    2.087303738056305757
    3.362335913295034562
    4.050198173733263296
   -1.772307339013611038
    3.797084248378126858
    2.245192983887859484
   -2.165005307397726675
    2.469968406184679388
    3.300097982462949275
    3.468330920160207054
   -2.826340398131911957
    -3.04911630264535205
    2.120895989978814455
   0.1400344597167858252
   -1.388364872968097297
   -3.285496581753144962
    -1.43201032675188733
    4.421064487345368832
   -1.264427185949184018
    -2.63544071319245532
    1.218751062325846402
    1.281818535450909957
    2.266362234871374337
   -3.266059214985872927
   -1.678504304897173949
    1.524041629844434587
     4.87123714287843157
   -2.568248264120168045
   -3.341030007989183481
     4.85915215218360963
   0.5712482125727654791
     3.32780913322697991
    -4.03681380989390437
  -0.1299017292764920173
   -4.040828544498831221
  -0.7821378905568192597
    2.336756608852507355
    5.564371330447585251
  -0.8593865963821472054
    2.731760784900360672
   -3.311809571028776933
   -6.462056282156058984
   -5.828766936940098731
    3.122342673949223713
    3.362030822621112858
   -3.028362378699779978
   -3.024952499510647819
    0.284917975931555767
     4.27153547127150901
    1.703700698281861881
    -2.98801191345665007
    3.141767412976521179
    3.150040851677155196
   -1.110141306502738345
   -5.562416863105065445
   -2.410403823607880636
    3.978836703817622666
    1.147011370481678671
    4.978086694472554363
   -3.342893871709636144
   -6.159642792580237725
    3.249947110196574673
   -1.356432314083495294
    3.819801113526889669
    -4.35446567838400167
    2.205807857422592111
    2.955932626785156891
   -1.838081805747371122
    0.106140468386893505
   -5.509819674583328997
   -2.662282433041063712
   -4.858704272856043005
   -3.759817814382969914
    4.974861915142511748
   0.3634249932595884358
   -6.061733835902773926
    1.146504771749994767
   -3.209352425942745946
  0.06931727527064113215
   -7.339087488885835953
    6.144698728977122215
    3.312024998239366802
   -5.566234533637414827
   -1.115320455723734172
    5.624519341472663747
    5.693030555635671064
    1.657074467408882423
   -3.435709182587981303
   -4.519518619707243445
   -1.306142731001129764
    2.798113262286945346
    1.861018655863432292
   -6.080228899643136842
   -2.630500117027719131
   -3.561313044433032537
    6.204030942591438169
    2.287409811673009941
  -0.1867492939449074962
    3.027761186318175923
   -2.708548064702593017
   -4.415407319724810264
    4.296340314000818061
    1.009780851216658615
   -3.429108994142086253
    5.882866274280719843
    2.449017708158329754
   -3.536996256199772759
    1.816965737636513367
    4.805963056881896733
    2.264120891750856401
    5.415856147634815265
   -4.711578290231826394
  -0.5826116769992646383
   0.9006888806893271759
    3.074089199533273309
   -4.563720205021257748
   -4.857329403098166409
-0.004878849886253561197
    4.395484452574306644
   -4.179907798792736884
   -4.544572332369265055
    6.839593123606723779
   -5.596905736415796362
  -0.7035958213883288792
   -4.575513564864674976
    4.222177897942982483
    4.832576875745525413
   -2.538573459575207636
     1.61904540050076351
    1.072934260648439331
   -6.660029747333327421
    5.245052773781493372
   -4.432385278434334275
    1.514279054596932017
    5.843872205894466987
   -6.527230028357581482
   -2.877488899667378419
     1.56624701160338109
   -4.272833130855031136
    4.408709179954145796
   -5.706112507595692662
    4.301762374752164497
   -4.459737843081652997
    3.652547173121433843
    2.722456416697127235
    3.624983931398105597
   -1.218068012302076619
    -3.39498034292958728
   -3.478166355448063296
   -5.276689607959180961
    1.938031553002199203
   0.9632569755730068239
   -3.310581051716378731
    -5.58487401917548798
    2.497387816964487861
    3.958988709839924347
   -1.530703991172666978
    -1.40730951727758824
     2.60772135362053703
    1.273207019962580233
   -3.450549010528024763
    4.504875982236134391
   -6.205445797224846238
    1.594676039572114457
    2.950432039905585668
    -0.65386502114377687
   -5.344301499178469861
    -7.43026718123486507
    1.631914809539193545
    4.889559596993908741
   -3.522428826975192884
    2.040881721515450664
    6.194234562973361058
    5.623840034406850208
   -7.187782506181187969
   -1.870280619550254819
      3.1569456274439327
    8.557418892503768859
   -3.763998090424843124
    1.765915766805379095
  -0.4999401815238363467
    5.200616951935140619
    -2.30355597425887737
    3.491942697022019981
    5.521127262823332771
   0.6775379133886071381
   -4.939251266642237681
   -1.564587700117758828
   -7.730506106083042894
     3.53647284623953384
    -2.71491735013416946
     1.52177030909587141
   -2.205925272558700634
   -5.111632368643470592
   -4.546899409764781907
   -1.907938976721713198
    3.518377464836794033
    7.092923373312412849
   -2.214365917210279644
    1.016960135656387321
     1.00566415357600536
    5.161671824266232278
   -2.671541784567009081
   -5.697960277669177565
    5.017048963311434129
   -3.040625692832762184
   -4.962611967085480913
   0.4205131475461174051
    4.233272071791407853
  -0.7766459607778900542
   -1.295762591498236027
    1.213933922457554049
   -2.712227764805849706
    4.533293413631746205
     2.45284156562763922
   -5.101728986640355679
   -1.744840693352385674
   -1.505784137954730761
   -3.853134394801759566
   -4.992464457833598601
  -0.6707742218231338427
    2.177078532828839119
    4.230407337572978932
    3.317011442080641803
    2.013061562781410352
   -2.124401246007769473
   0.3443416904997844696
   -3.465881971320959209
    -4.48473478924312019
    3.568809574316797129
   -2.782454584727484637
   0.8060491484029598253
     5.34065088199341087
     5.65688419892890515
    4.423456948444720815
   0.6907092198393394167
  -0.2229230217548922866
   -5.833051459230309987
    -4.15800477455692441
   0.1311319551944690187
   -4.411548219288992101
   -4.929948517237726868
   -2.069453226142286439
    2.045764410176990289
    6.817722760600624099
    4.184362026423210423
    2.110290104160545521
   -3.205178771110864133
   -3.178060910308774023
    1.801020368186610821
   -2.158364899266332237
   -2.358633452905603889
    2.115185103915388165
   -5.353600085219317073
   -0.157854161968438711
 -0.01487346491414179295
    4.969017098848164338
    3.160569118927162524
 0.006746317674798774089
   -5.037258529460623357
    3.752719926872462253
    1.392292497481666835
   -1.178283519189468498
   -4.921360753093081186
    3.716586090228959804
    4.435681201662932338
    4.116045665933678599
    7.547260854814901165
  -0.5548498049008432353
   -4.426264485967418949
   -4.170734325407901011
   0.4763054305559473178
    3.269780430302215102
    2.632415033654645242
   -4.094938938421945451
   -7.239332721003282956
   -6.871100822755751736
    6.033901744142109891
   0.3047033427349963852
    1.846699211302836208
   -2.784465547859706902
   -4.162923617339585824
   -5.136392340954860636
   -4.404441040623275683
    5.006001631657545303
   -3.026893460483106146
   -5.533255906789995571
   -1.152046854186059122
   -5.055966581426001305
    2.830565937409084576
    5.961193840192651194
   -1.126484432440124639
   -6.051290127151272458
    0.818086679511983883
    4.139553695295277613
   -1.878089128189443624
   -4.631556955256815655
  -0.4974780401545774167
    2.945644179157200337
    3.038194559083065016
   -4.731593466173084295
   -1.113779001260216006
    3.257143187686426966
    4.036041725988706474
   -4.000972643681778074
    3.073310796096508923
   -1.592982590194807369
    6.579652557351951536
   -4.251057015189388721
    6.369566111394972197
    3.253610728134718411
    3.299250198083304664
   -1.082974259046342702
   -2.417859361923663464
    3.395423379491049332
   -2.106017418558558507
    -1.00490800790472079
    1.344891306511371898
    2.936926342914901955
    3.808256019035200168
   -5.146367648692575791
   -4.121740867694430932
   -6.573301604436323053
    9.363525958847800368
    4.883321922567377626
    6.359623137321642083
    9.454001972752292815
 -0.02102757197706406345
   -2.491383774651554361
   -5.724261900484303389
   -3.514221192883877798
   -4.355658188953839272
    1.801627233619653712
    6.473253497042231963
   0.9384661225021411202
   -6.122199329997696893
   -4.738156899352080842
   -4.273071252107424556
   -2.235314962469377331
   -2.828794141206238955
    2.085794418058189326
    1.640628660447327025
    4.959324620482457924
    3.568422889156603439
     3.43534825037440994
  -0.1479896615785420699
     1.38777111729543412
      3.8651357359120464
   -3.808568191418875593
   -2.011958544921010006
    2.157299339734686683
    3.690524094132425326
    4.214608432869901833
   -1.621538021047489231
   -5.338395539281264313
   -2.248715900833990755
    -5.65298954760910366
  -0.6920294095628429787
    4.392504811378742602
   -4.945043113512390676
    1.425256234138480238
   -5.037664981991245128
    2.225379624513329713
    2.293813097020620084
   -2.036249938189639064
    5.376027884046060024
     6.78584789207833694
   -0.122126237870610943
   -3.858882684908374827
   -5.733491238286203995
   -4.235845000813156069
      2.9919779364609429
     7.38506773259403726
    1.683734785870511619
   -2.985114666439989684
   -3.161374074918127164
   -5.428154692743484055
  -0.7608821634406210954
   -4.096572511066195688
    1.750514356056460885
    5.846054670074891213
    5.335509599383788881
   -1.705086904623728472
    -4.91969671312089929
   -1.485067888847213524
   -4.540968609001359901
    4.408749694022138677
    3.231000773273106308
   0.9575556435809713385
   -3.642629006654077184
    4.537054066307701028
    1.404764066600371342
    1.683193301536537678
    7.465379996651499539
   -7.294435756955234496
   0.4259973850469639389
   -5.377921987346358179
    6.501020331757411341
    5.804244766477568263
   -7.050758368072630233
     3.71429993086656518
   -2.075568341451788701
   -6.993257297689720708
    4.411380646168815645
    3.256549720510243606
   -0.621361370500715271
    4.374708063592239071
    2.053442425284052852
    4.935974032251206012
   0.6277704858581766301
   -3.023716165702643011
   -5.223050319467606784
   0.6649012462664569689
    6.391335940279112116
    1.990214348233773745
   -2.265058298285195892
     5.06314870944768991
   -6.124207409957284298
   0.4830367112445421718
   -2.102180618175363502
    3.308884836957535214
    5.632273891601082383
    4.905847670980885589
    5.711347282910038459
   -4.801178973789241411
   0.3543590677515539022
    -3.81290627364092094
   0.9876854349709141001
    7.439099541341080091
    4.592751079332858311
    5.191537927647321027
   0.8645821779230592474
    5.877977529713246163
    4.398804798894752288
    5.936874614579045861
   -1.727667257089620767
   -6.916843143194623345
    4.657253216810662622
    3.753014199990929889
    6.270744186916784813
  -0.8586245904203173573
    4.415602655040812508
   -2.951628260851818286
    3.280021067044006422
   -1.099753559108180401
     3.43661120609435411
   -7.194062875717760264
    4.254479905639907855
   -3.742605207519168697
    3.390307067647926775
   -3.570483423602916595
  0.08026588358910227705
   -7.637872298260262482
    5.263199479879856924
  0.03832247742971205129
   -5.112428308227849882
  -0.4744638669506526796
    3.788898457720287105
   -3.082576351859750652
   -6.963560303197988688
    5.978359678192902038
    2.219285867227949627
   -6.152621768621667542
    3.559560728977974264
   -3.677883721253002669
   0.9455970938540652071
   -4.540802138597620718
   -3.757757341456064992
   -2.237604789416679729
    2.551696675433871686
    4.475036675881399972
   -8.531472718152443235
   -3.990533652379006924
    4.519434542237011243
   -0.662662543603126597
   -5.183065162843609741
   -3.495261326523823264
    1.589154375089333104
    4.747185085297873641
   -2.550741859161100411
   -1.688706769134105556
     4.46343221878903762
   -4.765011492305162299
  -0.8566129305062636368
     1.70751672819237621
   -4.992183662342594808
   -3.786311398452205879
    3.317235724223878357
   -1.204483482444139719
    -2.34429430271722028
   -3.419814244767174216
    3.600507460357760703
  -0.2955615205791896072
    2.954350991174932162
   -3.148636354519745773
    2.579280019310539629
   -1.125356723689003857
    3.224832438696461523
   -2.772931761928191907
  -0.4483231009727313143
   -1.280246620934702095
    1.041437326540981312
    3.246556188865884707
   -3.556066412763247975
   -2.198929665157533186
   -1.331770478918172129
   -2.961747014612777118
   -4.174781262650157032
    -4.34042326514826371
    -1.39113447147664937
   -3.596114999568073678
   -0.373007953248987334
   -4.671306082775596558
    3.549701246954256817
   -4.856558284923724322
   -4.445474460299016606
     6.46996879248598411
  -0.3376239787274136206
    3.019797877188593382
    1.818109067916199972
    4.178240263477473349
   -4.726296458958904267
   -7.045449171219544837
    2.202669608846776317
   -1.069804941702654055
    3.640020892606534275
     4.80631536614598609
   -2.239548659210686132
    6.933304396427652172
    2.464496500887241481
   -6.151314389395149185
   -2.182151694034703659
    5.921090074826789618
   -3.880353019071016707
   -4.307159724751945973
   0.6242322785854627076
    6.239183902090789324
     4.42488303267464822
    2.623876819326791843
    4.844686312882484636
    5.486520732561920077
    4.542297384490124657
    1.432330351797084234
   -4.577447322069182256
   0.5775491133596514226
   -2.068020730124011219
    3.920420527275874978
    2.633221669405878984
   -6.090036776125722362
    -2.20295242576759609
   -4.309546214656212904
  -0.4021679960445309066
    5.180728459258960861
    3.947071068059070154
   -4.782925880609817604
    2.671360936040914957
   -1.053247134621616121
   -2.735399731107066135
   -4.655568391502193037
    1.264622762111652809
    3.373857509982594927
   -4.089808557937324451
      2.2403792889676164
    3.905940238923265806
   -1.900799280395981228
   -3.692724009882002001
    6.558559469450884194
    2.266672278049204792
   -3.025954454734756993
    3.699552595907079411
     1.69020550301434147
   -4.358497074280792916
    1.885321960355479387
   -1.944022751161264662
    3.354073380397524673
   -2.100056620842190913
   -4.682219239943028022
   -3.969878218882623599
    4.606732068561617766
     3.81568635799934075
   -5.451385872708632618
    1.211389517389514392
    6.396935182919133211
    -3.88473497198925477
   -4.781611220755900504
    1.496528185314212056
    8.149644817325869539
    5.511693926280516465
    5.220359588555040453
   -2.452913779012905859
   -4.436821338050313202
    4.284712182206789066
   -4.098372443782412944
    1.314642583065911641
   -2.306498181806844183
     2.22304324961089117
   -6.028464723256405478
   0.6391764306109372074
   -3.166039907422419475
    -2.06920942109797501
    7.754115357880759341
   -3.894627814838055535
     1.85130841396604362
   -3.527658010821199674
  -0.8054075949015873093
    5.243972430788111261
    4.030454805337503998
   -2.452233518354068664
    3.255833781504388735
    4.198107034517924774
    1.619722930845149067
   -3.086515333952736029
    5.555588495161752682
   -1.832978515849875256
    3.628955770045616092
  -0.9126462860888382433
    3.934733607046621451
    5.442874957718151663
   -1.868129593717584136
   0.2660042127119065514
   -3.065649881807158472
    4.808212784911521709
   -2.484093820620925541
    3.244239363863625769
   -4.566933682352839696
   -2.218938182027311523
   0.7309106140714283217
    2.278971431516099155
   -3.754236176811922121
   -6.593121229951687923
   -4.692091896374981808
    4.778034898501092087
    5.291549468170100745
     1.74060593974580069
  -0.7086478227307368982
   -4.494198979324338872
   -3.706114507803288216
     0.39897128931044612
   -2.941654423104812732
   -2.600262035189941923
   -5.997532855811144259
     4.79419979779385752
      1.8706240548397155
    -5.26807612822747906
   -2.521415533080512361
    4.124877772122797381
    4.205139812290256351
   0.4916043859015787887
   -4.345745091294340057
 -0.01297581898334822237
 -0.04803596173073008263
   -3.551941827122345074
    4.191096776751622954
    4.329663989299645799
   0.4869256448753990218
   -4.300217075945143463
   -3.869088685254279625
   -4.762721178532822286
   -3.947357890959660942
   0.7200003362803661933
   -5.150752190995847357
   0.6644318857844204729
   -7.285310251623241307
    4.568481843102739859
    5.708540996453047356
   -1.954634709659658132
   -2.595975446512244655
   -4.269616760817338985
   -4.428375374049084989
    -1.67109673313610263
    3.106808088771724208
   -6.468301428308924628
   -2.765319038169354204
    3.553914385790780006
   0.9721112234644535555
 -0.03893623325133871438
    3.463138312169280475
    -6.89936944378911754
    2.610104416285579099
    3.451831924541045815
   0.4184245837342022156
  -0.7931647446459979545
    6.107795327439426991
    4.520829370486874943
    3.191812669037790151
    4.351135056100522647
   -3.782855244931103478
    3.986436493921620361
   0.3988738177088387848
   -5.257197311452034505
   -6.547041646883752897
  -0.5475047409827445977
   -3.545071694391211281
   -4.742642039639170193
   -5.376601419744327259
   -5.390856886492683131
   -4.570680958750726219
   -2.016212279026771803
    3.123636703673219106
   -1.132509722665526297
   0.9106782624747884469
    3.254387319238721155
   -4.723963163240720853
  -0.6073184077502793432
   -2.598510709860654799
    4.306109107322413365
    2.116004393591892185
   -2.644711259289476146
    5.862138504700467934
    5.629252078052441988
     1.54724852995121176
    6.319180128430526899
   -5.213112705493456289
   -4.407358683063701932
    1.557812197034686319
   -2.961453186812741389
    1.039386434672711523
    5.030151093232699822
   -4.557593458974293021
    6.085188175389011356
   -2.985918251397364998
    1.973011418010041762
   -3.701677548889103164
    4.649845446965787943
    3.146161817605912958
   0.7485737495137334552
   -4.721351672286134615
    4.568031052281165572
    -3.62382472983994619
   -1.440832744022238598
     1.13057487068098772
   -3.783204086062967431
   -5.260557427538750552
   -1.347909873571264017
   -3.347347569913993404
   -4.295696099193546225
   -5.232528353951562572
   -4.213258269561439562
    1.144552969488928262
     3.96939611884303023
    3.737595105624166081
 -0.07445966081616237076
   0.9814833941860169331
   -3.753404254079404367
    6.321567824926507484
   -5.685169279753782945
   -4.705166402245108515
    1.571278204544589885
    1.113657765873736993
   -2.440367525596642384
   -6.862832242762113566
   -3.781552781749703218
   -3.672276508703415487
    7.992070377953357507
    2.578515934396606646
   -4.784246882166096171
    6.347471835169583798
   -1.049342066406080853
     3.93217370579550618
    -5.48080015514301877
     2.81915160871449455
 -0.08260636155972178596
    4.799510762068202929
    2.612504068898195531
    1.342574853039932625
    2.267408211530438589
   -2.216804583265130191
   -1.089599425026977153
   -4.510144733780117932
   -3.276671416970670769
   -2.600936489749945402
    -4.49941446319033389
