-0.001393091680491005 0.0007841022511794144
-0.004563078731351798 -0.0008366313630854893
-0.004871302229881158 0.005773481825282407
0.003376882936991039 0.008195779549830591
0.01253724326877926 0.004167781019443132
0.01223891058024341 -0.01265948772872111
-5.884090099189601e-05 -0.001323340459037996
-0.008095062539491818 0.001154253729822315
-0.007917553034038046 -0.006254534702199198
-0.002387445271805045 -0.004731917404883346
-1.52238712715667e-06 1.957634254706136e-05
2.502949904622445e-06 2.709214390359171e-06
-4.441734808186477e-07 1.284093873148149e-06
0.0001205291715173801 -2.457166981571575e-05
0.0001730276828289656 0.0001212878285682899
1.283096025999062e-06 -2.958219869812179e-07
0.002809837909170809 0.00407266923767125
0.001537637025697769 0.001733781110244659
0.001649161233340996 -0.0001628121491675169
0.0006014764146182146 -0.0001658503489687925
0.0001571323520715105 5.646692859414592e-05
0.000147921736289398 -9.981637842263169e-05
0.0003336852402625442 -0.0002499454255567563
0.0009936614816604546 -0.001154519095865116
0.002255180536617725 -0.002462177647378173
0.006739559567593635 -0.009799240745720859
-0.002203176603129569 -0.01798659021935226
-0.0121360495174897 -0.01141166601175807
-0.01396318515766245 -0.01132539748110423
-0.002417657074729162 -0.008318456106229836
-0.0004816016494351097 -0.002164609703273317
9.629341024659431e-05 -0.0001457293682599746
0.0001255585335320711 -0.0001160766183985246
0.0001577859258742103 0.0001111594377903558
0.0004858433134146591 0.0001358717978283026
0.001039372812051511 0.0007580897080486472
0.0007771485823660523 0.001911347489383321
-1.427702452766788e-06 -4.982210294578516e-06
7.840395372798015e-05 -0.0001844123579196989
0.0002548949916525561 -0.0001085429281240411
0.0001693434592650911 -5.398114499553149e-05
9.832145782101251e-06 6.729512701826833e-06
1.320700905348013e-05 -4.288768373162313e-06
-4.509587147135731e-06 8.69773654331604e-06
0.001438915202732709 -0.00301688844276349
-0.001159568998489246 -0.004684493025713899
-0.005057495207732892 -0.0006214746377556434
-0.0002486846266584928 0.0002641544438325638
6.647208537476312e-05 0.004061665663289483
0.004320172748680432 0.00160733220722133
0.004398796064859741 -0.004553798486168333
0.0004621002856068585 -0.009285618296425577
-0.01023513151993123 -0.01270607121347172
-0.004255836459289402 0.001801413812074849
0.0006141384246851592 0.002323856382623144
0.005318938145762789 0.001332789913685242
0.00667696862934249 -0.002543577939078008
0.003034591538570942 -0.004094155551241505
-0.001187252299019305 -0.002509762077972441
2.916414621029945e-06 3.111899108940668e-07
-3.801611139319909e-06 -7.517278573176896e-05
6.617033450271376e-05 -1.052161133705111e-05
-9.815872362173745e-06 2.91242371018382e-05
7.584339978219742e-08 -9.703756679592629e-06
0.007330067574020103 0.009082307257282289
0.01579229711250088 0.004592420833787175
0.01927907173060647 -0.007541097304618332
0.01201445891044128 -0.01352832231618837
0.003656409054614698 -0.01712471111555297
-0.006140213982316756 -0.01735362368783153
-0.01574664991033202 -0.01562311555378706
-0.02342136831758706 -0.008334628167278748
-0.03066839314353403 -0.001495779869284602
-0.01628059315484785 -0.007286474220269106
-0.007202193147299523 -0.004000083551953425
-0.001099853480512519 -0.0002895856455801381
-2.393475131674315e-05 -9.06626468008254e-08
-0.0002100061236259128 -9.82652350327912e-05
-3.764594078361112e-05 -7.786617918422744e-05
-0.0004935513027198558 -6.469432444121271e-05
0.00130257972962499 0.0001941067266400556
-0.0008651357098189329 0.003920666085682959
-0.00572442551700246 0.004535806470975792
-0.010842877115485 0.006348953991276
-0.01279159838284971 0.006044040735728015
-0.01086064007036915 0.001332465055648018
-0.009877807877073895 0.0004883291657664851
-0.007927914076157916 0.0006179145980657214
-0.005113678657175585 0.001742503180188259
-0.003747072595409885 0.003432081171901298
0.00180626296647314 0.003292513406281833
0.0009630426859413997 0.0001162807482115537
-9.228014616765023e-05 3.163795472447306e-06
-0.0002358336362438717 5.619303805700927e-05
0.0001319801317511049 4.338616188395308e-05
0.001927269359117929 0.002903471506107766
0.003223679924736094 0.007220905256619236
0.008885950532349078 0.009878804426223617
-3.481809876197683e-06 -3.55783002557991e-06
0.006404928431272956 0.00271966911908227
4.277466940136976e-06 7.251714184431988e-07
-0.004489480623537613 -0.00257136467125782
-0.001506481649146807 -0.01151322545239881
0.007674434711976718 -0.01690421523386864
0.01667578236246256 -0.008517329157678988
0.0211211722719292 0.001492147967200645
0.01145921821430689 0.01193787809372847
-0.0004644047452244227 0.009742593460393828
1.007192014721019e-05 -3.844877583838817e-06
-4.359325965604088e-05 3.877385516065122e-05
7.256743651574106e-05 3.503249591444478e-05
5.529116164032996e-05 -8.538089328612538e-05
3.717969497195187e-06 3.196674410265485e-06
0.003665070059181636 -0.001202036175614465
0.002202019570575091 0.003393163548958895
-0.0008221452604635187 0.007036565445350205
-0.003515052627278943 0.005905563546702624
-0.004235170507045537 0.002598336939424169
-0.0007991327602782874 0.0001136550294682426
-0.001140764727621895 0.0001569211025457704
0.002140518431790407 0.0002343061081798608
-0.002880189358577153 0.0001608446784667081
-8.354580405607558e-06 1.294765170650797e-05
0.002885733667804227 0.002253682612895356
-1.095434210785654e-05 3.361996548165675e-05
8.946829005165948e-05 -0.0001509898881225646
-0.0001115946585828316 0.0002372289288360796
0.0006796384491262837 0.001871922097505284
1.757249484810465e-06 6.823916688357785e-06
1.883482634773671e-05 1.631741820894016e-06
1.259446969966667e-05 8.521722505250064e-06
-1.75581017659273e-05 -3.640458669908304e-06
-0.0002895932965430165 -6.111422395467319e-05
0.006127537340895911 0.003212635772375324
0.01709902755641322 -0.002701515535820773
0.0001065721940838417 -3.871844956522558e-05
-0.002996194216471444 0.003052504355589852
0.006146999720352602 -0.005518180255630559
-0.001148253749541972 0.002596256071594861
-0.01400057427960041 -0.007016007760848186
0.001012862385257355 0.008477933906558143
0.005060713014453173 -0.004206688402897429
1.481394520560673e-07 6.302415962272499e-06
0.007681458849918181 0.0005816284806359086
0.002946275798489373 0.003006270336035306
-0.003605642142104024 0.0004598122973948374
-0.001511571771052629 0.003195070467540894
4.92112466982721e-06 6.557498582542262e-06
0.0001100041435991826 -0.002903439832582189
3.928698375317359e-06 1.204675162857869e-06
4.710594111276906e-06 -5.576938608880435e-07
0.001937732702745764 -0.0002591141737874393
9.786629694334765e-06 -4.467473646176066e-05
0.001006268812220085 -0.0006099135682250928
0.002105131557583778 -0.009170899483375657
-9.678518561787436e-06 7.017599972448937e-06
-8.529728284924984e-06 1.280161975623632e-05
0.0005544636728528672 -0.003427571407468112
-0.01118876701649401 -0.00776201743058342
0.006008433112744874 0.01468392086836959
0.01235616981084924 0.008293715118905469
-0.00910873223275621 0.006804988614221922
6.213591260582426e-05 6.2999913525134e-06
-0.002385686679491858 0.01470811568896141
0.005240228523141423 -0.01604487310454529
0.00664933377816554 -0.002100902920778521
0.003215821808548698 -0.01447359497509809
0.002950999044065278 0.009289995434375736
0.01005074558486204 -0.0118397513555659
8.562450818770033e-05 -0.0001551766378484585
1.611923712972908e-05 -9.459508678132255e-06
1.316979775161046e-06 8.636810598255107e-06
0.002442364005818863 0.0007641619436704843
-7.4207801281999e-06 5.52160648104677e-07
2.603341142597468e-06 6.757804241924048e-07
0.003350486717971432 -0.001828973524494826
0.0007044422933747004 -0.0002719072905712398
0.004303997227206899 -0.003653599209974145
0.0006936392362946227 -0.002524313736201946
0.00106981563749281 -0.004775352423192527
-6.761873878979853e-05 -0.008412290683673383
-0.00523544608291864 -0.00666898594073843
-0.005107299868846357 0.01487589567103698
-0.008124947189563246 0.01228710433379038
0.007261088357341893 0.0124394284894626
-0.01036869443626641 0.008955008311708115
0.000422205491482037 0.01479994380422055
0.003077193953652902 0.01215027731641832
-0.01004735832065247 -0.01216743264047543
0.0001517438182146737 0.001687596259823903
0.0109497935835405 0.01576268754117915
0.01553669355455045 0.006428475764863118
-0.003733447143007951 -0.001612646052640766
-0.001312942056739333 -0.01185894831133943
0.008347734054267492 -0.01332534282031852
0.008453899020123194 -0.007894168040339055
0.01201304889774252 0.001914012596707036
-0.003429544153648645 0.01055319802930463
-2.389544434498609e-06 -1.063449780251227e-05
1.483937936201358e-05 -7.413222734650428e-06
-7.314959966340892e-07 -3.525840411909773e-06
0.003113470892250178 -0.0009265128971267932
-2.490941956050369e-05 -0.0001961982764233065
6.657414787795414e-06 -1.286280810943473e-05
7.336831860714135e-05 -6.497909083235207e-05
0.001177166144657283 -0.0008790484027501451
0.002846236889307577 0.002000330252257312
-2.542013544987893e-06 -4.818231810255879e-08
6.766912083343722e-07 4.374093285155051e-06
-0.005396678708267293 -0.006309009926805453
-0.007473924794925127 0.01032681116189252
0.006903713569336147 0.007288777400759651
0.01517999566034085 -0.003632820571636867
-0.01205032516601558 -0.003766510705412628
0.001276959698478768 0.002526888349487726
-0.001138698528362175 -0.003687025139017481
0.001527798853874361 -0.001417524712269646
0.01141413106501282 0.01445077169808351
0.01693102215327675 -0.007078934685657868
0.01545487805249705 -0.009140262803613491
-0.009266471762861227 0.01106509688963717
-0.005819601692067965 -0.01823495605927533
0.005318877681797771 -0.01213227227576573
0.00832628521043908 -0.009673791574023888
0.006544105182536016 -0.00296610375681049
-0.009677078915697459 -0.0117175854066113
0.009671539622623728 -0.00860804840634951
0.01109595190593223 -0.007884584847374284
0.01205115548885171 -0.006005182218510322
0.01410047616901646 0.006135259539954605
-0.009574776385855736 0.008756245133846981
0.005489272492574161 0.01331171549066421
0.01034502565853707 -0.003783347161638466
0.01315197708570527 0.006663416646117659
0.01297057604132403 0.006760252551186145
0.006488358596782301 -0.01465683697684226
-0.004705126112991166 -0.008499339774579014
-0.002956282560625446 -0.003303029093579879
-0.006343048789038966 0.002526588226741923
1.526716843584813e-05 -1.233786946602359e-05
0.001352460606337228 -0.002161501820910504
0.01969936458864019 0.002141066122048443
0.01164577207200221 0.002699919700781444
-0.0019460860635291 0.0158641195260578
0.002400737323455733 0.01454073028738129
-0.01353489566601073 -0.0144591247783506
0.01091159409588274 -0.008258979657835681
-0.002518274130259161 -0.01729666246486665
0.002910983876349586 -0.01355311187633024
0.001254203628151601 -0.01478269739439343
-0.01468645705107638 -0.006573372794874784
0.01617761147427746 -0.00324654248245737
0.002372608135393945 -0.01006878581084767
0.006138380283524124 -0.009899906179174658
0.01153394761047203 0.005385303374117126
0.014937409323263 0.006341590482723327
0.008146558731577365 -0.01457970010227358
0.01385030329933752 0.009144980028658458
0.01618449924749584 -0.002306340172895729
0.01728477894606554 -0.001205360609625671
0.01398298975983626 0.008820816535078357
0.003280065375591069 0.01497496081088566
0.01416935462058337 0.003184289529571742
0.01465581420546375 0.006258700478868537
-0.004102851945930659 -0.002889828546196821
-2.116570377062494e-06 -1.439070293517834e-06
0.001716202856188899 0.001347197445565038
0.002500567487470156 0.01093869335718624
-0.01280028264296899 0.008599997516066623
0.01255412183932458 -0.009451972704278049
-0.002433447948600085 -0.01431696242803709
0.008506667010132075 -0.008849909902793728
4.588755597393622e-08 -1.655425590699956e-05
0.006425684144839965 0.00143560468271245
-0.007556662341288142 0.004332531941767878
-0.01267313505383789 0.009393768662539097
-0.01488942338697352 0.004218682087241161
-0.01155150062731784 -0.01030667674705734
-0.009513983919984027 -0.01221649496870283
-0.01457225692136674 0.005204998567745389
0.004008126092346952 -0.01451995086398924
-0.002572639628420934 0.01426627984066723
-0.0007822849433726501 0.01260975630396697
0.003245689377779396 -0.01222732830527206
0.008558345740690153 0.002760301021033533
-0.006175216767874841 -0.01472784155895654
-0.005950243487050781 0.004548961202697395
0.01001453156554701 0.007247369731642975
-0.003587543693762052 -0.001987198169096647
5.440247390076247e-05 -0.0001285146228802379
1.265760659257651e-05 5.776943403508872e-06
-0.001959739396039005 0.0005923955735061296
-0.0005239742825427088 0.0003126590399400683
-0.007832495060671789 -0.009402271136753374
-7.267188519329411e-05 3.035249582039897e-05
2.403396842611087e-05 -3.120232029987618e-06
0.0004397894740377097 -8.381324438246208e-05
0.0001847741808196573 -8.55748677448916e-05
-1.116326598153047e-05 5.560568442724824e-07
-0.007777777799636788 0.0006927631949574819
-0.007898068011344003 -0.008680773703012691
0.001387143753424588 -0.003828233143852748
0.001736419608599924 -0.001372111481637367
-3.366552153051488e-05 -0.0002319850094757017
0.0001462375909701137 -5.901613592786084e-06
-6.424359590517108e-06 -2.55215848614513e-06
3.441716716834525e-05 -9.354418412505006e-07
0.000243398766631846 -6.334220378882737e-05
-5.306933180124834e-06 1.064761675149932e-05
0.0005349399587972395 0.002345046813547956
0.003809643354256733 -0.0005114124762899766
0.00441257236943974 -0.003176992189212096
0.002201437141116497 -0.004750254815731687
0.001000740649249252 -0.01236081679279064
0.002863356695030828 -0.000747324678949768
-0.009146229053440619 -0.01255592935620036
0.004924682543446317 -0.01520414180490905
-0.009551969538641847 0.001630510514256102
0.001020330542946824 -0.006989582161481573
-0.01075132720183544 0.00176354476422003
-0.002032258333289261 0.0065863193002536
0.0007638077573425469 0.00727072632492933
0.001844258194759996 -0.004296177215433189
0.0003950206735825055 -0.01924018117164272
-0.004836373338944781 -0.01069037472213521
0.006085768550214356 -0.01049711040900533
0.0124142016929573 -0.01427909088422357
0.002903663538090982 -0.0157444977753106
-0.004850698205882284 -0.007391800676758121
-0.0007019480868619245 -0.001038269681592985
-4.12370056220396e-05 -1.805513244562519e-05
2.451879651073067e-05 -0.0005425006251867878
1.230464625952012e-05 9.005828283228056e-05
-3.601795385362543e-05 -0.0003131828886637728
-2.912773670241528e-05 2.139576402110886e-06
5.07686374447349e-05 0.0001196197480320977
-0.000128161577549228 0.0001107973330778329
0.0008668827857882017 -0.0005021262481319367
-0.0001697998864065174 -0.0008955388194838423
4.951424859404556e-05 2.704610756719316e-05
-2.587683992359026e-06 2.909967190402583e-05
1.450535606701948e-05 1.273889738952953e-05
0.0001098968506127793 5.390835504128222e-05
-0.001430942766864513 -0.009850956183575945
8.925992822155712e-05 0.0002335108186319765
2.244653292418744e-05 2.056131724744452e-05
-0.002938736039209487 -0.002867940054288632
0.001220137399249173 -0.005698836973163635
-0.0004149763555544652 -0.002183396796581243
-0.000495011667373253 0.002004559019019585
0.002458193750652 -0.002816542453946115
-5.475996192684121e-06 -5.615193465972585e-06
-0.007498958104708104 -0.002198021152070431
-0.003620183730576589 -5.600318013632122e-05
-0.0004079684502499458 0.0002073921232681929
0.0007914136451967762 -0.0002223146813667409
-0.002428842147251075 0.0008297266796991684
0.001603797850231668 -0.003363354545094811
0.006060911235227536 -0.00960461057377357
-3.318058114922939e-05 -1.400811185450317e-05
-2.771169919256783e-05 -3.053399859436251e-05
7.706102734938677e-06 1.954118723225521e-05
0.004339273700905619 -0.008163042127058434
-0.0006161373848485799 0.003045065243199454
0.0004978026476214235 -0.006832394917591468
0.002266776635502506 -0.007754983328534542
0.0001824236668619977 -0.0002518648968731393
-0.0003246213311594568 -0.0003353437804726607
-0.001331188608191663 -0.0007033190949583425
-0.0001392468993147634 0.000414623536108965
-0.0002968543919564331 -7.036866734525232e-05
0.001391467580068212 -0.004366552549444443
0.002440487508422326 0.008601249256765302
0.002354748535818875 0.008973222857745293
0.01401313643339546 0.0003443979259675176
-0.01057227276977915 0.0008974420793032491
-0.009525039578120717 0.008621463270520926
0.008979630271643 0.00850535767485037
0.001915002615367548 0.01142154253628223
0.001211327726699124 0.001245634239606026
-0.000382915300370647 0.0003181018905707967
0.006643208813538476 -0.007016638311850753
0.006764948632331315 0.007203995078165362
-0.006140603558163574 -0.006498927301314518
-0.003194197202350286 0.01104027712956449
0.004166777659510157 -0.002510244780108893
2.072988826183275e-05 -2.781860604970166e-05
0.001349671273912468 -0.004839930750544964
0.01268891258209092 0.00692744373499204
0.01341144760813234 0.008798688580205436
0.01268565546492627 -0.008350910977616501
-0.006514317254729903 -0.002769613755310649
-0.01281772031920976 -0.002171848130754063
-0.001094683938527019 0.001648880116821973
0.004198824635264845 0.01010774859979813
-0.002575817106733599 0.007652453052573828
-0.002683375568556156 0.004334033966787229
0.009216258175191696 0.0008255565256658046
0.003390097129315651 0.007440056693089358
0.007215154847476069 -0.00301760908543653
0.01073384322858886 0.001468356099588804
0.006114786265795586 -0.0109203586412638
0.004621443297739414 0.00498670712373592
0.005878094871432707 0.007631051362075387
-6.434648475263972e-05 0.01013403275354754
-0.004039394180685048 0.003059577568900254
-0.005578237668443557 0.006268184539703264
9.181473884823548e-07 -1.089890343973781e-05
0.001780120346046425 -0.01171983511734834
-0.003325910416616168 -0.002902424165959383
0.009190816825523477 -0.006681070053441969
-0.002652199126052289 0.002317158852218251
-0.003056915434945378 0.003058799710378469
-0.005175568300236333 0.004634087607098511
-0.003778607812819648 0.003615135549419874
-0.0003723835773526191 -0.002865564759024492
-0.003887478250407849 -0.01016446159416067
-0.001496014495536304 -0.01281780899822873
-0.003182592048490105 -0.003487615988522162
-0.002694091078400628 0.005821706427966791
-0.01101273013336582 0.004550347000795249
-0.006213469558326934 -0.001553695330184552
0.005620039465491032 -0.01311736383252597
-0.004538930922978609 0.01432295924463772
-0.007457577574846943 0.01248252794804528
-0.001840871029085214 0.001549317769650686
-0.002262264621974541 0.009407863941407822
-0.0001688478519011572 0.01001816063590494
-0.01041570162392472 -0.004179464902834772
6.199405400736016e-05 -5.13540066648295e-05
0.007130688709323125 0.003442561261617808
-0.007935355543504937 -0.005004270614240136
0.001568097267080363 -0.001910373760426388
-4.854901349190976e-06 3.84856143500911e-06
0.001541709424829759 -0.0004904783276469605
-0.0001296987020775439 -0.0001174982199572859
6.67906455424243e-07 5.563967406983836e-06
0.001166963304223275 -0.006657499314601226
0.000543139679214385 -0.0003598351669005598
-1.274047532355597e-06 3.341712783016368e-06
-6.469484798052709e-05 -4.025998687367127e-05
-0.0008586767441629433 -5.094279854583961e-05
-0.005356621887827004 -0.0003684760443061343
-5.636139364649685e-06 6.138057671310821e-07
-5.081397315287157e-07 4.396607111770031e-08
2.956565373200776e-05 0.002953601529053321
1.929917476656424e-06 1.383217681644627e-06
0.0002661937121794302 -0.001208356372921397
-0.0002865606463026778 -0.0001780676024340356
-7.499269000541925e-05 0.001407841483548176
7.44999089646368e-05 -0.0001162274679596681
-1.405292243331587e-07 -3.86446663399132e-06
0.002242542190388836 0.001832919035916413
0.001489854705683079 0.0002029283033742456
0.003668818036823303 -0.000643617669508789
5.191848585545507e-06 -1.57573384223227e-05
0.0001261800121181445 -7.055322401246954e-05
-1.029960986635228e-05 -7.742964128736535e-06
0.003408986513757158 -0.005968794132618987
-0.002834838652013524 -0.008168609646166166
0.008853397093368222 0.00122798070586951
0.01442081734990582 -0.005160465288591708
0.0127276049210111 -0.01307807149720463
0.0002306607393892122 -0.01721656524947538
0.01158382911758175 -0.01312785861928639
0.01308716693758326 -0.01075993485335453
-0.0005714084226058622 -0.002768740538892627
-0.006596082678973947 -0.003274111425951819
-0.003212107396038033 -0.001037431975056113
-0.006039476495422795 -0.01106375074466258
-0.009191888732406183 -0.002707498750306602
-0.002543644458469347 -0.001156533521564579
-0.00052342325116803 0.0005919007460424405
-0.003909672637613184 -0.001471727161379962
0.001832656887746513 0.00303172806583612
0.002216505974131796 -0.001498561881394491
0.0002803748665514278 0.001064096192437702
-0.003775439914162954 -0.0008748944304434928
3.071192935062205e-06 4.82892962250487e-05
-2.574685815713782e-06 -5.868226208282898e-06
-0.01308015778635563 0.006902156793337187
-0.01196682449907672 0.008978904514324978
0.0003375995603888666 -0.009717683743371687
-0.01114125774546508 -0.009845969785530222
0.007827464911137734 -0.006906590300691694
-0.0004053751633545697 0.01064420832017744
-0.006856661989815335 0.006947697741700247
-0.006254294635979925 0.004406796331666032
-0.002462824172861346 0.01028202421753035
0.008573517133905089 0.00699989488636984
0.01023149527370716 -0.001929715699046443
0.01048134548234501 -0.0002808302854135962
0.004489746019286609 0.009753515177017493
-8.349193711106505e-05 0.001174690342593223
-0.002614775140505817 0.002995662935831476
-5.003584000357354e-06 1.28583705124889e-06
-0.007320781632211211 0.0003476897633794923
-0.001964831255981784 -0.009584835541699858
0.00506806423254135 -0.01110433277273177
-0.007653796166372085 0.01292809542699341
-0.01503087243099225 0.00387919159810928
0.004748378220263872 0.0103646924941595
0.001285442927285152 0.01370903605346087
0.003738181329984427 0.01048615478233638
0.003174362742391003 0.007672965372557707
0.005431139747703188 0.006623036381094918
0.003473779630536336 0.004670718273652375
0.004369134670419117 0.005508655041023319
2.168348727460768e-06 6.305401182241511e-06
0.000125060181384742 -0.001408899064787107
-0.0004720127602167315 -0.000100303758781325
-0.004849365562855497 -0.001550684525092617
-0.001294404776669521 0.004532701017087179
-0.002964476086475121 0.01238694208077361
-0.00804025702236171 0.00114159148518404
-0.001348762033000361 -0.01580205763302904
-0.0002230155715858677 -0.001413024337724239
-1.207206188115924e-06 -0.0003090438326176514
7.539271606131768e-06 -0.000179469189983273
-0.0002022052346993621 1.451817201212088e-05
-1.412967678241163e-05 -3.839192395548158e-05
0.0005830362667823071 0.001830428956395681
0.0003196400306381604 -1.90982294000672e-05
0.003615008270629274 -0.000938237155879451
-0.0001343918236034548 -0.0001749487240769191
0.0004826280853794246 -0.007156699752100607
1.202225950333973e-05 -0.0002805188515972855
-0.0002282303897125461 -9.055114445511896e-05
1.076436136804403e-06 -0.0002702476779643205
-9.933425908148933e-05 -0.0002585387723713013
0.01344200957242977 0.009042609163054381
-0.01362901152378146 0.006349194237838171
0.002703016405304358 0.0001596587359917578
-0.0001096668081615375 -0.0002441775472393477
-0.0001694546102747173 0.0001723417712305993
3.949740053028069e-06 -3.463417260216407e-06
-0.003129214721049514 0.004777448069611014
-0.005366162968211996 0.003929515199119761
0.001006815023210891 -0.002140716803543348
0.003566146527303515 0.002744467980967341
0.001837537898362812 0.002144100869697465
0.0005038258654765826 -0.0008261556951238846
-0.003405142123444606 0.0005602271777492231
7.519353039592709e-05 -0.0001544489919067637
-0.002504174067842093 -0.0001336623872027492
-7.859978007012219e-06 8.452708883122797e-06
0.002418903912726821 -0.0008774180063963098
1.713589973867246e-05 -1.035546675497697e-05
-2.916304720551203e-05 1.257203836781261e-05
-0.0001158718408660694 -1.183687647644902e-05
0.001653273118490523 0.001097004885075974
-4.125285924686826e-06 -4.824686626669358e-06
0.0007214917992426483 0.00250584771517164
-5.338924657881938e-06 6.93471702482969e-06
-0.003965731936161706 0.004631830687682894
-0.0101015013700987 0.007500956668855242
-0.01530989676641324 -0.005565938578231464
-0.01703649728466385 -0.002993729815168725
-0.005729248066279814 -0.01706039233818596
-0.005809324602432562 -0.003209619751978766
-0.002806461365312912 0.008171423659450059
0.001804012558929908 0.005222770453036975
-0.003231678216670906 0.01321423685000048
0.003789606265165365 0.008635263649700424
-0.0006911593157377309 0.01345567893172458
0.005400841571821808 0.009639391635028888
-0.004326454842336479 0.01360627459635796
0.004013272271738331 0.00974494517775696
0.005717053926426251 0.008548925166038428
0.001700412352881473 0.01062374456509765
0.004646208897634089 0.008190181405164858
-0.004110178141541996 0.01235797401034525
0.004820700762694634 0.007489707389844584
0.001381710356910688 0.01064043051967265
0.002189694152466936 0.01185487484638261
-0.004736319128484115 0.01049397301180953
-0.00226640879581681 0.01389351521086551
-0.003508554904453888 0.01353274340226962
-0.01454004319191236 -0.001443227127112609
-0.01009528826958702 -0.007443975480256672
-0.01120904761046356 0.003513832057117775
-0.01506023215418953 0.002418235291155351
-0.01198902930846455 0.008980679203888892
-0.004484784349085629 -0.01466738399552657
-0.01276018229740711 -0.007630110632606843
-0.004748028215515442 -0.008153394985152381
-0.001543070113644474 -0.009108726747055429
0.009044477070258718 -0.00548328999098869
-0.004363632459390695 0.001822914225760522
0.0001263104168802737 -0.0102188965499164
-1.527835212665424e-05 -6.368282436600556e-06
-0.007192818299041552 -0.002448216552397941
0.01122527449551514 -0.002213753360325879
-0.002386384282251129 -0.01189988330990492
-0.002090028316583575 -0.008084881020330335
0.0004327247440202606 0.006133150116488933
-0.003057835436742545 0.00842396087658133
-0.006610218283895119 0.005789320019181388
-0.01325715615056368 0.00391314627256226
-0.01333748805725678 0.0003254840201873206
-0.009249981124311983 0.003206755246184522
-0.006864735579945611 0.0005943558911799121
0.001452006003262331 0.004892206896595626
0.0003037987532132484 0.008343563678373061
-0.0002915878228755687 0.004137352484411405
2.668098590861079e-06 -6.127911193650844e-06
5.86270157246838e-06 -1.052930177590652e-05
1.651786879160825e-07 -4.443558004680109e-05
-0.002993412509929345 -0.004265948808149476
-0.002321550456956623 -0.003158470149424448
-0.007634657025803199 -0.004750581781811756
-0.002823912063893711 -0.01160958564733899
0.009329955815362003 -0.005772437360303217
0.01395307969669825 0.001259484725584424
0.01717593513304023 -0.00396580342047988
0.01855366446421467 0.002071286660711845
0.01218374958152987 -0.01331613199311909
0.002408265741013463 0.01773227746171495
-0.006223414186281835 0.01258295028578927
0.001635783687581782 0.01833971785646932
-0.00840533409706847 -0.004068485856573085
6.237191125007601e-05 -2.812726977296281e-05
-0.001939285220913707 0.002626911441760007
-0.002366679245544962 0.005269757110218022
-0.003270668542889241 0.001463784498267062
-4.673660376393888e-05 0.001493487234910151
-0.006263222289170735 0.005173683010020439
-0.009035187678852303 0.004163166349779876
0.004899477350312449 -0.0003049677517853738
0.002100755586609739 -0.004719811098376954
0.003724363410259581 -0.002466993942455979
0.0006381807703920037 -0.0006244241200733913
-0.001294257024763338 0.002490667215978651
-0.0009972493856445623 -0.002827555491894727
3.11798388475116e-05 4.421182906221148e-05
-2.458285936196898e-05 8.92485430848786e-06
0.0004979899572591856 0.0001611679637453623
-0.0002781227092151098 0.0002996433513793402
-0.0002285625390500393 -0.003976231481991324
0.003523214790732476 -0.005362269982507382
-0.009951270701136369 -0.005149374310478451
0.009343641770546226 -0.007662560246197839
-0.005833401714990446 -0.00472807148025438
0.004185024735252185 -0.008480895873817187
0.006081626867499125 0.0005234165792676121
-0.002592083127954167 -0.001753915959977026
0.009923252374383497 -0.007980267956008352
-0.004150179618851981 -0.004331533879391805
-0.005636894152844828 0.01076086872683503
-6.662520263399318e-05 -0.0001036882490216152
-0.005456530314653284 0.0008917830895425833
-0.0003868820785475705 -8.999999202717787e-05
-0.002705032736420204 0.003513138375354284
3.367265246423641e-06 1.226895178430637e-05
-0.00017790397440018 -6.957482751670389e-06
-6.813760648585026e-06 2.592645722977998e-05
-9.27955689548058e-06 1.026849317199734e-05
1.955789458106564e-06 5.294624799005723e-06
-0.009907117983529031 -0.006205498759883685
0.002914741466182869 0.008880033931561402
0.001039125589791835 -0.00260242058732125
-0.01323672988615547 0.001911235053090361
-0.006251165540884175 -0.01568316843925478
-0.007240362092440398 -0.01480076243121437
-0.01475552651058033 -0.004857803814060865
-0.01429887652215146 0.004573007623976678
-0.01227120914076584 0.007495769876891425
-0.01104094901861578 0.009958193233220182
-0.01253946796568591 0.009266913843064859
-0.01401144539417472 -0.01011122956830978
-0.01466901094053066 -0.008518875814234038
-0.01605502809869721 0.001006082210031565
-0.01392509887437866 -0.01112446011847003
-0.001510822375083451 -0.01838764947213437
0.005042042581792216 0.003900477847479664
0.007695033531293722 0.002908140582420296
0.004576812128022696 0.01010138249572007
0.003997564982235378 0.01224941239916124
0.003717588511905555 0.01221610271547685
0.001626384495828866 0.01386747699885383
-0.005631992991090775 0.01386180860792637
-0.0001450408249107417 0.0139722197602496
0.004890753872208491 0.007923495997825913
0.004081778124677649 0.009966681307264361
0.003628903911457089 0.007607688844536303
0.00419532757444064 0.009521000389160844
0.003485901492987514 0.007774201820182923
0.00266256523272361 0.006023654645023442
0.003789464052258159 0.00793405386366175
0.003274412300343069 0.01076629382394508
0.004891395729747066 0.01108803227512242
0.00209693986185606 0.01264934466361029
0.002091692482606278 0.01285398743526046
-0.01313245552228538 0.00965357719193205
-0.007366684436024494 0.01303019943364101
-0.003126987990608489 0.01416772427994719
-0.01599159864777656 0.004679770235351629
0.001159683880727539 0.01216358337124677
-0.006291950530786378 0.01220255470899873
-0.01738562897966615 -0.0008949119141179407
-0.01153888122161367 0.01049640845900006
-0.01284080163791953 -0.009295676945749745
-0.005462843473529774 -0.008747864692033903
-0.002399345093120536 -0.006859044669078556
-0.003928109788622316 0.003080917660547661
-0.007237876942361092 0.005414832114179307
-0.001745099614638366 0.001466794170834874
-0.001784056722515703 0.001364175453214764
-0.001888025952798669 0.001612908551390418
-0.0002119845001391309 7.399609246655599e-05
-1.873936062091668e-05 -2.708545056718856e-05
1.447653968634935e-06 -1.493806625630141e-06
4.258479308587905e-05 -9.286011221395886e-05
7.251006725391034e-05 1.750976752297897e-05
-0.001200850253077125 0.0007240737833748487
-0.005177638292891362 -0.008581995548048293
0.01054124183909275 0.001691114252620847
-3.082613242221814e-05 8.02555951437789e-05
4.011093035410366e-05 -0.0001476440957603649
0.006638836667960676 -0.008109001690779202
0.009535657251595206 0.005505186782611901
0.01069395495053678 -0.004286558685515771
0.006584420108598375 -0.009660745072511386
0.0019116716053299 0.003652703525957786
0.000947786850813347 0.001756335080983126
-2.43572182630688e-06 5.478105959682456e-07
0.00274195249581719 0.006167485873051983
3.901372357065689e-06 -3.644522065385349e-06
0.000135737075676092 -0.000192477974992822
-0.0001827351577641846 -0.0004958179009611573
-0.002011579357378994 0.01143618499620638
0.006491557221609364 0.001442617757750077
0.003466218489664724 -0.002169377195981812
0.004302130225732856 -0.007365248009124688
0.009186199724817981 0.006076348213557066
-0.003372502653721873 0.009575702702946961
-0.005317238936151476 0.008632011983248001
-0.001374989627419659 -0.002853920774098354
0.006613988030335867 0.008344281094134785
-0.0006549974593146855 0.0001763154298207179
-0.002286302961674625 0.0009667097096171282
-0.005920764705427182 0.001703387541400197
-0.0002796361779608425 0.001015502080716287
3.37145301023705e-05 -3.163311759919693e-05
-0.00224838404707831 -0.0008042489361311389
0.0186893214834685 0.009588817422342246
-0.005827194460607582 0.002099672733107123
2.977585347001396e-05 1.395384851794101e-05
1.651979089156886e-05 -2.283920581080668e-05
-0.002327426743448365 0.0007586869324287097
5.918160658066206e-05 4.713862592728514e-05
6.085123803228277e-05 -0.0005829099569337113
-0.003296086209053412 0.0003866270503135739
0.001003123823427614 0.001258069778918936
-0.01623113799071068 0.002529720840249484
-0.01532879629456059 0.004574152533211074
-0.00157212671819892 -0.01767417166859879
0.004547000503724709 0.006508397372336893
0.005464863551238616 0.005289068302349442
0.01806563953694087 -0.001191385220573623
0.009460241529969552 0.004271526968965934
0.01840256335431937 -0.004202154941702792
0.006811809803364756 -0.01817094973889876
0.004913682244617535 -0.0009985524914072812
0.005324811289502213 -0.01014280992753269
0.009390943616654601 0.0006564579681167676
0.009398347791253507 -0.007582004412428165
0.006440118152192911 0.001238805284452404
0.005791650548257435 0.0004239936140258979
0.0113288919329069 -0.0007788289340539176
0.008868131778635591 0.002567664004077855
0.004843559396633328 0.00242474052334408
0.01659074373840031 -0.005698061601489214
0.003120545927606846 0.006550218623579592
0.00594770643902817 0.008644764528514126
0.005208076015982989 0.01119919910035731
0.01103617251550934 0.003309184990490054
0.005842163593122137 0.00639520895160027
0.004515524656170518 0.008096502898214309
0.0009255999572857067 0.00686497009530283
0.007379633998217924 0.005772392526556184
0.002510783158403381 0.01264372616686739
-0.006518489779228064 0.01354840996362745
-0.01328857822461286 0.00800481747328066
0.003921972936652755 0.01516821425214304
-0.01204929214815149 0.006298425484783381
-0.01660006152572144 0.005044122495470591
-0.01554820937061317 -0.008674427919745884
-0.001291833953299172 0.001091477933095303
-0.0001098540545836872 9.101025074882274e-05
-3.237579730873563e-05 0.0001101489800642258
-0.0004598799210698735 -4.937993091758395e-05
-0.00170672497285335 -0.001134527529633926
0.01688814821902103 -0.01218563848273641
0.004533534230713636 -0.01127066176089843
0.01688693580961936 0.01023053876065896
0.00382489585140211 0.01338896756010886
-0.01134338160422725 0.005393285383275041
-0.007073982072444191 0.009565093501044458
-0.0003574066757168205 0.01036068844474483
-0.01081876545148718 -0.01483785223234256
4.908075343571837e-05 6.290207560396313e-05
0.006216873911182316 -0.01571313149626295
0.0180657154980981 -0.01047192485403388
0.00610661908999892 -0.005894536578954591
0.01774940223668292 0.007917136644065409
-8.295814421285263e-05 -1.466632915311956e-05
6.212861299542454e-06 -0.0004809492567377038
-1.736363525105673e-05 -1.112620116818904e-06
0.02036233914885414 -0.006058338327451385
0.003329531153341153 -0.005783753663678434
0.009313168758425286 -0.002273468065503981
-0.0007495744969667043 -0.003828986104004038
0.004849084545757799 -0.002533059540815917
0.003514178166192798 -0.001140938415480748
-1.981849184919146e-05 -1.84864933591941e-06
-3.673020170267366e-05 3.235314123807394e-05
8.675812968052897e-05 0.0001970171817041028
-5.480272296457973e-05 -1.737300052821551e-05
0.01471571790527974 0.005027205855693939
-2.867227451805108e-05 -1.172774463506158e-06
-0.0001543757978168033 -0.0003975380046391337
7.591517327094271e-05 -5.362208347679241e-05
0.0007811630924522323 -0.00241723754639604
3.631117982100059e-05 3.45558881439168e-05
3.680042535360485e-05 -5.376491148905131e-06
1.379850629437938e-05 0.0002993667613421896
-4.711695579911177e-05 -0.001792931262455017
-2.765784663639734e-05 -1.932540505248655e-05
0.0001330768922245854 0.000122448548642313
-3.205548439263266e-05 6.447975085027734e-05
-3.128427206339892e-05 -7.711099874225859e-05
-2.378212661994506e-05 0.0002032355596569521
7.876957907219179e-05 0.0002672606176844757
0.0001030321869183269 0.0001808554842072232
0.003194618933641743 0.00577279532476752
2.482451076677035e-05 -1.411753742018253e-05
-0.00170734565489016 -0.004254884426963284
-6.135301049451759e-05 2.889122119859276e-05
0.00180273893216886 0.004046196251260024
-1.271346887381428e-05 -6.235233272510314e-06
0.006465014144801092 0.01053155595176086
0.01729431674164738 0.006631020655964819
0.01285495994211191 0.001868613464333757
0.007841325727461068 0.01424259429066979
0.004564595968348321 -0.003469004235490791
0.008189489110178489 0.01493534700984166
-0.00013334452408784 0.0008454592888815737
0.0123864973608612 0.002354380418266766
0.003858651840580524 -0.002204957855333033
0.01133968139276811 0.001869440685548058
0.008174982384973495 0.0106044327546342
0.00133671270725537 -0.0001217296907552314
-0.004470113572180765 0.01050285064644749
3.459009283784091e-05 -1.599265775738985e-05
0.009014066096436291 0.007884404647241399
-0.004748975717465437 -0.002435144747013404
-0.002592927382233522 -0.0004800970711498558
-0.002836226738102846 0.001436673040137871
-0.0009792697778672936 -0.0006312451614622253
-0.0008287886247385145 -0.00277184382597893
1.120857050879963e-05 2.600490922673387e-06
3.491003993043332e-06 -4.438755024266468e-05
-0.0001143835056936158 -0.0001820663074845134
2.21220491558407e-06 3.870620290545118e-05
-0.0001592202362670726 -0.0002348293992064304
0.0001917543036756681 -0.0002592961733054469
-0.00198979088714802 -0.0003102096636227593
3.366569547643859e-06 -2.106811379248e-05
0.0001955152978307218 7.067958888687295e-05
-2.657589960200033e-05 1.743190593090413e-05
8.26239676715672e-05 -7.073321578838224e-05
-1.716135330489206e-05 -8.413744060111822e-06
-5.345721117083265e-06 -2.392999656194153e-06
4.0952296583191e-05 4.016124618679596e-05
-0.001174134434164528 0.000519348566579161
1.755528999164834e-06 5.520521630664024e-06
2.415907486007938e-06 -1.865820701926991e-06
-4.568827380383779e-05 0.0001622463988146309
3.128063192993569e-05 -5.101958287140226e-06
0.005294786040000362 -0.01107272324518464
-0.01261025295376935 0.008066765895571624
-0.01403956841934594 -0.0002877062561507265
-0.002857690640309811 0.005000721218179935
0.002483944361449944 0.004054927330006191
0.00158332419129629 0.007968808805807318
0.004840037028435587 0.01184969953009205
0.00192257996392892 0.01597870650599681
-0.004930182543201793 0.006074799618186487
0.00892729111371041 -0.007020540245277069
0.003032206563585806 -0.01016710486797674
0.002485097988173022 0.013272945336669
-0.001056486072479588 0.01050331631572041
-0.007553591119470355 0.002715419286594344
5.600332857788981e-05 -0.0002150284939754094
8.828667053901995e-07 -2.319326166050442e-05
-0.002723721229627602 -0.006320941582924781
-0.009650516025472925 -0.0161020288964447
-0.01310861487956008 -0.00838204861963885
-0.01219400035584374 -0.008981343038691532
-0.004592575054230653 -0.009195835809868536
7.341065709658144e-05 -0.001227109504422473
0.0002695466309401152 -0.0005993788079519951
7.550457028912955e-06 5.881481047221702e-05
-1.416964280431573e-05 1.745528313145204e-05
-6.406093504993763e-05 2.441400130275174e-05
-9.726878706204663e-05 -0.0002029327133419619
-5.546542285267152e-05 -0.0002220221610383362
-3.561672805895832e-06 6.699942079689624e-06
-0.0002877281209541048 -0.001540490418628102
-0.004654928239016553 -0.007618226870034746
-0.01670016413357842 9.289818955937177e-05
-0.002941257564268627 0.01693482508198485
0.01116851842349689 0.01374923556899204
0.01937556482146446 0.01116956640142281
0.003056173158294109 0.02308615428404289
-0.02053029197663085 0.01449933029666337
-0.02259645238672142 -0.009226529504199145
1.158222360833268e-08 1.384306399780875e-05
1.321342911561817e-05 1.315387444823525e-05
0.0001278495829572972 -0.0001979681824014445
7.158270880715138e-06 1.355311100047843e-05
-0.0002120439279310486 0.0001183504884167589
-0.0001394888574687707 0.000215552724692017
0.0001638966512183048 0.0001078721784432868
0.002637122493792124 0.01389539741530252
-0.0005069304152590515 0.01360353197664115
3.706290487458468e-05 -1.660656283043918e-05
0.000210799240737763 0.0001381282525602791
8.635004866325983e-05 6.914334059653096e-05
0.005281454780126905 0.006009191261402028
-0.01732405207724247 0.007189361252063793
-0.001404078382212206 -0.007499275881523501
0.002444545437690204 -0.0002671451982448019
0.0001499037183094714 8.925225351010297e-05
-0.01683206264124807 -0.00953916487604368
-0.01249479609240708 -0.006170315650866879
0.0009546861264937797 -0.002816682165176945
-0.0001505660007499595 0.002407549472541734
-0.003767526947382609 -0.01498296422506102
0.001475365945857931 0.001901964972846202
-3.6445556978276e-06 -4.587386763752408e-05
-0.002682710393799545 -0.01242633337819131
-0.01301217835825102 -0.009391200258625517
0.001902047827490562 0.002050429314860303
-0.0004023263513897672 0.003678957824029968
0.0001567338830585787 2.465578091985622e-05
-1.389593533199876e-05 3.988551757931712e-06
0.002991553461386662 -0.01506490166145144
-0.01552611195944178 0.003683538421437967
9.85871680543294e-06 -2.804741879061249e-06
0.001323062801110132 0.01206217995469579
0.009171390577472035 0.01480647977552153
-0.01084271685702231 0.007774817021817922
-0.006115469598446491 0.01628954861249412
0.0007977599137426911 0.01506687542446323
0.004578041261925535 0.02065352964204583
0.01103859854253378 0.006811842567255037
0.003677053702178493 0.01900252587886539
-2.809066123521357e-06 4.396642016156818e-06
-0.001159895289745274 -1.20414512745192e-05
-0.000419286891900603 0.00167180839977015
-0.001183370894060684 0.0001428509444092882
2.840129311339916e-05 -1.295182160194488e-05
0.001294137163319101 0.004474014715600973
-0.01422200114868749 -0.002804677161172074
-0.0007758257302131929 0.004107087417002763
-3.630529883380516e-05 1.418843395372128e-05
-0.002506879149341673 -0.00120495089854702
0.0003865761674854949 0.000918075022634164
0.0003422481888740965 4.565098255154037e-05
4.500083711666834e-05 -2.772493813475422e-05
-0.0002681483029799776 6.662245090425946e-05
-0.002261176538839966 -0.003161573656045194
5.759797157356463e-06 7.055764401115833e-06
0.01071239341124604 -0.007688513390885424
-1.597131832009368e-06 4.322249057039219e-06
-0.001632183712707997 -0.008599757121968166
-1.11416858849944e-05 9.076158530955315e-06
-7.863542967454676e-06 3.613224106845137e-06
1.522536300858032e-06 -2.212533244435829e-06
-1.446587982819497e-06 -1.165089764100543e-06
2.834891485104741e-06 -8.194470986020035e-07
-0.01121855267247159 -0.002878627555740592
0.007335982013285602 0.0113946745461755
9.334081617367439e-05 0.0001808100895613003
0.0001110618793032789 6.727344565786718e-05
-5.311168603708075e-06 -1.211971987934055e-05
6.02269023703364e-06 1.975252693324035e-05
0.003572703646097774 0.003304697669731567
-0.003530493552831694 -0.00547811066505111
9.569181038733442e-05 0.0008323118687771834
0.0004276512818484845 -0.004485671674428382
-9.297962748729658e-06 -1.594984263910001e-05
-0.01372380684934252 -0.00253137523724255
-2.083700161580916e-06 -1.550362936361367e-05
3.134137704823874e-05 -9.902011529174724e-07
0.00685304006280178 -0.0007340019022394911
-0.0001175685073420115 -0.000109610049822621
0.004643205866713124 -0.0001632244265168603
5.535628504806943e-07 -1.449930950081529e-05
-1.944242805800425e-07 4.885998067887018e-06
-0.0001299925394002166 7.806642092172673e-05
3.623585709338075e-05 4.463128556020284e-05
-1.168325904347474e-05 -1.287556994249917e-05
-0.00259048304337106 -0.005824245824424651
-6.394876442537335e-06 3.440383984250918e-06
-0.002080676840009198 -0.01049423574262117
9.717145364338912e-06 2.765635731724986e-06
2.205338280509558e-06 1.540706331336142e-06
0.0002002514160372552 -0.001165123967993038
-0.0002243140800150472 -0.0001511330340123607
-0.0008086327147156291 0.007759415139943508
-5.506430093257784e-06 6.507903635143059e-06
-7.600175458268487e-06 -6.279168633790005e-06
0.008286801133557677 0.007095873282052917
0.01116078893824722 -0.004038574274233646
0.001690926504001518 0.002881164525240799
-3.821570203697966e-06 8.776432744753167e-06
0.0001155969273628737 -0.0003785640993702563
-1.339192407925609e-05 -0.0001426863176415313
-3.32321169308745e-06 -0.0001299883563343839
0.003938960637394739 0.003840578578004732
-6.12316770971141e-06 -1.00668281889648e-05
0.0092109367225715 -0.001593167949552103
1.277715784944098e-05 -1.772978833882535e-05
-4.866882821648164e-06 -3.115360261845827e-06
0.003228767376091487 -0.004987112297863088
0.004582228639376036 0.005166142440816662
0.001766875407553353 -0.0007214336929296492
0.002798468738733005 -0.001968092512996074
-0.0001199434599714703 -0.0001800169629440035
-0.0001826360611364371 0.004136014716134264
-0.001624616227568883 -0.001165660913575029
-0.004608022781122356 -8.412125353783954e-05
0.003447462991318759 0.002838035934188334
0.002928149645976767 -0.01005546369719178
-7.599790251642313e-06 -4.20120484665197e-06
0.001087014543259846 -0.001633974294389684
-0.00167552761755089 0.0005899904110707746
-1.136522507263209e-06 1.139544017428804e-05
-7.935080167891856e-06 -6.486114022027231e-06
0.005211153534126704 -0.00701360902277328
0.003511992129384549 0.0008141545548039175
-0.009448471953382311 0.001498861630587516
0.001033726704725993 -0.0004368687477570621
-2.613872128674656e-05 5.908619852392298e-06
-0.0007322123904628541 -0.005013706999455929
-2.784299504036868e-06 -8.84660763494563e-06
-0.0002604401425028705 -0.0002880147706137023
5.592802164735156e-06 5.838004890640009e-06
5.16530221331468e-05 1.970101157992964e-05
-8.951207357364706e-05 -0.0001370441464195007
-0.0001554913528721942 1.898050787403643e-05
1.325113692130112e-05 5.040978388841707e-05
-1.293516764088343e-06 4.653759601401729e-05
-1.820742145835408e-06 6.046161814057956e-06
-0.0001331433603595213 1.318691741668855e-05
-5.806381805676426e-06 5.408183098767972e-07
4.039877179898257e-06 -9.172305479821499e-09
-0.007052495261502065 -0.007071574972142676
0.0003542327713725659 -0.001010379184166035
0.0006733029616504129 -0.001362374569668025
0.003342121564075799 -0.002837446767620364
-7.132770477011734e-06 -2.434898315145997e-06
3.165294403191091e-05 -4.225479319830822e-06
-0.006387757106523001 -0.008555966358153762
-0.007073015380140974 0.004859739141687509
3.274626116506937e-05 8.270452326405573e-05
-0.001444177043880254 0.001492523995338791
-1.623171723614644e-05 -5.396824063349713e-06
-1.756130344733731e-05 -1.475661206694186e-05
-1.331676573000579e-05 4.243825033102965e-06
-0.0008061390815593067 0.001310827953223211
-6.247763730814014e-06 9.87106523840286e-07
-1.669697843987843e-05 1.716978676494974e-06
-0.0001217348329504288 -8.367325034594869e-05
-0.00168966243035043 0.0009646122994526545
-1.073301049000796e-05 2.489826638115444e-06
0.0002007451335862306 -2.425985014611628e-05
5.634015052402062e-05 1.297168711125468e-05
0.0001340194253292104 -6.485489062258295e-06
0.0007262647426001869 -0.0007361099220329803
0.0001807114637728579 5.508453513064151e-05
0.0001709252745916625 6.011384976131452e-05
0.0002179355892155853 0.000244563752089754
-0.02300622253361256 0.002895957934775365
9.360321501455694e-07 1.394215008751868e-06
0.01108862926586286 0.01278847159967706
0.01651859027469543 0.01066140838718638
0.01829866867317994 0.01110470272257256
0.008388355019723199 0.01132316045924576
0.01210162588995881 0.01361676116756193
0.01412335396061792 0.01750734670558188
0.01171325373374997 0.01095882365640928
-0.007533449401405091 0.01477354755764035
0.004953369961119451 0.01634130666182702
-0.001126507335593358 0.01523400548994653
0.0002509218741228908 0.01720347278487255
-0.01609531644450362 0.004955762682465163
-0.01560303628688397 -0.001207968357293168
-0.006110367530431657 -0.004811976027354762
-0.00603107441908029 -0.006044272170249903
-0.01365646285887693 -0.005734844937355613
-0.008451422596663172 -0.005978319245771842
-0.006255655437765043 0.02196882761632898
0.004728395749084556 0.003490828891474939
0.0007819298877598678 -0.0007028552864396213
-0.0001970693373807921 -7.383357373792666e-05
-0.005363437967218347 -1.550458809417492e-05
-2.831000036968626e-06 -1.938925408316515e-06
-0.006271448651818287 0.004297591895527956
6.560119285148317e-05 -3.290798226213876e-05
-4.307817672324259e-06 -5.136092940910765e-06
-1.82533211290008e-05 -8.991853011911132e-06
-1.3466243884692e-05 -5.036483731596428e-06
-2.069702684488431e-05 -1.547892489940558e-05
-0.003991371751016324 0.002046369778699498
-2.554365187226047e-05 1.397352945512742e-05
-0.005207593198023695 0.001550397570163516
2.207595739759442e-05 -4.911225627460131e-05
2.207798204419217e-05 1.215161394580157e-05
3.752184507556128e-05 -1.798930557668655e-05
0.001291357444962825 -0.004952047831310541
-0.007659960389635933 -0.00789983193033891
4.09198681456034e-05 1.00509267859469e-05
-0.0001917292591366845 6.065712636481341e-05
-6.116374689657704e-05 -0.0001146208677238163
1.726165743082833e-06 -3.758611236129903e-05
0.007320060862113289 0.008885076884543307
0.01191581761786069 -0.0008860074534799717
-0.01124537666625065 0.006808247421989336
-0.003826945695846129 -0.006731864303639008
4.984511884978763e-06 6.958924566889387e-06
-0.002264639748359264 -0.0008959824606707303
-0.002715702137129437 -0.008268096206002275
0.001259661569815851 -0.004987718107250428
6.751631213013517e-06 -2.19829588556345e-05
-1.874466379790536e-05 6.747928141175374e-06
-6.274268871629689e-05 9.398179704575607e-06
6.204296698284318e-05 0.001294212184413008
-0.00261067891167091 -0.0009232458264346467
0.01234690321343596 -0.004187142334402177
0.002138891744831296 -0.008177120080190701
0.01139049808912675 0.002004134609505152
-0.004192007062971746 -0.006745393509288714
0.005086062580805038 -0.00231774583976487
-0.006244822100393121 -0.001879356520147025
0.001691949518125204 -0.006505324797283987
0.002296625562265291 0.0003342895493018201
8.697251074200093e-06 -6.42691843433409e-05
-0.0009104187790216699 0.00102181060887359
-0.02379970973036845 0.002632379038102865
-0.02278223072316614 -0.01162256383530244
-0.0212797497259789 -0.00148509095234555
-0.01332175857346301 0.01639617698966551
0.001632201641345243 -0.004324756883446463
0.01321369307679395 0.007172645661901867
0.005001420316813074 0.01006009340751146
-0.01173579881019807 0.01003922934217915
-0.002102058526875025 -0.003824108434969815
-0.002243072142816518 -0.002606231175352037
-1.30987115307071e-06 -8.927565306956107e-06
0.008923354326469349 -0.009606583661886135
0.001071914220520648 -0.00281214170483142
-1.72716983678479e-05 -1.902099502145961e-06
3.638841231789456e-06 -2.10561997656938e-06
-0.00368426522211891 -0.0003346191799109081
-0.001172148555761313 -0.002792941828468313
-0.005999251914566769 -0.001677879460265763
-0.007884046617910962 -0.004270026269640161
-0.004351023801561869 -0.002173312749594497
-0.007182239194343004 0.007357351702597604
1.342982306661725e-05 1.348755955950222e-05
0.0001400169557525891 9.36095141263959e-06
0.003964539184501859 0.001264179210511991
-1.821273865151864e-05 6.367396509301211e-06
0.003168516526713021 -0.002690133181080812
0.0002436231948729835 -8.404507724615121e-05
-1.399538725335967e-05 1.619001820624384e-06
-0.006813559765435877 -0.00747635764104072
-0.0107992120047314 0.006720090762103889
-0.01207966431970749 0.007367815605571852
-0.005060683200270392 -0.01107900580298207
-3.196870967651522e-06 -1.123128829589232e-06
0.01272748008308226 -0.005087749469648683
0.00696113131854469 -0.006250534552814332
-0.00443089729501719 0.004134121646857052
1.526885786229355e-06 6.660658252625482e-06
-9.456515592721467e-06 2.22287537615149e-06
8.444099075199394e-06 -2.130099140827836e-05
-2.311136138741265e-06 9.305786997568147e-06
-9.329234918951748e-07 1.582334037604263e-06
-1.688093629042928e-05 1.192332241581124e-05
-1.539541664282447e-06 7.260749219788004e-06
-1.063277488049233e-05 2.020149812018854e-05
-3.071087485405915e-05 0.000128303625937418
-0.003259129077445906 -0.0007888398652180323
5.324748754541399e-06 8.170540886055423e-06
-5.711047446936815e-05 0.0002699481804507207
4.807834195555146e-07 -8.868639800000333e-06
4.057316383151824e-06 -1.507814850127696e-05
-4.619566786668349e-06 8.514650570071351e-06
5.514313080004908e-06 4.034739850028921e-06
-0.005632304257718863 -0.001994085999686678
-0.008148591952269784 -0.005025594388777467
-0.01096413988654224 -0.003337136467858427
-0.007695406510865739 -0.009041214387522801
-0.01222939173327391 -0.003971875909267637
-0.006180734331479859 0.008859693417322404
0.001174433801846588 0.008422477237363462
-0.0009458829604681564 0.005057838868958772
0.002253400729264623 0.003378116844751867
0.004338454536601282 0.00787481068172188
-0.0001392751763881825 0.007642747298919608
0.004919799816852834 0.004068106849966848
0.008391346032109488 0.006173152281697219
-0.0005594234941900917 0.01300122832321914
-0.004557585623242052 0.0008590951862957218
-0.005384073261378872 -0.004840695810368929
-2.244881159125744e-06 -1.590999642349411e-05
-1.245889119787797e-05 2.653471502251819e-05
-1.603177557856762e-05 -1.016749130919537e-05
6.580061883068235e-05 0.0003383902998207903
1.271617500940291e-05 -2.309452404396825e-05
-0.01863308858772897 -0.01172035068301289
0.007372129660945184 0.007712500555940992
-0.004571759581550759 -0.0163097805120417
0.006831502326214291 -0.008476099053154386
0.008845637632867344 -0.01320291737596923
3.866592831192516e-06 1.539305082183115e-06
-0.001357189057706947 -0.00171998361688281
-0.002238456537715155 0.000260769981239089
-7.274762544464532e-06 6.964228195777523e-06
0.0001227493681754095 -0.009438932300003854
7.889703474786595e-06 -1.427994110724439e-06
0.001013956294896837 0.001780703980534474
2.53375292630227e-05 0.0001644915454229475
-1.073961900416505e-05 4.304133952838377e-06
0.0001040199081500714 0.0001039976561656527
1.512674393917504e-05 5.193965754652043e-06
-9.483837975952172e-06 -7.256130467257184e-06
0.00238081329719971 0.001826173886855322
-2.168793552938502e-06 -8.186388654712547e-06
-0.0006060651870770124 0.0135687687607371
-0.0008410789951863546 0.01190319498438485
4.920728184942299e-05 -0.01102480944610811
0.007147567142612884 -0.01292605884382644
-7.304287794737979e-05 -0.01381516571994894
0.008408425414048524 -0.006770798301752248
0.0005997913518839212 -0.00117741262328443
0.001012521314478777 -0.001907995439983023
0.0002780880700378236 -0.001038517654605719
-0.004363030723295032 -0.007356717150195409
5.526188785796417e-07 -6.876413505056197e-06
-0.00886854634193554 0.003034518557697378
0.005515935559266703 0.003394306416490903
0.006490173940757218 0.001612452105714979
0.009265542324517454 0.005668716505896348
0.01115038676445992 0.001137007504792303
0.01224152819110141 -0.006128138085168112
0.005340969111073594 0.007859971622778232
-0.01076349626899428 0.008729760348238816
-0.01172238434135065 0.00436393208184169
0.003107820491719897 0.007046495686616749
-0.01156796220876017 0.003100299563816008
-0.009993765707974606 0.001893012046197585
-0.003671932236377574 0.0005524378820722308
4.476871714691303e-05 0.0001771150742026732
-2.281898143582664e-06 0.0002849279564728561
-6.973403359008527e-05 0.0001998738644568771
-8.758945259909868e-06 6.842483977304052e-07
1.144374531387902e-05 0.0003029839336905258
5.697686031490229e-05 0.0001156663639830302
-2.753956212883854e-05 0.0003739103659242034
8.995264267651386e-05 -0.001528744310320343
-2.866369279931185e-05 4.288395079786561e-05
0.001740580500509345 -0.0007819463032431016
0.0008407680721424926 -0.001171375358152487
0.0001609465244929979 0.0002016052709552403
-1.459210692584791e-05 2.031321361883182e-05
5.032855885880981e-05 -1.259103346077949e-05
9.907322840993169e-05 3.416403689038626e-05
0.0006804340819826961 6.665801273261837e-05
0.002966502349106791 -0.00296209641347749
-6.148036689266524e-06 6.355822830971434e-06
0.002949045974156969 -0.001782715798915752
-1.133695773592509e-05 -1.818655315772668e-05
0.005658110192683826 -0.001477727083724969
0.001862148828887249 -0.00364533021382465
0.005330800597287145 -0.000992567316343083
0.001434299088024952 -0.002919957671490362
3.978536594049037e-06 -0.0001020921658544943
-2.429169840230512e-05 3.021825280623145e-05
0.001816199470632071 -0.001933804342497363
-6.369633483777132e-07 6.052212413072897e-06
-1.87397399168604e-05 3.318730033887222e-05
-1.719370064290706e-05 2.591541226324823e-06
-0.00137319803827364 -0.0002205630988012261
7.04934819031864e-05 -0.003527112125128529
5.302116688508742e-05 -0.001761703906238819
-0.000703768358491711 -0.003618275731472218
-0.001895663106013718 -0.01337598182489859
0.003755707059558058 0.0003778483747274113
-5.056791915353497e-06 4.564708392491633e-06
0.008374292109881798 0.002697521831695745
-4.225297869707802e-06 9.094789561304329e-06
-1.332892575196476e-05 3.787266859279658e-06
0.01042252005731236 0.003648926724111617
0.003003319030415095 0.001645614018666134
6.784609874999544e-06 -3.953466263307375e-05
0.008058009658147342 -0.00318968342197333
0.001536663643730613 0.002824227033870249
-0.0007585478846824812 -0.007107087738662026
-0.005470247255603659 -0.000895741024947318
-0.002819348089311162 0.001135053399769248
-0.003851399766653378 -0.004229407949676017
-0.006789092791913554 -0.003766793246521573
-0.003435475896242861 0.0001864601289289478
-0.001356439302652852 0.01546022447294403
-0.009634716598485905 0.01217406039146902
-0.009009144462151565 0.005537887182642452
-0.0049784735948557 0.002797052818174277
-0.01084424673047115 0.0075702694358423
-7.800126231682901e-06 -4.571334360478709e-06
0.00462604807221509 -0.003006646059557076
-0.001081167948283008 0.0003833029174947252
0.0002885513765756469 -3.678824689713485e-05
-0.005085513734873509 -0.004704516379636086
1.084281466094377e-05 2.445163351973408e-05
0.007680418378952739 0.004103048035537142
0.01214967821900993 -0.004430319302933641
0.001472906550143024 0.003894602867308731
