0.008460112147949912 -0.003467246063279481
-0.004089769243628505 0.009013568112853809
0.005209224678636675 0.004121918426327642
0.006900731257434426 0.007229831805641585
-0.008140988331722544 -0.005452574400776989
0.005502481992966719 -0.006491262809697675
0.003672886744694533 -0.008640765688202174
0.009364696699915579 -0.0028210367046187
-0.0007470964391977133 0.008493625267077537
0.005941409834063419 -0.005304698923932706
-0.00358800715097105 0.009300645793157366
0.009900794694699929 -0.0009540151395889622
0.002107429100667552 -0.008095837483167839
-0.006990147727897281 -0.006471597631169463
-0.007597605777835272 -0.004551972687619434
0.003422750597128299 0.009386613773970107
0.009302553115608191 0.003217795169620386
0.007095636424611142 -0.002961744406346756
0.00585304121714964 0.005405225906214169
0.001465994753191571 0.00969018564189692
0.005642121412692875 -0.008214871399681809
0.002991840270514949 -0.008342782848725961
0.007678845129835652 -0.005428840617577623
0.001695905737278971 0.0096211210077194
0.008090625865072728 0.005649164794470696
-0.009261901091559993 -0.003504998106171418
-0.007677487711702131 0.005826986996230564
0.006986293732243361 0.004569925879031616
-0.004032194859623041 -0.008191463273049366
0.008294619446118043 -0.0055572807081504
-0.009663116373987739 0.0011853312795682
-0.007935979447865282 -0.00556703361279237
0.009524556748333109 -0.0006533891486945248
-0.0001994740859808295 -0.009839566018800421
-0.001372699434508836 0.0095686430524868
0.004014960228540591 0.006820861677118117
0.008869857132292901 -0.0005430845692888024
-0.003571371797844555 0.006362113310422618
-0.009605976599258494 0.001874183385400822
-0.005052581851728057 -0.008308840973219154
0.002046371193755502 0.00943074501776125
-0.007693745481755348 0.004359150220733693
0.006702676973301628 -0.006771851928664805
-0.004623137881467127 0.003966692438732231
0.007944164386268453 -0.002290177070192753
-0.007391867306261764 0.0001524364249545274
0.008400989540494947 0.003245778448193381
0.008812074769557629 -0.003824949557593316
-0.00862079786852446 -0.004003828031098976
-0.009793503430030621 0.0003377423846788363
-0.009928613416035214 -0.0008929341531220663
7.798558007278468e-05 -0.009998588601704111
0.006829325936077384 0.007084105241539173
-0.000301207577216958 0.008992162320628428
-0.008310485457062873 0.004567498762971497
-0.008283880927523194 0.001568197274345486
-0.007190809244238686 0.003599354944817188
0.007034752392088228 -0.006222515289664087
-0.007950419962629863 0.006062063106084512
0.0005934802474130919 -0.009444605277736232
-0.00691225849384661 0.006599445951060914
-0.008047165937018276 -0.004263877622456222
0.006965038735226239 -0.002417789598628945
0.001019038042950446 -0.007615103498775028
-0.002993594814494939 -0.009078601168519081
0.00522470835854442 -0.007977280075906775
-0.006604617431825899 -0.00709157432209283
0.006274726373102465 0.005481238974023827
-0.009794171177025274 -0.001394609870713403
0.009365670897588127 0.001166367159613061
0.006122193573377538 0.007829118902128999
-0.0005968540985910565 0.009630382561223999
0.005208180670599467 -0.007343632830365762
-0.005861203132102172 -0.007141388336259304
0.003270739631553551 0.009446620441736655
-0.002398786388453943 -0.009645306938546738
0.001599604229910358 0.008810882566609311
0.008385419011834729 -2.805089802910865e-05
-0.009281366513458868 -0.002097256139093398
0.004812366668628928 0.00827383593252373
-0.007763183765465333 0.004126501538753269
0.003628224086308875 -0.008918821944502837
0.008109779765242811 0.003426825266325057
-0.001782844880339862 -0.008068735787214711
0.001258420955991244 0.009832560456704097
0.009224666263230678 0.0007828508268310338
0.009313868660205117 -0.003065985757959376
0.003830506242142223 -0.00891952544700882
0.009558541997222154 -0.0009764898028498958
0.007187745147107727 -0.001849328010238851
0.005648335932183418 -0.006883311271079513
-0.007594553464469487 0.005992902992976275
0.002741726650580521 0.00557862178624341
0.003705840839575938 -0.007255081608071383
-0.008850519330439127 -0.003766330711672925
-0.004184613320347724 0.008215242661449896
0.004248287868514888 -0.008152630842565237
-0.00960176001972355 -0.002320884681866464
0.008955767605662751 0.004447286473710508
0.00694766931016704 -0.006939001796096685
-0.005606822198148399 -0.004504199295261702
-0.004589160091563942 -0.007238270792034186
-0.007305861960073047 0.002298149161585146
-0.002501458349988874 -0.009427214222486177
0.007797570386629513 0.00597547748638413
0.008642112072827843 0.002455627168704153
-0.008510135707567156 0.002304915630187448
-0.001023268366350913 0.009802391571428376
-0.002049733605588872 -0.006899698712582561
-0.0003805829567732828 0.009812009205406281
0.009016979916152919 -0.003335882460422307
-0.007367467013557135 0.00299612876444375
-0.009219195145411568 0.003573567721633683
0.00719612095805821 0.000848811689667526
-0.00366652315885254 0.008066887372519222
-0.001630414284867408 -0.008252069628151875
-0.003770728580015747 -0.007825965691467015
0.009973290891080674 0.0007006892638801782
0.009292470759186554 0.00368545072835374
-0.008877145646562267 0.001140713092663722
-0.008338773286502248 0.005518643305979609
0.00748795922255284 0.001178194993743684
0.002921834745352882 0.008843298154295628
-0.007414590848765504 -0.005737196447010885
-0.003398577864909318 0.009273518848327918
-0.006922754417552478 -0.004349009167695725
-0.009889224358346157 -0.001470026895323883
-0.004804147033727611 -0.008652688813196712
0.008345210262313449 0.004293084632761087
-0.004852707656753571 0.005790058528845812
-0.00977775094831956 -0.001507499691698491
-0.005317306201512585 0.008428542998294049
-0.0009285828564765951 -0.009397682732632133
0.009306180370709264 -0.001165041254797957
0.008559367495793269 0.0004591809415190098
0.008122124094833438 -0.005153836340847638
0.004412570031870182 0.007040472110387243
0.002336906392569255 0.008930628296185954
0.004286838063995746 -0.008829761236670522
-1.006141123533012e-05 0.008100260978047278
-0.005758083195829457 -0.006899254858236257
-0.009470465025481279 0.002788410593759034
0.008633442556654004 0.001781726296578554
0.008034323575767569 0.004618186637360391
0.009682654081627322 -0.0009174469295262798
-0.00778980316110183 -0.004841022343332561
0.001886788205422879 -0.009164598068797583
0.00383083105056623 0.00902547621878793
0.007902618615431416 -0.0003214921899851992
0.007375582124909679 -0.003070109962915089
-0.007943496506008221 0.005376414810604468
-0.006285562743339078 -0.005103095036132966
0.002413798840883622 -0.00670392777641653
0.008630354324063743 0.001101256090898266
0.00549049695403992 -0.005942894014500316
0.009258118073458471 0.003779713775463931
-0.009195355865987883 0.001959354561075236
0.002087207992509312 0.009773591283866932
0.004840758512939753 0.008581754522284015
0.008287410285832675 -0.005288465980974046
-0.008006405158624897 -0.002989270184806088
0.0004527425203022097 0.008288849731062196
0.009099606327548164 0.00199993869030444
0.001912376663308131 0.009196348684749101
-0.006426602314799575 -0.007471405972198373
-0.007595762909418066 0.00340644771729182
0.00479173613749865 0.008383078030941599
0.007380083070091257 0.006541123461744136
-0.008277119830900509 -0.005604072206020768
0.009225977065404215 -0.0007815935815623956
0.006820101058303047 -0.004905493200470919
-0.007802712383273683 0.00600485426995994
-0.006435799734202119 0.00748085492030299
-0.006987740404211889 -0.005132545366617804
-0.007063467921751565 0.001716582117530129
-0.008429897538402766 0.00297384441557459
0.009554696165638527 0.001364823256103963
-0.0081574486670543 -0.002695763986918683
0.002027014841872759 0.007582656580567271
-0.003037962432095525 0.008436272275378895
0.00670991029507844 -0.007338349726862882
0.005291565920488377 0.007103765822608879
0.002563458207438651 0.006732920998458901
0.008437541898733482 -0.00358476059714772
0.008193263606504726 -0.005701933244825404
-0.009814454346183828 -0.001505292404962069
0.001075821081697429 -0.009606178447779015
0.003897989987262617 -0.009036463850436643
-0.009383086539391209 0.002587499779274808
-0.009663319187648156 -0.0005256688753984435
0.003625560098859405 -0.008651480523160705
0.00414543137412503 0.006772895129125336
0.008845585000098421 3.386062270900998e-05
0.008651020466215931 -0.003835537161680409
0.007837467763219004 -0.002364080817289417
0.0005089656547004271 0.00883697137931563
-0.002263909858423962 0.008831001264750038
-0.006646957522427664 -0.004303758286659059
0.009691391550658878 -0.001613622612010247
-0.007192384335823598 -0.0003310709211906881
0.003345151713049984 -0.009208715498128628
-0.00157768122559236 0.00986447378382126
0.009666897069950201 -0.001147111599976636
0.004175426824695506 -0.008704025524294225
0.00777394385386256 0.000690231685732589
-0.009451273113579425 -0.0003880858466760836
0.008199574183502175 -0.00386656766422824
0.007321550935257074 -0.005318193896311802
0.0009668871021975743 0.0097765492701878
0.0088389361430123 -0.004288177686908539
-0.005306818086434476 -0.008474789885100672
-0.004207556661320068 -0.008446636656404074
-0.001477237860740831 -0.009105884851761784
-0.009068793669950422 0.004210968987310955
-0.007950751947282991 0.002355876491586863
0.008117606225166156 -0.003034914808888119
-0.008122144041358208 -0.005149498725535416
0.006791293786487589 0.007328160677515146
0.002291915688161886 0.00897897512980084
0.009771155183580611 0.002083459335973985
0.007142095602879839 -0.003210086331392848
0.009967939969807944 -0.0007235470916705019
0.00785093708911733 0.006167807329255664
0.006714112381763859 0.005164491966428944
-0.0007169220570641568 -0.009283735916080404
-0.004356732601703182 0.007568410330732144
-0.005643597401024039 -0.001614734246169119
-0.001884033457096623 0.00833690805015393
-0.007060156154950752 0.006806063474313538
-0.007241266414369909 -0.006775990724668143
0.006764390600611344 -0.006584329784345964
0.007307377456580783 0.004577996816197869
0.003376958777404639 0.007420375113498676
-0.009930128781301702 -0.001023346844794804
-0.007113899844167314 0.004105571854552681
0.009301320376349138 -0.002040085748504151
-0.007540868381396151 0.006540839417220692
-0.0034324490691043 -0.009327545940895958
0.008986127464359459 -0.003993984059317442
0.007047585816788095 -0.006751355747013477
-0.009594470365374487 -0.0006919631239898358
-0.007578437690077222 -0.005164490163602653
0.007937078622714935 0.003257683283282995
-0.003034073329801645 -0.008492894438438488
0.003852694221008335 0.007457003276988218
-0.005123353166582734 -0.008138064273252584
0.009394023577201711 0.003327132897988736
0.001999838356389487 -0.008424597214944762
0.003055070939467041 -0.009521243671779858
-0.005655311524096531 -0.006260836724308277
0.002900030317079847 0.007469923777428959
-0.009436470663144644 0.00277782394832829
-0.009532518331497793 -0.002934188193694333
0.0004301498022568286 -0.00935048942448862
-0.008755821668831026 -0.004197052651267531
-0.008706189750298111 -0.004315590721836538
-0.008112529442800461 -0.004552315194701473
-0.004216466471508732 0.007200148691941454
0.009070742864850483 0.003501436158716215
-0.008378344329975489 -0.00293054658693056
-0.007844037644276077 -0.002110664054990972
-0.009776909486845923 0.0007483311428968997
-0.008329181931222902 0.0009094285432274109
0.008352064093394215 0.004624854401158721
0.009483333889414506 0.001877451357239526
0.004044045113628686 -0.008693221388980215
-0.001734044181861444 0.00822145432769897
0.006758663632905179 0.006032482737592938
-0.004764276207746376 0.008762618636847569
0.003032712312757046 0.006712361441688327
0.004447470324036655 -0.00823626388451313
-0.006893901198177571 0.007208141424278056
-0.006963568182503146 0.002828552006279473
-0.007999954549031156 0.00569855260343878
-0.007993159909861583 -0.001501020956515674
-0.003447221149311339 0.008472257274918349
-0.008021563039795565 0.001382307315944365
0.006067255991331494 -0.007366376645480744
0.006205026908546032 0.007775100567875916
-0.0007985755679527043 0.00874579106092725
-0.007124822354634507 0.0005249885890468537
-0.005879214752174777 0.005753691921689566
0.002707625710666002 -0.00844148364284329
-0.003063420673634856 0.009353101021095545
-0.009542164668713051 -0.002811676443864775
-0.007286552755477869 -0.006603275837881116
-0.007012344940585135 0.002895017185201969
-0.002559097132798572 -0.009261673737934767
-0.007176550638535346 -0.00269442483731264
-0.008366847558645927 -0.005348202171026546
0.001518083075627043 0.008792202122535935
0.003484391377125548 -0.009042976754351142
-0.00246458510822542 0.009388836192452336
-0.0009553899201551477 -0.009468395970754752
-0.005258276504331195 -0.006723486459361066
0.00825020413403804 0.004138489500818251
-0.0009791448332886101 -0.009866250839591103
-0.009011937669369688 0.003579988658944811
0.001612310507255926 0.009407133108260779
-0.008042480591131966 -0.001179244252157415
-0.002745031479568975 -0.009412768983995349
0.008815554871184456 0.003768706130693905
0.007169873355559142 0.006967500203460728
-0.0006492131275640519 0.009971889170635073
-0.00900849512272963 -0.002028678498512284
0.0004511264204161281 -0.008771730998567075
-0.00138817590387425 -0.007399642950574331
0.007570994354557811 0.006498040569397607
0.009389309633677935 -0.002482912425743536
-0.002273209612588982 -0.008808699070521741
-0.007486952133070306 -0.006149508032918086
0.000629331323776506 -0.008125246999124709
-0.005474942209427991 0.0079899589147032
-0.008863201361432507 -0.003016712930366091
-0.004799733678175797 0.006573865833438628
-0.004336622147136647 -0.008266379175735845
0.008383122102902861 -0.004673962109898301
0.00601602115007093 0.005006205670036596
0.006527275030492607 -0.005040042345647387
-0.00648471492868719 -0.007554565575328703
0.005041896822503882 -0.008380909791011675
0.006123359938346966 -0.005307075899240583
-0.008112887064150198 -0.0006105066811525083
0.00821476204243707 0.0003975963542666681
0.001813244168176358 0.008790099404385635
-0.008949300471430055 0.001632745879433201
0.002365633033760665 0.008609242363089107
0.002682698484521294 -0.006707460862506413
-0.005651773117745207 -0.007705292451586304
0.007278657695695378 -0.002800135628231508
0.001740267145405919 0.009441263198419632
0.001216433103807905 -0.002087622148703143
-0.004347608622938381 -0.00878535040313177
-0.006307910392455663 -0.007056935013117813
-0.00839263054683061 0.001366235553402354
-0.007656054972102519 -0.006432462760649547
-0.009052662265345174 0.003296860825396934
-0.0007264136057008373 0.009968607414972581
0.008009485555075638 -0.001088890126412078
0.005772628805314813 0.00759979988992141
0.007451582943100269 -0.005365637616073629
-0.009659147889235643 -0.001247181679367816
-0.0004481802747589907 0.007839106180521305
0.009241981183459244 0.003607779145245299
0.009545549973495585 0.002974721018161533
0.00826674439074811 0.003243159762168738
-0.002767026797745289 -0.007726871707460627
-0.007706368448555508 0.006219782547210945
-0.007504948616256793 0.006426293349258071
-0.008451978400925778 0.002126678978398099
0.003788529870493481 -0.008802107535212916
0.004541683527405118 0.007551238615901306
0.006329590130562541 -0.00763613725182526
-0.006955189795871813 0.006380921338202605
0.00593441884891198 -0.006909016013497559
0.004091015559897231 -0.009078966090466932
-0.006996590416605442 0.005004337580888049
0.006605810092948097 -0.007003806355324492
0.004087972308387485 0.006514669214825679
0.006854968922926847 0.007147344852785703
0.008741619583237029 -0.003615828719064656
0.008900001258037048 0.004418942643334983
-0.005526237524278191 0.007460109960850261
0.003377979664420937 -0.0088960084967855
0.005917855353477491 -0.005774388332054882
0.002357399735707989 -0.004120529752827636
0.009874702247038373 0.001423973262063597
0.002408785680885432 0.007949267233742154
-0.005200288341565893 -0.007814634436061863
-0.00346509875419479 -0.008994230098055325
0.004211029469718099 -0.008616169499286742
0.007729650835702872 -0.006329412034841548
0.007620161479561992 0.001287871639330665
0.0008564156002837517 -0.009892495310568912
-0.00812496078951656 0.00328512993493087
-0.005703466456235059 0.006050971329675076
0.009824926026901819 0.001387839838924637
-0.009090839525986206 0.0005215749582999463
-0.0005859936585518715 -0.00993062936633503
-0.006913747543272787 -0.006302314908848382
0.00872890221887292 -0.002846165954940334
-0.003383945128525163 -0.008511382598340556
0.006461361553303997 -0.004284384751739269
0.001132073913491226 -0.007874744166193678
-0.006818342475557184 -0.004152930763349144
0.005092854255731711 -0.005227272555144989
-0.004737058030135523 -0.006196392747454927
-0.006884019401963222 -0.007227244374688549
0.003689934337344318 -0.008847419567490529
-0.0002722336154627431 0.009958923455341395
-0.00941103414567422 -0.002394619716373677
-0.00897062130116036 0.003217858758163365
0.00178719011719191 -0.009514524168476948
-0.005512623942971875 0.003685172379395105
-0.009280273160382274 -0.002185351507151832
0.005112887436691152 -0.007856341323627041
0.006501326449234641 -0.00352662288566472
-0.003925750166998928 -0.008735308448837409
0.007976522962685135 0.005305877794040128
-0.008659983426719505 -0.002768910559359006
-0.007992984483898598 -0.005526228380335429
0.0006117405481670241 -0.009578530606098428
-0.00400271394019522 0.007335755395501195
0.004080597816275865 -0.005994085478151426
-0.00407469446428915 -0.00717571784493593
0.001474449586420178 0.009496919285284072
0.006590696050587588 0.00707860120938839
0.001004980840194002 -0.008612504918110182
-0.008119047911768757 0.003661168825260233
0.001029857421365187 -0.007496618990317173
0.004454482634050934 0.008833824537836878
-0.009539068789529152 -0.001950653317336007
0.002981076540076323 -0.009156415748596842
0.003958533519689843 -0.008721290904456077
0.003267348385439449 -0.009310250136343651
0.003541687366531449 -0.009347382142840579
-0.009154184875609837 0.00167633388906292
0.0007786379289060017 0.008632189974839721
-0.0002751403173745856 0.001161800708623393
-0.007608660753558707 -0.006438895831896087
0.009191985042221927 0.003358211677564493
-0.002719294954203257 0.009441494196665571
-0.006542395823982398 0.007540767620334151
-0.001234136511418323 -0.007029369469328667
0.0008372356916832925 0.006511828539025452
0.003436534056065761 -0.007005095208499724
-0.0009191518292168947 -0.009892836188072778
0.005215705404812316 0.00722295873167994
0.008477566247002888 0.002952710011316165
-0.000268368517183176 -0.00972709802721658
-0.009231832989158148 -0.002799234988218241
0.008603863130059881 -0.001957907125835962
0.0004008120560142877 0.008935358119622948
0.008369977221889454 5.291268220110117e-05
0.0001495163653368968 0.00997271235387337
-0.001002915570608051 0.009413293076917236
0.002985566173834821 -0.007802673450674732
-2.046857208549392e-05 0.009835313043213837
-0.0003625389398260975 -0.00997426672273985
-0.005414379374962764 0.007923453375487645
0.00495546393949522 0.007100603602921289
0.003083049546011854 0.008784809154283967
-0.009267281310417897 0.003023990732616259
-0.00762967659529596 -0.0004370163669938086
-0.002569099451992708 0.008707583344414417
-0.004115240775669157 0.009099249493167275
-0.006308750598359209 -0.005428917996275691
0.006512065678806267 0.006588757078499706
-0.00338362969449676 0.009407317814505396
-0.009783983774591675 -0.0007339765743500695
0.002059203181934949 -0.007949387797624531
-0.007906635625080002 -0.001323420807204728
0.00970863970872069 -0.002325839812675276
-0.004664074997299936 0.00833081119196819
-0.004908880446087581 0.008645438295090244
0.004853186677599272 -0.008629540052691724
0.007607698693165514 -0.006302448598893983
-0.008054677716211923 0.0002582347689767715
0.001741112806330722 0.009834929172910586
0.007661823484337627 -0.004063625456239256
0.001652796922654977 0.0096992223057907
-0.007391890943309836 -0.006725479450420679
7.94105400018767e-05 0.001095584107422876
0.004363210260268731 -0.008941013995116135
0.008686083381952486 -0.004924950859634236
0.008567975577489131 0.00508846416081636
0.003704573190154719 -0.009286450852804332
-0.008731752645726664 -0.004139639471842651
-0.008576563590593795 -0.004630033552686006
-0.004955203214328708 -0.007361788119370692
0.009218803275892556 0.001346758635969622
-0.003345168675904358 -0.009272331497114171
-0.003291095999882073 -0.008133174982410406
-0.003105015920473898 -0.009256445452748631
-0.009123724137808664 0.0002266054456314424
0.008706008858442867 -0.004444130845921787
0.006430680954060248 -0.005583392779042558
0.00684278866639058 0.004201101432210494
0.009807153379765943 -0.001249503171935825
0.008592402150746636 0.00496796439861468
0.003048901724400951 0.009303265221899599
0.0003416307086999575 -0.008170384295655518
-0.004162401581475714 -0.007652614494743782
-0.001262366998254066 0.009000843594742408
0.00969126591146259 -0.001348936041408956
0.008391901970859801 -0.005127757273534874
-0.004851185813747925 0.007229715043932806
-0.001717604257596483 -0.009065002570090346
0.005480853136014292 0.007727821008154659
0.006860218069373945 -0.005091103487444257
-0.0001410695040097619 0.009065021331170812
0.008902308294699604 -0.004219813719924075
-0.001215501501998088 0.008913252350464173
-0.005463156378724356 0.00712488100375672
0.006596909086216296 0.004205900718026972
-0.007420617416489333 -0.006702908516602926
-0.008251143535894782 0.004912648102111746
-0.003146488470801179 -0.009478675284639028
-0.006373455511417739 0.007584603140722522
0.008133873896908653 -0.004763218118409756
0.007766271258222432 0.006153739203787673
0.004100950395308715 0.00893939892103373
