    3.616642102075957155    -1.730696650784018242
   -3.515918827840388339     6.970403107738684767
  -0.5802787489645677699    0.4031375076247827871
    5.518714927957192984     0.361757893671757258
   0.1926710227095226602   -0.7478235599361592323
   -1.022171908528591633     2.979705137790620295
    3.217807209393621637    -1.898822297889410926
   0.1329004301702661761     1.211887220938223875
    4.361878756192106188   -0.4989241056203914115
   -3.196384931266240237    0.9995848551579755714
     1.19502753342480128    -0.886246497216071738
    2.431972754912404611    -5.590706660800484507
    0.141178325376684094  -0.02195280742687723274
   0.3082072563978653923    -4.165705664050197932
   0.5425055779067385897     3.802124547402541577
     1.42383805499038818    0.4552896620361422952
    2.000616936962062553    -2.862803820620057227
  -0.8838260569517568666    0.3849749943046143486
    1.868288689900212463    0.7106553898848599893
   -4.257158850081706802     3.999134260217306114
    1.270210364716309659    0.2261345608190053202
    4.918255718903840723    -2.535013113039088051
    1.513934516785835571     1.777293236825509215
    4.450228565565585548    -4.680471072180593772
  -0.4712340550658202232     4.618639949475753959
    1.275539821875150803   -0.8578579168614126615
      4.0636161817653349    -1.630562624914693615
    -1.49391323468560433    0.9647075955723616314
    4.513764070504861614    -2.470309896991619514
   -1.475804048849799432     2.635150207487126917
   0.1701548257024797783   -0.8819991058525951111
    3.294402076428823101    -1.835006193045250145
   -1.336273737494207081    0.4994057816909201475
    1.236960468119140399     -2.36827565590451794
   -3.022540620948684253     1.437856754217676558
 -0.07541937959154901283   -0.2579576758265794689
    1.847897822558448366    -4.847558182412827321
  -0.4929214920097136909    0.2524081936247727365
   0.8454703458354327905    -3.541646304267950462
   0.6114903368541800832     3.578025696432966196
    1.970316396668114978     0.590795768580140046
    2.895939833717870115    -1.694274347512622958
   -1.048160259076625911    0.6137812913186897479
   0.5972835136746912355    -4.935092538023869047
   -3.023580208665468394     4.065786816742137155
   0.8910005845242003897   0.04964361073914378558
   -1.896536040553747249    -3.396228617490238744
   -2.448880627814646882   -0.6128975402889497159
   -3.640652310999198615      -5.2033128599175269
    1.640062098948626534     5.371884802640885859
  -0.3639159710637285827    0.1237196767364225347
    3.827221251290334081    -1.672583606835974512
   -1.202183306670906671   0.04090362025172808447
    2.984361199548915877   -0.9294162977909800061
   -3.250686961882886639    0.3545897648638731692
   0.3368729162327603333   -0.5217650522400475444
     2.02207919131979974    -3.287379382660465144
  -0.8216374546209121998    0.8836306718595917653
   0.1524618835783299875     -3.37326508487740151
   -1.090338949329126228     2.405478974239334988
    1.613468732152757434    -0.349649895687207557
    1.444396245769997922    -4.455823655190301658
  -0.3790406881086094693    0.4129891006360122407
     1.91531088686924833    -2.218548633480857735
   -3.063158313807295752     1.562363866438710502
   0.4243378359819014456     2.158171553650539032
     3.57448572783367835    0.2559788241541315901
  -0.9536271580082071875     1.509122397083209277
     3.17817409371371129   -0.9764830887771708268
   -5.805827074993220371     6.383450506158753868
   0.8798941728147678942    -1.601866148302734105
   -1.467610004181151062     -3.67568374110828433
   -1.646562036108211613  -0.01874562415661244763
   -3.442475385750073613    -5.658856392823864212
    1.899069050555201699     5.635818753604888265
   0.2060258113514903122    0.2117561635647588758
    4.315774743749887676    -1.474871779349846701
   -1.101231528643465962     1.317111021803799575
    5.161888904967038449   -0.8264205936163223631
   -2.736395221340320205     1.277709882315831047
   0.6862232653953321826    -1.113694341950207001
    2.521954239523881203    -1.914964119915449237
  -0.8548454332267307887    0.6056309555300758429
    3.010955788929211341   -0.8490469955193794549
    -2.21886831375166782     2.215453245573877794
   0.9556205205887091658   -0.3111803752086967356
    1.404591364624876659    -4.659710780786619821
  -0.6670935441520844389    0.2379648068291371765
    1.526896585725910027      -3.0362713271606383
   0.3808704169622578739     3.753403615755253053
    1.148536223929466749     1.112236480157416496
    3.709095678074112445    -2.945768472339169719
  -0.7963600410161785215     1.614364397683717423
    1.323308685126133089    -3.186092094972377442
   -5.634326722482391858     4.031640689903306374
    1.163220307562917499    -1.445996208835463426
    6.733889945916800457     -5.32403630197411637
     1.07141038845013381    0.8358774464764688883
  -0.6197956441609823175     5.917505398256669658
    1.695373773570631348   -0.2770198449833092824
    4.051284619733754866    -1.747626627583722447
   -4.472566755395360971     1.639457094982991192
   -1.360770883591181368     1.719765909656998826
    1.561188768556218909    -3.285770418600088227
    6.425167364948111803    -2.493337903704731406
 0.001941456932440105854    0.3395483990116982542
    7.114718207313003084    -4.584218816618390591
    2.999137071594479398     -2.30060651088562107
   -1.409712280479040958    0.2117461320747553721
     3.78763460080853509    -1.043388973269762765
    3.315668261697215513     -0.68279524410803627
   -1.969532709728963216     1.379879833805992329
     2.88246768557633315    -1.309935700931700975
    1.744042319482383974    -4.750715982787748537
   -0.551890345444859709    0.5722685801678778494
   0.9921119399912109449    -3.140597910994600284
    3.212295324828689846    -2.856311982164801311
   -1.518591284505198757     1.978647371717730863
     1.47987129660631167    -3.138963904680861727
    4.267012092037063553    -2.600626040215126444
  -0.9175972829493416194      1.53950043651956614
    4.806104051420614809    -5.835170565668127196
    3.711722501160899412    -1.775509732658775652
   -0.280579028872872116     1.030480517377741156
    3.369659574312640515    -1.347521748970998967
    1.981310221619944745    -3.128409699100064056
   -2.131881017961842595     1.415554823098756465
    3.055575960269198532    -1.143709112852017817
     2.00008576735883592     -3.58106574471459993
   -0.941654606451180598    0.9510624886820596702
    1.601562256424413411    -1.830410573271102903
    4.332734189024384897    -4.239901028274478456
  -0.7702749639627164413    0.7195478623503586135
    1.630582541405868335    -4.571501192459088259
     5.09528775944440504       -1.875382490404919
    -0.51255374770511819     1.261517767756483943
    4.414753737761978769    -3.485722479480413583
    3.503166903450526171    -1.769682374041817718
   -1.990693537818565506    0.8515704105478903996
    3.673172593544852038   -0.4599557137699987752
    2.870347850996900707    -2.446155095705243809
    0.313256518687135499   -0.7770016471154967963
    3.323306306543210464    -1.154954005709980969
    1.750689483208069497    -4.607417514638551204
   -0.735137986513901831    0.5265405211999086843
    1.321075083090766933    -2.803259677005789374
    3.652874404373612105    -3.813855907179370508
   -1.700354459523030659     1.832176526897575597
    1.552913804539467701    -2.940901386543995244
    5.660537360904060122    -3.207311638715277358
  -0.4999102689318652981    0.8674714372795850892
    5.984416914124915721    -4.823372083834722268
    3.873154701664850652    -1.835040626331855718
   -1.154568711317976337     1.136327187502605307
    4.573395839650889805   -0.4291884577294615699
    1.591556872536458389     -2.75947504168725688
  -0.6873562981961880425    0.5506656696980771759
    2.629329930083098787    -1.172780475981379134
    1.647353120927606218    -2.322221887636609416
  -0.4235809559087735376     0.157464927541640487
    1.889799346021934445    -3.798049634945824593
    -2.25041398823165828     2.779526072592334085
  -0.7701174908513801487    0.8540099725487881877
    2.047243263430664761    -1.718357131674782767
    2.569418780721046236    -4.939014592208962995
   -1.082104547988985255     1.037545714059856072
   0.5848866850974842047    -2.359309148938394607
    3.336885095378979926    -3.283857584008424091
  -0.9854774333215962079      1.67165575210068762
    2.695675603433489442    -3.996972270718961884
    4.296043796837440532    -1.947336075318022885
    -0.69902693614237843     1.874198564853753135
    5.308193400524401362   -0.8127054577742928165
    2.719155713073540426    -2.618305260488938746
  -0.7053983809596963139     2.300613011580992406
    2.952479003964995741   -0.5814433120109130382
    1.947140079006671298     -3.53635535381669408
   -1.173237882962554268      1.21348712834265049
    2.280366300992935358    -1.390919031222032975
     2.89770069457437085    -6.378201079025174636
   -1.449133434833185685      1.37527161282122723
    1.060871611200749243    -3.287699141003789904
    2.054714906282510078     -3.75515306343534272
   -3.032711400462939189    0.8683167077594925454
    2.310229461553483965     -4.81364534508975872
    4.501637049848110195    -1.846081684620685337
   -1.842874126035870086     1.920435527836773737
     5.03726893860638647    -1.166131391742677881
    2.416632084573969053    -2.973215246098020348
   -1.200722727861705863     1.301395789983478934
    2.922844197328740901   -0.5083054955407227959
     2.16373129499134409    -3.637323516752578367
  -0.1524085920898753665     0.206289219973776361
    2.186273218884132508    -1.699506209149072244
    2.372769954698261241    -4.246720433689883833
   -1.665807991800609011     1.581496641431819006
     1.32019302993252019    -2.543701322168534062
    5.020846773898041349    -4.348111494548306588
   -1.357256334440493095     1.991920927674503794
    3.077549581744084328    -4.536756530696559153
     4.09345858653616812    -2.039782740511610903
  -0.5652408663401781164     1.287975770599743219
    4.679632996797045585    -1.508868304777405411
    2.736592581346318109    -2.429341418071684355
   -2.001225355832571218     1.908892640718104383
     3.77032112415552767   -0.7160615888242356508
    2.082399177577504812    -3.622527609940069393
  -0.7435231580120784667      1.01835184071326923
    2.152268976312408988    -1.586132701621641328
     2.61183495855526715    -4.961305752756454801
  -0.6365618480108569122    0.5852379951820975146
   0.9890800484992638975     -2.60150113652999071
    3.931775686442818607    -2.803801117861173253
   -1.019479235452727783     1.517092264515054412
    3.157104335752082935    -4.145815797541642311
     4.09668536514737891    -2.313750416002676058
    -1.25804464599299437    0.8877847814640341673
     4.62679260959119798    -1.352874750605254084
    3.938419272222486889   -0.6964884000885503967
   -1.762596599648648565     2.274336197056923581
    3.190927460881867628    -2.272667112318457416
   -2.301620295620032675     5.020835794312652922
    -1.69040275747730151     1.719770644919245584
    3.348867607956377501    0.1410456015252652684
    2.787911848143167948    -2.384386976230870925
   -1.398039058764569686     2.118339289888929944
    2.644510336195133871   0.08371652336476401168
    2.192680835925611582    -4.638696863863843944
   -1.045127905044947125      1.48412197527349865
    1.775028813785659576    -3.157668762091823567
    3.108099889827512285      -1.9656979839271429
  -0.2543467511657305224     0.647794687102412392
    3.445968850683995832    -4.761563227568822221
    4.597539183311664779    -2.740301680632045489
   -1.809246616224503335    0.6892733976948524077
    5.311449956356331548    -1.575987997931115103
    3.062378996922532792    -2.197208255010225653
   0.2559236598818438457   -0.6140520467660477433
    3.811641343945995963   -0.1145794519212676305
    2.064453150627067579    -3.519683630647631123
  -0.8611387312077544154     1.554790901861960561
    2.450126415162517279   -0.3289011177508937012
    2.162350536853959948    -4.002933956014373074
  -0.9768794217847448502      1.88887783677957044
    1.817879350751127943    -1.024464972250258343
    3.477253957851592414    -2.433897053515797548
    -1.44200917467253209     2.757671630288605513
    2.870970159295464619     -4.27015893393093382
    4.668320519132314494     -2.54492519075939061
  -0.1958031010745704681     1.350890438410142114
    5.177322981569907334    -2.042902147286144832
    3.078329939660971348     -2.28223544322494698
   0.4007972884926849777    -1.151138053560685215
    4.304922938588894077    0.3248526820581061902
    2.138779599795512798    -3.061454838001270051
  -0.8372576320091568158    0.9408292048405657582
    2.453190755766204489   -0.2301687436538203957
    2.398258681485519794    -4.829586977046617768
   -0.480805795051277518    0.9122475254530811872
    1.188551384509363373    -2.355656822367993897
    2.430049907022095113     -4.12135689012194284
    -1.59236420632726805     1.040528149992872908
    1.884951568119394683    -4.388912457914250886
    4.978622747026132167     -2.15710087262846173
    1.562165158063195669    -1.668938911139748127
    4.646678134676915484    -1.277008907819490169
    3.341130525713086108    -2.232424599146920485
   -1.287504448505687904     1.667782373993692557
    3.604382312554673895    0.5048088070754488399
    2.535505590299611089    -2.792127358153745131
   -1.345904782843543313     1.875694969086768804
    2.489654696370108056   -0.4538776202083835698
    2.280086630619598154    -4.739499228484412185
   -1.023054875769105143     1.019936753704093979
    1.476530271219570256    -2.774820509743953778
     4.62297691179626824    -4.507920490756642806
   -1.721980944695397531     1.720078931702155645
     2.84436365676567382    -3.301557079295877717
    5.232791821778844721    -1.814824274949476735
   -1.026488058378118851     1.657878022060232492
    6.575910446383224972    -3.202584699050116779
   -4.462449020074299888     4.401388267680665933
  -0.8953634074221037409    0.5773825421008318415
     6.71853516035347198    -3.524369362711847753
    4.814596134428965613    -1.558604756931443625
   -1.401297127085079142       2.1452537073006539
    5.626448437702091354    -6.217362206579238659
    3.517584709552249667    -2.610593814868909401
   -1.215572111038010883     1.394243868892710347
    5.085590424247553365    -6.608882408363978556
    2.533303622018282741    -3.946978351111710026
  -0.2960322878000257174    0.3720951651032612939
    1.843528431810473656     -3.58866404870932687
    5.722656120303980742    -5.092579767746384434
    -1.03780069340737402     0.850194947543527868
    4.491876052381074125     -5.61859852343528221
    4.421451472329146704    -1.319756468682790063
   -1.434276131761931694     1.673576439773595936
    6.530254114743922145    -5.425061630380771938
    3.712063594691979329     -1.22528971894521943
   -1.587821698159892048     1.523595729532970511
    5.561362900100850659    -7.033517072316972651
    3.219419744127657523    -0.911780085463437362
   -1.003354099441162939     1.127967972530043994
    5.527630806197435298    -7.230530695394384644
    2.850490728423870301    -4.739581271403591423
  -0.5986611344882126762  -0.02054138424770824214
    3.592042200349371939    -6.854786671394876407
    2.010824935284116766    -3.804446454155798296
   -1.183441758326522431     1.771273378155593825
    1.374024212161170322    -3.336138874874944538
    5.015252289428772769     -1.91107133120468009
   -1.979796299913529012     2.288949122207626807
    6.404066948273877458    -4.007859798912140725
    4.760781483756085564    -1.948388685866626613
   -1.635869944759879235     1.934689973944956787
    5.663065462382102844     -6.47991418773308947
     2.54144170531036151    -3.113963430527746379
   -1.301691957706236691      1.41989721559909654
    1.734354594831072127    -2.062568121797447418
    3.020302340710249389    -4.160193707208264868
  -0.3756484010658676653   -0.4078542776638948708
    2.865517339647754458    -8.057062982115485994
    4.010699129470048696    -3.913854023264267568
  -0.6577615551689128814    0.4783396413830524052
    1.548321850071834094    -2.663777226854110669
     6.26588222975187481    -2.743860618211612312
   -1.056756277149393464     1.328481179383221633
    6.587633109129458653    -3.100058347722913776
    4.593396579345686348    -1.960802547323205802
   -1.144957981983357076     2.129265070835148599
    5.970140682152857536    -6.471903110394970682
     2.67147048196017689     -3.35138019097349904
   -1.397663579649488508     1.068736223515147632
   0.8940844403512059335    -1.019242866733203634
    2.549634250322817763    -4.302540359440405027
   -1.777383324916131713     1.744454703233404569
    1.056477816977024808    -2.333209639674416191
    3.954424010133852807    -5.007841307088849447
   -1.140328863431978812    0.6325204910348203313
    6.399075287093694442    -5.019979486514781541
   -7.686993619448707626     3.746580352775538802
  -0.3035522827054930595   0.03614623601361966615
    3.117370138445194172    -10.29052517632227293
    8.764099720170047902    -4.296599718383408373
    -1.48525214593437882     1.101954564150576354
    6.767799685177718239    -7.284395922271900581
    9.963970910054110064    -5.488607586138773975
   -2.006871296562075191     1.677028598729776609
    10.19200886109810078     1.110347005765421002
    8.019589067900902535    -8.214780764800831747
  -0.7951002794408260632     1.411353572557666025
    3.978136445592205472    -9.373194781146256815
    3.874983931457022912    -8.204940281085312037
   -1.619565857334337888    0.5368395942084788208
    1.942633409676858713    -9.795065655289153739
    6.524564353545494022    -5.860305898750681308
  -0.4118749072020558843    -0.140629101750249591
    3.004827707479358345    -10.26901041009177895
    9.508119296291807743    -4.344148891920733391
   -1.695222776740186399     1.276711431617247205
    6.542489184279778769    -8.975008551165061021
    10.10430287575695019     -5.75694086349455425
   -2.344440152123899335     1.874986641977854473
    11.23960806199925777    -1.669626994119858265
    3.001238645511201675    -10.43774429715498897
   -1.556989900330302046     2.177612393850000494
   0.7291208760294527469    -10.92461261541775741
    6.947732123059001452    -6.786303377043680918
   -3.694389344240827544     1.850218308115663346
    12.92131580234313049    -3.470435437479135299
    6.676040846512013793    -5.783470136864174549
   -1.549276213739371411     2.883584023942785457
    5.070734395751588686    -8.635136334623313203
    8.306629142844025537    -4.446009045671909021
   -2.449438433671252913     1.596736066894221207
    7.080937214462982965    -7.702713551990266971
    10.28910853033823614    -5.597433643349623011
   -2.275736056280167396     1.439691067213761944
    10.40435921199504321   -0.2142203616377655329
     2.91514125983587391    -10.71591607597529361
   -1.249791041399019198     2.312690938843705357
   0.9238294731821045103    -11.05150572001044118
    8.530792417115334203    -6.794122051845760346
   -2.865622487432142318     1.458369897219457645
    10.58390409658158049    -5.293956135104964211
    5.960065317156361786    -5.331755009312468374
    -0.40222992108677319    0.2673584096437773838
    3.191664034859356125    -9.780240349896731189
    10.09138935853332519    -3.859168013583553325
   -1.442676731134234114     1.086055099334397811
    6.287955611410419365    -9.252113047764925824
     8.75117653614229063    -6.273961091218223984
   -2.003069589083267488     1.128746876880341921
    4.423202740673736422    -8.684839474543192495
    7.956206793079433126    -8.000916415472998366
   -1.591731433069417445     1.508629699370626742
    3.086833248066922053    -9.796493755170569528
    1.704445248143528158    -9.631268893741529169
   -1.718671932728388141    0.4453462477405076836
    9.486285283942692104    -8.563438001138043987
   -8.195225407037783683     8.847783534088698332
  -0.5622702780922796961   0.07423199816388564853
    9.253067408688904649    -8.144126726780330117
    7.568304055817653087    -9.585912576327228152
  -0.4152814195754474524    0.4426141282589793891
    8.576201912747983158    -9.377349790902064441
    11.74756663427618264    -1.455865081322635035
   -1.022877394399141826      1.02028278487750268
    8.724437344277198747     -9.25427960658749349
    1.726696965148504681    -11.53222078954497931
   -1.423057686602829275      0.31536553631374864
   -1.054287160856399508    -10.50232846222339234
    10.03047862085275455    -8.061361374045786121
   -1.931958202571699479     1.705505495757475787
    10.52845771523614005    -7.656035965024573287
    10.04221139108271643     -8.07500300593324738
  -0.5946589883650145181    0.1539463316084430933
    8.872612101894045367    -9.447457069338899061
     7.64114169193558368    -10.28282013794902561
  -0.8545583373904588331    0.4676192754904521798
    9.091975364351290168     -10.0152990546337719
    11.03848562367860175    -3.619197707672648257
   -1.266123508683580035     1.196408600465974859
    10.08160349704104775    -9.054484973456881747
    5.770649692683333498    -10.83356663275461962
  -0.3908409115942136358   -0.1984273650740079886
    11.69128700652483133    -9.901031584858543511
    10.63821199167747267    -7.494596154841963731
  0.05179502770579341719    -1.088703280265660878
    10.32323888073981699    -9.029404580656674284
    7.271173252026444267    -9.150958584364124349
  -0.1334918793250448321     -1.30103558323039481
    11.27559438742578557    -9.790814946495794757
    8.788688664556046248    -8.380132109786231354
  -0.8036424940459691024     1.413226321975221689
    11.75776079434545274    -12.92019491966685152
    11.43807066292221108    -1.651545735141267013
   0.1620504239297360649   -0.9363839104790838697
    9.268083781108813923    -8.291350618839642195
   0.2225472540986981884    -11.32327065253060461
   -1.853886998758198956    0.2476343207629252974
    12.27037898988255016    -10.34949948408868359
    10.78848167592495066    -6.853703084951117575
  -0.1001041247265805623   -0.6435493386603565735
    8.969697161046523703    -8.820419375528997463
    8.957227586992276613    -8.850015255535559788
  -0.4386239612660225995    0.1515362183274944208
    9.774584956577863082    -8.995693541216146727
    7.756982769689916957    -10.09979238038455662
  -0.4377291354113835853    0.3307872496988059074
    8.639828856439251581    -9.317435231516752125
    8.988289885764272569    -8.186650425842826095
   0.3911233805162838695   -0.5631131415135524065
    9.406677929472330391     -8.39513887922278812
    9.104453249637401768    -9.356285843130736524
   0.5019135587709413482   -0.4754058340319617937
    10.59430913806793662    -8.044755704105764238
    8.919439533600291625    -8.068379844778236887
  -0.5499767651166035387   -0.1931467883606937663
    9.862864340630080662    -9.327131341054986535
     -10.559556824127867     9.855740886485559571
   -1.344536158360306821     1.259472623646164191
    9.954680937223240988    -9.068391159071344632
    9.949712511817638827    -9.980694397097817472
   -1.560863665032395931     1.322093264157321091
    10.00231992001813097    -9.683810122878487192
    9.102175211400428623    -9.526256586514056934
   -1.299214079689801959    0.9833955187258448527
    10.21828150333011109    -9.669827795365483425
    9.202307902791533323    -9.341283563737256657
   -1.616083075644936029     1.543370861563205354
    10.14049350997994381     -9.15376080332504749
    10.97171834317422423    -9.404486317194372447
  -0.9370638425303043917     1.446346141316294132
    10.27198877042961556    -8.917192920982852655
     9.69144767805473073    -10.25289320451448916
 -0.06346969945199676388   0.04894866266609400329
     10.8018591796447847    -10.70352924532988048
    8.992776935266512339    -9.583838197281458804
    -1.77066212716342597    0.8781514642849334029
    9.685405666961658611    -9.505390848666618098
    10.40526227354760991    -9.912637528564900435
   -1.542661396833610699     1.121361260019296813
    10.26878567130160214    -9.511057517277295759
    9.749235266052526327    -9.850878990499566612
   -1.055184417012840159    0.3313664672660120436
    10.15195523584399595    -10.46790630991548809
    10.72643460768873958     -9.93661459572004091
  -0.7859010958280155945    0.4613378837734084525
    9.788667281644039875    -9.906184948163989645
    11.42315040375918578    -11.54161777488107532
  0.06251945532623991164    0.1505545816443168428
    9.532255571199515387     -10.5687144008949403
    10.64547247877061942     -11.3241140494218655
  -0.3155821474231740309    0.1973205076727854723
    8.638194625121348835     -10.0969698180686116
    8.986969200146420533    -10.49801501288871108
    -2.06978927917095934    0.4636291333139913595
    9.690458639005486319    -10.53422887861584023
    9.991048687949398044    -9.309167835060407015
   -1.544227898381987707     1.242531924846253188
    10.32678083616549891    -8.874948547743956695
    9.531624724480900923     -10.3347115793458233
   0.5032068143566680307   -0.7804598417432240254
    9.864193199621468011     -10.0550132140556201
    10.43649342850325645    -9.877850507182460049
   -1.285017818566159598     1.065961986267595529
    9.496351866096443217    -9.131549734227830228
    10.03422260140675881    -10.40753467574988989
  -0.5484203489028117717    0.2927411683843341716
     10.3397745362897453    -10.07968190131878572
    9.621734598536441752    -9.640629713377631305
   -1.272357644113873087    0.9787854115445957515
    9.880720330665889506    -9.443864820999614551
     10.8040893390970929    -9.749893485991405484
   -1.238173606697784201     1.024115329281188647
    9.674208070772165158    -9.527884854298244832
    10.55192972945396335    -10.54640996726098123
  -0.3395314649733272572    0.0227658738550827397
    9.628466742669544942    -9.663035209366944045
   -9.432261246408636168     9.931950956720987378
   -1.094000893954148124     1.081315673869442939
    9.861174990352834513     -9.52742464693205271
    9.725094151245498253     -10.1407786157872426
   0.9937874888315002542   -0.5911641559115793365
    11.28440768323001819    -10.00953926669056493
    9.613342481592651367    -9.862375550333322138
  -0.4328445714782259701    0.8440998419647093298
    10.01984183877198831    -9.541064185253350871
    10.13378508349777007    -10.16230299363056311
    -1.04416423363664701    0.9276640723179040426
    11.48183197490712892    -10.18675520637566301
    9.953266246775880788    -10.05595937604386769
   0.5216686498389349058   -0.5803836781855158389
    9.969260295581250375    -10.05678303664849338
    9.662388095251726483    -10.24935102377334672
    -1.21173191282664261     1.250429719064041878
    10.48552962289941881    -9.538586439859404464
    9.733603040561455089    -9.102986378414858137
   -1.007581491187280243     1.669874655004018882
    10.40160380483331615    -8.856378032831278446
    10.00565488258712143    -9.765177895344583803
   -1.175520776406718593     1.585162636691703097
    11.55018225050408809    -9.975021464161264007
    9.545852818901204628    -10.00304482305529952
  -0.1118734493617487002    0.4235216984232111348
    10.14576503557248088    -9.942485677473765548
    9.434762855274435367    -9.246085473650412112
  -0.9828730243790489984     1.101484238185224562
    10.37643029605600375    -9.464277535796243868
    9.308843847009967476    -9.779285501685762938
  -0.9844689677248499304     1.415565647512545544
    10.37392817053693506    -9.169258122244396958
    8.901971510541752508    -9.117565278026647846
   -1.054145775612024938     1.813670136945704447
    10.03264346049865274    -8.650122379897023706
    9.469856018223422822    -9.152141055325206054
   -1.413656497163952031     2.026930263329961068
    11.50945160025354141    -9.099476409783855857
    9.917606653081001866    -9.251261252170991156
   -0.359317148295211608     1.285950515731368426
     10.3318436608416846    -9.259501742951959713
    10.39289275915227684    -10.42404125635577117
    1.055915206741729229   -0.8629139585782744648
    10.33878502926740062    -10.20916592600462813
    9.746305643504088678    -9.666022587556945211
    -1.06640363504499458     1.277595959852351859
    10.60842415283515727    -9.736105946574777903
     9.73183373428485865    -9.604483098028179455
   0.1688865347635297165   -0.2251176873154799585
    10.93130831270413061    -10.04557936220400727
    9.796922379753459253    -9.632332342429219096
  -0.3219953109515742429    0.5291014812123738809
    11.42627234481245146    -10.12390755128597775
    9.335248271092360994    -9.770940104817048777
  -0.2945609033279639744    0.5832176120524270591
     11.3790636986127609    -10.06271747352905699
    10.07496455662678692    -9.468115000481816423
  -0.4652791251477594869      1.48776408987112152
    9.726608428165196329    -9.845854180473445183
   -10.08742748461835959     9.465235943368140781
   -1.406811596707986389     1.492404032786626145
    10.25781367962796686    -9.525799627941387016
    11.33030220351137274    -11.59355487522181605
   -1.198196161163380236     1.821410439523121871
    10.21877304184609336     -9.01152944294853242
    10.78950312950715329    -11.02591445702288908
  -0.7573417620686686558    0.8870972130035733594
    10.09430582057260395    -10.36933348506608432
    11.12396722422366224    -10.88519659975915843
   -1.627369369445778036     1.832040626083835111
    9.711023845856960435     -8.63839882416276339
    9.562539111065172293    -10.16661217029015774
  -0.3357407447677973611    0.8716954685024093097
    11.56209836640241129    -10.33179359257038499
    9.979001590287976953    -9.475776008206199919
   -1.427847380580329562     1.576764228928472233
    9.970811562490091262    -8.986364305026416588
    10.02478401408215269    -9.628439514058843685
    -1.06058989654233482       1.2101025892728412
    10.88592635273904818    -9.761811739130795473
    11.53595672676462414    -11.23426323088125933
  -0.7676582858824572142     1.929787884776486662
    9.761700576847946564    -9.575230633388851942
    10.61931446418731184    -10.72562694493173829
   0.6339843296631579861    0.4325884892588918174
    11.16025354132251479    -10.63847330629958243
    10.20449942233623553    -9.968993071316640808
   -1.901608085015023208     2.088842616360724769
    9.586615087461128226    -8.926442472904771108
    10.64729235576670874    -10.48265717756633286
   -1.116659551530707395     1.449306819316354522
    10.53847285649034227    -9.784404781283145169
    9.676542714137136514    -9.864034518516776373
  -0.9726367601279116704      1.28063880105600636
    10.13260274491477908    -9.732740532186852533
    11.46656563699061238    -11.20822216124047266
   -1.027654020309975103     1.654177791939495767
    9.813909858463439662    -8.759558876029011287
    11.01867513844368673    -10.93059647827119818
    0.258962651288911605    0.7267181104489139898
    11.34322028118815417    -10.63398618849382338
    9.688903906308155456    -9.817167289867436253
   -1.732931372826442606      1.34212397529675842
    9.781354073008348138    -9.435883136109650238
    10.10131640411893272    -9.548413037510846024
   -1.515484398033063451     1.678693422029311044
    10.07950479507686303    -9.168347354884973655
    10.88492081310248949     -10.0461922483021393
   -1.149530740864158629     1.249377556770951747
    10.21940156342042094      -9.8950066236200378
    10.19627682618381392    -10.10564214216001488
  -0.4359404605545815214    0.6539559915252023403
    11.45143800648677512    -10.63159989128191008
    10.00024247440377323    -10.36213238190120478
  -0.4591059481082670479    0.9004634509057036773
     9.96539651626697065    -9.808275704750068158
    10.38278215788676029     -9.97653228794401592
   -1.013259179262572474     1.205950332567599537
    9.166858577019937115    -9.401074843466961539
   -9.395513118713362033     9.705885504892341586
  -0.5329347869617726552   -0.4859779809184938126
    8.473193214898426362    -9.539627750300812892
    9.982751190061007307     -9.78803627547877575
   -2.072289755668748512    0.9861169351357974566
    10.16534430134986877    -10.52175819949856006
     9.52657962512311407    -10.20195987627181289
  -0.5583333938866256174   0.07360952864755626601
    9.052384063584383966    -10.41742423117215566
    9.992497938992329409    -9.217480672782818019
   -1.909622802872131819     1.955328655668218785
     10.4007386934667192    -12.09229302179560328
    9.523907561955418544    -9.984151663707690361
   -1.010221755707180202    0.6434325994866356702
    8.959194714066937237    -9.723176286521422185
    9.670017669838454566    -9.694735087049467737
   -1.891179718470867632     1.442291382559814705
    10.09126294826274517     -9.94098941959613569
    10.07956522727140758    -9.514507292585550502
  -0.9455903560499203664    0.8633129226441115245
    9.440253271012856828    -10.41540932236081574
    9.642931966701048907    -10.44017755387009316
   -1.258831351999379011    0.5061870797073758643
    9.443038855814554822    -10.39926597494811844
    9.385675471930850833    -9.249348242054242775
    -1.65393611470294255     1.537657806402215943
    8.736525852814203574    -9.234984377173200087
    9.166686027464898245    -9.064016130618568923
    -2.18194649270494434     1.876847612944925414
    10.31828194809927091    -10.29856248064384694
     9.22168645079743321    -9.579527442171650975
  -0.6570651400109963625   0.06832681955793677708
    9.850510175583057304    -9.987116342129995772
    9.566228453510984053    -9.575792903416754598
   -1.115291895894640062    0.8044176477893456578
    9.851997119773534095    -10.46538856257799388
    9.489320409610950691    -9.138421220387694888
   -1.107385686041445272     0.747533812910109341
    9.520980056127475777    -10.14481956998832679
    9.322949344528494109    -10.14712218579203551
   -1.563041316868367003     1.587643584409713871
    10.01714215382668272     -10.2097915071012455
    9.373075019511091455    -8.966771780017595006
   -1.266709217072661264     1.381030085832385179
    9.009716183897534592    -8.936264134618403077
    9.779575112072768306    -9.736465722114907351
   -1.809579198900066466     1.442922482193268907
    10.54212424860001818    -10.09526595999862764
    9.619691451255432568    -9.762341962306347654
  -0.2916636805805482013   -0.1779871795409859458
    8.988275375922574639     -9.97740092801335976
    9.588411817337082255    -9.117154245671143187
   -1.483730845800552922     1.291648925509890189
    10.10823349001793936    -11.44884577495614408
    9.172259884310628664    -9.453412254282442362
  -0.9531934490732725251    0.3825399113940076701
     9.39362071303319901    -9.719653623057514125
    10.64221081578370409    -11.07741151631617171
   -1.662030669396458826      1.81947127045607604
    11.06506682303151479    -11.43338115439375535
   -10.31805690185378488     10.71401066482126652
  -0.3542049771481791676    0.1039986994435435352
    9.863209203350882248    -11.25090154288988842
    10.91560514703066787    -10.31683185742002351
   0.3820793578455602968   -0.7273245694258164695
    9.177833025266771472    -9.831315318568510264
    9.957254243092826584     -10.3000204478430053
  0.04163797525672843086     0.138369232234860251
    10.62669709213284541    -10.92071745288548534
    10.38249841722923961    -10.15341072713969517
   -1.549132138914615764     1.337437886455896452
    10.14645452781053159    -10.21276224851984971
    11.21678604232653775    -11.52320828884755244
  -0.6192600656246659563   0.03998946799472027219
    11.06056087853948888    -12.12165500678765717
     10.7900064503387938    -10.07417347919146877
   -1.414013642722100839     1.456953110482272162
    9.243931892056773236    -9.879703402169671023
    10.46871763079013107    -10.80920351631813681
  -0.6168818935195008457    0.3794679414092008152
    9.611388022002886444    -10.55062748267617856
    9.457061667383712233    -10.04356927275695099
   -1.125424502998483511    0.9493238565643749016
    8.771558093502687115     -10.1490229868550923
    9.467222343477194713    -9.567594743756600906
    1.320187020510908749   -0.9716667098279136994
    10.75630084791611907    -12.76511738199407553
    10.73399593554612608    -9.934853863809516739
 -0.01588375140873458588    -1.723466895754706574
    9.552639477728346762    -9.540442893992034712
    10.88957650663261134    -11.20957461250703702
    1.079996104026708537   -0.4388809495253376824
    9.624972403672916954    -11.26695659568490804
    9.963636614296115468    -10.25242932964215115
   -1.277744931913392445    0.9121815278994730436
    9.067376600884644589     -10.6265033923182699
     9.77097071542366713    -10.13893909214942823
   -1.589230262779621317    0.9385240097276775773
    8.718441893112531815    -10.14452092367035974
    10.46847549759092821    -10.30236611518263601
     1.38690221153748916    -1.003061985260953692
    9.198590630336298091    -10.03479633414278815
    10.12715589194794141    -10.53962088355798699
    1.253407292313727384   -0.5919463282923206338
    9.668597492286261641    -11.24904544364130032
    11.12797501182658699    -10.50808087289504122
   -1.362080050492079586     1.648236239680961557
    9.454037064192288398    -9.901991982152356542
    11.10915886747434911    -10.72888320149243491
  -0.3359520910294661045    0.3560732704315233699
    10.03887263950504583    -11.11894950194619724
    10.28997290134775611    -10.15180808208938679
   -1.962022219066615003     1.154651808733240026
    9.525706272713778233    -10.17076719164004217
    10.02272417093704782    -10.22516258930778399
  -0.8833259448332680952    0.5540354535827123339
    9.271989926192683029    -10.58224333913731208
     9.23734281534614432    -10.25969260874876454
   -1.452888706170772481     1.003345158009335547
    10.36130393401855621    -9.800452976846990794
   -9.188923937104876316     9.569796115491431721
 -0.01308882505237553978      1.05809483889959921
    9.717685108382724479    -9.543323984557702033
    9.647347090887778975    -10.61178442353509688
   -1.330895540746502625     1.182591668384332939
    8.707106482067251463    -10.66863850633555266
    9.009540269052036976    -9.730561852810824419
   -1.503134917578649921     1.277002913467059075
    9.156915131133199992    -9.606972164683549309
    10.39073016613071943    -9.777659778728029494
   -1.325302570667913793     1.629740002666920429
    9.605924493459717439     -9.66395718781941504
    10.18442069611317713    -10.30202032529570388
    1.060182590739887631   -0.4325735151457999472
    9.271454054024632185     -10.0457835429443012
    9.657158809993402926    -9.581046303811708853
   -1.146858940047387421     1.744125350169715816
    9.832333816534205795    -10.09297804167232648
    10.12881864206303284    -9.895367299072084677
  -0.4993038604352620369    0.8934874243055780374
    9.471951181558097232    -9.736186275007415958
    9.113125347465274473    -10.07146336530131592
   -1.189993816501656365     1.379175986106280671
     10.3683898655093536    -10.58103697053410741
     11.0584252970061101    -13.80113448103596063
  -0.4011930865638567711     1.342129889035481138
    10.09597587445147227    -9.278929178432646196
     13.4065361765894373    -10.92073489439553491
     1.72225816681160282   0.09251464934296077525
   -4.095209364358869841    -10.93255794176080009
    9.743958830864075438    -9.398715152275768148
   -0.132915215756563343    0.9519077942266335191
    9.898810214457716583    -9.510941639508335044
    9.451609864349777013    -9.621490636061553303
   0.2762626116801054632   -0.7917420335521057062
    9.266455217273747991    -9.375373859863850967
    9.414133656441393327    -9.422223841922821919
   0.5732394674979288673   -0.8632346254105909278
    10.72253246958306505     4.928785071837294751
    9.358614312953413616     -9.43932895558241114
  -0.2250731642499994301    -2.275726985488799592
    10.71161265043915378    -13.04858956970269723
    9.652817973020027864    -9.076393805954657168
  0.01261384551908374153     1.264765233594420835
    9.534762483431403979    -9.478802172485508493
    9.882346093919039731    -9.932447160979466005
  -0.9848111808050196148     1.220329695537332393
    10.10352868824962336    -9.981048096677795911
    9.207709484551797274    -10.11877247617620235
  -0.7167180138782428545     1.637733187110590238
    10.57279518611554892    -11.44421808234542759
     9.54028861774946968    -9.202760960650863353
  -0.1340419617734032731   -0.2199115808584982401
    9.471380176721195809    -9.256334152343693944
    9.406066564362955518    -9.705387582294093818
   0.5165520661323392826   -0.7072664127319276961
     10.1900103277872951    -9.973805087091049515
    10.56002942768403052    -10.07710633366395392
  -0.2095466309349535983    0.9340998841081086246
    10.52985460400537931    -10.62828606614592886
   -7.786864387531411857     9.722937373295538421
  -0.8923189958613033657    0.6778413442600965677
    9.603868345262780437     -10.3709473986667664
    9.195203942185557366    -10.09920988999625102
  -0.7608370148027544522     1.133554445561684165
    8.715476040031761684    -8.782114076219626142
     9.74374971725612582    -9.024815005515161914
  -0.8363533372511974262     1.591800532126316892
     10.1905327679432709     1.361257153494367156
    9.878815565553479061    -9.153167735550395534
  -0.4602087618746477093     1.226547796876667373
    8.910693667325922718    -8.679491843691433672
    9.051437626496092292    -9.621669669170856309
   -1.782957403737507329     1.604927273882160943
    10.99864448682641083      1.35420760056041134
     9.88675907564942591    -9.217974339239548343
   -0.142569955835454204     1.524174742447498732
    9.412695275056835342    -8.948453889474093259
    9.672595347746476335    -9.970728596052259363
   0.3356789261567363347   -0.5413321385133583741
    9.581495506686355412    -10.31782527890169554
    10.98435380609849865    -11.05866851936387008
  -0.7073013049870219282     1.045211790998676893
     8.35854868798648809     -9.64798269875059944
    9.584287298535738131    -10.32453123946769757
  -0.6950196526125168583     1.014919429285515928
    8.375037213155273719    -11.01864890020552146
    10.12658065549422659    -9.502496322812103102
    1.251767473938290021   -0.2319291384408862233
      8.0840403577288793    -10.30239844056104381
    10.47282269971694824    -10.68719298770075987
  -0.4364705830837763978    0.7947347739652235177
    8.787353518690087739    -10.32449604281230471
    9.347788218703909635    -10.00260782101304891
   0.7640577807044258707   -0.1125364129449811096
    8.863820002185036628    -9.735655815851112393
    11.05171169909432471    -13.46024499376629002
   0.7251650868767107738    -1.354186158767357373
    10.75782585694254401    -12.15841743355337812
    29.07053479787491668     4.069909037038658361
    16.85374867643015762     1.015249395010691336
   -2.514075773286474469    -10.53895581778462542
    13.87407368899357429    -11.21896397318975325
   -1.627231770863523996    0.7337695553654765002
    1.138293169824350359    -11.29769158938283979
    9.981896727685384718    -9.290188447847407716
   0.5888032677997645514   -0.6555249306567695333
    9.142676678008333724    -9.428939831444706599
    10.64516502355137817    -10.17434384507208023
   0.3507520290910107197  -0.02570644063440123347
    11.81795240074471032    -11.74044099012628806
     10.0417043359850986       -10.87428067347048
   0.3249324784650219344    0.2103006751297366028
    8.334484675316083724    -10.65358199080852231
    10.48766813898405914    -9.773385208618798003
   -1.127325912121308171      1.59329132869316803
    8.262403012050183904    -8.996161277663070166
    7.888703448597904178    -10.57450311667347265
   -1.285853494295595256     1.429226096145391312
     9.12209441530937859    -8.445572237587608555
   -8.798153055640595355     8.645736574245756145
   -1.169901659530877325     1.669681313660142052
    8.818057969901900606    -6.194425570144676207
    8.963282997952843445    -8.223062184352189163
   -1.754570125671166325     1.225574185253182291
    6.720950289111770282    -8.451346837140057744
    10.72796170905608371    -1.866331444907507464
   -1.353818868100050254     1.559883310684631263
    8.953106780506615792    -5.669917741994901839
  0.09644079709686949331    -11.68493367248575687
   -1.031715468347877085    0.5221530412275912081
    -1.26393281894696341    -2.044270044709868284
    11.20688695485835495    0.1653219360239487068
  -0.3291360496996938445     1.451299153445166024
    10.38957678384706007    -2.448662189102150055
    1.414542235457926456    -11.44828820673024516
    -1.11692623364964061    0.9032314835480720339
  -0.6030824571793973465    -10.39308655004743542
    9.716530670170463679     -8.15759735564829036
   -1.243472439542724128       2.0873219369868794
    6.357103806015420133    -8.607012541672391492
    7.650185852401016895    -10.34103113386557204
   -1.703472774289831682      1.12573530580661596
    3.991835309905282347    -12.34886481073203335
    8.814677050766954736    -9.313777532956867944
   0.1486139808934729967   -0.5425204693970955283
    9.991951672075058966    -1.928989584846359184
    7.473625909282754165    -9.296681784477923927
   -1.418267469927965596     1.685181327981549737
    7.974304113468447142    -4.954441860403931308
     7.51975027767682036     -8.85011042652951474
  -0.8217959259867783084    0.9873062638610702324
    8.254135380161294222    -5.642463833992798605
     9.21650992209848674    -8.470695194183605281
  -0.8325102181574457472     1.084744703626418838
    9.647951301707214711    -5.782493682964518378
    8.851227693830661991     -8.39898696914399423
  -0.9630584252733387363     2.124448400522313651
    8.788038293588545713    -3.883357391297756589
    7.204248158180122985    -10.80827520863088154
  -0.6664083008892216498    0.7521716813956352832
    6.300722161891868289    -8.739226468126771508
    9.585914877863675798    -8.345692956248070615
   -1.585066693941995508     3.716359299502835611
     11.3731304034061047   -0.3573209769567348704
    9.018218209054236212    -8.617961739675616073
    -1.10728757559877633     1.859918706628455043
    6.405300043718419545    -8.661488468345217129
    6.388212276513772103     -10.0219429064070642
   -1.211696659019773969     1.005579577261557223
    4.814036067687058384    -9.586541458775313274
    8.347691260851844319    -8.646201661768666114
   -1.616992670520962738     2.003729028675888646
     9.31137748550103872    -3.927888226004944361
    7.747254102084847993    -9.334155082461423447
  -0.4549684948982266053    0.7699599346713461578
    5.098419138011604623    -9.072481157555518649
     11.4273453965025098     -1.22243283888861809
   -1.769331619214187912     3.006954181562876638
    2.562921209879104101    -12.09452761411624166
   -6.065122344269660459     7.653404439865258091
  -0.5424672128892635836     1.186081679893339125
   0.3694465928302377855    -2.822991026886042309
    4.027296597855312577    -9.530322003416468846
   -1.511023377019471425     1.248072836081097092
     1.39207606998657063    0.6784808785601309511
    5.305006017293462328    -8.265021700230516188
  -0.8227007683784552938     1.883538372226807311
    4.405830913227077872    -6.341599422250776108
    10.25517879349925288    -3.002378632097729483
   -2.395138124062270002      1.75902592560959814
    5.681261681465770152    -4.023535522959954314
    7.156648144174662107    -8.290090022987591567
  -0.9690713804898585249     1.516619102018248899
    2.600342261227599483    -1.376906524669594623
     5.23567359240175545    -10.17759114482448446
  -0.5735871307380261408    0.8262751818149804972
    7.024910033475372018    -5.169990560218456821
    3.157495047097990781    -9.887599646346926008
   -1.569620091821256835     1.051037018796541211
    6.480838109089324561    -5.571311823932457941
    5.052694545130316683    -8.275491069520423792
    -2.26746148713712925     1.513817342367359098
    3.742394555262549716    -4.764067788522578617
    8.575402622835291311     -3.94971251112647348
   -1.669745987770723028    0.8596047788733269801
    4.843593450890810281    -3.539014343070380875
    6.320791427478392954    -9.727325518152577288
   -1.331914835094690774     1.520816389564862092
    2.158754288891980178    -1.284272153617011858
    3.410130046964113593    -7.651604705584550636
   -1.185636039604339498      1.28016373958232732
    1.086416788261458155    -2.159251998325462107
    3.389523050023830475    -9.741730548764246933
   -2.040212939238646328     1.508202627161898235
   0.9203580077249055025    -3.068128358813195788
    6.298694129649814677    -5.858575236009664344
  -0.7878774429318994299    0.8963028759382333233
    4.421222599939759412    -4.372064823934074695
    5.988827227298121336    -8.635379861439227867
   -2.518136228854418679     1.942344764418818315
    2.250621600850404747    -1.206407485915723443
    12.06036816277877044    -1.926927158911952542
 -0.04308883562347867041    0.9774213159734760348
    8.336666470090644765    -2.530237765102827829
    3.184975659323039832    -10.90757262818055651
  -0.3231262728722277267    0.8541123966946898571
    1.627744784394095534    -2.478550969534204285
    4.572225177567375454    -9.915867735280388118
  -0.9327854239909804113     1.033684359766087857
    6.114342144841315552    -5.965878423354842752
    4.912676165067623835    -7.316352194265353326
   -1.446566004040245712     1.357446237554081669
    3.760906557776221071    -6.632643782595963877
    6.842708839576242319    -6.723024056623118305
   0.6326795545836405577   -0.4666569498825487439
    5.149548298926277745    -3.668324282294741501
    5.695741555637213516    -4.978254693184955393
   -1.267901122468642283     1.078985135350015723
    7.373402566217277965    -6.549613271411917736
   -4.428628472127130067     6.921961213051915252
  -0.3908855022199455576    0.3035114076842598263
    1.733220001620161765    -1.500706625673431605
    2.679887820946750931    -2.908359006690932613
   -2.086697306658263251     1.966531813265858242
   0.1720182806687697852     -2.39232796036718165
    2.347199252489752919    -4.710500417605098633
   -1.279507455165211693     1.233578814221630626
   0.3894099998667987506      -4.8520999072366644
    6.157827239112767082    -4.657110642364548525
    1.806431623803457454   -0.8078459091414108562
    3.094381494460443971    -4.038293431468220618
     4.13940138229453769    -2.489825801982467279
  -0.8488423569898064791    0.6498125895329107671
    2.706235760401058954    -1.780798325738665921
    2.631368285923295414    -3.936620427921086129
   -2.186842380973205824     1.446516083137792563
    0.979681802473781449    -1.696820139354230816
   0.9852171931337816435    -4.317265756344379923
    -1.86899284606460947     1.170647010414908262
  -0.4005217112781879196    -2.930936602500264776
    3.200944486927009613    -5.486811630896612613
   -1.856006922098332401     1.154393277042618848
   0.3535518885360438013    -4.207201238887525285
    5.506258575253834664    -3.716882713347067213
   -1.697655674440292417     1.354567406003226449
    3.049478869928875735    -4.968693097653539503
    3.834458380745911832    -2.613200983465096439
   -1.707212586876130533    0.7434071638816243111
    3.282361470263860603    -2.035973779606138123
    2.366993080189633503    -3.261849870021167774
   -1.391911295275396476     1.391920156906075068
     1.18397244775390309    -1.584226217343444487
    2.061917194884148596    -4.793217128350470979
  -0.8194096927630446503    0.5347079274311515862
   0.2754652768178361688    -2.640506099066390888
    2.219704445167466567     -4.48248320725970828
   -2.023228305386242543     1.423866072096976687
   0.1867210889457510126     -4.56886303975444541
    6.322829415767794004    -4.629697823978981219
    1.743899717542869432    -0.716491398522478895
    3.131479436637458313    -1.738373340139885537
    3.785336089501121659    -2.794726140422993499
-0.009643799758178715764   -0.5169813051513774127
    3.984748367929416002    -1.459032945800560421
     2.60285376480707864    -2.925150640483540787
  -0.5367223100413719417    0.6113191741919886679
    1.390774183772581774    -1.433392074283290185
    2.131747384866202744    -4.818442920303890098
  -0.4732834459734828747    0.1938446281059324483
   0.1683348965424824317    -2.647955857583183636
    2.848421812131548325    -5.288302990748277033
   -1.625189691616379273     1.181849224453643155
   0.6388451722903476515     -4.96080675295422413
    4.350482165102018683    -3.325010716214615858
   -2.065158209523803023     1.493410139414191207
    3.350191447330094441     -6.20116963081557504
    3.595386952882017262    -2.851346481149868772
   -1.206372247515315133    0.1308036833891426665
    3.980612918486678975    -2.200800536243877836
   -3.564244947637175809     3.900540496755396713
   -1.855485050034921368     1.067676684740745729
    4.836942893486274819    -2.962246692930361025
    2.468275941497387826    -2.661025040521531881
  -0.8989967013489826853     1.479369451201501873
    3.069630763436799192    -1.083956119292931009
    1.895709198752204117    -3.916897904648116491
  -0.6827247344137218343    0.7162032107165408057
    1.252509897551287832    -2.574529523165236089
    3.610320691966674822    -4.333624715278142858
    -1.91596647695497424     1.838979668760978736
   0.7110281672215452708    -3.205074748439647347
    5.416733161655736595    -3.334087392968660968
  -0.6924276326110383462    0.9262357435610307776
     3.99874926233497785    -5.219825928173912111
    4.094532503887553965    -2.101719688292968957
    -1.98719438392148029       1.4897781971952333
    4.885740598754706454    -1.227049009932524859
    2.945845096175019773    -2.433585092628464785
  -0.5543733193933302328      1.58908826549409099
    2.046181883881913244    -1.587557222020572034
     2.22132377097300715    -3.823361266469594177
   -1.538789483117237955     1.290440095231018214
   0.9141328316436306833     -2.86324424065272698
    3.381519719721670203    -5.503161799864991544
  0.03409805058090061708    0.2459755202251733275
   0.6508549577346729453    -3.675633488668957227
    4.358527328751374164    -3.378688721881447865
   -1.759051240714144315      1.43558880257680288
    2.740899421540002656    -5.388656145880292847
    3.999552048378595348    -2.309701549946102883
  -0.9249074664248688737    0.6458853988107124966
    4.550081419076560607    -2.009118455130741943
    2.989518022015070109    -2.347995256634372918
    -1.04451396156553189     1.787474710224254748
    1.905714456808462076    -1.620869377202799777
    1.786265607980729975    -3.885413624934528798
   -1.293841441784318702     1.202555400680977105
    1.103083252701168915    -2.661072161531423674
    3.625817210333416085    -3.596224374823597358
   -1.940054843585051536     1.909233577980113283
   0.7405746795557266449    -3.511526970515784996
     6.12000584355599031    -2.668907509000313372
  0.05473661686276001803    0.8472659726694382609
    5.558215245129706439    -5.168652968954043914
    4.045183506360923609    -1.922435889792126984
   -2.054717717148836442    0.9107000521662639292
    2.757317489590804804    -2.017301958191412226
    3.138467860367574414    -2.160165281001703352
   -1.946424752849755135     1.968281823833400779
    3.051267365182000812    -1.412746710738427947
    1.956583499336121301    -3.694175366129446303
  -0.8266513200340760426      0.94424552581925425
    1.136861575852063044     -2.63781755189712408
    2.959534912005239882     -4.83726634293522828
   -1.797861641026880397     1.727774833490986373
   0.6468087541027243148    -3.573293608089178175
    2.118260593095077748    -5.470072536575000477
   -2.579392946214928095     1.052632444571610204
    3.840775052425243974    -2.967535025650434033
   -4.656195205720288222     2.551040451139528376
   -0.981180381387560363     1.569612094488352039
    1.622912601601842697    -4.233139584803747191
    4.762357269910064694    -2.718282617992776817
   -1.650638678491932687    0.5664531527401357458
    4.193387536945561322    -2.678614359694153624
    2.086245336447015042    -3.071385357245111081
   -1.628954164618400258     0.880578697576937075
  0.05252438621159542104    -2.643777611889390311
    2.150433079875873066    -3.353851451371303583
  -0.9988502757474612137     1.012176825629865329
    1.972714806282797273    -1.891448047146445877
    2.505055783236922906    -4.913083279736778053
  -0.4967158017147912386    0.4239541969417945366
   0.5536098841831347261    -3.000352881373441249
    3.987426562482845771    -1.193528403164855201
   -1.106852557649507185     1.875125661396817689
    2.024293367673576149     -4.28953460721905433
    4.720677349140311563     -2.63236433506435441
   -1.730341915223269522   -0.2802064110967072974
    5.245375635742218101    -3.094807638710172615
    3.102976437008706956    -2.197174434426818479
   -1.745746131209368945     1.313459313963075248
    3.831116892639575777   -0.9250596884367376926
    2.126769810012659079    -3.474921335644501674
  -0.3944463479952354246    0.5084507855663833453
    2.324378132117113527    -1.732198998503904352
    2.818043809047480863    -5.037957700648178161
  -0.5362198490342544588     0.537844771702465585
   0.9803596286908604629    -3.137139625907118035
    3.739480149644889284    -3.193015660336243844
   -1.591399359255263324     1.398191071501139859
    1.204166371638790256    -4.940591490621537574
    4.352495149044030676    -2.424528659200683833
   -1.875597383690028153    0.6807244847074540584
     5.12003755701577834    0.1161395030230430031
    3.151423039102174695    -2.188067908078048074
  -0.4414429296558282645     3.383688465496038855
      2.7059096089359711    -1.445705648356010675
     2.10164666874551731     -3.44392144939765954
   -1.599546329710918702      1.45264407776952309
    2.000593410557762741    -1.840340529140518377
    1.906947948557635275    -4.457324238701719565
  -0.5085817431747255979     0.515246568269989158
    1.125403896877810395    -3.511667344200636087
    3.403867839638008874    -2.679354612481908759
   -1.526935976327719491     2.180529888140590788
    2.121448087378402292    -2.926706314234550632
    4.584306738414253957      -1.9742424846696629
    -1.27961817150587609     1.621321607188405345
    5.025418470232314583    -2.828891025331329967
    3.046112024285546838    -2.449227447330986074
  -0.6049656980019388897     1.057559490248695999
    2.555809469688694158    -1.303253930593671006
    1.972749856165430637    -3.528596741982500617
   -1.540997338522528848     1.344161557619610869
    1.625447468344454638    -2.383477020897791565
    2.763613111500334174    0.1224006775955068932
  -0.9413853164088757941     1.086953623965543514
    1.839525168564314361    -4.621785853643386233
    -1.50824232577989803     2.936824322876294691
    4.415852909891029299    -5.064115420221208197
    4.741283281853679199    -2.776943314615218039
    4.207754511088624305     -1.87542033311810119
    1.853654244690888575    -2.755570177148909394
    1.651487776870405932    -4.615388547241670025
    4.180580722297855267    -5.115860742885560697
    4.608150854877168356    -2.290042549190882681
     4.10098189896988341     -1.93317573472304316
     2.16504112794040493    -3.283153109921976398
    1.481210693337129181    -4.298668891141190329
     3.87642289582537769   -0.4372300587053224441
    6.715466947022410871    -3.142754965132481093
    3.975044023468408128    -1.800566052840420816
    2.348431906586197382    -2.911013903688895343
    1.695189999095137345    -4.104328072237796832
    3.532110530539039672    -4.352844287232310094
    5.175875413508284062    -3.104552541109562025
    4.267961123825247505     -1.84050310280079743
