    3.781424825541684687     -1.09633364611620876
   -3.149548266862335577   -0.4855766295046890502
   -1.491804347131867159    0.2615138353618086109
    4.108438707700004855     1.699481707075213732
   0.6033681244302757651    -1.257248414739805309
   -3.834718140700953626   -0.9100461000624451291
    3.444710978936399659   -0.7037760493005910112
   0.5412905019317234556    0.9005812402618572632
    3.425261793867030224  -0.07463504877787796588
   -1.481636129745088848      1.28858585520488278
   0.9314111998129465109   -0.9307944865106166921
    1.727089499518379645    -4.866008601063307459
   -1.303527445191360767     1.621148876377452197
   0.1604209904911398366    -3.260804222447627243
    2.157128403805086858     3.433888854892466203
    1.707210280272297931    0.4385408076255262744
   0.9778328485060228115    -1.072267877028172833
   -1.589133080946291576    0.5946599537641690247
   0.6611079629999131457      1.84556471994869109
  -0.6005591545519982644      5.58497164564500892
   -1.477933750755977327    -1.501390233574683375
  -0.6421011418235486046    -3.336069690009589639
   -1.142761123166208703     0.577722581348550146
  -0.6339765150985452458    -6.835179147360778806
   -2.406918425392871708    -1.085000244941262126
    0.252816625950168572    -0.272928280515653765
    4.179888855883621801   -0.9649436965954493184
   -2.208156747134907949    0.9651493395235457573
     5.33045165694066192     0.515402639775600413
   -3.202659254537652878    -0.518487678252789852
   0.4700943752095620987    -1.253515815732773486
    2.475022291248812234    -1.750022913712407258
    -1.29759673858556579    0.0403724353722119747
   -1.075091563548228324    -2.962596303034977563
   -1.552458480785833261     1.571641662196216149
 -0.06996830872773092402   -0.2775883222724910837
    3.028243430534415026   -0.3086887500364638992
  -0.3446472383733406031    0.2056096827813602701
     2.04914959101083749    -1.157897595621806275
    1.790690020912555136     2.635778864362564367
    1.833575654615763328    0.6054283135896499912
    2.374012043126080052    -1.297248455710974691
   -1.211686773131168682    0.7181080078636190578
   -1.003959776506221813    -4.617858554435001039
     1.60763386545910647     6.449845376647588502
    1.856966590606957901    0.9337693588294442293
  -0.5526299220733217332    -3.213992988301127784
   -1.740573669862264916   -0.6962498789322518755
   -2.014665399914187471    -1.631561167663297951
   0.9957651639640932029     2.748596388170603699
   0.0807516316099802095    0.2954961731797513536
    1.637238802971080487    -2.349043891165508491
  -0.9764056630267067272  -0.07262278279830872152
   -1.942353279762696561    -2.969442430898713958
   -2.836870701020576035    -0.997301928978099661
    1.316278872309033288    -1.513093771659397513
    2.680630811453195594    -1.837824058820688444
  -0.2073914346491900484   -0.2435471531644220478
  -0.7483116059387381336    -2.830296979464547391
  0.06792632280667186551     1.253367804364649896
    1.678784251607292388    -0.548615724468926258
    1.173718463965687464    -4.513298401657175773
   -1.133865303502498145    0.9542186034352269086
   0.9005987763412341973     -1.65772477760478143
    0.942614533496405449     3.948382442628178168
  -0.6971702736862179783    -1.132813576268253186
    3.745011662680356235   -0.1456140887367794179
  -0.7687229176742069736     1.432877620734844148
    4.392018237353184418     1.558202699779887013
   -4.392177530198494217    -3.625628992018045782
    1.716326316483103076   -0.8742645553106679346
  -0.4603915449799637627    -3.501315084761811303
  -0.2708699111899084966  -0.05461468515592660111
   -3.027088698847581139    -4.874979037461050879
    2.416468710926807262     4.483280477383239315
   0.1008124557424618928    0.6105120488718110972
    4.350884729828007558    -1.222205623998313451
  -0.9231909348303205531     1.696279354847142429
    4.850542133378093368     1.879134248071141711
   -3.827543997859164548    -1.046412783937778146
   0.8705157900569756579    -1.143997443096870015
    1.541079169830323004    -1.315351394707385602
  -0.7624379726373756716   -0.3465274158080606792
   -1.739092400364738333    -3.962245036680021482
   -1.208820569144178236     1.749322350728458986
   0.6197381394143480771   -0.2001407291448964176
   0.9518769662775060647    -4.382227809928017415
  -0.6420026014485011867   -0.1057013783117216055
    1.480191894011415821    -1.755755117524504527
    2.052624306987525848     3.854568198116199884
   0.6144543005775339184     -0.64032312304960326
    3.754429224389272068   0.01619513473060561759
  -0.6339263737085323314     1.561339491297937254
    4.182097968532389132     1.140809745949171727
   -5.365710176917017904    -2.711460914760907226
      1.3983344650465801    -1.685630148781229964
   -2.091846247104421685    -4.931593370554153921
  -0.1940660502944729082    0.6278705906880127641
    2.783908635121838948     5.068613758349811427
    0.808609093487695052    0.2114286004091685822
    3.841820997400625881   -0.1030931710279883173
   -4.740906934246023496    0.6803688791793540691
   -1.053697958054210293     1.868451941136867411
    3.552861973596506129    0.5601897544650119576
   0.1845820225625892375    -2.938790475354077447
   -1.314763127143032451   -0.4328291485697616237
   -3.112519235421533192    -3.755090921642610269
   0.3946463241111092257    -3.210644278599249279
   -1.629065177019734412   -0.1897596952842170726
   -2.143587997461052108    -3.539264001803228421
      2.0248149943340219   -0.6223822445211324439
   -2.149586903669214344     1.277193711715088886
    1.903614999083942161   -0.8119136667199199353
    1.096333734719859621    -4.400244123293187926
   -1.307503631061300409     1.281768548627746585
    1.425619659621332858    -1.303000892210487205
     3.37405710588452834    -1.835810070268226069
     -1.6619461550342427     2.084101389694295481
    3.659379182062351354     1.288679485672927116
    5.717601651081547054    -1.826813538949591198
   0.6975272680386800372     1.461263153804819748
    5.615585317760716677      2.76711182259250732
   0.6375823389524157836    -2.987668954052940418
     0.19128839213255594     1.292420631270656983
   -0.766493072940613418    -3.335708584305502544
    1.067255507278456639    -3.249766778774105358
    -2.16329763435282274     1.366071622640711691
    1.690370280353443277    -1.099894211105456376
    3.064066567373171512    0.4614186116540608396
  -0.7539737387479457098    0.8411283309332620028
    2.181857619897729972   0.08491511562596795737
    2.270635003748941116     -1.29806933299315963
    -1.67180740873995215     1.265738881352518996
  -0.2763920787787009226    -4.854805892125035882
   -1.516697186104984052    -2.583641683971164227
   -2.710447822047712396    0.1696959236304232954
   -2.521788418983421654    -5.380415508521766199
  0.08560024296780197051    -2.868151174521688773
   -2.309825386181237672    0.3485602158199823664
   -2.366121614295089159    -3.054232985219532903
    3.001431622340272387    -1.238622931754151058
  -0.6342962919486342388    0.9809665269437752855
    2.683859067964988299   -0.4394266707052305598
    1.057870328958591122    -4.831662668444882236
  -0.6625408579946322485    0.4754967079048467715
   0.7252370840642972105    -2.092357942697843143
    2.816600985181899386   -0.3782570592962513079
    -1.89473217062429522     2.154482657180241123
    3.495201319783203697     0.795687155017889558
  -0.8009197062678932166    -3.333743177791361312
    -1.43414999497656348    0.6684571514030380746
   -2.389847843828588836    -5.957130851726667231
 -0.04903930672159746706    -3.069627905040884119
   -1.698976908440560818   -0.5169757563977560588
   -1.756492158049648422    -2.503698818118856195
     1.49212684024000164    -1.255536346307762008
   -1.929178159277714411     2.596935071047601795
  -0.7460434391558530276    -2.625781915031922598
    2.218132460402341799   -0.5577163515064782473
   -1.454705368274395783    0.8645085473667581955
    3.143935196165938972   -0.4344686730719399259
   -1.187308836235780873     2.945161818870865034
   -1.349804709666136304      1.62820991299621376
   0.9032372577600292773    -1.737918896117912393
    1.536861511442933148    -4.978682346601894793
   -1.483708207769906195     1.257363542038477666
    2.612147014372845355     1.703607787174610699
    2.693354916963646151    -3.018511393369668117
  -0.9247303439454873653     1.512567614140069683
    3.700577776268512142     2.817322992165708584
    4.488725774088234033    -1.208930243690259365
  0.02260625099355815723     2.370417015869138222
    4.613168385831854401     1.291512814678360765
    1.838965852665508827     -2.67623558953847418
   0.1878761404717493033   -0.0113376498086387844
   -0.179289808936074796    -2.068228559549635914
    3.019554880746185166   -0.6791051531246240502
   -1.290062945733384536     1.295714277990078545
    1.866839126110589886   -0.5222693976755110601
    2.762842117094091776    0.3651990272826073913
  -0.2128598394759549373    0.6478872618739660583
  -0.4745648297165342977    -3.269988967557174053
  -0.3903078342909609977    -2.975934083486959203
   -1.167409581251745765    0.3784175984469014264
   -1.541774958258851802    -4.525953501020323344
    4.744635785172008902    -1.053803465994723743
     -1.5712164560989752     2.540966374799614957
    5.507794887216253876    0.5656309125396528081
    2.175434180122173267    -2.388743122720588197
    -1.08960470136392118    0.1356185721664665556
   -1.273464407666493381    -2.645128015693470669
    1.237330148051624334    -4.081207883698644956
   -1.328425354985136808     1.306448840450424642
    1.330699043157813399      -1.2725178678019895
    1.617909311840571629    -3.981008218043024627
   -2.054059025852152054     1.918681364485102181
    2.665367434058180329    0.9414256520378209148
    3.676106570179475508    -1.830016476576672213
   -1.160281395850929931     1.840158065447738078
    3.809238445415686236     3.039067066139646833
  -0.1811644721514873435    -2.769928900856247544
  -0.5279222813626935906     1.254583771399989223
    -2.17620139793118117    -3.575091718621461911
    2.352513212996339753    -1.900331410564108481
   -2.326065464305568042     2.094822023824629564
    3.204050821857995945    0.2637398917086873351
     3.10098169108123578   -0.8234747810931825063
  -0.4452414307466952548    0.6015751421130762777
    1.165725140027485285    -1.389073236875457251
    1.537489692185301626    -5.364076045634966761
  -0.6851306975177979819    0.5881852274954257886
    2.674253718917932954     1.211476102636323438
     4.12315080170659698    -2.168822491444403866
  -0.7923371771442699885     1.601341348229964767
    1.152932278280742295    -4.632310629521496637
   0.2213610759165877684    -3.080288310940082486
   -2.417911763057014163  -0.08572766200579758078
   -1.740552939557598489    -3.566479010513591064
    3.677719764294842708    0.3790661950217146803
   -2.276606918872974283      2.76418856544413849
   0.9625160340375866763     -2.87365217594702882
   -1.323702924601047659     5.645486681746462843
   -2.123098623968433074      1.66698347550190018
  -0.8665423346216737377    -2.443761179574598597
    2.951317379714439859     -1.10015734815676347
   -1.726123245531008044     2.407515997648056238
    1.594637926593744037    -0.146718145873577871
    2.879390269430758043   -0.1879278457512212341
 -0.06830555397514795346     0.290217526328189146
   0.3907964603524852198    -3.103838868849405408
    2.237394731402387649    -1.483532833853961286
  -0.6265690461295347902    0.8743677484676991574
  -0.2852659435139067168     -4.59197535995330508
  -0.7291683871609012657     -3.11401470925276147
   -1.864160972875577027   -0.4726393584928339497
   -2.555460943501678184    -2.764913185436811638
    3.223237443808271152    -1.261501140207449634
   -1.521215329516231618     2.381574132440172686
    3.707624697643952416     1.204111500282324831
    1.561639819658162009    -3.567819198908886769
   -1.347753308285539298      2.37298595109655075
     1.46088955197785908   -0.3789636351996660824
    1.469183138970622027    -4.295657067536302165
  -0.9456899030303674847     1.564561539375723287
    2.319917560145126512     1.505763663160573529
    3.321521844265675316    -1.260629179480986073
   -1.209248117716265281     2.288057479222795454
       3.263459870657897     3.044570800464354576
  0.09899935659138790756     -2.85383731389316786
 -0.04507400356462819974     1.212436715254394226
   -2.244647817683854019    -3.363885774900865044
    2.842293114355915584    -1.569643611843212661
   -1.929377612255728236     2.718158536012701187
     3.92152296371518716     1.150986385039713511
    2.615398270117186286    -1.475011557061244982
  -0.8259355188468284759    0.7907067344812881426
    1.211555917804781002   -0.5987055705501546088
    3.012869628754514473    0.3882245542312262598
  -0.1138719325056096604    0.7004117197738333189
 -0.07684155166835970885     -2.76108072047169717
   0.3047053109885357047    -3.185054491251479103
   -1.169987374572831085    0.6887335866208633695
  -0.7280263767402066488    -4.306669126027555805
    5.328498711417609002    -1.205247859366729068
   -1.246333923343633687     1.695871450036729788
    4.936514339961359354    0.6307971492571443628
     1.00659702243441318    -2.945044626356889683
   -1.650370562858691548     2.154753784153449647
   -0.866084095301888901    -2.416090379472646266
    2.939892219553938979    -1.186378588135064582
   -1.887151011527518962     2.394567334275045312
    1.335222139188363411   -0.4303343894734683039
    1.290437233150964591    -5.488021840313074939
  -0.4231159306814195054    0.4541308114985150302
  0.03044921571763626461    -2.772324164965622284
    4.065813985221229387    -4.416233428595296218
   -2.421337121796672154      2.37530622818414594
    1.307102104615370797    -4.249464171672577173
    5.130685702882308519   -0.5330386477411614976
  -0.7736462865324651439     2.116866886955601323
    6.122509949222420644    -1.527113983638858974
    -3.01761662007460707     1.374316520105967721
   -1.420914942710914231     1.683453336962837943
    6.617601806737237524  -0.02041117439381581744
    4.150494915624105552    -1.109998143638473822
   -1.961318703209529168     3.020115870351328446
    2.967548522031131508    0.5750759737503610136
    2.330212231621586305    -2.327585159495469735
   -1.785575472846975043     2.624683624791629644
    1.014929952498625498   -0.4874655388848310733
    1.762166041628569602    -4.415258648586386947
     -1.6271440268787698     1.750639789745177977
    0.459456698451103096    -3.556774787131412374
    3.616775221399358475    -4.254651105335089056
  -0.4937182693595345562    0.6722148403603348532
    1.659095228206828532     -5.43986401251060947
    5.133971675568043125   -0.5409722091506127262
   -1.890378027028262631     2.915768702280777891
    5.626069207622867552   -0.5127634673037130275
    4.159427126582053269   -0.5622717205899628867
   -1.642023395055487223     2.414324980755989891
    3.886981972100940652    -10.15240047068456875
     2.37170466106954736    -1.221053624256593029
    -1.53301819020657093     2.057276800200058542
    1.661847896084555964    -1.679212705460255917
    3.308849660475051468    0.3590353066185733022
   -1.079263643661948713    0.7797353228472635456
    1.813898036704165495    -8.149725745156029433
  0.08312041324630506378    -2.481394576735139079
    -1.93907410653416723     3.487995140293119078
  -0.5919093955326190093    -4.488689545310971418
    5.414967657734407247   -0.9430360951652336787
   -1.870850279614922229     2.990451050977150693
    5.681962209290989385    0.5396097235666524883
    3.614296565376032166    -1.368233001026200268
   -1.827704436800301702     2.421804451411867287
    2.007888466961619489   -0.1417603902631463242
    1.998441877728314608    -2.892644012595954717
    -2.03461975757015745     2.709380313822334685
    1.054822430191375782   -0.9886819025316762044
    1.722528418773003001    -5.064546753824261671
   -1.397200656529923091     1.098823916893318264
   0.7611399648179396626    -8.060875603747776452
    3.378380140394600328    -3.164282207740655828
  -0.6000205632567279235   -0.1638416260175313277
   0.9244686889300457455    -4.118240381718512921
    6.636355700087837484    -1.605070023233910348
  -0.8247680071210866659     1.893801116879098689
    6.748555684647981501     0.338039625716578751
    3.801096795665899197    -1.279274116397721039
    -1.72168676082927985     2.879170634978823973
    2.329672686879363575    0.5877761053887627929
    2.052471057196207926    -2.712514030488660133
   -2.086616684120118137     2.977012522734271194
  -0.4725307318859798267    -2.254104963593285493
    1.656060998292177677    -5.531965647013389997
   -1.187755617114091056    0.3621460658916563768
    1.949751619113178513     1.117489900900424882
   0.3609817129847145978    -5.195872198557611732
   -1.578274869713877315     1.402707926725957899
    2.493987590743098615    -1.335065259096471779
   -6.291983749911002732     1.229504102382049213
   -1.864385228382054116     1.698088799867303322
    1.822524479435027267     2.386813923809461446
    6.747859177382878215    -1.124832696658621511
  -0.4285178835604105396     1.530385360714782816
    2.800632678529461295      1.20646956736987887
    2.586995469181355478    -3.037789959709844112
  -0.6283820793264295324    0.2456049050363404429
    4.225386425981648486     2.301881179839200264
    2.769391970655808333    -3.817596222330273292
  -0.3398287013292542458     1.181470844454628022
   0.9486333741043554424    -10.19805551169455526
    1.448393085611322073    -7.781434247687393224
   -2.142307112294683513    0.8469414753907161808
  -0.2792936218339235888     2.671710973117253474
    2.522947140768907026    -1.411552676038467791
   -1.382129235648319909     1.816803356919135526
    2.373952901691946504     2.055671418537005746
    7.460681278504447178   -0.2401823537818210952
  -0.2476986650277592517     2.207791446673751601
    6.388197512569172787    -11.48668636474517868
    11.21220136367124987    -4.789077577883504411
   -3.238090565314285296     1.621015674945316398
    9.998111683475208622     2.148221679213033752
   0.4059969620217239172     -9.05936613782077238
    -2.25166839751122394     2.445372575100783763
   -1.735052570447929599     -10.9604535332883426
     2.69068531107111486    -6.682161408674695657
   -3.973817482297406389     1.221731224413734163
    15.23217958278049089     2.733454717184675253
    3.361002314504118349    -1.082295155542176035
   -1.699027359190367736      2.29275204019076595
    1.578884965999273637     4.190158577581602373
   0.9064637320892190431    -3.013598231492049528
    -1.02724612903966972   -0.3252066584473740085
   -2.302950442120157426    -3.412713180939437319
    2.889812625333677332    -2.721328927500525019
   -1.586019409118945678     1.231753917075671279
   -1.222577485804274833   -0.3040989090903709613
   0.7941719186728549706    -9.233685622019017103
   -2.661168467158408824     2.965983147534295039
   -1.336475635720751676    -11.12477355552423042
    1.846272050755193739    -7.184753650972417915
    -3.47981727987328604     1.028219033294252238
    11.59185294868056104     2.522762862329765543
    2.485149785565285097    -1.565786422275120326
   -2.014709630984018673     1.352453795635986333
   0.9143171934573373072     2.773985142063184028
     7.77819073063925881   -0.6811723801458512417
   0.1953109712379405838     1.456445701878100518
  -0.9840608529891076151    -14.94248288420126691
    8.478983640581651215    -8.130491695132731067
   -1.863173863494466787     1.835206631156804047
    3.128930238258705643     1.370021232614093032
    3.489801936033434249   -0.8456178465189005955
   -1.984431651176861822     2.525074248081134343
  -0.4793929927345462194    -11.76492477159724181
  0.04072244257609324708     2.340177188543947739
   -1.951872076646837595    0.1819957128638933774
    4.488121963804597492   -0.3779460947632418133
  -0.5968477065832974437     3.460196443069535555
   -1.434764176511289735     1.481382709812946175
   -1.463224791955220372    -9.588843940064991855
    1.615522709346404184    -2.834781319887133666
   -2.462036737233345818  -0.07067847361360000968
   -1.741684126768376917    -10.00935611123866487
    1.806070350807599256   -0.3968632200743328897
   -2.492495545901042053    0.2017999221453405101
   -1.794817148480769342    -10.63062818134601351
  -0.3574038572003055414     -11.1508326263530364
   -1.694422843408576407     0.701814230676432671
   -2.176639871656589786    -9.920437822865421751
    11.19578675199176132     1.639059353615687886
     -2.7705387449965313     1.934871432307081029
    10.95391963649242406     2.497494722913089493
    4.646282607439035317   -0.4011898741348911002
    1.153498587507171935    0.9200054174599648915
   0.9876783636523362997    0.4201441465715675672
  0.09365607550129106951     -10.4949247266670973
     -1.5737119501165302    0.2462187870050318306
   -2.101842942200244924    -11.00088995854107132
    11.11296076279320033    0.1848787773044185401
    1.157866994589390464    -1.679490995684614463
    10.37103942935077328     1.811654132426024244
   0.2220362722792092458    -11.81227464561655438
   -1.453894023907899902    -1.777736575908389849
   -2.014460905495937482    -11.78656223648969004
    11.19118895807275571     0.812042638171108222
  -0.8290941697362571583     3.488971613710187825
    10.02999179371746052     5.954858756339499237
    1.355348229915467329    -2.164217247605605632
   -1.183312774673380474    -1.957478693460770414
  -0.9009255182127497985    0.0382247366368605318
   0.4078537549109331195    -9.479749046712148797
   0.1087613487433539972    -0.128010425857124327
   -2.874995598220873472    -12.62794465879577288
    12.00389591663668654    0.3985031056770716451
   0.1021454119664298443    0.8332324132754178603
    10.65441222715129221    -8.063694818488327698
 -0.04960380102339358166    -11.12929613476191726
   -1.609206078537659401    0.9865934018252892068
   -1.107148820501241193    -1.088788755874972258
    11.72574689466705955    0.8985054118616349061
  -0.7759701458487558989     1.557339195262867015
    9.226507647081373165     -8.45563701792003819
    3.244291565097408903    -1.118129292711359302
   -1.721878714128006527    0.2862059217306632819
   -2.476560284995400707    -10.60465554915055009
   0.4165885714932153205    -10.10721450614553163
   -2.270633003880284662     1.207658525135510086
   -1.743087519230534399     -11.4119504665427911
    10.34806111964866204   -0.2922230151507940188
   -1.986619469848031061     1.952528973261070888
    11.23738958041303526    -14.52383523011310196
  -0.4565503982454637844    -12.48999331191171969
   -1.445449516268703105   -0.1758054383784903585
    -2.06687416634636012    -10.94276314392982918
   -3.576640784143254148    -6.016301837977222178
    -1.00575577360826407      2.33035258237839793
   -3.318640386692449429     1.185875046834618862
   -11.07280019733699383     12.76895304799416486
   -1.877560804069783984     1.133659995938438136
     11.2538161572087283     2.522625138745048456
    -2.29554499713745308    -10.43902929377192379
    5.818638057191103385    -1.051465448139381254
   -8.926247117656378904    -10.27000697436858623
    8.245454289966428263    -9.667711253388290515
  -0.4049661893628399567    -15.36903513772360874
    9.555450961005135468    -9.841920423533549567
    8.251722758075249686    -9.897769488526616755
   -2.498498571392129275     1.086089000898317947
    10.58224672699907565     3.604958284544714342
    11.60286094278093394    0.6720874767914287728
  -0.3183453377402014617      2.08294255412606466
    10.86224726910111471    -8.447144577193927972
   0.4922288190174605171     -2.08373248866066918
   -1.528355153856061355    0.8299194460146187557
   -1.978331150195084875    -10.79828015362407001
    1.440215959002786983    -10.54250943856209766
   -1.178642639888970889    0.4937473914821136622
   -2.259900643311624879    -10.31231145738235178
     10.4221978211920252    -1.079928682303236576
   -1.835695974329892177     1.412909118634178229
    10.99585562619523493     2.500790141273301348
    1.221116427066411214    -16.47172347209213328
 -0.06988821193578202695     1.716740767469944418
   -3.287980534472881189    -11.47336999349003861
   -15.44431886021057743    -13.15332176116674212
   -8.943831517326541913   -0.1096964831989210853
  -0.7938071352558857541    -10.62068641817444004
    16.02723408287407736    0.0995723979613923893
  -0.4002174791185321157      1.35528304333364491
   -1.431942772239075623    -10.85456961084535266
   0.4135980815887382311    -10.63258956745471373
   -1.486049310677219015    0.4350528269822885874
   -2.056181689273015145    -9.975419591199985447
    5.370818299055090783    -9.719695197960801281
   -3.660197375976886658    0.5068081992772170974
    5.626544069322779507    -10.58768487943562597
    11.02808667651078878    0.9911834970182832327
   -1.851633152706865015    0.3741066560074521874
    11.37305320274171905     -11.4095735788377155
  -0.5273203328935939238    -11.91184721882881092
   -2.074836706453917046     2.058058168658004838
   -1.816111709072241842    -11.07284936596438918
    10.92285437876386034      3.79331813368135462
   -2.014065137680487894     1.498585570941375567
    8.435351918821995199    -8.931834269490680711
    -2.36257030332627993    -11.39436109060752855
    -15.9622372064147946    0.2225340980616705711
    7.635474215564432399    -10.42133387914216236
    8.895766065729228345    -9.583262977862000653
     2.12062881967769945   -0.4323972133713783195
    8.111005768939190119    -8.807821630528874124
    10.81009939147056542     6.213799145135851631
   -3.291719697018141488    0.3055936299657707189
   -1.447671425125239386    -10.96306131985068255
    12.04074329350265771    -13.02021785021852729
   -1.708096966518810156    0.1070618810800749166
   -1.112065629474373596    -16.83593645298049424
  -0.4239976501206942916     11.20680209355466772
   -2.336337773519658878     1.230813533311097441
    -1.74923028964833982    -10.52417456181348854
   -3.577773646784105477    -15.16520363642968228
   0.3860873398901973896   -0.1170063671479152773
     10.6735557787240456     2.908182872658832352
    9.838402070055819237    -10.17970826516792648
   -1.194527149031144431     2.128174915488983743
   -4.293542570838445371    -10.69744053252744465
    10.50924147430036015    0.6945673126041708167
   0.6706828749419520008   -0.6902534460090374857
    11.54327873011494887     1.959650831359362355
   0.3257986222403198018     -9.62737999172606429
   0.7803012596913302401     1.130549880890929781
    -1.71261395580528486    -11.45642102867668832
    9.305040098589227426    -10.77628373314126442
   -2.036156212980534619     0.652766487929921202
    11.80101982954901807    -12.49931442805907977
    10.38161447908914603    -7.921785889625444277
  -0.7848315487103459942     6.021428771792606938
    11.07656484491818283    -9.131389586013710868
    10.47598437581602049      1.32854285278046258
  -0.2906399459528729023   -0.9993342629412781397
    11.48017828349075309     2.122618462292408026
    1.500062785352616057    -10.83788657727834881
    1.511871318330059166     1.181584682177514445
    -2.86557630855205181    -10.38503922876256347
    9.553270770911471033    -6.611473950919626752
   -1.143059766881451722     2.591423194479965719
     10.6046977537790621      3.31871121873501318
    8.888971746291520759    -10.48202217108324419
  -0.6251003819458471611     2.271615086604088063
    10.73401067045090151    -8.751173202569198395
    8.413017273954922715    -8.605178867596103842
   -1.099884197035979394     3.265077055908335968
    10.72980883103168992    -8.186256315613832157
    9.725422301741502906    -8.739013305985803726
   -1.045153980553918727     2.325447308817954362
    11.65780459661761803     2.268293341135632524
     9.85334873194933003    -2.582423363212341449
  -0.6219410029707359566     1.657761234811025997
    11.67595680476096476     1.271435038880724289
  -0.7291797441011174108     -10.9402874381621924
   -5.306344781040326808     2.105474134277440346
   -5.134086142894574323    -11.84502976046735334
    9.499724297970576714    -9.370047194815906977
  -0.9452706854786645518     2.523782327479837662
    10.73998300418167418      4.01991523871318801
    8.966014836496642104    -9.357143556975742626
   0.1371208618386011713    0.5241507317636407981
    11.00372008660465362     3.106045572919436282
    9.554824250666284158    -8.469737205410336145
  -0.6565450506562501287     0.812694967750431041
    12.23380224884667022     1.798829487634035829
    8.298805445393416136    -8.992247641015678639
  -0.2220630825419173671     1.538492635951353105
    12.18395478821559585     1.870059508567012418
    10.64026005382839024     4.572414594432661517
   0.6302946285633058698     1.884810467854493243
   0.1286919022202732688    -10.44635990663255143
    -3.18741617764216878     1.136449950734540915
   -2.080539939948045536    0.6854787819632643942
   -3.208162123495873708    -10.09156302297485297
    11.05110840808280948    0.7249479802669346329
   -2.411387845652144257     1.928726992506475391
    10.59221913209318089     4.550285410376535999
   -0.885589214949945247    -10.10251579782220155
   -1.146049589837574434    -0.686685107939621453
    -1.72787907870033508    -10.66575251616049513
    10.64792449460520274    0.5181140913551334215
   -2.289101015404717554     1.518536124280752686
    10.82539056836948177     -6.90198532336415127
   0.1064653178560809182    -10.71882236982882475
   -1.746712514517145598     1.012553491212836887
   -1.978668299208097281    -10.20026434892744049
    10.64054162205847121     1.745301965372007436
    1.965097795099907119   -0.1912538086227568157
    8.915099551829111846    -8.088191271166335738
    11.14596125164950102     -9.09500372345573993
   -4.896357665843753537  -0.02274771955886363203
    12.24607139698228586    -10.04839671251333222
    10.90037828280179966    0.9062983596369624806
    0.950220269599935996     1.031551432874849406
    -2.91759820219691246    -10.88724571195467306
  -0.3806173311078316357    -11.01982961453528809
   -1.616488458243573012    0.7662472292695603482
    -2.55197427502339913    -10.37094893164117515
    10.28523751246103579  0.002172780838154751357
   -2.114022497154376623     2.396589110430159764
    9.550597336834540485     -8.45833281290745731
    15.26029051956254889    -9.693897953839986315
   -1.808209784362681205      1.33989547123536723
    -4.96433938637416361    -10.29652847438569552
    9.159090133008977119     -9.90665643279403163
   -2.583794467045870125     1.134953143015138055
    8.674664225148230656    -10.41470273664846857
    10.40602394150117505    0.9523253800455171447
   -1.782937618505336941    0.8302229952048937323
    9.713765582981464419    -8.792896918881737633
  0.01335439742794107022    -2.304969402690306701
   -1.630215117760443588     1.452557498791119839
   -1.694038699945917603    -10.58697377076805779
   0.8874222879061971492    -10.27663157337818234
   -1.623323440536806217    0.8537580931396786532
   -1.925891428542014117    -10.15433023646356325
    10.54959166029780349   -0.6678818428350590253
   -2.459670827751684108       1.3179122683755089
    9.935394806697336989    -8.893075231634597344
    13.40478976040499681     -8.65574566579925353
   -1.481716478688093863  -0.02231091327399574095
   -2.915672459831687657    -10.66480639232956129
    4.156690308215548413   -0.6974252250006127696
  -0.7349063896753346148    0.8478771175050340281
   -2.679963796538693543    -10.61940919385319226
    3.329644317525171981    -1.722282383951606599
   -1.469808856113668183     1.034573688734524932
   -1.849352971851610405    -10.54653151591251259
   -2.763506731722975118    -10.40082291585594199
   -1.627877222959882353    0.9693422953588325397
    7.503234544813520479    -9.282744773535956284
   -8.603606259212119411     10.09004373981618841
   -1.618579942997280474     1.648025406713321317
    8.070157016220113277    -9.155599647862027624
    10.46685961299091261    -1.666205084258523206
   -2.250345305157943621     1.809310912272489302
    10.80792733261030847     1.991769202860017129
  -0.5563176839104040372    -11.09745227070652973
    2.377092414573274581      1.99904309999549179
   -2.197868579988600857    -11.53257850822813069
    10.76294111253312202    -8.509208300311634332
   -1.726763715004433042     2.850167552879229405
    10.25563939179608752      2.11998285526263297
    9.299648461681245593    -10.71867533607085576
  -0.8882887651260232831     1.806168057470587174
    9.319856462129973096    -10.17286901893055706
     9.67352698364636332    -8.868131360516493089
 -0.06779512880253749096    -1.446226748191176137
    10.50534605220602735     2.061596441984510086
    10.50703713424581487    -1.524677132899837639
  -0.4929801393304312218     1.901474280105038162
    10.12918891008466105     3.925170495350860378
   -2.389478289677246625     -11.1738032646842278
   -6.059925722454467589    -8.221300481589931763
    -3.21832153393924747    -10.81306442509077037
    9.629470069343039285    -8.092456587336906537
   -1.589865097949265449     3.282675791669859233
    9.099193719814136827    -8.164725479636338434
    9.013177670852186907    -7.686099022155660876
   0.2165556654886145183   -0.5440232357871148672
    10.21917635295566029     2.418188820046821341
    7.093314592569329058    -9.730934866850919462
   -1.067612786191146634     1.517589107614395028
    11.06445119572906322     1.771705562555412339
    8.594572515858084572    -9.029343485398181102
  -0.3313786795287022025     1.840931625870007471
    10.61480504269874814    -12.25627692083520692
    10.01388035373382657     -6.62470646903675231
  -0.6326275021609846227      3.45405482674451747
    9.463519187876734406     -7.15128565937844396
    8.963013046374626924    -10.81904243241091201
   -1.543290443858339467     2.712298620673560645
    10.23100537657149012     4.084721254381537214
    9.492188767083884926    -8.562612430511435946
  -0.6497635772293636203    0.0160428048642431223
    9.687961350273607053    -8.020381818490500692
    9.867180704679242353    -8.778074882790992461
   -1.453061291300539848     2.194920227701914417
    10.41420495429136928     1.981344645295008977
    8.584940055605878584    -9.832340814623922398
  -0.6964880798144910123     1.695826081130277441
    9.911565965383525523    -9.241798568345791054
    9.210779234083457112    -7.910050899334537533
  -0.6990378207274051681        4.160502965509564
    10.11665646420537357     2.547345127010017141
    8.744844233787340215    -9.456204490972904608
  -0.8498034093239934528     2.109217216008361095
    10.30109116485069443     2.993647252706572726
    10.54582345812898403     1.751314974884624398
  -0.8863770637882302239   -0.7569191430737013393
    -1.02096005120346911    -11.19086547216603122
   0.6581233102345132036     11.69539719522451193
   -1.594546595468230521    0.4079680838823364075
    -1.72246918124657733    -1.381419343096175645
     11.0098666108447123  -0.02223875096554077738
  -0.2139418857154347653     1.404057583315999169
     9.19650348640459292    -9.582733711488781836
 -0.07171167967260022591      -10.267057253633606
   -2.058947798753145708    0.3631920968919382653
   -3.260267707536691262    -10.72512636775344674
    10.93006026020534449    0.3385552222680473511
   -2.429256893006980444     1.560907871670234037
    10.84169740139292415     2.155198917090880961
  -0.5635569131462333514    -11.08138588022700866
  -0.7485732765931421007   -0.9253468272734506339
   -2.102657051544896127    -11.61418897103722081
    11.57001622297949339    0.6660054552236887027
   -2.131454197323400468     1.414501232242493023
    8.762326894307369329    -9.752676722334484793
  0.02122582082331834694    -17.50253782548825043
   -1.348731341500080783    0.2271993074329935192
   -2.049552006240260571    -13.17635535995298923
     3.59470342400188736    -9.807917555890819372
  -0.4793422218206360164      2.37656717224512315
   -5.564587719904263707    -10.42452994161964241
    9.032033564334092546    -8.889315712445915452
   -1.853616371687309083    0.8819706404773055564
    11.51699712809442389     2.172892281662400116
    11.43710527716448588    0.6125520733810687624
 -0.01921692913391135488     2.513533457325329401
    11.16019388179976701    -12.59136046710265688
   0.4526446439603677985    -2.617235337386464966
   -1.735938932575452398     1.088613266393960499
    -2.44715499776820522    -11.00471754485881171
   0.1052557386151596747    -1.287296611453069062
   -1.405480917989673673    0.7495297007457428773
   -2.830756014456539571    -11.17620452764282923
   0.6200442496507061474    -10.15796384018920939
   -1.829649230225205647    0.4029183279919872906
   -4.045491196136207002    -11.39989572038729726
    11.54560713510933923    0.8615877871514264763
    1.877881841364691162    -3.451105148232173292
    8.170510867315993409    -10.08112437698943609
    13.27906393003325469    -9.113923361519105981
   -1.112264684796983039  -0.03560249172188537786
  -0.2937793802325347481    -13.79726792196963991
    10.18300159745046685    0.4768569701867889088
   -3.153569390386885996     1.885299687344571318
    10.32917840834452505    -12.76900938889378878
  -0.5905393655230438688    -11.09490013822856547
   -1.615743305119573092    0.3363591556026815921
   -2.571237239080244485     -11.1252889614594288
    8.649722078877097431   -0.2418129005867747372
    -3.47065270505197887    0.6798168365798397117
     11.6654221916208698    -10.73621445064146052
   0.1934592082349607944    -7.223639945488552705
   -2.628777865791001034    0.1226204029983615773
   -2.340545072797531656    -11.03030940240196855
   -3.391251219845504039    -11.82279651723415625
  -0.8001958731485523391   -0.2126022079667047593
    10.98806613699772861    0.6531645807918481372
   -7.981475753679526441     9.642922826639894751
    0.146157535260336785       4.8063147634110166
    10.22598694381238005    -9.345203777091784403
    -1.02168668444528743    -11.99899856089436412
   -2.196665907277447705    0.1741035940270023452
   -1.912875358762487821    -11.59893638565917939
      6.8146627115127556    -9.660882835879268882
   -2.114745916565389905     1.019095974137891547
     9.73169178288751624    -9.402818102452183524
    11.29362609151786678   -0.3238808464983886637
   -1.020419445078302623     2.652005614773078168
    11.01704574102948975   -0.1168670957154482049
  -0.3729497746578041006    -10.38162303462585356
   -1.946506893054778642     2.940977435496740178
   -3.318111400305566505    -11.17584143457522039
    9.562835428061411847    -9.048850437505716826
  -0.3551903680488498471      4.30902255544405044
    10.26550549647299349     2.699599850787365529
    11.43207510254219628    0.7563680833705910267
  -0.3390603004777200113     1.578719752369959872
    10.42749810960944501       2.4266941385123868
  -0.3357702102443173575     -11.1588704539274044
   -4.065809532258017001     1.196563960588382658
    13.54029745477251012    0.6042627777336456729
     10.5945300992019007   -0.2485608552329569287
  -0.3971708961816212691     1.501657653129614411
    11.45520187570935278    0.7692833322918730676
   0.1030244357429765389    -8.822098400242969873
   -1.850875894372840058    0.9352856749190605612
   -2.669410975600280178    -11.53303284879452484
   -2.776189571560714331    -10.24784066308942876
   -1.918067094555218288      12.0255017332662355
    11.69600067167988833     1.439278588096912559
     9.67525203694042979    -9.903824491874784641
  -0.1316410825676820884    -1.752467546592995085
    10.72969162747392247    -13.48156720878201398
    10.45558857275519138    -9.022870266409446671
  -0.3848558126398049506     1.310706846466251907
     10.4811215554176691    -9.310576061508916368
    11.87273260619008752    -11.04046070710461258
  0.04675193000884481087     17.58036382047487223
   -4.015775723197396729      -13.249853267705058
    8.681002087860637317    -7.541902401151903135
  0.07030395209046612359     3.269558821164764595
    11.02161876325504153    -8.202102858425622145
    10.78320934077385651    -13.57428143732428971
  -0.1390902556263132472     5.539923272835244106
    10.60885209665151763    -3.587587966538908546
   -2.463109575353401137    -11.48717007172679772
  -0.7410156876755044086    -2.527554473887468678
   -3.944618666177291733    0.4084352341240140016
    9.622874641384942862    -8.365036042498028124
  -0.3943373059987020368     3.594752406037708514
     9.95246248311919679      -10.384329958122688
    8.720584297491569714    -9.636855962416078114
   -0.357613037381979193     1.266621073655234575
    10.31149615049446133    -4.870303662928792576
    11.31719685705096623      3.52752312200166962
   0.2490258270362947501    0.6910354466193178169
  -0.1887483943861798241    -10.89206523385331593
   0.8279980701693302469      18.6126601101392275
   -0.491793916947998011    0.2212934627955328859
    14.37389378688068398    -11.64600867089506409
   -6.005056146154723606    -10.84236644096411517
   -2.147463008189704592    0.4270804120925884573
    11.72382441864724356     1.563202199367249801
    10.27868658453882311    -7.813131217162910147
  -0.6622665415545588852     1.515459249496276639
    10.36567415978829132     1.796945579761852319
    11.29360080914436715     2.521679114252499243
   -0.714938984318884696     1.639180535069129308
    9.291881833760866627    -8.787426836825181553
    5.845693507452322635     4.987379972453314103
  -0.8068906102725702523    0.9569559386742284568
    12.48896570315848287      2.07620797125652734
    11.68950010329995415    -0.484226511870104015
   -1.250081172788186645     2.027752051243447706
    12.94863012621134502     1.818262819361001759
    2.491161606466524514    -0.531438481119880235
  -0.7400900304452543432     1.771739652248865315
   0.5940604958111439515     1.405715762350024933
    14.43213527618526726    0.4959671697153041903
   -3.688159279182552819     2.879937041484279092
   -2.903316467304549064    -11.20313043694837063
    12.20997065933507564    0.8987786048303579856
  -0.1477943775942315296     1.046790632256747511
    11.36121238143831746     1.902489074825311377
   -1.153409785548966449     3.860083418991473003
  -0.8389188922165414786     1.589965929122507893
    8.971753438438630823     2.375344621566955805
    9.048880441411489173    -4.274643430432548463
   -2.814129660157494772     1.571602144058616535
    8.622879440436484799    -9.331183410947177848
     12.3125050339679003     1.799550333586017015
    2.374325928936587449   -0.7016227738642407674
    10.64088477208276551     1.938754032821370155
   -2.618126164047258175     4.883606382864463136
   -3.197784158132412013      1.82952605419554426
    12.31756876007512069      2.91698227064674187
    10.27271367373331934      5.87929173887077372
    3.635803916204110919      1.44710096923959175
    1.270765908464032812    -10.42500269651110756
   -5.467172691931505568     6.308119834793807001
   -15.43571100016189668    0.1498942863183909124
    13.17136930291082386     2.400493626718077422
    10.73828300569280714     5.292707884188359024
    -2.58443741664608595     1.742182221442693857
    27.28640274487268869     1.593296415976899194
   -3.272753539839568404     1.122527452718666829
   -16.99114279125640437      1.68573618831777039
    19.27758560930289988     3.096977514607159421
   -1.416703022488145169    -12.37092695671058173
   -2.325218152144572059     2.096983166759997186
    12.90075966043325373     1.963316278622804223
   -3.714778540377231764    -6.107567536965129662
   -2.144715754008526876     1.624661541012300647
    10.67499889419797654    -13.29202281352374548
    8.717211627469604096    -9.785004176862974745
   0.9413620477360273853    0.7619786420399540239
    9.936229035770459461    -10.56329917905970817
    -12.2766177790212101    -3.234233796383623627
  -0.9081559577445724729     1.572884274106213898
     13.6631806230213293     1.449113198417944615
    5.757699222207047107    -1.150195938376639582
   -2.012099645938437931     2.075192054479914727
   0.4599128631587380278    -10.35180775834277789
    2.118089421489126156    -1.388102809115089098
   -2.372137212730346167   0.01322296360779984942
   -2.525731189611461147    -2.490853248863501346
  -0.9159175256359785022    -10.60619289360374395
   -1.244508798610252986   -0.8354402655057174831
   -1.599033622317691306    -1.592194925099293501
    10.61713099658345527    0.5560335005018998134
   -1.036334256417189126     1.951030112525439231
    11.12257543307334551    0.9415870766328793273
   0.2266541397605366381    -2.001211508792947846
  -0.2020174002758616527   0.06105745671064028574
  0.03865017642446085672    0.8350076067586238437
    2.842422495275521044    -1.107266733826877569
    1.155753792670247027     1.147367705938457494
  -0.6418100052404031031     1.962735902652746667
  -0.4704065324472628817    -9.634301595491999493
   -1.489518494608757626   -0.3020228527125748408
   -2.443626751005551156    -14.56976915462459843
    10.89878083046998292   -0.1278597248833671651
   -1.086731367184042618     2.956173262292835169
    10.14463035016530235    0.8321157090518447319
      2.2552286643795183    -2.264330085835396744
   -2.580508548672186819     2.516073821603834304
  -0.8960090112231304804    -2.845576885300733938
   0.9960985346940642859    -10.68270861222235446
   -2.580212383036298185     1.612349678661807895
   0.4410671677249455858    -1.843749129211347038
    9.623517755096131054   -0.5517805275499025885
   -1.346923997746241053     1.433176805546339194
     13.2600261063952054     2.046716332640236224
     1.14913103909454839    -2.177681206791052482
    -1.38940652102258122    0.2014457140271465607
   -2.725563633366692606    -1.402932069284698269
  -0.5734351360488442184      -12.068149698007403
   -1.579776841771139306     1.377987740878846568
   -1.189449783427006579    -1.751368901590034222
     11.4422780793960559    0.3139380717002074883
  -0.8027750084803552122     1.627361171016630692
    11.02370115748461288     1.945017965827088302
    3.460173914215259217    -1.100860178776355669
   0.3244875437203663116     1.241119967521435052
  -0.6596583429123320519    -1.611268208058016294
    1.355659898724136614     -2.77602928720558495
    -1.40977047635334185    0.6161922632210763418
   -1.349112288483271138    -10.59360250155427963
    1.617264028743001791    -2.605044709360629263
   -1.935634332747429909    0.8552487602683674917
   -3.286418542181214875   -0.1817023436903138223
   -1.479256664982067981    -11.58554224116954146
   -1.752745217280968326     1.783923330083365677
  -0.6104549340272080737   -0.4987013660836209783
    11.83029132470430866     1.578200762457899531
   -16.99388484724908821     1.870502895808919375
   0.1641269898919684445    -9.938991202298007366
   -2.277429139797648716     2.481612958707026806
   -2.096893934760023726     2.600161192200893367
  -0.5416382944197987159    -2.573861929768641144
    1.624587675954369148    -10.54391831875962993
   -1.838839333185908087     1.254489682401725092
    2.720455417685075705     2.678122996770724296
    2.126420218824808916    0.2146138499719187909
   -1.798439391437352874     1.879544455612675025
    2.417303325729394103    -5.064764348184892739
   -1.703508991769720149    -1.366655027931609867
   -4.722910918278897086    0.3025553236874466423
     7.92022828825983094   -0.8740669182366234136
    3.218488141975831773    -2.178891475510979614
   -1.878863757476087359      2.20353723313001737
    2.329643025221456831   -0.2913943900086192751
    2.689758301096376591    -1.728006169817446702
  -0.2447161486854222967    0.7844693167615234275
-0.001279047828323852387    -1.997726841618450377
    1.291714865783370803    0.2020340286709033928
   0.2950322894819028541    0.5179691659185111652
  -0.1880019175635783135    -1.473976659470484174
    1.536805792063562937    -3.185672925150679458
   0.3091167632153699052    0.8708127546336087432
 -0.06132275417457343919     -4.52859555340128761
    6.017795065395101339    -1.380610418941426554
   -4.543124670791321762    0.3388754127514666536
    5.487731437282540981    -1.212912584268585503
    8.520051022368900107    -8.404325612356181807
   -1.171911312959602602     1.611258264361185688
    2.929018133725223461   0.05301218570520768031
   0.1836044359182783803    -4.940147350496446599
   -2.657332654303449448     1.898696837415223992
 0.008569347022064233849    -1.160936363551507533
    1.334128863059693693    0.3867168304829721182
    -3.36089314809086126     1.995474100547358853
  -0.8191846066365684464    -2.849118216693266703
    1.050239066383050757    -2.617203648300074015
  -0.9670677158541445273      1.00398363156940218
  -0.4979435296759701646    -3.454558116255802336
    5.772491653103194231   -0.4714934039886861106
   -3.326685255508396111     1.615577496031067373
    3.695403953801447816   -0.3732781604860852531
    1.192916160851562601    -0.815828070930108451
   -1.889399948488808434     1.256543777693162056
   -1.900477217762787996   -0.9969838690425348871
   0.7990796659031943472    -7.642935819093486849
   -2.191125369525935618     2.140938876855965844
    1.410083161034946686    -1.003583399259391662
    1.649195806585678215    -10.48935102408444386
   -1.491578725629415292     1.233949136587678685
   -1.319941757636427626    -3.046873596702431186
    3.831672385646986534     -2.80672879667000208
   -1.854787484828051225     1.730858836000908063
    1.999485808359623862      -4.7544644069115094
    4.683434377844420737    -1.359152134457810579
   -2.947289842407954108     2.223792806053956017
    4.185992906059728291   -0.6454620523774639018
   -0.663554254898817919    -1.886933767187122024
   -2.404229916771412512     2.049792306826795141
    8.484551339518054291    -7.217046333593667207
   -1.500275152863770112     5.784455112893517104
   0.2108723349668087665   -0.2060307240820021257
    2.862232003695966753   0.06526133942499298679
     2.73062611414549572   -0.8614627879218323958
    -2.05396524284381643     2.007807208010760291
    1.498347645454864763    0.1990428912794947602
     1.06326479091957915    -4.478688164577312669
   -3.108077590182219296      2.32141611042403273
   -0.943963965402663141    -4.272541548651647147
    5.970723728251714491    -2.392780429928255348
   -1.943637417357539698     1.344033161524432751
    3.337017072116509109    0.9648979195909755946
    4.490245212506817296    -1.500357524596535042
  -0.8940221009551245768     1.374695548140651091
    3.485232076287004155   -0.7497419599744906682
    1.984861832108923529     -2.94359691477494545
   -2.431496274563182514     1.793599571714380669
  -0.7203077247203996114    -1.910453440026559591
    2.723828359031739144   -0.6092060207867571187
   -2.075884800345912495     1.806114338147573051
     1.50562275692318992   0.03364357635645950917
    1.856656707279457086    -5.622870560670060414
   -2.901416897867540978     1.968272289587740032
  -0.8365035870919514949     -3.93168609692715032
    3.938865738809152806    -1.758963427254129019
   -3.136039230395084143     1.687288764865862767
    1.315616835507302129    -4.764563041571820534
    4.141066452040117696    -1.894478449670285336
   -2.042616461989391841    0.4222932383548559931
     3.92766201046979857   -0.3392255602460172437
    1.789060521422091821    -2.765255151537711509
   -1.672108291126266577     2.020847427817132669
  -0.4687875991814035581    -1.714244265634294218
    1.203286224776861868    -4.378510954344082329
  -0.8911974425267064071    0.6585628347305444441
   0.3821167561026690973    -1.485743462909941082
    1.167431725583720326    -4.285109795382470388
   -3.233171196421662064     1.979030426821894117
   -1.070283732173612723    -4.670018974594336569
    6.856548709884399351    -3.156041865395982526
   -2.029387467050918659     1.257461769365777471
    3.663564127315280139     1.677442992488918483
    4.354891041747617209    -1.686106824955959205
  -0.2603543855139867635    0.7464981583456059555
     4.03751065390875219    0.5184917824731081204
    1.431284748820974562    -2.967572279667221924
  -0.4712050820722161748    0.3704767426277106868
  -0.5153754604719715804    -1.834729055589471303
      1.4528547194664303    -4.253325474576033827
   -0.438673785649457304  -0.03851683930025183444
   0.2266876536851081814    -1.569686306799332742
    0.971749776382753172    -3.478103253326253252
   -2.974200214109632423     1.869201724132245834
   -1.106722484051729349    -4.904406247679995445
    5.415720243891954944    -2.368611103050041855
   -2.737953503760550689     1.484856774670966884
    5.204339562838691258     2.358483157383510331
    4.001637892699247523    -1.179005535457280818
  -0.7283159622522750176     1.906959845319088132
    4.468998696134044657    -1.506500375186716756
   -2.885445493885563817     1.195932729990801802
   -2.128938902831061242     0.796368224098411237
    4.990162039624878254    0.4490355243366415117
    1.961366368046365327    -2.394074398368655654
  -0.4988557745232732321    0.7870112264405226821
     2.19393792590963832    -0.472990390288983098
    1.145911843165919874    -4.233861602855257367
  -0.3860397357659223205    0.2378598810690903398
   0.5922912586300632665    -2.025147792046238404
     2.86094488027544136    0.3597405876401383873
   -1.818253351076213553     1.966672183295805842
    3.127252023459691443      1.38314283912258551
  -0.9898386765433934142    -3.032172269397023445
   -1.208684820755386413     0.457362769121307966
   -2.833742658817091087    -5.463315989450499011
     4.40289207217228018    -1.360633431863529141
   -1.902618893082566487     1.783206971910742622
    4.511051084557768931     1.021632192857783394
    2.014827915422514604     -2.52288789021677573
   0.0428125313168677829    0.4144549696149630313
   0.1966664052198490165    -1.859751424184662438
     1.28624247406375547    -4.187181320701138354
   -1.329623844280258593     1.176953858448449131
   0.6045986330794590469    -1.996722110394546279
     2.60917489044775408    -6.533779942589934997
   -1.741482898667632728     1.511950801333789007
  -0.2662821390627197471     -2.98082310213502355
    3.713659395199919722    -2.164986791605667982
    -1.29096285572803593     2.108235840543897677
    1.818016381017863115    -6.518225940254428252
    4.380486079268024469    -1.595145175935755999
  -0.8173212079802041341    0.1265960451216825156
    4.590006379003019887      0.70778237419537815
    1.995560073328932482    -2.605363013162395269
  -0.1743834424044300169   0.05613940384481246049
  0.03175999489035424839    -2.074643585016960223
   0.9294355897081537643    -4.050575067569841536
    -1.11562235885479466    0.8894458351546081776
    1.037512540390364224    -1.487689646003258259
    2.504359407753951938     1.018967141930183118
   -2.039698135041660088     2.003299103930103797
    2.860894966331334555    0.7780115410229252459
 -0.03471693538244245009    -2.096483578845760309
  -0.9453568560464298276    0.3650430488075011581
   -2.579865148346707659    -5.298168662792305916
   -0.181527184918519352    -3.187377704536795253
   -2.335498336329397073    0.2321248936734664481
   -1.793436288947547474    -3.873827738176886637
    3.070367512273228794    -1.481124197877536686
   -1.989947176370419957     2.261052265292089025
    3.044907375748163059   0.06384021094926334294
     0.93963398644546825    -3.975293847081471821
   -1.421528993994562784     1.679614856854436011
   0.8790090354098155645    -1.601648930742493482
    3.035299442369902678    0.3685558200922891547
   -1.943851860354916861      2.04092715188571816
    2.599402086627343511    0.5268884864801079981
   -1.435551676906266172    -5.815348618848573459
 -0.03724784342828343225    0.6220412363637962683
    2.880899018347059304   -0.3943724425563886471
   -4.917996394054341636     1.299956388483236802
   -1.199526806667682299     1.955046555006770381
   0.6360245143436225046    -4.552281695436042774
   0.8273252799349355424    -3.271714987787168738
   -2.012868409453063556    0.1247573350999292702
   -1.931702927696656413    -4.252051391957987647
    1.315326300088601741    -2.878870317832601167
   -1.800826804273897963      1.01048989707305692
   -2.084239622909962009    -3.446019349842051493
    2.528240877467247127    -1.639462675532726399
   -1.081867601392459521     1.022453878875579258
   0.7823133168216477307    -1.959964502987456392
    1.597787326606854963    -4.857568442540405762
   -1.012558689694699199    0.7921730564052300583
    2.662938691929173096     1.148543987707208336
    3.567017815317276686   -0.6535243575349309886
   -1.060832093608892635     1.832567424938146949
    3.920159865818507505     2.118819308795448109
  -0.7017629929311289816    -3.323794308951990129
  -0.6664262864298987621  -0.09715725656542888167
   -3.209806638646125698    -3.542570801443440942
     2.93250475762477647    -1.755395043192234716
   0.4649981184802923773    -2.214701332426098013
    4.079816980700220697    0.8860107584870677844
    1.129889477819718158     -3.83575529974685292
  -0.5987524846218599262    0.6367339925008553836
    1.181163498833919689     -1.52368745559298846
    1.575742202448235263    -6.162949544176127503
    -1.31661489357490602     1.098984348648598841
     2.92444822705191898     1.045272278773125008
     2.11863261353143173    -1.764650231952264336
   -1.121056842024419131     1.259597803156053297
  -0.5704262429762806397    -5.293024930433072761
  -0.8357301304789945817    -3.376483919566561909
    -2.39282021860207994  -0.07917916674913276498
 -0.08301586484391532128   -0.9598159200056789464
    3.133530403847555323    -1.499964555254510445
   0.3709083683613478843    0.4973666087829158311
   0.5690939061369697516    -2.189450469939511645
    2.793499685613238359    -1.249456991501405323
   -1.709486766009488345     1.280639674402517914
   0.9794726904609610818    -1.539665497284574247
    1.371983280879788714    -5.270362965526332211
   -1.177924608413101426    0.9627834096773070227
 -0.03467215662368886703    -3.069859367601565303
    2.939154277885601907    -2.010016787452702403
   -1.643813133229773182     2.451636206236935678
    3.926345052112178546    0.8995421046708771406
    4.828779867379139112    -1.224538523939576962
  -0.0500090707230801193     2.987598538996646624
    4.369744564309212542     1.906180857366358339
    1.831650799681487696    -2.674314322497233665
    0.132434790530954194    0.1460551336029758118
    -1.19167048518055263    -3.372297732494940803
    2.741131402490755153    -1.295199892865619429
   -1.677645955881713835     1.271915892886226196
   0.6231367584593004993     -2.07734824515275518
    2.681627348122653132     1.300737069166519211
    -1.05176476526381002     1.078882405614456141
    1.269528981246371035    -4.533178443184092465
   -1.168827586206135916     1.739809500725894464
    1.819994181405234723    -3.651324484368279943
    4.594964219870327327    -1.491613924096469423
  -0.3665851935460417987    -3.240382701041706337
    1.678125009377797516    -1.164554633789639526
    2.877419773197070096  -0.09520107842510716623
    1.799001313807230051    -4.071828461477590366
    4.652341347631431034    -1.635935824600238009
   0.7743256366194786189    -3.186297489481878742
    2.179441338696761488    -2.186508576150132388
   0.7702128763351134833    -4.636726619989378406
    4.036386893500568895   -0.7498131902781052238
  -0.7527789596020809659    -3.545234080920656616
    4.094447250201164401    -1.229712419303948812
    1.529158683539322938    -2.893048659885038898
    2.893439260544771408    0.1554335390563778008
    2.611268350568714869   -0.6417845896417023743
  -0.7897296062256362603    -3.048242826994975729
     4.42620071464694842    -1.395998334708582922
