0.01736808481640930019 0.1269312424038047948
0.2294204807390202439 0.02548412422196844399
0.1856606254872540385 -0.1584054574149057204
0.0498261329386793933 -0.06637350948970802134
0.1162357231767305876 -0.03000920478222114315
0.1387714060016230211 -0.02634527338882587666
0.07080577309015508025 -0.2326838722891576006
-0.1514754893061933949 -0.1861962291459286212
-0.1403960292277426358 -0.0525134300270863677
-0.1003570904390020807 -0.1666606559645546493
-0.07326906741325842076 -0.139563095674356763
-0.233060332031111872 -0.02976942187665825024
-0.1936974837607023936 0.1287710020613603845
0.04940560674972333671 0.09059636163015422072
-0.1319672727177593485 0.1312476213027678473
-0.1140555242920170131 0.01531916422766615125
-0.06897559464144868702 0.2042975341177000193
0.1293715720353726395 0.1667555558010266892
0.1011513438169664159 -0.06178159859713832497
0.1252375740436658669 0.09113021973444328239
-0.1327124737849299518 0.001071119052708517823
0.008456396462845218454 -0.178244430485181099
0.03047099504643868695 -0.1944262570929424228
-0.1113427921426996536 -0.1873479618737405039
-0.2195255655447830856 -0.004100474331661840138
-0.004526570016808876933 0.1202427702339037702
-0.04143615624084427684 -0.05192444468302443578
-0.1689605641370126587 -0.03894261075092318031
-0.2078048675964837833 0.1563254018359389874
-0.0005789570618437390667 0.2140148920750710448
0.09438685161782514599 0.1020747167685059631
-0.04629827591152865102 0.0852446665850360441
-0.03456125590262878328 0.1735613441857195849
0.1625616485872097006 0.1823185793577712654
0.2439991314701736302 0.00398568846276542172
0.03478182309221202612 -0.1389591583174258904
0.100867054602722675 0.0326267347093755905
0.1279648796907763286 0.05095277142099601669
0.1889216407187888358 -0.1181472447168676054
-2.43510654206153271e-05 -0.2112772651642421673
-0.2611003208856620406 0.1030408893361609429
-0.07024318932380105296 0.1813168305032779037
0.04618005033652346908 0.0251798887778594653
-0.1250239640318769607 -0.06199078081473762686
-0.1229640992110840186 0.2125653478257670814
0.09671393596410672588 0.2695257117631843502
0.1899815085823196303 0.07635503070577177864
0.1307093021802323562 0.07638203099353535475
-0.06209043027790990543 0.1148187845122441292
0.2041027627064446737 0.1280213815300308422
0.2589647225138628772 -0.09384292348891387636
0.05762983857687891537 -0.186017361151927435
-0.08052302813891640265 -0.009618424115835397248
0.1165434285247302915 -0.03152263762896559407
0.1409661185318844268 -0.1971241394210494491
-0.09673760977112989823 -0.2713570413851137397
-0.1872992826525699539 -0.09051066306975356912
-0.04746008077742523007 0.04569491900019576058
-0.06409981010857090933 -0.1446399025724918186
-0.1798210213215472308 -0.1426258791991809327
-0.01460788972894680807 0.2214987093634217807
0.1889435606420604985 0.200638237690511867
0.2385829047426078486 -0.01943762285929173661
0.1091950082840044689 -0.05786753782527524065
0.1492130342873716764 0.05900954756913323607
0.182329511398305194 0.0356211544303116287
0.2030501956308718159 -0.2109014872601178425
-0.02364095952044255669 -0.1950585068877140893
-0.1011175282014984966 0.006240823487807660094
0.04956804264476016159 -0.09064147268261540935
0.03945460606110891277 -0.1944185798941007459
-0.2007670162064168207 -0.2128774439897518356
-0.2242735471373109302 0.03255659826328036882
-0.1453063505463258187 0.05276814178352782353
0.028266735744072638 -0.1019091402444028821
-0.226691134005145345 -0.009757345671596952263
-0.2136863317760437642 0.1831783478767871065
-0.003255180529773978471 0.2381014330111351218
0.1097526963169411923 0.02536187782714121111
-0.0860032003449364979 0.005607977438876603563
0.05976675250094950348 0.06955582995578506178
0.1341141144747427238 -0.08894347381399922425
0.04392059865563662652 -0.255169203502384534
-0.1310290387899522013 -0.1757049826008088844
-0.08584762374853371902 -0.005801552444380262373
0.06182211328632277597 -0.03364851403483743592
-0.1079790982732024424 -0.1353757461339411272
-0.2647666226549688639 -0.03418121116781517449
-0.1355992164624342244 0.1372292403783684778
-0.1076505103870689789 0.1117168188186870859
-0.03101545506736626268 -0.06202682353416424932
-0.1463280660389633114 0.1026505221632339204
-0.03988288235191882886 0.2595352040282139505
0.1125165670817882824 0.1457207541625546998
0.128931029765054217 -0.03773527109073986779
-0.002654674223967124456 0.04119626117569775287
0.09407885500184051675 0.1545445495056829432
0.2671591793759493516 0.06239306034825353731
0.1621550718555585802 -0.1332926358308080261
0.02485934236905785674 -0.08037938298759164657
-0.02855102529492613631 0.02256731452744950572
-0.04634194207397471926 -0.05357579217596301902
-0.1107826525646841975 -0.04529441699254115744
-0.1093051581891685414 0.06557504621018726831
-0.05684045821663885611 0.10972347668883424
0.02897348059399867601 0.0256699003374378891
-0.02583987187491800994 0.02919283845821407652
-0.02167143197508894156 0.0593840725843408565
0.03972058885466532574 0.1646890563270741459
0.02814461998134276319 0.01287048432441554799
0.01405791640168952729 -0.02845032009104997775
0.06632575475642316087 0.05860601302602464618
0.1240839663038535851 0.04376376329928040321
0.1657629181216405123 -0.05584515323127543784
0.02007987029531726683 -0.03760713984954877631
-0.01999747645934329965 -0.02832443618486974249
0.06317008506011344282 -0.04906350737572986315
0.04157763765666690897 -0.1418546944977105706
-0.05900694262073067492 -0.1354953736601273995
-0.1389734164124542815 -0.05454121621929363534
0.00295175387000729721 0.07674875281772657043
0.00791456632450808148 0.1098234874110301934
0.0001797792105205229174 0.08510466765069092665
0.07428093037649624586 0.1682543184482165333
0.05075417485733729056 0.002271245774425533544
0.06293388673254739218 -0.00438761202600347535
0.1103721657702334824 -0.007648056539675651688
0.00576218081356407244 0.02735746800056795824
0.1200661302678188019 -0.06901382358993560229
0.008970182610821386682 -0.01424984631332719236
-0.007664126128240951116 -0.1258400878537466461
-0.008380032132546627252 -0.06359129550039233081
0.007756247523721870527 -0.02091709124089258243
-0.07790617736269025984 -0.1337828989333657292
-0.03790950827700439313 -0.003834796742551344322
-0.1097205861801648502 -0.01422723681280923039
-0.1032807727206444398 0.01241122959294909192
-0.008959113300483883754 -0.004910310966753326026
-0.07836016462881138789 0.04395510823607994
-0.01192946836791844434 0.01932335224535068618
0.03602951141054078904 -0.005109334094502183954
0.003925844572646312695 -0.002436597629065440779
0.006111633946817241793 -0.001698738991876100985
0.01209151799882151115 0.002561500731708596466
0.07096204948632497955 -0.05984775688925166037
-0.01508264654817631847 -0.1352319626823576537
-0.04119547462404928723 -0.06598911131628645843
0.00456191800344504534 0.01783508021438263633
-0.0109974092799956305 -0.01422892184837734261
-0.002498567783221092298 -0.007055558238097830483
-0.01392213035850913341 0.005668640552674820803
-0.07679985924631592409 0.03940629602953389654
0.004031818849434594225 0.0007879582093433843771
-0.008158089193876082168 -0.00120679758360060221
-0.04811342444647614958 0.08785891622587853333
-0.008083026035340794627 0.009535193526861029598
0.005801776356463705583 0.008327120737271499415
0.01845302241406344274 0.00642732723703548503
-0.000961628512068912083 0.005469720278789177471
0.01663669147657370617 0.0005825707570586989613
-0.0006258844957153899061 -0.0109120375986416409
0.006639835847716684357 -0.01540295957313587982
-0.01515324136586259154 -0.009162915823982228578
0.01384736439054150628 0.03262504834064463427
-0.06507683303574769706 0.006453594120882385696
-0.04200379015033196828 0.007365934272030004622
-0.07571045145069035809 0.06180289332184173146
-0.01003479635507036061 0.0202954944777961957
-0.002204818883253133709 0.05632593947539862173
-0.01775097709710422855 -0.02593234564016580479
-0.004883973596385522351 0.02599431973816970082
0.0205517046065631058 0.03695657080727840493
0.03228412192943871245 -0.02361922937259120295
0.006125921007966262516 -0.01348249137749978586
0.01503097458521431874 -0.002610140160216780757
0.01834430382435408777 -0.01192586113064458657
0.006360567665755522022 -0.02202967490656570701
-0.02143364493796446127 -0.02037245638066667239
-0.001212159416379922708 -0.01380952288805666929
0.01026912794064573434 0.01442191449218084044
-0.0372701538810882374 0.04033148828223580978
-0.01684614299513707142 0.006144178997788874233
-0.03021552112096699549 0.1288637559733281368
0.006817105898491497736 0.03209947032449264603
0.07341306975395965606 0.09284109049674091341
-0.01001439748289133236 -0.004000926891102881723
0.03659745201451062441 0.02767368776989211077
0.05339383555793434516 0.01584939465356731414
0.1382447999552594842 -0.0266839831166985203
0.007216080848782009671 -0.01586773649247812112
0.0284851727171932731 -0.0250647121037978135
0.02267862644318330984 -0.01511639396829111796
0.01387725321366687324 -0.05153752528369692082
-0.0418693211954098421 -0.1494566049447147715
-0.04744939555473447201 -0.05136625165168452745
-0.01952435915074274969 -0.0170733094638308644
-0.04577980122855020151 -0.02959818146302937644
-0.07092859049332020382 -0.03289887923914866508
-0.09864413862052458237 0.02875882274290801274
-0.0709351705255406445 0.05768974578120681512
0.01897885840667451127 0.007063056579303872082
-0.03445952632441685176 -0.02336639826362591973
0.05039030299093665011 -0.00695082762118115656
0.1009398846997746763 0.03760591276438215308
0.02072461055255356288 -0.03003051245836712776
-0.06591488206424314655 -0.05822511755681682166
-0.007980062068957410534 0.01444472591943783517
-0.00143431713579581302 -0.05322372427506414511
0.02168279557339656757 -0.06450486263499924378
-0.02635370429579720827 -0.02997674611559573987
-0.02354338963028301465 0.008484302255833551382
0.03644589869544027916 0.0272930371364624412
0.02163406900515283185 -0.0637286067448876864
-0.01732342818098712989 0.01198375371483842433
-0.06837870762305231498 0.1112356631578151067
0.0505598503267726887 0.05008984674619162275
0.004763018189247352971 0.00681291481314193724
-0.06622117090003715179 -0.02517525847356375315
-0.005005397126364886408 0.03226822556103604855
0.05729038677989457123 0.03138629797735915938
-0.002095325262620060993 -0.1550840524895625849
-0.0195712015688478333 -0.0007744395748487988007
-0.0755544753080561321 -0.08026559478427573724
0.02010081983898396457 -0.006136418463330142736
-0.1218664954037370213 -0.04796347857636304446
-0.01539256631397468815 0.01089975588599165907
-0.08010833403341950654 0.06232548414984536572
-0.02677058273906818275 0.04082309684231742036
-0.01811658108489552083 0.006495956139087985699
-0.008104685012539268596 0.0186797578258242232
0.01773362203491294156 0.1413541669261848266
0.04399724974238612696 0.08090154838465703213
0.04152240255442275763 0.03063998562616841725
0.01711583509322750496 0.02331394922903038888
0.07708375807592149354 0.0351431902563882903
0.03541421209778634199 0.00841067469870493932
0.116680077181022121 -0.06772863807237126943
0.02878318443949260189 -0.03278361196710977143
0.0452762250946457806 -0.07190539998833372914
0.03529605203592567353 -0.05171377990187912832
-0.01062402137467368182 -0.006377708908895565743
-0.07693208582049979039 0.04473853808763623985
0.0224368713873094941 0.005675096575700421496
0.03625248589588676851 0.005177918896521535932
0.007501695180944397551 0.07098086793479950474
-0.04272721864514545526 0.01426149000782631071
-0.00647480505687366998 0.02152450323061123189
0.01384009835652144117 0.006871100408990651887
-0.0006717539984670612861 -0.01907696671874959185
0.1018864817741393647 -0.0111113427810346152
0.02201576175772381599 0.01817375071515571483
0.02113720996395017718 0.003458473944448312194
0.01929183422625111582 -0.0210886150433025818
0.002811089478670564246 -0.008622191146429076733
-0.0002579270278954556655 0.00808899203543475033
0.0128390171372385186 -0.00919231758529234777
-0.02627672383611252133 -0.036827933322259164
-0.05482660834729537885 -0.01096965856190088018
-0.01419514917144070257 0.006094366969654841162
0.04892648823384088824 -0.00170989248062080961
0.01391170337240149601 -0.003440066545911871568
0.004232547761461247053 0.01146076086962912952
0.02396390071186318277 0.09366385457208677157
0.01712776782110597001 0.006017514203038473036
0.001235261308803915249 -0.00934078499621624099
0.008251939500127494775 -0.007099404687521693354
0.03515682782730270017 -0.04556717834551973073
0.036922328531734043 -0.003113820278364634511
0.006104589465878158643 -0.010541439437305445
-0.01835765509335176085 -0.02663449825603501908
-0.006034074736420197774 -0.007591816134758446084
0.002646788882278011245 -0.004750602232999513383
0.001530341557326727036 -0.01037723973507924391
-0.02172072466484618186 0.003518405704758561462
-0.001075316937523297049 0.006176046043835501341
-0.002274493002566032283 0.01095793941770827583
-0.00413347183477102368 0.001047608021387875414
-0.007225137234472441862 0.004220622930952282539
-0.01265179563351766408 0.01116068323351030768
0.001367599701175156723 -0.002356052059073476118
-0.007210689613411785936 -0.004948171632835331353
-0.01319740512328822744 -0.04310892838727058834
0.001553139337296816167 -0.07816790489543291864
-0.04965586648843211409 -0.1606808410649605834
-0.01966882206459446419 -0.02404847769422779891
-0.1638725941459491797 -0.02918855248681422043
-0.05256754627844060362 0.00368322366900174095
-0.1127905914294533019 0.009925257297002883922
-0.01800271981422586418 0.005163384050972964594
-0.06879097714613946479 0.08160196563364825739
-0.02190771522726697382 0.0909265433082225849
0.006639204720718996748 0.01770873866989899556
0.007060597623408682369 0.08052538403822036284
0.0368757296700251494 0.09459482241130874602
0.01376698050376043078 -0.001310070806109369561
0.08855118883812465591 0.01242294031228570808
0.08419441713928137172 -0.01019103782609307937
0.0651647315820967632 -0.0127355904474990133
0.07403682662793521774 -0.02824758011293177981
0.01468495425351522971 -0.0142794789114425464
-0.2017320091402683147 -0.01841647484833950493
-0.05111189696036869817 0.04446149053003449481
-0.005435420460549827276 0.02256014414962676656
-0.04834228925472844329 0.02359151712050016128
-0.1165127454762601295 0.09679712700605484776
-0.01458010252952326828 0.1593940771384884658
0.06561172076557118815 0.1132569045424712123
0.05590696263221810181 0.0390286283428238831
-0.006278761652384621042 0.005076151503257531235
0.1097252490433415772 0.1057069683477451782
0.1656864414076207603 0.04479497500407916832
0.1074973360464359234 -0.06509058755977917277
0.0458726047816396254 -0.05469226629168483927
0.04830837931509612826 0.02234566810468660569
0.0477522191616899308 -0.06024964781314519346
-0.01406807020920950238 -0.195343508465926019
-0.04703697190691531055 -0.07339030750940984948
-0.03418910663594143529 0.002647184444671942406
-1.493376495253403054e-05 -0.06840164223444489267
-0.08766182703378840035 -0.1078451614124174007
-0.01152608199005125504 0.1509176220710231608
0.0841080153954889137 0.1774756633898842972
0.1722188433998675661 0.05385496326142256984
-0.05314902259604077639 -0.02090437444771561792
0.05512454300179031597 0.09873178708917926261
0.2355009177089135708 0.05941717859581771566
0.215739552914906374 -0.1306708911019175134
0.0292073287257294395 -0.1769074926221485544
-0.02086371124025245341 -0.002691442084728363701
0.1165609382520126774 -0.06874769063011972048
0.06600348875561187767 -0.24079685172545226
-0.1458506866429914173 -0.2169355512621647941
-0.139329444298584515 -0.04411213680308902207
0.04633463253613211846 0.009708721435943160061
-0.06276968914725007676 -0.1286381890221879321
-0.2141964222416521679 -0.05971166812836954663
-0.2235076583868540467 0.1395799840022847182
-0.04663698852511739129 0.1404592404042439846
-0.01915826294861227783 -0.009233045362386697527
-0.1271959146080307301 0.03542037244576747013
0.1071030089497331389 0.1219276335230428943
0.2428198942446114506 -0.09282396204769059744
0.07627130450910199477 -0.2596318843677348776
-0.1206242963706169319 -0.09708335747110732883
0.02067813137646444185 -0.11579144933044766
0.147835681307574629 -0.1152090068985442139
-0.09383932585709454932 -0.2340458374619158455
-0.269224717380613876 -0.08871517036165077474
-0.1311058265321544403 0.09329488548300429729
0.06709644478513081267 0.0406282272698405833
-0.1327123979810123366 -0.05791046745446457727
-0.247917784131705482 0.1017409734494402057
-0.0979467668300116473 0.2676271302887280323
0.1190808760528172666 0.1118809504383212611
-0.006572571921133053656 0.1325469252212107818
-0.0605261438702382748 0.1651330766642860326
0.06793982028682614416 0.2359657994883612442
0.2681108196002453536 0.09946379148944255177
0.1250473895169296745 -0.1234447038407833902
0.0924405502610267521 -0.04462515901545335839
-0.0582370545653919866 0.07765512116913753093
-0.05776012859093591911 -0.12583127523553303
-0.1697280997249649703 -0.1878373501976828286
-0.2851444039682867748 0.03143375384482659241
-0.1156885278717530163 0.1620457332986104948
0.1023291669976272023 0.02338998945656249259
-0.1607108937960018968 0.0887121591456660058
-0.1524002683647773249 0.1404093491761442825
0.03207438346694455045 0.2773326639000853744
0.1629942474047902101 0.0752121054751997975
0.08030999343955490255 0.008773676143479668468
0.04307957487693148818 0.159206235785692013
0.1574464464413450893 0.171381212915606318
0.2960749528581702039 -0.02519670115219246193
0.1349988722930931528 -0.1661047607824118477
-0.1267370925216501354 -0.03526347835163280015
0.08787668035494794472 0.05314613059560032576
0.1617726645960707033 -0.187491403822688113
-0.02004392265596209935 -0.2858790465533981306
-0.1626902557567203034 -0.1191467322746207758
-0.05950934323434692308 0.2298178679908812194
0.06189016206849943386 0.08901362913698009083
-0.02881796511208544256 -0.03139689824386365097
-0.05543862916235679089 0.1269814035952278319
0.07289967260762758583 0.2128721509061379802
0.2161148494266763864 0.04862542867819896059
0.1394792165327743694 -0.04686083420129481814
-0.03928784772437821093 0.04698180702728390473
0.1862247338545424957 0.06307326282609297674
0.2336852538640596666 -0.09297694271364306817
0.06314400369801578816 -0.1861793304624612122
-0.121812531183472017 -0.036147333746296334
0.06140610301538867305 -0.173834728511822717
0.1159435292939175882 -0.1293183888379169921
-0.1118701879586850578 -0.2413677027740762648
-0.2289018616931760286 -0.05344216893439746041
-0.09626173444291040437 0.08641541290334159298
-0.1378550135669571464 -0.02600098934218708288
-0.1062431805564744425 -0.1100027251712554915
-0.2082496012769207983 0.07423801727613371648
