-0.0004600278626043696664 0.1962093479224217563
0.2347860014351657032 0.03714441745388820382
0.1280556856949672806 -0.135217093049571413
0.0009060803878640972565 -0.07780634666078346806
0.07033667420601012743 0.04596123967284895806
0.2100597470271878542 -0.008102729597690623911
0.07665918324978544807 -0.2012031696696636174
-0.1442133008474806577 -0.1388321103536940548
-0.09644262369264658408 0.01043848955115278879
-0.02425227759223948926 -0.08543214377223015688
-0.008082464010037090224 -0.1391055825890059605
-0.2003325473234208731 -0.05397049665223451614
-0.1578406974134997087 0.1394554035177848206
0.1145506145746837123 0.1441488498544714336
-0.05759255106516293632 0.04026761612550892877
-0.190640477493561139 -0.007735764441980432296
-0.06649309619464489896 0.1821917516843971907
0.1318537926464714849 0.1318486655273265473
0.1684882174983811098 -0.1192732802294114852
0.02457841930358999061 0.02824702538338992944
-0.2054538760500188854 0.02968710206203054383
0.02148150392544147247 -0.04396879411535442594
0.05828823620356034935 -0.1425236467335999069
-0.1201923030238819107 -0.2113053109487198489
-0.1794872758703124627 0.03547901916770470482
0.02767462140666158976 0.2140531409610589852
0.06729592704645639967 -0.08234996769303365438
-0.1636356001370567748 -0.08697922858447637573
-0.2063424584260900585 0.1370056743783385489
0.01302795971069344895 0.2570163036314975225
0.1133538339783549675 0.03699097453382826223
-0.09979225258925959741 -0.009813395686418230346
-0.06704640337223562174 0.1247615902801303134
0.1627928512588589227 0.2066582911426967373
0.2030732460072450507 -0.01313820394775148427
0.01629031908024153666 -0.2105081149312885425
-0.001003985164942574129 0.05190775810206461199
0.1421605102102369567 0.09727868548356825851
0.1949351400912694154 -0.1228727387117081599
-0.02049849922574043318 -0.199669284819413595
-0.2549719089156857743 0.1067829333401705966
-0.0334529356598446681 0.1970273082537242204
0.1338013174961083795 -0.0001552299973620604263
-0.1679152122338748443 -0.1260071538761349252
-0.1451735563805172935 0.1784326176562262001
0.1037176267178913924 0.2586570400610144205
0.1854782639763539465 0.02213460020251365942
0.04209378030315778785 0.004211382354678524023
-0.136793940363580141 0.1720388102694661581
0.1565140898767991839 0.1240006111701920377
0.2479220362787496745 -0.1037213279889518669
0.01648518240673318633 -0.231283531067728837
-0.1767536054140808333 0.04043769532838195624
0.1322836722212367699 0.04898095016456204681
0.1660189189115388042 -0.1818203138264124219
-0.1015057792911580187 -0.2645064888683156257
-0.1978571282261070985 -0.04512774458519745041
-0.003515853318632018547 0.131050312443328848
0.001051978910308205405 -0.1085913433174500037
-0.1944029762487162472 -0.1831439308273206112
-0.04290747859977337569 0.1759095247371453563
0.1947623272253865834 0.2032511310457421339
0.1868590715181570328 -0.04913792292432848929
0.01645707527952760749 -0.09212983129697809026
0.04618533073744340856 0.05199130129528779787
0.2082849729433302877 0.08218894710868582254
0.183737906036259252 -0.1903561185107422449
-0.07759661740302500887 -0.2300551444061016415
-0.1714841355938855894 0.07409844685983121848
0.08047555759400010222 -0.01402386489514469842
0.06378184879155573972 -0.2217238830313085773
-0.1891926338647474393 -0.2080196209915907146
-0.2151910567580587463 0.07032181180736823967
-0.04635753503400955045 0.05116717233017626515
0.06686375595743811184 -0.1568316389798123101
-0.1762880402544068081 -0.04296180469621752041
-0.2077073158660132368 0.180461522281080422
0.03355403362669943934 0.187052508566616954
0.1469892020530683685 -0.02601673943223737837
-0.1490740932900115889 -0.04212004900274169544
0.0443002415417628817 0.1069630514305342506
0.1532202069231110575 -0.06343246755912272661
0.0197034077419534874 -0.2085078068355134262
-0.1321674289552799142 -0.1201913343039286153
-0.08445010531848196056 0.07938367628169636092
0.133034294015207305 -0.02003473320024614507
-0.08037775349732005636 -0.1442104494722380725
-0.2146942307927304783 0.01311675009511289146
-0.08707190821974400419 0.1613020003477060038
-0.01897012859680977798 0.05756023328932968058
-0.02458936903068268884 -0.1240740479562584542
-0.1258047867479231696 0.06584493817555453488
-0.02521944045532367035 0.2215552654066684501
0.1565687535912760886 0.1153666034118962791
0.11293613187048121 -0.08659161944262787347
-0.0691543857053435046 0.03770475907683212141
0.06422478474575116225 0.159925583016242906
0.2189719803606237081 0.04725410665164744145
0.1404306945885923086 -0.1437223002289166607
-0.04128517577752578716 -0.07975354651974247977
0.006388628779704192198 0.05495865518952694484
0.007202872704936202214 -0.0588880439506622444
-0.07297768095492400409 -0.02341672350525718024
-0.08108803266989861314 0.08931309065861374463
-0.01177355172916036766 0.1009874687863049625
0.06464116382290024942 -0.009733289078131389382
-0.06266127510101290876 -0.0201093975180890519
-0.01893797360060243615 0.07757962514037713975
0.04449728128870770322 0.1289384881131830085
0.03602599576789013852 -0.04149492901482984553
-0.04524042362394305183 -0.08067910419847429404
-0.006370594197736089911 0.05949490162694148765
0.055066594703048935 0.01397487143033501571
0.1335256748459947851 -0.04637770648566402754
-0.02820720605509702272 -0.03681775827724910466
-0.07549660472686318957 0.004464609326390442043
0.04967824364363675194 -0.003263187752801142028
0.04517065273369475636 -0.09989780083754687401
-0.07933286766905565945 -0.09415340254747318893
-0.10188616032990927 -0.02500482022248590522
0.05407526904617312308 0.01344663707796917712
0.00359334531007021599 0.01179385766273404086
-0.04132507298062931822 0.02196703289198730438
0.04019608398333863325 0.0596721388551265941
0.1385855707997050434 -0.001753739088793469575
0.01697395800702413554 -0.05448003054485853897
0.01803918171836677367 0.0002899724463255345767
0.02426024923650716564 0.09922141940019851836
0.02453943502987248129 -0.03046066699661765034
0.0135709626615346194 -0.1174158927521830459
-0.02355337003562877132 0.000804398706317864011
0.006074388734972993933 0.06398764389982623813
0.08702140871327607163 -0.03191618241443894971
-0.0234046646349822425 -0.05206146815662152094
-0.1238262889118526416 -0.01585876919486963604
-0.005112132628396413164 0.0232020155838055693
0.008811128094712265477 0.007306498555710770615
-0.007276112134704051243 -0.09288503278165875787
-0.06210911146301496127 0.01725094146755161428
-0.01677479346154191892 0.09097377428959427248
0.07555135691626778394 -0.03761066944459869055
-0.02968454596844057394 -0.05045520385134608793
-0.07195046281865707938 0.03891056729313861068
0.06273033939967120887 0.09785471325948082166
0.1391627317878868231 -0.1104260528397397745
-0.01233616123261850259 -0.02475035741206418546
-0.06986852253024022907 0.01757762002249003627
0.04314335890570983323 0.09318804306944043769
0.02381227173144806128 0.00101667013014568818
-0.02207306483633866487 -0.02560928647462246827
-0.008439544456158408134 0.0002289340488850136321
-0.01352425422863069542 0.02473868447502444029
0.005237994935676232831 0.007517801703831044832
-0.0468185266442111489 -0.07468834506105619109
-0.04167273665537152977 0.029223404390353723
0.03777574720706031869 0.1030347468263113214
0.03451268438233445757 -0.016026519825496615
-0.03317746585000859449 -0.07797556765478035057
-0.07233370455439160074 0.04116875893502885964
0.004888425602542563649 0.003180334849613917353
0.06152703755885082643 -0.04216236376808640135
-0.05105503506283552012 -0.05795817781558925547
-0.09087714526451275143 0.0576334265510787605
0.0682816156760941706 0.1045297042685619654
0.04878557764142887887 -0.03645985719811806192
-0.07311217778937262324 -0.06600376235164968908
-0.163481245298829847 0.1124947711792355226
0.07960350298077913112 0.1101088743444003509
0.06317959181602401941 -0.03516140652150038376
-0.07956143102273122159 -0.1053477468909794212
-0.08687159544914846432 0.08008064575409137853
0.08666876083441373002 0.1297579803506107299
0.1415790634835023543 -0.09738627748286686481
-0.05977932318212507423 -0.1109192404419861444
-0.03730660145284762225 0.03571141012854618657
0.07667278370399903398 0.09238244610512884314
0.09467613602406421691 -0.07134733439121881959
-0.07587913072458249419 -0.108177459504102777
-0.0891625959983147337 0.0569835319705482013
0.07560600694343226624 0.1040033197029555517
0.0575363554470730218 -0.04723606232922027137
-0.09080105229461266081 -0.07638327382397672172
-0.01736492566835501003 0.02084484317138774259
0.07941191266843099228 0.1034279612811251498
0.01980190889633242843 -0.006821144594583048934
-0.07483821968770448807 -0.08622236485993250987
-0.04404531111446560038 0.05803324121971077665
0.07819135308245464544 0.05364231552658595137
0.01832840657514244256 -0.01431199235724146292
-0.06024936591915421025 -0.09697593640340468335
-0.04321527820182077817 0.04244880482396749116
0.06198107084975865849 0.05192579070806501579
0.07370200723041778201 -0.08807050699642204883
-0.00523651717717314117 -0.01953881025554929374
-0.06622547360806414762 0.0367354886960104543
0.05858645880883413259 0.07331301856128491501
0.03755693625284486914 -0.04628298289384884939
-0.0386972005439335659 -0.03394956230501983141
-0.04381314374577473941 0.03101404401127288643
0.01585362441247080423 0.03448419803353037355
0.08277418902712639637 -0.1029820959231965427
-0.1039766626408451106 -0.06385303080541009091
-0.02437971340099371123 0.06901997699424813892
0.1852101280261483351 0.07951211846290039131
0.04936168526837217407 -0.1040351146882515926
-0.1400036169382878892 -0.09451647825435063877
-0.0577564617796232152 0.09108373323150152634
0.05618030268355268808 0.01424801880533957225
0.07182902583093436766 -0.1515664594725102121
-0.1355796506070341689 -0.0706255720016532168
-0.06386397537374795264 0.1105296872706630767
0.1107615060537643359 0.06326099999811492236
0.0564133187954036705 -0.1260784672581227728
-0.1225500239996770435 -0.03771415596389793984
-0.1291873113000946427 0.1861607964835363116
0.1362633438707448741 0.08838797185777495791
0.0569401502019011227 -0.08598519124391890145
-0.1340925946309277916 -0.06166632031738985414
-0.05597683615608680524 0.1255225780239068167
0.1642569687084190488 0.08586134418141246061
-0.01693431994429472551 -0.0182748390893363033
-0.1394557079514226194 -0.03048452126916391738
-0.004405937117202996835 0.01380280123185053352
0.1260260610243193469 -0.002627742588448840622
0.004190467485599724297 -0.01762381059390571297
-0.1283809617833028272 -0.006632816591816108852
-0.007188340460105684115 0.04523878509923964786
0.06880439623618087031 0.02266999735248127062
-0.002131550468598684012 -0.08788427450820295028
-0.1293574612867018636 0.02119487639865958936
-0.003031949862420387203 0.02805497005286345172
0.05673132564564891539 0.02056906211071776042
0.01803274238887307007 -0.05973640204809907428
-0.08276074151686534097 -0.0004186899637922727991
0.0004712591343519185018 0.03781075766958102991
0.1211628274798341315 0.006744216366708014575
0.0009068428336145879917 -0.01660703781241170893
-0.08860630719216816553 -0.02092920727921283516
-0.004411318107497598506 0.0321270853637248624
0.09164307908644042655 -0.008154193531930158459
-0.01459253324860411254 -0.1332154079240749911
-0.06139208305620844769 -0.001728689842449817639
-0.01641970935355896444 0.1234056892611472278
0.1425482229219534325 0.01101931202392634167
-0.001619217490802514351 -0.05064429489426128944
-0.1440512843697629441 0.00983080628170497281
0.007230498028462594394 0.1236327728349969207
0.07043114756125802567 0.004488856515682065895
0.01202251280815411737 -0.1418643890148874875
-0.002648044854172670968 -0.007286038134225404986
0.02052646744665222872 0.09416796727673078238
0.1304030457524328057 -0.001808657881566217134
0.01250075048619866784 -0.130826071803702898
-0.1000229902800520709 -0.005115823159444909778
0.001776212032576091884 0.1205653621971765482
0.1107747243285102656 -0.004174484677089486916
-0.001094267356996424505 -0.09752441085537520704
-0.1761933617958473808 -0.02627992959196824921
-0.009843549547962149662 0.119843817224565205
0.1486595999631920018 -0.00241367252801704367
-0.01554657949670554956 -0.01555009535629629097
-0.07172221207201212589 0.01618997187738338561
0.03571869587139305663 0.1710073104795947763
0.1042820581177917177 -0.02332195183116415882
-0.007484577549735157639 -0.06172441599540568619
-0.08348532302341968303 0.0149510405496573618
0.01179472539090805835 0.05132357121766284447
0.07205005541397210833 -0.01861298829934263099
0.0004957954344872356244 -0.01358764416729460467
-0.01977863494604503725 0.01000870927925768573
0.0158584509277452379 0.0205535050672188413
0.03883297818311458316 -0.006299534090704643312
-0.02165227477841916853 -0.08670038618853195822
-0.001482609917560938221 0.001341026528663972345
0.001379181515919014915 0.002775718444919513493
0.08060318022871415522 -0.00415954322164638346
-0.00849690248324216045 -0.03820123291865840792
-0.01344249343072670584 0.009332133156666920157
0.01102456715115250965 0.08417040218374495508
0.01363061932213009003 -0.0002753665378376241881
-0.04376298198952983942 -0.09266809410599095853
-0.06300364535443170322 0.02180526321191089342
0.02762798738946203522 0.01964498599982472324
-0.01232636455938977693 -0.06768347762671574064
-0.06749228868749239385 -0.07384000706776158718
-0.07539151473294319894 -0.01218057027827796485
0.01082355022426953126 0.04191416730254390877
-0.01228051365308677895 -0.002049256086179584036
-0.06786024601696746816 -0.07529081757184510892
-0.06526207091660300719 0.02561965973765766014
0.01459193966410811047 0.06952642799123516515
0.0715965422746190211 -0.04434077370012956543
-0.02224370187250039946 -0.02835704504687322491
-0.009578638766619558195 0.009623756890132534325
0.07085901558272567069 0.09451081555632549758
0.05818933406093971389 -0.01379355324123035346
0.01285457773771253413 -0.03666263071725614497
-0.05128692458498344819 0.03211811843631890567
0.03618794607041773276 0.04643478587136291857
0.07518396601463826767 -0.06398681151745125306
-0.1309808493182457179 -0.01551403303645478189
-0.05387837657295055371 0.04835330130120354258
0.07543970048724558952 0.05355588203238838968
-0.002470202213032807875 -0.04583075584682337611
-0.1051749806011483268 0.06828012811745787225
-0.01337167526915092677 0.09375256621079967878
0.02309611284120137789 0.03546772851335969201
0.04071287965617908372 -0.03813795764779891184
-0.04218138425382509521 -0.01623594283419045603
0.06432651995466855122 0.1186183295970636431
0.09964804462736673307 0.05090848102211051329
0.0638436358443004448 -0.05621874370776664548
-0.02532487219561672248 -0.02615820153475454865
0.03616595458814442915 0.09129432205784339394
0.0352890442605082108 -0.009200541181623672279
-0.01448124494503674926 -0.1367496314711273142
-0.047195549777633794 -0.05106665839313147964
-0.06169681800328880722 0.06255632264076654847
0.06241777966063828675 -0.03280570880199188549
-0.01784045943672860762 -0.07522685274691134905
-0.05591896254952917478 0.1365815198173939427
0.1201806487906789678 0.1835797427000638304
0.1037827904772950643 0.001630997443020292459
-0.09415233918861355689 -0.07674457365153648791
-0.001707816055169831832 0.1340049637776671299
0.1736308544948412524 0.06535958455944118617
0.1907866283832526377 -0.1151635542890885738
-0.01270373246748637136 -0.1313838998892188359
-0.0556440850871984527 0.05454137298081687679
0.1319330481109782793 -0.003565102123135130245
0.07986068994667466781 -0.1943778896020608438
-0.1244917305163948801 -0.1802121338737163181
-0.1261767163061561503 0.001812216171223671917
0.09339980912383592793 0.06184490890240330885
-0.002331050176386554977 -0.1587596485813161651
-0.1792015648133256367 -0.08532147507203102776
-0.1927530425341663634 0.1225167351691636153
0.001239662734130378982 0.1167986020618028975
0.04779932969165278517 -0.06274761866260325505
-0.1267178082923947902 -0.009249827146569021205
0.06996762618644422616 0.1762792355970663749
0.2420110007517303485 -0.05560103788201502251
0.05850027779916053966 -0.2488302087852648226
-0.1913226564770720006 -0.1229396569082037982
0.01799301142766826511 -0.005127579159336080085
0.2024828495270640516 -0.1059286456919520253
-0.06425508565001687711 -0.245306674315998785
-0.2431189271060677504 -0.06626273974788715604
-0.1138236187248173881 0.142010021475045517
0.1122092459559772271 0.05242531131074844308
-0.1008877612517697642 -0.1271227306678839875
-0.254160700553645702 0.0651219462468975302
-0.07021349564609612182 0.2517431832691339189
0.1823057015707691408 0.1232437136848840986
-0.01460550518098428611 0.03165717014450887545
-0.09161435170249468407 0.1046257777944966105
0.05783607313177993592 0.2707987527729300292
0.2550783460095844557 0.07499478946922115419
0.1314393188124625411 -0.176634385401084032
-0.01935336890678001492 -0.04878530559801096816
-0.06802612925401305133 0.1557404426135128583
0.02715405577499310774 -0.07592354986562338537
-0.1126101697242757327 -0.1718134444055429422
-0.2884504685640174038 0.03886619597580005803
-0.0717967919565953433 0.1846020218997677931
0.2024237947568119922 0.02530146195915940893
-0.07975797005745743906 0.01538600108329263999
-0.2082219116603050701 0.1349167735905873189
0.0379477045846759245 0.2647345424761856636
0.1980197833249724981 0.06253175834954725898
0.05507952529127711078 -0.07277384882150003675
-0.03201139220990994322 0.0946279848325308065
0.1515307976708549498 0.2085266911346799201
0.2787161401901992464 -0.03184522001280503528
0.07913349202433563045 -0.1732619831926418552
-0.2191198478012645057 -0.02306818178418386378
0.128245301506357906 0.1490117376288703777
0.1617633087212641263 -0.1304355434462767527
-0.02297048730950177961 -0.2718974358845385186
-0.1926767671008762228 -0.07742691669672864541
-0.03646963959663102051 0.2045862182826106435
0.1303231076720156867 0.05681618269101280927
-0.07886618596291507244 -0.124974147888500503
-0.09550426547154811097 0.1124320129703815785
0.08086205866572764023 0.2153116922177531756
0.193640086509882986 0.02337961324380997963
0.07479487657047108329 -0.08679365762404335494
-0.1540032675934151496 0.07457737749717968656
0.1369212489412892919 0.08892905879402640545
0.20761673007733214 -0.0755793755899997477
0.02586810654722162747 -0.189677410792374046
-0.2166912296207904598 -0.03046992577319068349
0.0424121659437528345 -0.05463535726086000271
0.1753901872677579299 -0.1352643375535660109
-0.09459269677085967165 -0.2215072921705914799
-0.2412550688521495346 -0.0275617528869139608
-0.0643462736146382247 0.1534451486288700151
-0.01126400862223790079 -0.01799343611865346013
-0.1429962157378009135 -0.1762667857472469402
-0.2089247423804259096 0.0685722987816483609
