0.05146195117470323682 0.1284914295368738135
0.2381689261189035012 0.02794324951208751809
0.2103748679419166767 -0.146067439037120439
0.07767586446019104918 -0.08341598961998085426
0.1449077913610488932 -0.07192248285156382925
0.1044890092488189731 -0.03693904329603774073
0.06583214955615668273 -0.2530662884238086829
-0.1370414707429738754 -0.2059115686406974288
-0.1753146290607107693 -0.08853904544932691967
-0.1193805694615061586 -0.1557552411123901137
-0.107604855664230642 -0.1270069710148674647
-0.2333223925451280156 -0.01414076556880119323
-0.2077710965352715655 0.1354199207527954085
0.01345487067209535405 0.09269798759628473939
-0.1658204113912339905 0.1787989658704926543
-0.1131628313646956402 0.04816306133350684721
-0.07621298931836389956 0.2028378304569978252
0.139719638827187298 0.1769121993261184855
0.07855407661133560759 -0.03366915130323380051
0.1735244733704291997 0.1349749947103229542
-0.07831036213610388652 -0.01385190802493534851
-0.005222790278256089769 -0.2240785881765778031
0.00313074147638534462 -0.2180788336586682308
-0.1194758564684145763 -0.1938132623015395295
-0.2254196419876001445 -0.0156544798064910673
-0.01749156920686411806 0.05099179205676611371
-0.1304593030134962306 -0.05627343322115829771
-0.1834284154835470471 -0.01475880368015367559
-0.2108220439188160933 0.1769876642889973428
-0.008647552644357233559 0.1923893191347746667
0.1023737324992941289 0.1613781099375352912
-0.01685353232727926712 0.1387600243494115926
-0.0009967398575188158964 0.192485819261028257
0.1761739453058558114 0.1866502604468605053
0.2548254749404015307 0.0174304826814814344
0.0418303839153166615 -0.09073499386136539557
0.1514521679904621554 0.01244913740378908971
0.1585580407298603223 0.01376865880817558334
0.195681473965960806 -0.124864345092636983
-0.003510354375683955985 -0.2217215022829978344
-0.2755171745513455006 0.0954632772003955743
-0.09660665361358029835 0.1778724458404370434
0.008906868374892741927 0.08337822756674478919
-0.09380210188253380876 -0.02166451095016663775
-0.1178948739310753668 0.2295903141488392363
0.08863918446202767587 0.276124744466719807
0.1854848102210924221 0.1034696129044695434
0.1787493289266988972 0.09495892810597861278
-0.01502042447650214774 0.06879199152288345553
0.223983711306712574 0.1178882777434614032
0.2737008303786493957 -0.09301201312060022874
0.06444686929644116713 -0.1530544991643170982
-0.03424865028117882876 -0.03590525120733654291
0.137323070010209991 -0.08264297192641276157
0.1200958627267492834 -0.2104775380792869577
-0.08662788565064281909 -0.2699509566664159421
-0.1882615277277224219 -0.1098763362756350753
-0.0956189730950399025 0.03553621998736711945
-0.1031937178303703184 -0.1503076280431883127
-0.1869521406956360654 -0.1210937281023339029
0.002701889676993797246 0.2609581060143125741
0.1864733309949832829 0.196409623274212658
0.2645510764746480392 0.00498667131739508572
0.1447704255062784162 -0.05619810790259453792
0.2037874389707244327 0.05277335238733395911
0.190894322227931762 0.01181513431263796036
0.2027318120212691366 -0.2113926169379267694
-0.008721838135344576678 -0.2131083824818803818
-0.0721508606804665692 -0.03030158245077536547
0.05171737421951412561 -0.1547017921601608337
0.01546524602686887538 -0.1932983051822053377
-0.1995473227323678878 -0.2124793491620193819
-0.2257689534655230867 0.01315520462518960862
-0.2091005167721897706 0.05173154837948094886
-0.008957114429950795848 -0.0478612342372492644
-0.2529205754786122973 0.01832438480324000488
-0.2091644086498194444 0.179374301305874867
-0.01675156582114871798 0.258004895290227021
0.07284822945859301124 0.046398259043678447
-0.05009972104805206217 0.02878916445732713006
0.04859946614191099079 0.04029274051850453842
0.1439274858114320543 -0.1202697084593891824
0.05354766809408206124 -0.2614334570717052331
-0.121881076856996548 -0.1683564755449637185
-0.1103994179752750271 -0.04451699129736074595
0.009268069680296617957 -0.02924757074619782626
-0.128669297482614936 -0.15588928343298733
-0.2572150215331064915 -0.03961662362602356297
-0.1596613645337085496 0.1270491572510567824
-0.1419583260856259466 0.1270946524697231517
-0.03055041404385724912 -0.02097123299799325338
-0.1690033072855005591 0.1318401238314092228
-0.03867194676657504521 0.2508324901133597851
0.1055876732634798004 0.1767610808090207819
0.1054123219385036392 -0.0006053650502371542416
0.02728551009816606449 0.09469225705804312776
0.1154210664053407359 0.1557320469732030033
0.2576505369145603574 0.05569099920532113307
0.1751657229481088096 -0.1132573103596868636
0.07531525000575912954 -0.1068421866246738738
-0.06805514272469358195 0.001710575533839312368
-0.09697999162237036508 -0.06016172761834342325
-0.1414566642952166386 -0.03785015781087713166
-0.1432295985255623294 0.06542841356833035971
-0.06863893941022777834 0.1292854378096626733
0.007898451704247135344 0.05071826138378723176
-0.04552102939818585686 0.08403495057458559847
-0.01985934368537529623 0.1162205587064260442
0.05239580785421606851 0.1810349657114300459
0.05797636610924517681 0.0355691700545584244
0.04703356433316439184 -0.00571931199680420551
0.1106418426679889738 0.07144722573082872008
0.146201940308838263 0.03067467319403307385
0.1793835478328162925 -0.06441742208311170004
0.0535668631890120206 -0.07122369387508031835
0.007892095535962652744 -0.07766487449556605527
0.06771082409319738316 -0.08407589656588242144
0.02872688793011339906 -0.16141375475312017
-0.0688766475766994235 -0.1511143340539314872
-0.1427555017548201022 -0.07324463247857135317
-0.009513852853076999391 0.117870627549699028
0.01277418342183880146 0.1400831321665377549
0.0199924684284826723 0.1128999578856008795
0.09788941469992158695 0.2018329219546582398
0.02727665260861136115 0.009623635869653248895
0.1072939107364503236 0.005628391403395110668
0.1399725070745991284 -0.008090078113366984749
0.03208348584582152579 -0.007819599181694367879
0.1399102228766521683 -0.08730463299537602473
0.0196210464856032378 -0.03766371587378924968
0.003015682331602755235 -0.1458973970026561096
-0.00958514264561071555 -0.1115721465473208801
-0.01551078624116616379 -0.07202638466885527557
-0.09413165279070687119 -0.146289650151619155
-0.0485594940694690988 -0.02137595445185775517
-0.1627147049165342252 -0.02861513032906923965
-0.1406406281300207617 0.01775622151797651496
-0.06327660751613191359 0.01863603753276597483
-0.115719260864202797 0.07949895600980144694
-0.02452016301774463322 0.06147865535340289733
0.1012690059806564541 -0.007885919294173418179
0.02709253551863278348 -0.01328969273874203508
0.04436770220353793148 -0.04012521301230986132
0.03266728122883017643 -0.03907181464658972259
0.01831879777850486599 -0.02141821687962370407
-0.02019420318655090751 -0.1975208125867575215
-0.06441328773677339192 -0.1153018445707262724
-0.02701106413817189883 -0.02327327499791288085
-0.04809542543958687105 -0.03545012762554654306
-0.04158875581908717117 -0.01123275056998076192
-0.06003285898968254569 0.009179101808521437575
-0.1176898386560477211 0.05774215355744614225
-0.00299252662797363676 0.01352644344863677441
-0.02981538950137345434 0.04478602542267542952
-0.05827460316875507362 0.1380895978255720358
-0.004059849120342439929 0.007043827285818210146
0.002870396330051980856 0.009912819072366884851
0.06069729719474296903 0.05704150585266409834
0.006065634098593036816 0.001880627932024588967
0.04706770689800911928 0.01186890696743917763
-0.02075130742101930284 -0.06171798090156523781
-9.259921964150121033e-06 -0.007309334215029032571
-0.04937490865342172852 -0.008417575884912383011
-0.02579880582822757437 0.001996459238886809113
-0.1184381016484245541 0.01281748060709112479
-0.1092797040396059904 0.03333239104854762019
-0.005742672155034175482 0.01707793785513488094
-0.01554951568392514902 0.07498119737320933786
-0.007312518114275107228 0.09619495315550119496
0.004757001857611697221 0.02888404432185931459
0.01794446640874143226 0.07294226744369571025
0.03981860579961699759 0.03996272312000033466
0.04934794169386932938 0.01135038223596099814
0.07285585865247391768 0.003184131148993713835
0.05787190878672225647 -0.003515252041306080912
0.07477077727051996414 -0.018261408139662514
0.03248871539793288243 -0.03248186920512406706
0.01757252081253937726 -0.05616781523573833451
0.006810588710320521384 -0.07258587876939305572
0.004065082957189288144 -0.05594171640293157249
-0.06281777394959314753 0.069002897059615112
-0.04310376951789347821 0.06329687477381858163
-0.04483853545629653409 0.1894644171869082627
0.02647335817869459276 0.05238922293721431228
0.09013121142086284732 0.1386381265700473431
0.05179351809854765981 0.03471833824223667653
0.08746076424640041036 0.05362789347636346543
0.1252858994861296427 0.02795313767012569048
0.1713353830908940501 -0.03266931005025934531
0.05651663323292138025 -0.0439835463500429652
0.057758083541498563 -0.05928719791480369095
0.05105938612907216789 -0.06911464081179503893
0.01587429125501327309 -0.1068062006296211647
-0.04347220838628151895 -0.1963690545926328745
-0.07659481874200485541 -0.10551555138658468
-0.06013518498914280364 -0.04595695038341776617
-0.09949457718356982672 -0.06221326869220863975
-0.1261500786642170691 -0.03847398300639134211
-0.1400328684296338611 0.03198420242572601324
-0.10909967290402868 0.07594396903436509416
0.05934477036117833532 0.003089146872174990295
0.03038937306505907002 -0.0006557866097065577016
0.1065849207417806921 -0.01498860130034201585
0.03267794154172371651 0.01031680099113657829
0.0651060621732132 -0.09007082932525148355
-0.01761037242341565931 -0.00632695888707911127
-0.001968659783545587561 -0.05332553325547090967
-0.01154257378187113423 -0.1018848044093591809
-0.01203121921711981269 -0.03707515491367938815
-0.03320868631394698067 -0.02670553422474641891
-0.05370004096191238058 -0.006661064184718990498
-0.02506103788196033591 0.005154054034291524408
-0.01260704126409905278 0.001449170997291100021
-0.08110084456884499027 0.03524604146132016141
-0.0257991931599144339 0.04606719308644603023
-0.0004975219179643027793 0.03133507400431301965
0.003656960898425955491 0.07234869043985875381
-0.0125629824772994364 0.0008829676558931725833
0.01863196282830670292 0.05715762237723490818
0.02924957139352840976 0.02156541702720172343
-0.01047188812469807342 -0.1864239279825040674
-0.02803220684072380703 -0.05626759462687924707
-0.08718846842184296841 -0.1087659230638947094
-0.0357552569303884113 -0.03977532469953360544
-0.1666153765884448301 -0.05991501654846095176
-0.0796317979906379092 -0.0007221630832701568872
-0.1298266256502270122 0.08017025159885522723
-0.06397167164943617923 0.06163625405458363765
-0.04893804909441892836 0.04972866923981238141
-0.03072421414714350887 0.07021142421709067327
0.01502136381651019738 0.1709090099374550031
0.05603147487538561594 0.114763020946982125
0.07069875784012320807 0.07072024475395899401
0.05773395210458807936 0.05203827924112408576
0.1262440459978169116 0.04903015294688489734
0.10901245805389706 -0.01090235559001878282
0.158285063389368319 -0.07489184811933724539
0.07026189283343238501 -0.06977075223598702691
0.07710902684894391235 -0.11207494039896157
0.05141250417168979209 -0.1014455119214185824
-0.05708324282788590498 0.01207232398850162543
-0.12175651071284678 0.0778643920921725935
-0.02947983397009283288 0.05766943564123329369
-0.016459966297017882 0.05472846337205247019
0.009472409958546023148 0.1187841316714579182
-0.0009510397194307786085 0.03549321360558590349
0.03504784052286854384 0.05774602689933195504
0.04850873030789542434 0.02729587684806812284
0.06838526523619033182 0.006633149902453102341
0.1309845691597000816 -0.01050033107890757655
0.07090082345665291164 -0.0139334718511302004
0.04994122128414139883 -0.03254197085330998857
0.02922333119083384348 -0.06602775098573153423
0.01227418290891478525 -0.05319015408237120351
-0.007610645287006497645 -0.05677194760220028585
-0.01703168205985926276 -0.07602402808192015859
-0.06714891135739299577 -0.09123761208768217668
-0.05174508786632428525 -0.02276809520888899152
-0.01231829955302308002 0.005720649705338719249
-0.0132327201233944057 -0.002698792324346592757
0.05089297642180921205 0.05059852207259234874
0.06113508290590709965 0.03592949663139808486
0.009976570049186001335 0.02975507405225651103
0.02441886606742867463 -0.002283780672701898103
0.03248205212894160476 -0.016203204714813884
0.04793391432987199885 -0.04191345261867829297
0.05459213450661258571 -0.0786294934685964203
0.02268950995824844941 -0.0822863767379824057
0.006264728627298717968 -0.01396346268740360393
-0.0410911773790647375 -0.0723054021421252191
-0.0322104044329018166 -0.03535628924643412219
-0.04446119677262275194 -0.02954786877729633637
-0.04022708703687093157 -0.01053320448444648554
-0.05667919277402778261 0.01427659894398032071
-0.01035343397578306762 0.01491024901587088489
-0.02505278430985708599 0.009517750187350123431
-0.002843503520809642637 0.005725413913805001663
-0.007501358437246015941 0.006302436781110093075
-0.0005298259216932224396 0.006386026883647034393
0.007124775227075191841 0.00697132448577975506
0.0146120428931235842 -0.031012747795060365
0.0002169280211528189651 -0.09042723521916214147
-0.006522982614370917941 -0.1229165907437732852
-0.07547538909797171791 -0.1925635269146244721
-0.05863404767976943682 -0.07105688421799818966
-0.1739258418891227453 -0.04864077375339260351
-0.08642371536932978715 -0.006440973379789148925
-0.1351954625857175463 0.01283340122926398402
-0.06885719867840474351 0.02365470415232647991
-0.09773608674574874033 0.1035557535735333323
-0.04074341363501882834 0.1142397389297030164
-0.003024606485643998102 0.06170010848887095417
0.0109234362398127928 0.1120848100895146943
0.053259771630627048 0.1213852895075043098
0.03218213167081156179 0.03039503655525540443
0.1320899827244076952 0.03713991611907405815
0.1351169024353541526 -0.001520182915208135969
0.1224680282079639443 -0.02471561084808777259
0.1256148071888357476 -0.05881263940193270923
0.05279618781771584085 -0.05129153647331853583
-0.2116627110503439269 -0.0208452185701809671
-0.09192946407532411046 0.04502091848774145838
-0.04175015305490890893 0.04243209318555459658
-0.08304752706014081887 0.04944463630555574751
-0.1168606358046480609 0.1141747041506356725
-0.02210194367718407854 0.1713932508539845745
0.05912165369900124895 0.1360855796452126454
0.07142524376764260163 0.07781524847696101588
0.02310559293013295101 0.03270392632935654326
0.1280733047791335899 0.110431148578743088
0.1830919866989179079 0.04003581617279267091
0.1322055324204492732 -0.06048404856471666091
0.09037313438996616433 -0.07577993309580853543
0.0738009335998362076 -0.004799686813503352412
0.06915660559327296841 -0.09220922189420044379
2.981895172158515489e-05 -0.2018014465167897176
-0.04152235592389484642 -0.1078844071512029268
-0.0288831969020154726 -0.02300984790629236748
-0.03118816595860362043 -0.1024262479836895723
-0.1135096803136454585 -0.113734334262321532
-0.02438118013975090065 0.192476971751861764
0.1065623236012691183 0.1829314469875441829
0.2056309903819120988 0.07641864232632472609
-0.01009157070903668289 0.01269272259717631017
0.09525345745688464094 0.103874598623731787
0.2378658278914059232 0.04292411038106414001
0.219157506883652653 -0.1235078536300591584
0.05131850938948763485 -0.1845062748955024479
0.009152040697363987912 -0.05657759394869840697
0.1071266867440417159 -0.0871126028147490572
0.05626813048794632871 -0.2499313830217171628
-0.1345309569318900444 -0.2151728169070150631
-0.1825703433238298201 -0.07257007322371526736
0.005215008808748586473 -0.02090988430633998474
-0.08325220890148773978 -0.1251753045721706592
-0.2263999383057532233 -0.05221254228452176793
-0.2221164632094276836 0.1323171660999391541
-0.07176659173595123509 0.1731757085897497328
-0.05991412378586085524 0.0446420366836486962
-0.08215581226807135151 0.04329517803349199057
0.1215199976351536842 0.08984135635080214843
0.2510189550120272561 -0.1094587616674493752
0.08921530549866847626 -0.2626563522688660224
-0.09077737341350679279 -0.09360699770237307371
0.01553155276008153299 -0.1806389229026922616
0.09946785759896083212 -0.1031561630116804434
-0.1142444448860740341 -0.2424795660177108403
-0.2612210772789255175 -0.09429190269670831293
-0.1594825494106907882 0.07878547887921212578
0.006846162357583624423 0.02645563536554483564
-0.1672117821041606278 -0.05816103482799752505
-0.2464082131285278698 0.1149544906115941983
-0.1097829185222310711 0.2711072122471571144
0.07517374824330620708 0.09943722994477086075
-0.007341067917213533155 0.1885522893206469375
-0.05296937143458650687 0.1945254588841387466
0.08113342236406551056 0.2223159561125948591
0.2726118540416704872 0.1152340391769824113
0.1072757897008723982 -0.07641089511282685154
0.1373454295441655648 -0.0541803186061369027
-0.0679378870655066025 0.02827683746674831272
-0.1002317543738304034 -0.1693662868977023339
-0.186062572208220367 -0.1690146573274691477
-0.2882428754519122949 0.02842906570707339625
-0.1541248123872567266 0.1634238377152351929
0.04022396072562254427 0.02976887564711764439
-0.2011564503866451192 0.1312071193392371493
-0.141106274248824104 0.1518505169513532371
0.02887022687251202327 0.2716376874594594315
0.156424995274920875 0.1131651317600748941
0.1321926634027704994 0.05685163525089491354
0.07599083293231743974 0.1871205069563922629
0.1734604649691215139 0.1533418643374506729
0.2950315069598239415 -0.02160184996818377556
0.1712050468635887002 -0.165741548453873816
-0.06673529455600900329 -0.0335933225925488313
0.1071128589096584788 0.008141183988349927694
0.1638621853436920961 -0.2046482531565096685
-0.01749133456196503081 -0.2919582727064612415
-0.1642005278737317386 -0.1403940619014437952
-0.06451086541672355901 0.2245002840087601259
0.04158136790422190671 0.1345298578303464054
-0.03096661107505615032 0.02145920016388871976
-0.03937006256335823934 0.15575242624637059
0.06927153922790503515 0.208316351683451445
0.2209521477239369258 0.06172391605986572022
0.1844887231112878612 -0.02598536496786926081
0.006221731912848627727 0.03427920056163210466
0.2194226652963428281 0.05412153797515625864
0.233872782211986513 -0.09000907986335308919
0.0952045754631989094 -0.1909575989923289474
-0.06576891019381089776 -0.040543215380920955
0.04521956893184485293 -0.2261629089046804097
0.08207266921935484072 -0.1184038028348126798
-0.1221030988249897226 -0.2464063766829824031
-0.2327264787747789776 -0.07583248676189911774
-0.13896475160594432 0.06284562615166885968
-0.1905646774604942695 -0.01889096258634836642
-0.09607242921841920025 -0.07475502719076088098
-0.2195623334592073927 0.0832698478075822035
