-0.2647325096395299338
5.060725663094620685
-5.386016101006089407
-6.199621633702829371
5.319654918998890203
5.464715444199498506
-0.1666086537860836936
-5.106090902943200227
-4.927028286459541384
1.093530730759476377
-6.414024086098779165
-2.305807902133366838
3.933263041158480799
6.020559017218864994
-5.100730372082415087
-1.857121394953591853
4.108216183965005541
-6.076900072095145156
3.24360897712832541
-2.794507591552357617
-5.147439093059112736
-1.827481206300952232
3.282392480542459356
-6.767369875072795971
3.319957886757578969
-2.76059026879566094
-5.531823415540421784
-1.69838392426030782
4.00677960627654528
-4.628972909870696206
3.833439491279433398
-2.209409041389335027
-6.38538583089415468
-3.149040825603441007
2.419563868480802959
-5.681636604062314078
3.236345005290488519
-1.932724562627176068
-6.933227594780980496
3.748912041435138232
-2.881535148990487016
-4.937875357510967511
-0.9490042106952190082
4.051692445790211927
-4.461750457129879166
3.988871146815127222
-1.828825088154440559
-6.693069109358282809
-2.878225202959272089
2.632925368974771807
-5.36285429067588737
3.814843906399011164
-1.28826232750917824
-5.236385735237588435
-2.426919110451482897
4.074591963165921982
-6.272926066556093971
2.809466624785367017
-2.883870195618108312
-5.277491031914382624
-1.966518083793662663
3.389055870937665027
-6.819859067334158809
3.310972948120183723
-2.830095491233004079
-5.172916175303115871
-1.906240857518429088
3.989763576100624043
-5.954621205428032304
3.266675317784686783
-2.74666087451956864
-4.991159508612730278
-2.025447091380549125
3.207960330908080859
-6.758566969591322859
2.965712417232181153
-2.95099830911390848
-5.508466996306952801
-2.098013430297365645
3.807568660477054223
-5.497213412923633413
-4.10474339508725361
3.410453566009587156
-5.725956010760786974
-5.580895485560009028
1.392470017835997886
0.1450605252007779178
0.7087630802365725291
-5.631324097985406674
6.973365503395624998
1.067761587162669112
-6.340087178221892827
6.264602423159227662
6.355853712421198232
-5.89888724847657997
0.7748899925334500338
5.288092125257794152
-6.96664883563923798
-4.145301970479770226
0.777013588806722888
6.944136242342408671
4.513202132720366855
-4.920191963009242997
0.7510094856327672597
6.167122653532994825
4.802219298763345634
-5.697205551816120206
-4.831703626701499665
0.8319312920889597729
-5.446928323934509208
7.076100200987856859
4.051209813129561077
-5.582713112331996186
0.8501252567852835007
-6.278859616022649526
6.244168908898304338
9.477929669794207257
0.8216657383235436152
-7.128984872808320716
-8.82969001894017147
9.063751323243989688
-9.549834550815026191
8.627804413008536955
0.8838219250113057424
-9.651355757260486001
-4.661699147642496932
8.242085584917216323
-8.511113107842733783
5.72840630240901838
0.7618896757662476649
-5.545521072650839933
4.844584377396678576
0.7892428549912053892
6.954253598339920295
8.652805735015579813
-6.307410748417428437
9.340037078717084995
-8.650202469704289854
4.082694701629142386
0.806145792045376175
-6.261827673601700006
6.165010743348901201
-9.439445324695716621
0.7861906385403213404
-7.067973465647328091
5.35886495130317364
-4.034975668230037726
0.799568680755562311
-6.203923671677858742
4.572674312762603499
9.50555184505130768
8.395012815860331656
-4.821166306770723331
0.8079624457476122235
-7.003492352433625001
7.028131904590680712
8.705983164296370092
9.407983772876567841
-8.676919779252713738
0.8067294911847547878
6.220169458843184174
-8.237331637958572372
-9.484882225000482947
0.8707016335921889949
5.413439967658838725
-9.044061129143683431
-4.768450132424595367
0.7691192163828822759
9.213839563219965001
4.542738334069723827
8.287897907002079734
-5.639151766017934442
0.7841371363218405666
-9.07284104302394212
8.444720346840918879
9.408863922220053411
-4.866124271171654136
-6.408270982402218152
0.7756523874107524863
7.042969306691725606
8.624726785898428005
-5.650261407494755694
0.7436011275074125848
-9.484330049843670452
-4.448357107705653846
6.267316919284999344
-8.444183208499770998
4.838878944067405818
-6.425913794905294019
0.8654473367896989844
-5.191958235215290429
6.999604854358535633
4.095277816561184281
0.7369951388996666131
-6.05740557200506835
6.134157517569808427
9.174933198028336179
0.7737300666098492208
-8.565900453276706017
-6.79440071090895259
9.480493840640365377
-9.166422856571532662
8.437938059132887858
0.5090192340890998812
-4.947715045216211749
-9.339630519886704008
8.706763774033355219
9.510893068522655369
-9.310036625996916726
1.088107266850576238
-5.456734279308132152
7.059998923815799188
9.001873834436374011
5.325458172733902096
-5.121283591366559307
-6.544841546158695955
5.97189165696521318
6.050625146675200128
0.6464334842315764273
5.114928757597784426
5.163911514158527893
-0.9356963890773203341
6.558119821627038881
2.834453767833333693
-3.753989143532217465
-6.099607903235725992
5.062843946956260055
-3.723666053793240227
1.103683520834743748
6.093902016717454906
-3.959160426121022702
2.909227705511671314
5.882483712430504497
2.08816148748318664
6.291466431622342981
-3.184674311205783148
6.367965887404146486
0.4089827191918386506
6.023395414611878884
-2.07046930869877599
2.822066036574296
-5.958983168212210302
5.332367936496957839
1.447404777656785102
-3.201329378037236495
4.605275554953641937
-3.884963158840172515
1.727548713922104184
6.512171785006045432
2.668300779851288773
-2.877726841030857408
5.392271660384413856
-3.843871005154756215
1.69801752180249288
5.190571707771892029
2.438418905003839399
-3.694254138581217095
5.887812062807176616
-2.752152802767316775
2.479178367000561156
4.988453571050477819
1.788877750432474212
-3.40863369580625708
6.666945433040515567
-3.199575820617364119
2.943956194016208006
5.079964094055770651
2.039102531446244981
-3.722989239024307118
6.118794605841863188
-3.040861562608943913
2.808992241089999897
5.391305511303638553
2.117981695135692899
-3.309802364751517345
6.407895817064837907
-3.273323816167945655
3.063117431589866158
5.873307213029022478
2.154786841344548787
-3.344778385474580507
5.260452567245500255
2.042862205540491694
-3.718520371684473247
6.498848182551060226
-3.217590361704559143
2.743431070640992786
5.622060679602343569
1.635483301932996847
-3.755417111910067884
5.945143522938162839
-3.986577377668773181
2.988569768839921093
5.361294957537587003
3.937737002744389869
-2.956573754097533868
-1.423557954792667113
-6.894310756841216303
-4.36232158078230281
6.406134599996112122
4.034112454337967613
2.410308499199414811
-5.07162776499919854
-0.6977735129033942885
-4.551409537991202292
4.643516249436655308
6.293756681948779352
7.676514046854718387
-0.8078753832492269193
-2.438283388416146558
-4.987242417996526456
6.286569376668198039
2.374258862982344453
3.865719698657713366
-4.440101092628276902
-6.105987405708456883
-2.694986222143624488
0.4411999297449909485
-7.026778225216384399
-4.939482249156940341
4.468495273366110965
1.941874910620312589
-4.580191212823734759
-6.056080275399839508
3.297302583780713281
-7.484518250619026425
0.2614029892228345031
5.599795496705551656
4.380600661074587343
-6.208187395733798297
-3.822403915358361992
-2.385848892635309859
2.621899058933047311
4.835148262599945568
4.539871181333314354
-4.837555327224927204
-6.497542360315906151
-7.86244571508406942
-0.08892974152350915928
3.041847128220021901
4.646895574253116834
7.556158319054897987
-5.211909099800382528
2.303287861295984396
3.718888917887443579
-5.120657810534953391
7.999734342841042789
-1.649985417758783379
-0.6005224032952148905
-8.415417144538963612
-5.528665525125414426
0.02959389389074155649
-5.332408370537677023
1.040146841346737405
-8.927044692080119859
-5.921571195843920776
-3.089636952202133191
3.058416254938268075
-2.372022145660362291
-3.995826100796340707
6.239694945383561731
3.896903224096627927
-3.546219302010958696
2.390280985183768525
-3.24960792476710969
-5.387828071028222254
-3.177617651094238216
3.03299779741757991
-5.451391632685608002
1.382757364906509689
-6.604195031448803377
-1.673427426818883568
-8.732040070365075124
1.124991131624873075
-5.689368823989815027
1.214668066648261879
4.036014931804991157
-5.741755765342110074
4.901516856916919629
-3.912310513686459323
-2.420849678008595074
-0.1357847883967915059
-0.7201445318748364022
1.140242649416089327
-7.280850452673485407
-4.499646260535507203
3.794162334646316914
0.8041292944891874628
5.97429019326288735
-1.042555781504161061
7.877493796605308241
-2.904327037796150979
3.040775680457556973
-1.428437975218822764
6.317483264622096861
1.581757479206773676
2.385783480375969656
3.822338503097976847
0.6872313437017112392
7.131534317995323669
1.605220347365939215
5.856509971867846609
-4.570111033386895727
-6.165896533438082194
-2.420736960506431501
5.233237060979365474
-3.786044665151782507
1.925856462985252371
4.716721197612784522
-3.024890387859485053
7.879402455445386089
3.233760760895893593
-1.364903354767821764
6.408612618795102911
-2.430934109624766304
1.039738283147735087
7.515196961096386907
0.09125128926369990845
-3.763377704614706332
-7.032917076117104038
-7.474546092775310235
-1.941336435285238471
4.206716771852457626
2.664570060621912262
-2.342791721286718865
-3.8494139601996058
-0.9259416562166430387
6.728032365270384396
0.9641435753790520424
4.703607774589848134
6.555989140703307072
3.66165209824778648
-0.4359469102373648708
-2.513679282507197854
3.745159572931506364
2.379851868286093186
0.7020006085803144336
-1.110539029191475624
6.110458126042743743
6.413901736717769531
-1.247550587043421366
-6.267359766182940994
-2.152336768515088039
4.275610996719452217
-3.713379265276583574
0.6378021674623406412
6.116648451923225593
2.804844093431904994
-4.122615842203026126
-4.599246463524682582
0.7887355066097146983
5.000674363915320164
3.008022820788958551
-3.451793805749111321
-2.672642941543832418
-0.9111229167443168908
4.750509649270004076
-1.296327643703954813
-4.979817579649007619
5.534146155476503459
1.150407336205929942
5.63217541343617345
3.207189913361041089
-4.780546936558332405
-6.117273246736710135
-2.147271269923455961
4.001947042000044696
8.099265516535899323
1.469013970811833047
4.61982853563486362
-0.7383618831265177374
-6.106649896169106029
-5.384652722844176509
-4.147789996582656791
-6.913732975299041073
-1.010087908217611741
2.067804496747724929
5.565509897914324711
5.696446481544902518
5.905582090774529114
-4.731885967241911573
-6.96171803719039417
-6.814359955612854236
3.77652572529123054
-6.560705920799383861
0.9559875029825962711
-5.632455408382480044
-5.334533632052258056
5.78333707760930249
-1.077903468157347833
4.511567072796853317
6.444302974292511088
-7.443122526107663006
-2.273773981591605153
5.16934854451625192
-1.841608769017182068
0.9899815097684206977
-7.446609686984102972
-6.736773694212948804
-5.639888909951237039
7.653974021486516399
-2.024424590681671798
6.004089605999620716
7.314210157249083188
-0.5165158633643663899
5.711901128137339079
7.220997155234743836
0.8727385330155366105
-5.508519728291837225
-3.230972482949721503
4.819845996195476268
2.906752065489658587
-6.07766118326164495
-5.197511446238092248
6.143532014633829696
5.558687025197736276
-0.5988148987975799864
-6.132673043585365136
-4.037138037613800634
4.351181432742387223
5.231331169767512002
-0.8858671982508994347
6.975147146508043683
3.948876903548606432
-6.492293928258632718
-5.390900413842801164
-2.280355070951945784
4.85962791792829929
5.96102143234527837
0.6190986055673968202
-5.761382577224563484
-4.549448392279111353
-1.104145180824598782
-7.146993713493631439
-6.389767029657811293
-2.717111202801888226
-6.474462371389838822
9.009797350479965772
5.889214379190690352
3.732576734560798304
5.981604008492096725
5.109873686843084073
-6.080548155553433531
-4.792352126072259466
1.912909345584236309
-5.166386247029270073
-6.038116568680333529
1.278882825194511463
7.089356533405160476
5.965337578918098238
6.734376412886800445
5.398223027130561569
-3.209998504669939745
-6.416943814498352161
-2.806893088078834086
2.085642257194227245
4.481768077230861458
4.203304944139087951
-3.29767860613072461
-5.272835798688885411
6.30860185000219964
5.355573954730778574
-6.141068439352658004
-4.940450356168520685
0.9403138369567958232
6.501511073618300607
4.097318474537149591
-4.740308925129411044
-5.693336820403115617
-1.227051711245130461
-7.044747946216587842
-6.106164345293068507
-2.818111393498063055
4.325075178777074925
5.462313881601591703
7.941068769007213923
-6.125846335576211388
0.205138409434865332
-5.916710726346282812
6.108783476518561351
5.233407422288103739
-5.137960138071917982
-6.013336192303872174
5.896004433619080665
1.437637668062498708
7.09662251680105971
-6.588442911365033794
4.82734957462776304
-6.25335692820759359
-5.427784059886719525
6.336441247757869988
-2.306249465024083012
3.391137214496802166
5.024280935376481239
5.849853803698577437
-5.762091770470499696
-6.346936759905024594
-1.356977325935074585
0.7677843654177946009
-4.778243255463632266
6.309672892373033193
-5.817439029859722943
8.405207898341329198
1.501066218512995487
-0.9180637357994202441
4.650540958284219428
-8.662619401872063918
5.407767642116226625
-6.08713330371725192
0.6947392384485228112
-5.156437226775499205
-6.042848532668060102
5.705163530536876415
6.993359560016258136
5.61251187276159591
-1.336153385755504575
-4.648734155693455605
-0.7080873981889976854
4.803063173744398284
-5.811193632094965977
5.741646774662848784
0.7242506594085436067
-3.235876912609875422
-5.817696234970513025
6.689365592847082098
5.000696656485286162
-2.345618759702446265
-4.872239122447155069
0.2979217763298082633
-5.546027620881450737
5.541888526956523897
5.568604694084019258
-5.169069567917486729
5.511150571933497666
-5.103106233907401368
-1.03919577439732036
-6.948665258517597643
2.095535005969855202
0.7572266838333588934
2.575486098155743253
3.506182175095384768
-2.36629215590500408
-4.054961092268890788
0.9385836009209853614
-2.404192599079857384
2.575316719484570527
3.823371831166883172
-2.086097652950883674
7.795795168722856161
-6.145175123044330334
-4.306335772326775668
1.193804405133296775
2.075755949184829419
-8.174467641455292366
5.70365740986358194
5.227026788545483527
-4.828385730642731133
0.2208959785115863772
-4.713028403665590282
-0.08469534173486799322
-6.630447190425384996
-5.017396115251806954
3.288052951794187884
-1.917076817011936551
7.022560073566215699
3.062432501550689246
4.533695352236408738
-2.404905536010031319
-5.396513797911460131
-5.909469484117986227
3.972423337556425071
7.318505248370729355
3.1512708393611919
-6.904141679827748845
-0.6313864516576842556
4.208807801619612654
-3.70427722039698093
-5.093272473642947773
-5.159410760165729748
4.221804760985809146
6.151968064199930808
4.979509318562910458
-3.479436980899604404
8.305449067044799349
-3.960127572016972852
-2.48886472132950276
2.991877330675964508
-4.059077470095666662
-8.608221531799769011
-6.601990763589107303
3.34608191081277262
8.395363619963472246
0.6060578260638834758
2.159907063301091945
-3.691269401921227544
6.083705271814499049
0.7890263593028645772
-5.124547565334442112
-4.665782295487607811
-3.757351168585180368
-4.461886021988685336
6.449687937359755097
4.853191212645284303
-0.4335123122028515241
6.70967426007013934
-5.747084048568319226
1.414802781017221678
5.943330028102820073
1.39418596640027892
-4.237744843496865421
7.782169378818612593
1.538249000081306717
-2.734954515837992872
-7.606816612946409428
4.628333061928608494
-5.851176465222842182
3.923798208518045172
7.143186572274158763
-5.313571736365104492
3.615993590228623766
-0.7847921602670626662
5.576434870391527632
6.035200140245565947
-5.294871479049731988
-4.549144061704317288
1.838839350717449861
-3.206945309827001989
-5.63193080989757533
1.187042453580230417
-5.056877925156243236
8.868279705216593811
6.68718263104030175
-7.012220513623643292
-2.264138603567971142
5.467148922335188566
-2.424985500072852851
3.610050726419741896
-0.2784631330918656555
-7.987736849917475013
-3.369071769450535214
-6.243920378736889987
5.500140177458507473
4.892535345272830405
-3.888513859513242021
-7.849209690483673896
5.924050782002292515
1.947709732110704639
-4.91370260552785787
-5.999964680414421103
1.738597487637154382
4.618665080466135997
-0.8036373507342610134
-1.336726310178229404
-4.989090645104808708
2.180127858614262504
-4.836718116147161517
6.436758022506640309
6.780615412656871399
1.083298077296552142
4.280845424953755085
-5.368874335646797391
4.735825315778255273
7.726320920941065928
3.470672392774335702
-4.73572578541474698
-0.9962615862000385736
7.03225261048359318
5.338392507480427263
4.514311190832677845
4.757973506350213988
2.34629435639073991
-4.645641694550240786
4.930767604630307055
-0.08904157450599634038
-4.24770385947227691
-2.127845038916839737
3.445475495988691073
6.330984745009883063
0.2091356092297351754
-2.52662036274586832
5.170160898775783664
4.256630163893402319
-1.20742148908853042
-6.684518760918323643
-3.418377142192427165
3.607002539956733145
4.860560021620493387
-0.7045348534067148449
-5.872474330999757797
-3.393719443591907137
-0.9745128935693125882
-4.27320351591769132
-1.955342588468517384
-5.19060696172596181
-2.181097074178787842
5.026951515468220499
-3.401130782880550374
4.197019897117357345
-5.999720533197718808
-3.009224928035184377
-3.09045778839201013
2.642227299697292864
7.965133505856422325
3.226640456917830413
7.370980556476609991
5.480742052001787989
-6.93860088824331811
-5.477097271833192949
4.814424029048014475
2.478754887405981933
-1.688668936363135087
2.419206550019662227
4.660803934935123571
-0.2110581621703687127
-5.633360593368553992
-0.8339457622723408514
3.74340048912239709
7.208048589648879734
2.990495605162877268
2.909262744802551648
5.651452227732820965
2.885509249019580391
0.2436623155182695566
6.317098245306683069
-2.76594297871485173
5.322906206159603748
6.215594493329128944
5.903645067083720832
-7.965334505206418392
-6.629329456294864364
-8.559487454581647725
5.654845071523478595
3.050619099967713854
-2.962463413046862115
4.114454282935301244
-0.5941529493793370476
5.002871092161510269
0.892688287166541028
-0.6663180229516078024
7.16188682958427858
-4.636833139440543761
3.191371713092014062
-3.383275657773130884
5.284734517156569389
4.743016910720041501
6.204520527123768225
-1.399405915997474326
-4.566798813487420006
2.04074002896360307
-6.351784949836067007
-4.871862097107792167
-0.9174034458104987078
5.034916045811467455
-2.777694578833616923
-1.062360622806704624
-6.002202983543144299
-3.962815274191736403
5.981595982933842315
3.673071466957106512
-7.311815890763104342
5.663600873938872127
2.393143833716432578
-3.928099754863404236
3.247199531666674854
-1.86274914864377239
1.461503616407535233
-6.142422826720281392
-2.991608261901347099
-7.812610624646783464
-3.235264373255767989
4.748081910056042965
0.9466799371240746108
-3.570285301776925824
-5.981964451732612709
-0.47435716855261717
2.503150628004991773
4.974709573570732957
-4.163780498158740961
3.266141618726279283
3.150814564819862884
-3.167392897491885684
-6.853666693655614317
4.873869391745523139
3.088883255391466687
-1.844364731186672213
1.187595595586473651
-3.384755519777530086
-1.784986136350587227
-3.686273796161382954
-2.411679149957171919
6.073435929785014231
5.507607283178511004
-2.894337042453410724
1.356952582050303668
-6.991936050941728986
0.1600955622473269613
-3.701521291550466941
-7.612301454973237291
5.570567899644834675
6.988542019651470483
2.565672474912531698
-2.509006395781534948
-2.875630354993228721
-4.150654701125792378
3.383716135897144373
5.449066742121582152
-1.275024346130020358
1.917972122401965018
6.25934649088781736
4.251289624502752496
-6.175331380753918964
1.354251662498860975
8.666884708545655513
-7.038273316295681425
4.805267854743759948
-6.81078913825133192
-1.848207121317537283
-5.68454831301043928
-8.413285951053676825
1.401947403443846607
7.270348874315955001
3.108283129869563233
4.448997071613010057
-3.40636352318176483
7.312633046049044516
-8.392524978796798152
7.429922116883636463
0.117289070830467218
-3.861616853800103222
9.35190124514797283
5.410472337399118814
-4.933247986576882127
0.2274841780420935877
-3.003658922177216972
-4.454433760445142276
-4.749710841712688314
0.3287227059354182468
-0.4083364732286888787
5.335645133807600082
0.3034436106757335549
7.511894104422559337
-0.2952770812671361433
4.783156466379894667
5.072504657037248066
2.79086473462899809
4.769061046360523193
-2.728737638043227776
-0.2927749921330901062
7.0864957164545892
5.983084857242666921
-2.439389447385538645
9.23461217431753667
8.278937163812610578
4.341374368485430679
5.006922427872303238
-4.179367034747347276
0.8801497370246345042
5.478846284464348848
2.88675161941507108
-3.342480355083340182
-5.335131898207674084
-1.290845478096939836
3.08300877400080342
-3.026270242958856826
2.531989176058225599
5.55825941901639542
-6.229231974499971791
1.101393514416717734
4.211938857305737471
-4.240529312360347802
7.252263969562839918
-4.898319391470274731
-3.080571005350997371
2.565810056689214136
0.2825135098914922094
7.268168436308052094
-3.120582971290245311
3.58467850036479474
-5.277220615916235147
-0.01824424459111257529
-0.8717303216500381646
-4.068694662906567672
6.445269072222697737
5.368252855634390919
0.5878097809225543147
-6.904850611894117307
-6.1212141056887166
5.315865914287377869
-0.3107403974788857659
-4.780443074711060447
-1.665886313082412418
-0.05238694134889914505
7.316581834056389511
2.992245497094212947
4.708352341973632171
-0.9990307223095012956
-6.353637573231752711
-3.705767291037301625
3.024413115521746853
6.138969877144436538
-4.468247277291715669
2.045494956007473775
-8.11877969906249497
-2.278841380955287654
3.114556761625668635
-7.492660392815921888
-4.093474921134320432
3.411001183564857708
-3.650532421772892278
-6.046837292970827171
0.7836365062059846842
-4.324336336962428362
7.504476104696438554
-2.60822949208123589
3.651309613058464354
5.839938318107528836
-2.396304871195556796
-5.32046380994682977
-0.8580744700247326939
-6.698012788132203355
-3.853166491637856961
2.781204192136508713
-1.323618673735617479
6.473517171924490832
-2.829183791639586776
-4.720155763685336403
4.536906043710892789
-2.924158938752139836
-3.683489935944695759
-7.28641268089577121
7.797135845660805309
6.259539105138900439
-5.707383064281213336
-3.396537089951604305
5.186766165340625179
5.653166338828978787
0.5234590131489221809
-4.434463948122385979
-6.030960672833144187
0.8245124232014114929
-1.537596740523315964
5.096773943250084038
2.958553796985011974
-1.936611128212901711
4.057062403027403619
-1.297544447891524122
-5.922718678586233132
-2.383971129048870097
3.761899629581660243
6.367908377353508342
0.4664001734896633389
4.462389339921230658
-4.362253742141068535
1.348118884234854375
-5.880568713497292599
-5.129707325677600238
3.995989166430780948
6.634370683773995303
-5.354606850920331951
2.3108459743278571
-7.22868759773197489
-4.625174230695082045
2.647870282195139868
3.322182091158315753
5.925695458192742571
4.2465499502400057
-2.494373166361655514
-5.516952001872170719
-1.318112195926955055
2.603513367036719206
-5.816555257520195532
0.7508613878221398474
-3.873394994942876313
-1.679145507950647653
3.538747549536990444
-2.035506800441096331
2.088184723519425301
-6.766320510109527397
-5.147523492081231389
3.350151235487663914
4.123691523961075411
5.217893057487465569
-5.564662146166936552
-4.730813709669196676
-7.913085022013540915
1.943160262578818465
-3.022578835512590878
-0.3488880761720046797
5.865927813293477122
2.744130260252488185
-1.388065608066531897
-5.133941175506903321
-1.455133539764481565
-5.715388128732783457
0.499427760733376358
4.890506186498893015
-6.554419685982139754
-4.624256382765515205
-3.702110683526453894
1.171432663846926125
5.14143464066038014
-4.973880688338049971
3.166277448104727554
-1.271770004812159849
6.868388131632251259
-0.9530278952725624864
-5.368288013045436458
-0.8753760542315205395
6.575597806132827294
1.200618083183091489
0.8255728683218648278
-6.381258261309515234
3.947107463182081055
-0.5848449894345768563
1.460201880080733927
-4.69730004391445366
6.450161314048032501
3.816793540478147673
-8.00910440240627608
-3.980792254539184949
-6.157501923995251758
4.989959433969136882
-3.311804358491317046
2.277547245339440973
-2.633367773569706749
0.8005497724128732839
-6.458695753119511274
3.711313564442614066
-6.333269231679905076
-0.3329957519870818672
7.919865593318395902
4.518386963221093566
-7.259245525533767562
-4.910915018910196217
2.910763792033174369
6.137724548436838568
2.34833050662391507
-5.449255288391830376
-6.818612015204222665
0.1254265214366336034
-4.734043324616784787
-1.507082568217758434
4.288883544829928951
6.106631930944266706
-0.5254912957344594071
-7.797585795016581223
1.756155834879397082
-5.171304100752906585
5.784467982745983505
4.415111255933987344
-6.733845553230389136
-2.298809792072386671
-6.927459935632726662
4.02831214786659153
-0.4766306213216577325
-5.482761431351568682
-1.562541452478279247
3.22696075640148683
4.208552028878561835
-1.369356726811989944
6.944038536637882508
2.922933515459747333
-6.713921048003867575
-4.604403355091546857
6.00027347969046243
-4.021105021179073979
0.6066525481996560831
2.909143535244182122
8.227584728329514263
-4.765310590348227571
-5.65671075560633696
2.561475656083374908
-1.740610143320178382
-3.201451524774950652
-7.326556836294406239
-4.338899804220695877
0.7822537017799507941
4.908674892784597787
5.573382311765196384
1.649931190426030536
0.7629155034764444343
6.659188692818887034
5.390673072853028991
1.621504376622627142
-6.764421367073356173
-6.052949748970763544
-4.125105311519750018
-5.393620931490519688
4.85138271520389619
4.627757569377657809
-7.527336870550712433
1.288196029480090044
6.705261471656402961
-5.294678912510726754
-0.06613828652724355883
5.22854062598397995
0.9682860370080297319
-4.684058259338764962
-5.913573924635290524
-4.260254588972568257
2.935507084953114632
-2.628877489652342359
1.849245010070479367
-3.848072325285724737
3.739464199212425566
8.02851419668242805
3.870524471597541094
-1.693860103004237061
1.310120551251460208
4.92012131514302542
-5.019809179138008837
4.09853940971508468
-5.392070212324394873
-0.06012287525509107944
-6.060229525488243674
-2.937418160216708429
4.502394019228050048
-5.42230243120012112
-3.976341049889024148
4.799414831095799805
-4.185453294368235433
-0.3333240822272018899
1.333625409609808132
-5.527786928022985435
4.543218274504632781
-1.907960561694222124
-4.478190084473744115
4.976642377265586781
-6.861412337636844327
3.643016967659258754
-5.564384574602755151
1.049596843548435521
-1.219194835631427498
-1.506528608523788781
-5.61671141352072123
-2.119006012358270574
5.570389087459799882
2.992338324814168171
7.828204852533152902
1.253557481666055295
4.331936068354131919
7.590742695950825514
6.361227030656666059
-4.510079318779990132
-2.416716514710674613
4.577346251392876653
-1.185120695358222065
-5.132738913319176532
2.454156478037256672
4.934686916226141307
-4.182914577206263473
2.045542786612094321
-4.306963600494565725
-6.074498097843640032
-1.930157998287013621
9.923707964095616063
9.679948556263919812
1.507009528041719726
-3.602939152270988821
4.144340099557703105
2.471558945569287236
-3.91078016342507917
-6.653474976059517765
6.128026100287652156
-1.844123350136260386
-5.562569908276405073
-5.760538811957828464
4.81182860748819774
1.839533951498363518
-2.742694812632569867
-7.972149450424561579
5.103295059189250082
-1.316197492798425239
-3.941428907747241972
3.642489499745221959
7.575646155800487946
-0.9556750105086792013
7.712335164420182743
-2.604225971553906671
-1.540390788587210791
1.929589064398408382
-0.2437594078343904846
7.521198728328049476
4.29005562811279173
7.254326107459251105
-0.8308505669476355937
-8.416698436050456422
4.53381503594987656
4.084658194268731002
-4.873395473625368624
-5.976806332837756308
0.03003979809351256525
6.157906996907345665
-2.366520641931214808
6.426312805622939273
6.275859849376110411
3.705915253623370376
-4.124810766987592636
-2.146614455253816001
-1.992651543126229274
1.626673168645690559
5.670959588751393277
-4.053992593682129275
-4.64005503334695657
6.19117781575727566
-0.2859475092809470875
4.489281578996881628
0.5298879310530492104
5.268432443197657022
-4.686453912870573113
-0.6792654188479171351
-6.969750459673889509
-3.480063510066203403
-5.393157440768752586
0.4028086722829121169
2.217323169451757003
5.583641573644841927
5.810473708210413868
-1.596496724712680226
5.258976371323299759
1.930163303216125392
-2.138220146262860055
-4.895164925195701677
-5.119349389445989829
-4.025147855921017204
3.177043734593377522
6.617703622523821494
2.120722902707341539
-3.680746347047378908
0.7103320787121928381
4.909171884653914297
5.743020321149727714
0.7385885256981944424
-6.802543900085634476
-5.412838471720245792
-5.068981081566629854
6.321945421414282507
2.669581086487388788
0.1766320692315726804
0.3438573901519237364
5.589470540953450417
-5.697317335358158985
7.738562168052801837
3.970001976813403832
-3.652364334926326173
-6.145313352183485733
-1.975157192556821206
3.166234824918634949
7.086454803787441747
-4.623070968977486039
-5.453002587324775163
-1.04626600581188911
3.920219978870885136
-7.78930579389782185
-7.785339431975727642
-1.675188696556676016
-8.307311923231470274
4.348186958401762503
6.177401511540509205
2.179842015013370826
-3.614711431966838973
-1.268515619968247465
-5.037684316196946455
2.987657032073417263
5.31844119308596408
8.025341348270176312
-7.674454125593039855
2.706900155183053602
-5.66610907224606386
-0.3058858003178225315
4.371318512941114953
5.121153505999980204
1.66441835775921998
-3.321634372177765471
-1.804345169701938145
7.196192735509913341
3.800755222630591845
3.358824392951551996
-5.893516120760010857
-6.778369520417250271
4.126421191003796451
7.122389594808966606
-3.456735148240094979
-5.374597599490020805
5.255291266472942979
5.119148549270160942
-2.378629195684076159
-0.5392621805067554508
0.6647074189778481301
2.99596840380531404
4.835335418985434508
-0.5219724912541855444
-3.923451121342096837
4.170628000008237635
-5.652344296345836128
6.21481588946558805
-4.785053099338230531
3.258806627596342764
-6.885341591681751972
-6.748652583062110466
-0.6950619093091288114
4.12609782459924368
-1.229515665294509397
0.8672911970066479181
0.4587652698504368076
4.11502299766850399
-4.158662284967882705
0.4038546095116911094
-3.711168388158915032
6.427947765235477284
5.331947337067560966
2.77114544671953178
-6.585582850204836802
-0.6681593131636209826
-9.023093889078078078
-9.475264912514528959
-3.918769038002433813
-2.560801890347134346
2.119858820555250656
4.680660710902169619
2.131701681321802155
-6.304889515429843883
-6.689914484721070309
-4.110182804994862771
7.076917695984355383
3.497705401164446393
5.658984848736972495
5.111344337172057273
5.880764193125449957
-0.5476405115652965838
0.7219971733249318513
-6.428404704689477001
-4.572351115366338092
-7.150401878014108092
-2.578050762646700633
2.093362804066618565
-6.451178836199400024
2.341654611356365656
4.381042320711220128
0.4334241027572260374
-2.177165740018482509
-5.978567712948815505
5.554121785881215523
6.246511367855299035
-0.3905596873896847732
5.377450514286882033
-2.127775419465235629
-5.590305140020555008
7.562626443615829253
1.40372379615808307
7.583918407491334612
1.417974120007801542
-6.156497568534589959
-0.8851178836021456053
-5.747963963087062922
-4.141989381742488874
3.490712002419783744
4.995801985666635581
3.933156656053891975
5.271379684934140109
0.4085336054480618873
-6.165944287482367336
1.338223028881734056
0.1366890086206050681
6.190279682372086256
3.450944308210142975
-3.123533584718971579
5.0569188895543844
3.008361223891508285
-7.546403129456115799
-3.545571830910532629
5.880919869268784517
4.852056653489559501
4.081605282982509131
4.407509119571438205
-3.13066296598899152
1.02523207646702974
-4.159526181771091125
0.6616335521351073279
-6.574477892929436074
1.605974581343824648
-4.108151023750081343
-6.156708689413978419
8.32669301762290992
2.999121298286287374
3.524550360412130434
-4.422869544738041725
-2.048557665663650162
7.632701384162312586
-6.553933054803104952
6.972345265506489476
9.15582998770086931
-4.368757125476158798
0.04359008121341002157
4.000831298545750592
-3.50439463520671346
-5.074678870692803656
-7.505225933752106116
2.185175929328010191
4.664283615243101977
3.093999379758178403
-3.32549317222733043
-6.297787828216688588
1.201753894686230506
-1.570284235485732038
-3.462529720556062784
8.668010174929037248
-3.231143100217284125
4.962582016931677664
-0.2668726208646376441
-5.229454637794198391
-3.718446558140792835
-8.085176674403770747
5.486357812121282151
5.288388908437936742
1.11962769585982036
-4.049818830966946059
-7.320275871184971805
-1.382891199671379745
-0.1979689036820711789
-4.366730116261446248
-2.509214363661425029
-6.671280108109138851
-5.330566166363694514
4.667730648448038977
7.600072763455520075
-5.169446526828678223
-7.585847869102731345
-3.270457040219769684
-2.416401342272448183
-6.321243588577167394
5.937384671512452528
-0.5772619815409149036
5.74398160703616778
-5.109948680312217384
5.868401470872235848
-1.103410859212028639
4.903435271719108535
-0.9649661991533298178
5.921890013319925927
-2.821351802702424916
7.176945012109921862
-2.569944595754948935
3.610285690908545231
6.180230286665497452
3.610000763889708697
-7.830726020611235683
6.127867198813026661
6.886856212473457362
-5.95094510615557315
-5.191956092493907882
1.785120803214186536
-0.7426969367058897653
7.551352216549658714
3.992735153056234942
5.257125819870701378
0.7589890136606313176
5.208248169450818033
0.268405808715365346
-2.570229522777645048
6.977076895707803317
1.255054998790700704
-5.722021896917338424
-2.789679781910052281
4.70986194099193245
7.846240603439486705
3.472005016657386367
-4.939842360735517524
4.735432089762846353
4.337915478039089834
-3.558617063493657806
4.213866454747582146
-2.294226396679829083
2.039387709353235767
1.978196311732409729
4.044286420108443636
-5.680665762330619373
4.373854252096939454
0.5202182270077738702
0.7791508642037574539
-5.168546997845145263
3.617505178665806564
-1.882060048151657172
4.829439363609101754
-4.827364081412810037
-1.461045677217114758
-5.499565226818750041
1.211934184944580828
-2.945304033261126886
4.738544512141243281
-4.83934725099820362
-5.21634184392489697
4.152482072473583585
-0.5860624396663501878
-1.913093930704883983
5.697386679519456543
5.795966113050148749
1.817748386116346593
5.180832901361639209
1.094201533525836822
6.020248854989392662
8.296393124039127542
1.261966511968242832
6.14587075862907728
4.391078425761713255
-3.121797553040882356
4.19883980594235684
0.8338484364967970741
1.618797018028543144
-5.004431795449995057
2.229499934444135967
8.757570748324354781
-6.970980935011604984
4.668399797267342777
-0.8936579156475416008
-5.470271412482357931
6.528070813880771261
-9.20048086945629251
-6.623228813478415411
8.497674727568890418
5.16316956265196314
-4.089170951057452541
1.969603913688282804
2.577252055978087597
-4.963880369803159276
-7.295814917758517204
-3.135989063783948705
1.500709522528762108
-7.541132425782291371
-2.331934547956591164
-4.458099704903289329
-4.132195868317267262
4.435035761154431988
-5.003515347427530457
-0.2231350715358515757
-8.132720809597707046
1.660645635300982415
7.038344654161684311
5.41655837922234884
1.937646209904140937
-2.463503984512678713
-6.638728379482957465
-2.505154608715562947
2.109517692913462916
-4.658170832686712615
-1.488606963742310274
4.780380275891751296
3.755912743924194164
-4.165800244018625698
-3.129205462167773621
0.7114716181028933883
-6.170369782610739762
-3.598124656652242681
-1.024467531964729394
3.169563868940871831
-6.881841400713238244
-5.527296493056180537
-0.8914001652580291202
-1.621786274941414252
2.572245125960041179
1.354544907656661801
-5.100698444256556385
4.194031400903527995
0.3425165697030950196
4.978412897498380119
4.592213263183468008
-0.8576960879489555767
-3.460870641464818043
-6.185267807285930175
4.635896327796708682
-3.803387211169086957
-6.455243351911349237
4.90788188801613412
2.183484722194517502
2.256025747276550586
-6.682170816427309923
-2.145124447136923962
-6.928755184294148606
-0.3861996343143918042
3.916100612285689841
-2.61450116719967518
2.136796067587927617
-3.647095072179788122
5.989884878803903412
1.687799079400134961
6.773494653899317264
-5.449909351132390611
-1.032593904979574706
4.302300246599912725
-5.327571719336902767
4.417315446153003755
-4.802142657210805687
0.8588423684899518795
-2.724397165821516698
-2.651856140741041035
-4.401150194414713113
4.537046369290360204
0.3618219743237581776
-3.299976714390676413
-6.189120844001512189
-0.2465843678669369932
-4.175224394968171993
4.159825853973794452
-1.624065285795317726
-2.126165156945473367
-5.18253836345929475
-5.783891139768450707
4.636698586312125059
-3.558473077663239614
0.3259038365872564125
-3.056373206514479524
-0.8299316183489908738
-6.632123226674962346
6.023375654961096615
5.646381062035794152
-3.401478630092606537
-0.376994592925951888
1.829214553141164101
8.674189255752100536
8.991829323470476254
-4.569228545760020133
-8.566788042284281701
2.275746156846479629
-2.766649890621409202
3.283531480336433717
6.116025791412547541
-3.997559496525363798
6.844974702609962769
-0.1361427172011846487
5.8001381516616064
-5.794553446979954003
0.317640067714260288
3.840279634569593536
4.671747591774587427
-2.946227337496815313
-7.048567569568800373
2.990053531362189432
5.917423537043291049
-2.889682062310561239
-4.102340232073212967
5.936280868860154492
-7.49777774495367666
-3.395437512879893038
-3.837368342556550793
4.158885507257461533
-0.407842206693917908
2.927370005682251364
6.050181370957283811
3.122811365273368001
7.881441196108760039
2.832494311073765036
7.439812179446032125
-0.7458270990398614408
-5.04894688503734379
-0.4416290166614220691
5.091580640831872451
4.35410752406316881
3.429526135860821778
-3.193565648963844428
-0.4521710234350050928
5.104324851075395131
-0.7881387167340483391
-5.018898737384259512
-4.303119786001174063
3.005473496236423347
-3.471651828799754202
5.837407739875346557
0.8314679572031798971
-6.477125325037937031
-4.566727713949712886
-2.54895902958055709
-8.436591196752040389
-0.3850249692910808208
-6.656253842576545843
-4.812843144211636393
0.70983599277215359
-3.947618217957721054
-3.80140197293233939
7.731287525901704427
5.588008025557533287
-2.30852451597536934
0.6923895819741400226
7.598150679995615775
5.251593609861848755
6.142329126905146097
2.480530438188644382
4.559204027887713728
-6.637071055244445184
4.13357377076794652
-3.661798688715467875
-1.583125099018392268
3.37014179965934213
-2.346557070130766753
4.406736581512369355
-5.716698869787299131
1.036594781852509861
-2.889144129612513101
-6.419492551986644813
-2.972294655990271206
1.340713941744446025
-6.514646653051957337
2.932342115007518402
7.499541722902290708
3.136378662447958821
6.994028936179005562
2.133857264642977647
-4.374235586782951657
3.857650273731316748
-7.896532541532981675
-0.1240490232899046641
-6.290485040826239604
3.366318404194521996
-5.562057712914488583
-0.884853399656385764
-3.745875567439187037
5.36022327192834247
-4.30208579940308411
0.7836097750946872109
4.677204313258956248
-4.576613496834374573
1.505089983246216123
5.660985025701213758
4.155895042455055588
-1.028863215780662532
6.148053207138249654
6.095569462454820453
2.276144269049496849
1.864809441804780921
-4.758282343020534988
-5.892463567809241631
-4.427818174920548522
-3.819425193405147745
1.464645392888831887
-4.230760020650027542
3.440659887930204608
5.284070586294118854
-4.496980719816625616
1.843410698364432942
-1.890971972046034066
7.366089835349698411
2.606008747771414669
1.530189269442362665
-6.352506387105512076
-4.628713378016327873
5.942536476133824408
-6.158902647458114998
4.412347206690579782
-6.508092851426781067
1.723793009088608885
-6.623091784825320794
2.821346865159456652
-6.956423831992116114
-7.467978154959375559
0.8655019251132747282
-5.626606311767516466
-0.5115543229650926227
-1.124018954488276156
5.115051988803561045
6.239070943291842752
2.08729597606002093
4.821159733906809741
