                      0
                      0
                      0
                      0
                      0
                      0
                      0
                      0
                      0
                      0
                      0
                      0
                      0
                      0
                      0
                      0
                      0
                      0
                      0
                      0
                      0
                      0
                      0
                      0
                      0
                      0
                      0
                      0
                      0
0.004083228307264973392
0.006008477580667019591
0.007085970852604521301
0.008076415196834454968
0.009002533227548662267
0.009890186797330070487
 0.01029761315407459396
 0.01071804121691204495
 0.01112793203413574294
 0.01143967698893132157
 0.01159903539688139813
 0.01177752002057211311
 0.01185229063730256979
 0.01191182583135444104
  0.0118906884972580229
 0.01177258551727956327
 0.01171755924417301753
 0.01147825801316495337
 0.01115467560941987672
 0.01088856979397699251
 0.01017031224577049503
0.009366347103673487023
0.009047590150820730356
0.008061402343736883205
0.006899713839898798107
0.005626837271970491251
0.004297838190888493386
                      0
                      0
                      0
                      0
                      0
                      0
                      0
                      0
                      0
                      0
                      0
                      0
                      0
                      0
                      0
                      0
                      0
                      0
                      0
                      0
                      0
                      0
                      0
                      0
                      0
                      0
                      0
0.005535054233312049557
0.009435404612588861248
 0.01194422132924141504
0.009913939070966278078
0.004470419930669812698
0.005013462238607496388
 0.01009536743329507956
  0.0118412559261772618
0.009385239783438428796
0.006562177577387856911
0.007762953813291007844
 0.01026210853383829197
0.009566186550593696464
  0.0115811963261975466
 0.01188057006864050996
 0.01192523494459720931
0.008528490421225118703
0.009923090379135395683
 0.01082995624231623127
0.007722103094275144242
0.009241650749581208427
 0.01052482963794133981
 0.01188363134811296941
 0.01154898442989264751
 0.01173518255120645573
  0.0100707627253734406
0.008729753391667349413
0.004747389989880526802
 0.01118691443253254196
   0.011438614608372321
 0.01124134999490583597
 0.01099842555095397953
 0.01168432192675502614
 0.01188549891811297929
 0.01170973232156257912
0.007161520059948523788
0.007370862072193219879
0.007806785557352982456
0.007472900139419681731
0.007561319805256214513
0.007605183983114756872
0.004648617061267931554
0.008520147208142854131
0.009931221826707706257
0.009311036180037821422
 0.01051338981479263759
0.006329218626685063388
 0.01167778293344783752
 0.01170163192834896247
 0.01168879928294892095
  0.0111742727281152511
  0.0114474795888716372
 0.01134620947332311107
  0.0118673688724823985
 0.01190126762277244309
 0.00789060932812230692
0.005267213280524948513
0.005966680621605980478
0.004729617289229151242
0.005399239022941769266
 0.00772817276507382217
0.005110648892106384178
0.005322140179822985005
0.006274595982589211383
0.005398600382268322825
0.005183173354766043052
0.006198458253410571613
0.007579453227664949277
0.005333923972283751737
0.005297338546519821112
0.004765398403669166352
0.004948846292136626322
0.005510470907518612294
0.006746782788462227579
0.006143559060687490449
0.005456938545560478457
0.005371569541817725751
0.006459054184188140098
0.005473976334778018864
0.005526913525762231112
0.005125892437390040801
0.004183955975775554594
0.004755591597039195845
0.005805242466793279765
0.005717643804478281418
0.006031417800521552547
0.005862887487525812041
0.005979744888088303796
0.005300665268330220434
0.008652327485303723878
0.008474035973170328598
0.007584152873951854716
0.003650334512497490497
0.007698475087071715919
0.008437042309775101903
0.007865110337204651164
0.007298131449110996025
 0.01029309991453095964
0.007293383161099887407
0.008186597949973627858
0.007285747562439334225
0.008819111674759527036
0.009164148483304726533
0.009118212830158999374
0.009026293264152612447
0.008827818708361512973
0.007980351713077215442
0.008453719597101901073
 0.00908817108558397993
 0.00836423465019713562
0.007559948283590736326
 0.01024399029267737682
0.006427697786724258233
0.008330235616259035192
0.009183411780862228008
 0.00459120241845468232
0.009621132402437134953
0.008559113132568619414
 0.01192963177751205257
0.008685638311886336935
0.009928210749799699572
 0.00942997277089835037
 0.00812769172393196758
0.007205331860651661632
 0.01067634313441071826
 0.01005240312590255543
 0.01189168606628431338
 0.00652127881180131902
0.002846994117713115124
0.006285327915196326984
0.006964397182616896206
0.007321273513239366475
 0.01037111654366154254
0.008123387498053479677
0.007644617068268387723
0.009759730302295309759
 0.01025567690664625463
0.003558864852472489858
0.009143332144468361428
0.007922233323621831469
0.009497375810014474506
   0.006761106756950362
0.007732173739103358548
0.009721422903418153183
 0.00961937797643496427
0.008659186490540574446
 0.00784230801155296961
0.009665496360041181748
 0.00822971575051443735
0.006757561593559023583
0.009770395507346098588
0.009351884138019975201
0.009182309007825607827
 0.01039576598846433247
0.009959647221511247137
0.009467356829145016223
  0.0110635946692002312
 0.01136515600202945946
0.009218642089023126526
 0.01056513689535822781
 0.01077639751874690834
 0.01004418584576370621
0.008817456199591750671
 0.00927251145103541799
0.008203575042091033193
0.009550925601023236428
 0.01037546985498219269
 0.01079722841350693255
 0.01155761368944233439
 0.01125347136144165192
 0.01161718271044349243
  0.0112221404132317893
 0.01093814057721604477
  0.0118296864816708619
 0.01135595304845684987
 0.01050110500472204757
 0.01105825987475654061
 0.01032695315172753661
 0.01182408036442023774
 0.01186039837767299127
 0.01183770596890754319
  0.0118235366369466785
 0.01058383331294213657
   0.011794605357620341
  0.0118348115831526067
 0.01186092506492387316
0.005918575833478660793
0.004410693278985395802
0.007788400018713336447
0.005063814585928421048
0.006729301626062163949
0.006680531520507988243
0.006107291393498319801
0.004585156088152622308
0.008614962445047245898
0.007902474293163425437
0.006423730724501952247
0.004659322330537137187
0.008123120476329999048
0.009052095461165575799
 0.01074101398725370825
0.009686948848475162438
0.009035520769526992485
0.009906878078222585565
0.008747899045683162067
 0.01056210560436942822
0.009611947082510941681
 0.01022273312469472971
  0.0104434968746162371
 0.01147242572446055368
0.008657276125130508593
 0.01110925646624032551
0.009668973469414329433
 0.01129030906936333983
 0.01132781071019462599
0.009575973622308530872
 0.01037003446659220951
 0.01097795894728775985
 0.01110477543095467375
 0.01078995833026167445
 0.01116371783469934445
 0.01073779962573822785
 0.01126014842265870425
 0.01183381498966704082
 0.01160750200149210029
 0.01076625373727037316
 0.01123487551611997495
 0.01075562569881798221
  0.0102470660341552524
0.006762851776325117317
0.005360995102453219863
0.006262100825179597874
 0.00497304628559746241
0.004111353996487326565
0.006506651913580844236
0.004777622113884967027
0.004663408203336967886
0.006550302095508921119
0.004854338887553619718
0.004646535054791097255
0.008099049259875562568
0.006646127393300216984
0.007149049791268563894
0.007833101962716814554
 0.01009492887177346199
0.008926308114161793719
0.009646667398378348801
0.009539279357630226983
0.009016281075754230268
0.009438360304171838563
0.008327861702985146428
0.008572247787451423365
0.009661903311679508055
0.008917719180761595962
 0.01008101890301281445
0.007776120684783466991
 0.01051042706706535948
 0.01162679087376603144
  0.0112678899740384017
 0.01116569799160292524
 0.01091756737435446017
 0.01084654354040210343
 0.00475543717986029197
0.006620018237360857614
 0.00370116372511413317
0.007814399458210569832
0.009673417676136377916
0.009964419921044605569
 0.01041343671220229528
0.003130239850001736903
0.008446073043179517376
0.009760391495061268227
 0.01093920188839779366
 0.01100066705714274236
 0.01100768460759902166
 0.01059637336873762471
 0.01183708917598491443
 0.01158226323219490282
0.009043455392315083788
0.009735432567262704284
 0.01084040574110744365
 0.01044762882909176967
 0.01037288485351020931
 0.01029291162250980766
0.008560518421336999612
 0.01015041024453324989
 0.01010553199575301569
 0.01040216466755510862
 0.01156812469144481194
  0.0104355993243684525
  0.0102919015477025682
0.009880575241113732227
 0.01125124396615177595
 0.01162076456976247549
  0.0115170316716320352
 0.01093758777931868285
0.009905636277498111944
 0.01075695856925980992
 0.01026168395359928522
 0.01157094693720827662
 0.01167464234524431474
0.006473369755392327334
0.009225445906264392176
0.008241106849857484512
0.007724475507227606882
 0.00684125396685339969
0.007221988361072826518
0.008806353230379437153
0.009728032796216817477
 0.01034455283244333293
 0.01110197196337509018
  0.0115259657405185293
 0.01042468466794472734
 0.01178892014645960967
 0.01159369255896492562
0.008418219332145211731
0.007963569716367982498
0.009041960453614527812
0.007968782430779046758
0.006613719767579575096
0.009761446402623571647
0.009183169775291008183
  0.0105332839497221404
 0.01134568812041392843
  0.0110151295069909564
 0.01147011811089099914
 0.01169530043496224553
  0.0115102483119958101
 0.01173222624118882076
 0.01154164884467667393
 0.01137832615595712159
 0.01134295643445954252
 0.01081699198727190288
 0.01076060578137730608
  0.0109248512483893917
 0.01039545956734370946
0.009582993593964535262
0.008702747481550251324
0.009496818762837944475
 0.01165352344634681958
 0.01151440716317689988
 0.01181060924522150599
 0.01180128191712027583
 0.01186260040342559594
0.008940673786983635921
0.008448147980032265011
0.007402890553761577903
0.006484233626147170408
0.006996561802496830372
0.008229597895295910279
0.008859843666047988522
0.007833557081431408164
0.009614806424216778072
 0.01017894164359751073
 0.01110242222801627668
 0.01111598498614512452
 0.01190268400345443657
 0.01141765726642793299
 0.01180373873551200485
 0.01151154634785734807
 0.01119870922676925729
 0.01187958785718292234
 0.01153280214432591405
 0.01161345749413561154
 0.01180482509151423859
 0.01192091156143009964
 0.01169482367213944135
 0.01190685324994282708
 0.01192551929886174686
 0.01185545696163025839
 0.01190680583376423941
 0.01177969159936950554
 0.01188996195169560871
 0.01055029448171818096
 0.01092699631736140584
 0.01059900434758530297
 0.01121771907307592998
 0.01131229695181680192
 0.01155913283509168998
 0.01146338803572776767
 0.01172133343665896985
 0.01114824845164234454
 0.01141708374912494238
 0.01165295955442149228
 0.01162047079965788758
 0.01099911207863896699
 0.01101914442934633608
 0.01178553896592940756
 0.01179185846744876254
 0.01162899892990457672
 0.01140291776313537807
 0.01172524914272451632
 0.01168856919310358802
 0.01160823471360459755
 0.01134587210117588875
 0.01110261945111250953
  0.0117483222199503759
 0.01179982526034105764
 0.01148312163123775195
 0.01164627000541472619
 0.01134580470633980709
 0.01160542716746133449
 0.01180888628103831002
0.008352788164143837291
0.009103989573778469013
0.008685836857089172802
0.007130282648648371933
0.006340603838330636025
0.004744649873142690183
0.004495559109211575213
0.009388960273625556255
0.008568978955994484628
0.006756871431430160925
 0.00863931251730314792
0.008831415118239618195
0.008930269720491761098
 0.01185577227616851394
  0.0116549988584908025
 0.01128900206845395021
 0.01116845429481048979
 0.01151560208840828395
 0.01172605314743829612
 0.01189283853809377026
 0.01182464248948101974
 0.01189167136825440216
 0.01183100344656140383
 0.01175904340081432992
 0.01162707079258121744
0.009131887091052377434
0.007477123411949050842
0.009803160330151085289
 0.01133867985898220042
 0.01025193189016582185
 0.01079569661239810664
 0.01084533488967209108
 0.01061583757988481154
 0.01137038179152737721
  0.0113079409962237136
 0.01107610797837404668
 0.01182679811427498826
 0.01076717784345498918
 0.01160715098835916545
 0.01183564095950120389
 0.01169072728748742594
 0.01187580069778432744
 0.01185071117482700692
 0.01186552205992767381
 0.01182308632314236878
 0.01189821682642422385
 0.01164165273066867894
 0.01174981137529792011
 0.01158669145848111037
 0.01180031540152439058
 0.01184772250224452872
  0.0118786815307517727
 0.01170343056332010141
0.009500848824919696026
0.009738690362793841343
 0.01018728220465892412
0.009990076552997289097
 0.01062634220928363946
 0.01101015238003284769
0.009483811331964969379
 0.01064875121189650178
 0.01108836392419618525
 0.01035607941678465087
 0.01172754637795650652
  0.0114702045356486395
 0.01170276460029103655
 0.01137853391554880661
 0.01165839977023584023
 0.01130510793261670956
 0.01109383216901600917
0.009904744900107729719
  0.0115645710202925793
 0.01188374371661395437
 0.01194214748449120081
 0.01051706955344956437
 0.01078596349147936499
0.009903758730589701936
 0.01182740849267052176
0.009834132266343853859
 0.01099642945561609894
 0.01190401970972527861
 0.01181952374141071252
 0.01180156565755531919
 0.01094148291433003073
 0.01065153150568566749
 0.01075226766369655196
 0.01118594103896947307
 0.01075966940502917288
 0.01119332043610789078
 0.01127661104156057678
  0.0104435145220949134
 0.01094003857023651861
 0.01148758787392699376
 0.01096993656147232828
   0.010202773914293254
 0.01072573408070269518
 0.01173099087398113936
 0.01170889654889083545
 0.01179625602560236894
 0.01184021600799594655
 0.01179934199557570486
 0.01177935849121260377
 0.01173722867591519246
 0.01184032550117034878
 0.01184382597859018164
 0.01140311026835571194
0.006862505932562050666
 0.00672335510072451497
0.007639053767409455242
 0.01187146338052091389
 0.01146826317702116099
 0.01182677264064252963
 0.01189474909992289421
 0.01181539948969527291
 0.01187635553002495611
 0.01170904429688825708
  0.0112906225061295603
 0.01072908807679309566
 0.01195323163885579978
 0.01192160991311170745
 0.01196943351417033459
  0.0118859247741702756
 0.01173453756304785808
 0.01161881427058539945
 0.01191028914507724287
 0.01141524797979064608
 0.01175601227797424403
 0.01190935990840062339
 0.01171389715580734014
  0.0117579456946992917
 0.01173263741889778861
 0.01189961332876976474
 0.01181430437975802307
 0.01195043753006986599
 0.01189276776585351282
 0.01136511918631567114
 0.01187300535071948888
 0.01188686331770920541
0.006700173759829106124
0.008144710960357667839
0.007612014704495236733
0.006363767417733909304
0.004644940645250677722
0.005540778921124274621
0.009252393445074768089
0.002556782692392790737
 0.01090347473627935326
  0.0114003930539200056
 0.01157259225905048379
0.004940989102049283752
 0.01138756603120860342
  0.0111076199459625418
 0.01163314908542345538
