                      0
                      0
                      0
                      0
                      0
                      0
                      0
                      0
                      0
                      0
                      0
                      0
                      0
                      0
                      0
                      0
                      0
                      0
                      0
                      0
                      0
                      0
                      0
                      0
                      0
                      0
                      0
                      0
                      0
0.005460318777012998677
0.008006336930952174039
0.009423272458737948568
 0.01073895956322922993
 0.01195602014090248015
 0.01313276664800800721
 0.01367410956143353187
 0.01424450991043107843
 0.01478186642395891252
 0.01518013598634825392
  0.0154041788080804265
 0.01562897778167160467
 0.01572623835401486606
 0.01581391524170620497
 0.01578772943686712962
 0.01562067209429248392
 0.01554048517906281637
 0.01522663353342495682
 0.01480982034742148526
 0.01446007430996465795
 0.01351469918469321192
 0.01242992304812775596
 0.01201465289988153627
 0.01072180081001509154
0.009176834519629323977
0.007445829375632953724
0.005708345681409522643
                      0
                      0
                      0
                      0
                      0
                      0
                      0
                      0
                      0
                      0
                      0
                      0
                      0
                      0
                      0
                      0
                      0
                      0
                      0
                      0
                      0
                      0
                      0
                      0
                      0
                      0
                      0
0.007334484292323152285
   0.012514551070017952
 0.01585379064902281074
 0.01316371042340422695
0.005951648125788542264
0.006598339820221936318
 0.01339170361837550317
 0.01571590857707006253
 0.01246709314282727979
0.008747206324899708257
 0.01031957659934506881
 0.01362663291518309214
 0.01269901451552376583
 0.01537758470496930832
 0.01576225721497970939
 0.01582794824754417407
 0.01132932844045429766
 0.01316691538774219725
 0.01439168598190753226
 0.01025796357272446696
 0.01226615332785604105
 0.01397473928421151881
 0.01577026284205084589
 0.01534010899463439728
 0.01557457310270517897
  0.0133714933398501306
 0.01160257317456676873
0.006342679161047883735
 0.01484656812334248822
 0.01518210903960720212
 0.01492559202647897841
  0.0146068213769628228
 0.01550060567675046359
 0.01578680739779407885
  0.0155391794089036802
 0.00949917995119558059
0.009776427502672484227
 0.01033691973156252754
0.009907770979415649049
 0.01003770424528206348
 0.01008072411172419164
0.006200686490637152826
 0.01129703337545999442
 0.01319862429379071653
 0.01235138554072012437
 0.01396998699095453045
0.008392859270829288593
 0.01550622243875141547
 0.01554027271572717799
 0.01553159594909362014
 0.01483807190828506477
 0.01519458153727141179
 0.01506773184318713731
 0.01575412128066604189
 0.01580505891538691934
 0.01044239259960815132
0.006964510845815674589
 0.00790858414922107622
0.006272442316211580826
0.007143360276616939931
 0.01025060529860350421
0.006747042629562037021
0.007031827047497046269
0.008314834941057024087
0.007177589070258014528
0.006863983153239609086
0.008198734528357400422
 0.01004248657111054058
0.007070294590570686509
0.006996575546714490189
0.006330084002328148669
 0.00654594684901344849
0.007289413347837678595
0.008919656242974806706
0.008156379741316449258
0.007228002488558350758
0.007114985937586350458
0.008535778041837926294
0.007245170335610482543
 0.00733756498878572732
0.006763488638858537044
0.005532228246283171953
0.006304972077550860532
0.007653384680228683332
0.007558312023119604511
0.007994341164635709873
0.007815212226988615604
0.007903044975173325465
0.006985174449493581489
 0.01147636164002442498
 0.01125388213098694676
 0.01006452990562057247
0.004881489779972853806
  0.0101922428618414912
  0.0111802088628968517
 0.01041414030560605143
0.009682454888887675332
  0.0136657966302149575
 0.00967059748803532869
 0.01084136666614641045
0.009642100958257272814
 0.01171233304114647003
 0.01216786815584761615
 0.01210972909574691697
 0.01198158791932781714
 0.01171554787484390195
 0.01059619673937212819
 0.01121695899317989159
 0.01206259158591368487
  0.0110856313675212273
 0.01002431312303763387
 0.01360256357852622847
0.008522606592381121865
 0.01105526113692366537
 0.01218534253076816905
 0.00606447904478517319
 0.01277079270704729007
 0.01135904709401003299
 0.01583078295679905823
  0.0115334131151609981
  0.0131738009042836543
 0.01252642641398772801
  0.0108047066983818791
0.009594308003642157065
 0.01417427006539655199
 0.01334590720004167654
 0.01578396926565015651
0.008674445442767702089
0.003753881298910477678
0.008343283179293056046
0.009252952833197974208
0.009675463721784053131
  0.0137407014933427149
 0.01078965284740457213
 0.01015241777991074748
 0.01294865699464440266
 0.01363102223262741344
0.004695081056040993281
 0.01215410812357478262
 0.01052340695981148627
 0.01259553095457322143
0.008969278732536539039
 0.01025629390238982225
 0.01289844587576151336
 0.01277837355180182904
   0.011513078649459536
 0.01043070923394325174
 0.01284581261831018416
 0.01092220042780400746
0.008968542155187039788
 0.01297205952088294027
 0.01242111260463105507
  0.0121882409115680497
 0.01376995586370929545
 0.01320457241384945593
 0.01256097685700172627
 0.01468661481699098936
 0.01508987115625546292
 0.01223107655023942392
  0.0140242409744912571
  0.0143129099169381005
  0.0133092299727082912
  0.0116930839724324661
 0.01228945332095675996
 0.01087776655633149701
 0.01265229153511894175
  0.0137829325522546009
 0.01433685303619765261
 0.01534580927335375995
  0.0149432083973657058
 0.01542310775322145409
 0.01489593566823980628
 0.01451795395041418149
 0.01570686568339077493
 0.01507849621021463762
 0.01391925589739437079
 0.01467304975878333702
 0.01369315403535811652
 0.01569984310897431026
 0.01575147097761757722
 0.01571127191989009353
 0.01569844618842607467
 0.01403247116262552191
 0.01565186990101927536
  0.0157190498391090068
 0.01575055185317764811
0.007837652523422361517
0.005861902359222917469
  0.0103458344096048916
0.006700069469150951931
0.008938278931551133996
0.008886584098748529642
0.008098119964890473921
0.006094778029529041886
 0.01140698055349666229
 0.01047355970514598535
0.008495939110723904966
0.006171016161955331612
  0.0107742612327524287
 0.01201656146920793665
 0.01426197188018181287
 0.01285752323020115766
 0.01198893805885302942
 0.01315168058237826433
  0.0116045736424586262
  0.0140221740232931557
 0.01275127678573402708
 0.01356430289691130768
  0.0138716186181422306
 0.01523487585321455992
 0.01148076156278235102
 0.01475369715761615588
 0.01283766967629970841
 0.01499421660359666689
 0.01503719355129827344
 0.01270814849759456522
  0.0137689838199568787
 0.01458208659189371044
 0.01474625082219745489
 0.01433178829927536126
  0.0148239204187622254
 0.01426680825985040223
 0.01495407117507458958
 0.01570291559641355528
 0.01541212398029916109
 0.01430090793615315832
 0.01491623935237037894
 0.01428576152073887662
 0.01360085892987043278
0.008947245728940832546
0.007102025402018854496
0.008288648469252117221
0.006588208259632625206
 0.00542486316883823011
0.008618856542395051876
0.006329491911918725885
 0.00617204098117049571
0.008664708818282367345
0.006436777660413606911
0.006146711752283849813
 0.01073107183178436189
 0.00880330270653026728
0.009464844877809684351
 0.01037020115805830332
 0.01337928244939542641
 0.01181150490734740599
 0.01278288939760571612
 0.01262981489986217745
 0.01193702365621477149
 0.01252662257402938246
 0.01105400548015448778
 0.01139942733510048226
 0.01278849771217421827
 0.01182269867231621439
 0.01336522583860799349
 0.01031843392549180831
 0.01393419253533329828
 0.01543523828006715393
 0.01495021924092766047
 0.01481254874248176534
 0.01447815370158828975
 0.01438176135739352608
 0.00628989461454208202
0.008764181256592276301
0.004925656308963147212
 0.01035627504643509694
 0.01284676572897635281
 0.01323512962048695694
 0.01383103155733969407
0.004177527829105525878
  0.0112183354773717648
 0.01294561354396112432
 0.01452399095439887121
 0.01459907082689561493
 0.01461369210725916613
 0.01407644961252881716
 0.01571158605251253212
  0.0153780406844475203
 0.01200559726535057117
 0.01292723029942221234
 0.01439336254718297063
 0.01387458233207195142
 0.01376897982680599583
  0.0136540297201457779
 0.01134195826405505481
 0.01346579550931695061
 0.01341555486988547582
 0.01380839357414071454
 0.01536504255954047188
 0.01386637224908402778
 0.01367982824399282746
 0.01313110723777784553
  0.0149367750115670158
 0.01544441449506600735
 0.01530202690146939722
 0.01451206964738500048
 0.01313933628443647583
 0.01429133634368768418
  0.0136296893816080858
 0.01535997979846216548
 0.01549929017295493573
0.008582204202620742628
 0.01223646418531520487
 0.01092620471571766408
 0.01021566011832134545
0.009048007524981485639
0.009562110698283906793
 0.01168687644808122199
 0.01291494604375618624
 0.01372889075484025508
 0.01474406799269899031
 0.01530639948268441505
 0.01383649179666342384
   0.015655274243779084
 0.01539053637508109793
 0.01116135125139038412
 0.01056752960343286356
 0.01200564277183322967
 0.01056614720063660598
0.008754870085150140077
 0.01298418314144713856
 0.01221769200077402022
 0.01397683875373080011
 0.01505397247833600329
 0.01460433661609064626
 0.01522557555197103993
 0.01552331166335809906
 0.01527747045675752896
 0.01557422843935321946
 0.01532089711936059084
 0.01509712812407359474
 0.01504880079874535044
  0.0143470389855723246
 0.01429064086131881343
 0.01450427958998282661
 0.01380319985662109214
  0.0127244081340114213
 0.01154099756142955117
 0.01259752246149412926
 0.01547277683870097384
 0.01527759943023875022
 0.01568899813633448104
 0.01567901393413262054
 0.01575972759541746995
 0.01185925134363611556
 0.01119995250818569058
0.009803918478428283109
0.008581401903415806359
0.009273999253651363586
 0.01091578011452267773
 0.01174463564381428814
 0.01038186627044035935
 0.01276279109598314407
 0.01350123947324433429
 0.01473667549237651052
 0.01476627210351784576
 0.01580763321974550106
 0.01515084750669482005
 0.01565710689601581759
 0.01527298554766988274
  0.0148657356837237041
 0.01576352428632199487
 0.01530004050832147085
 0.01541305597444882561
 0.01566138453130442101
 0.01582379182108895402
 0.01552018942148489407
 0.01579874939906363018
   0.015833626536589894
 0.01573594330513508263
 0.01580900731307132573
 0.01565149860390127601
 0.01579186518464004846
 0.01398691248008323076
 0.01451162754186541629
 0.01406398538596397539
 0.01489861679918462641
 0.01503450421581462373
 0.01535216908594838961
 0.01523573710176119589
 0.01557231244962673823
 0.01481152427542633057
 0.01515654575409875957
 0.01546889760014092709
 0.01542632116754617637
 0.01460724174535552033
 0.01463587379114374663
 0.01564716957394567121
 0.01565898403474049599
 0.01544144286690448363
 0.01514554248471461188
 0.01556662857578158289
 0.01551593847540398002
 0.01541004980352132965
 0.01506347322834946864
 0.01473887089897949788
 0.01560564890892040396
 0.01567765652782966007
 0.01523994500669489938
  0.0154613169749481319
 0.01505841680381990802
  0.0154064128686033832
 0.01567139237363695051
 0.01108401540761677108
 0.01206879701195219187
 0.01151244649238335888
0.009457611955817186999
0.008388778773185678189
0.006298615445541765404
0.005939972104237673141
 0.01244177699262049956
 0.01137553965423538857
0.008932927084754996652
 0.01142813883842894521
 0.01169212592941499228
 0.01184892211289936999
 0.01573912005988493609
 0.01547568501235395758
 0.01498633589249069413
 0.01482753457843843069
 0.01529113947906800969
 0.01556503411946745692
  0.0157877681963237218
 0.01570171929166946923
 0.01578334276957052765
  0.0157094195226447006
 0.01560747374732204644
 0.01543588206911812415
 0.01212560096829864639
0.009912243919545886753
  0.0130310398027705162
 0.01505153134822902715
  0.0136002463027820545
 0.01432732906161725793
 0.01438566879282189744
  0.0140884067630109161
 0.01509345266704143797
 0.01500694788484274039
 0.01469248574639292135
 0.01569502796414095486
 0.01427601695946146762
 0.01540696230019798427
 0.01570598639994242457
 0.01551978683471621871
 0.01576134203409030807
 0.01572792045961692378
 0.01575325442790732541
  0.0156844772554338846
 0.01579503606673268376
 0.01544932656878800215
 0.01559641140287447783
  0.0153771746545804007
 0.01567263962760977181
 0.01573099210433371448
 0.01577467221000925651
 0.01553913863017099099
 0.01263366013560215245
 0.01290070782604817862
 0.01350682732575094087
 0.01325085698094242981
 0.01408764263614003739
 0.01462112169500857754
 0.01255386350780057086
  0.0141395744413141608
 0.01472288034334428251
  0.0137582323510642146
 0.01557278338896704931
 0.01522494283798142903
 0.01554059885204984309
 0.01510606658175672225
 0.01547114533621963238
  0.0150117232182267555
 0.01472646121001199189
 0.01314504778951967011
 0.01535177570675863405
 0.01576709451613877988
 0.01585970837609561659
 0.01396358356760860238
 0.01432342717577939073
 0.01314419690482834108
 0.01571495285768609307
 0.01305919334165683843
 0.01459025780540292722
 0.01580474976114201735
  0.0157021483498246614
  0.0156799437637935371
 0.01452299612103941269
 0.01414549957448971509
 0.01427909093110826463
 0.01485249740432609093
 0.01429575601868091246
 0.01487533855835302538
 0.01498010466138959169
  0.0138783673544940131
 0.01452725679023893733
 0.01525555403920835114
 0.01457059562699305685
 0.01356095514184384003
 0.01423595866569859342
 0.01557823545476213697
 0.01555640076729952054
   0.015662433343847839
 0.01572039976975513412
 0.01566490478405719797
 0.01565218756707695974
 0.01559944164552783813
 0.01573364968418642512
 0.01573054625386385505
 0.01514486468734294392
 0.00908273838649162682
0.008897796468027923192
 0.01011762401250521255
 0.01575557167660922644
 0.01522391133168831887
 0.01569586928049425748
 0.01578480526130831424
 0.01567926362107461766
 0.01575963886466000274
 0.01553274837225409981
 0.01498894038794343353
 0.01423590635687274966
 0.01587413161461760994
 0.01583362855929010965
 0.01589465265836633237
 0.01578376065480694215
 0.01558698413496253585
 0.01542546183750901669
 0.01581874527029676972
 0.01515285072405143929
 0.01561393164922436107
 0.01581634700344670963
 0.01555993227002524376
 0.01560871083842705481
 0.01557252720934756279
 0.01579399573021286404
 0.01568523603193967483
 0.01586295546828837139
 0.01578828169763221712
 0.01508514372822130668
  0.0157665033384881241
 0.01578126447328950799
0.008918790613884123447
 0.01080818922713693182
  0.0101173390714799933
0.008434477673734069522
0.006187919527974716956
0.007379074478133518245
 0.01227342450384904561
0.003397395094964413172
 0.01447011447842752076
 0.01513075802761643107
 0.01534473055924296357
0.006557702361596201221
 0.01511587942655897958
 0.01474741966022103355
 0.01545477545334112204
