                      0
                      0
                      0
                      0
                      0
                      0
                      0
                      0
                      0
                      0
                      0
                      0
                      0
                      0
                      0
                      0
                      0
                      0
                      0
                      0
                      0
                      0
                      0
                      0
                      0
                      0
                      0
                      0
                      0
0.002430719743567343136
0.003611046360324835641
 0.00428120892524441049
0.004881361957160727273
0.005458348931524081848
0.005999090976516548504
0.006245817465243870201
0.006486278784689204074
0.006743210766347938583
0.006951126192031004125
0.007032863303442565654
0.007155770707252729138
0.007203553377247814277
0.007229318538932324317
0.007214239369727096923
0.007154881624864058154
0.007130048122305262213
0.006980207388852950265
0.006768501923817947172
0.006602764374791791901
0.006157047919063237534
0.005690055970328364819
0.005487114851947768809
0.004868924184203034938
0.004167169024222171225
0.003444046747575537151
0.002605229202263259665
                      0
                      0
                      0
                      0
                      0
                      0
                      0
                      0
                      0
                      0
                      0
                      0
                      0
                      0
                      0
                      0
                      0
                      0
                      0
                      0
                      0
                      0
                      0
                      0
                      0
                      0
                      0
0.003375738162498727237
0.005740428863673953212
0.007252738145503739159
0.006014213448040744286
 0.00269294609652733722
0.003111609140670168212
0.006139764011198573998
0.007191672745105901973
0.005687015752171808471
0.003940143080373635816
0.004695006470026137635
0.006224679276224533153
0.005806792992677613577
0.007025530271671434797
0.007222545493033471174
 0.00724197898106085456
0.005167484798150105002
 0.00603050036880723242
0.006555880554806673734
 0.00467907052013595906
0.005612247655651409796
0.006384938062417126747
0.007219673555387518329
0.006999634952202550553
0.007127913889407986106
0.006109885988001411382
0.005282369652188046924
0.002833042984479699176
 0.00679533000356060974
0.006946421290890465727
0.006820259557018064876
0.006668350559743370549
0.007104781426760503789
0.007203928742495657039
0.007114395816753258696
0.004356328190452054758
0.004484183555618105436
0.004770624548301529398
0.004551055131424520603
0.004589658477225197659
0.004634535828783436368
0.002786133746024866981
 0.00518788380736228804
0.006010338866208093586
0.005662616947219058922
0.006365473203398371894
 0.00385284985371199323
0.007083655527083546413
 0.00709526298349510455
0.007077443283575284017
0.006777713711911477999
0.006950957250791908737
0.006880382629486282535
0.007203265982662022428
0.007216718071635073312
0.004828469402339296591
0.003230456202176078002
0.003636396388467867322
0.002878227256850237822
0.003306293518531566288
0.004701253724838206673
0.003146976407159599552
 0.00327051593861411383
0.003826309232427835619
 0.00326381395668069469
0.003166201596597764678
0.003798126723474380424
0.004623813215530241279
0.003250279230339432005
0.003258254146286219174
0.002887775685278388266
0.003032325623884439981
 0.00337573997913573386
0.004139334643047132625
0.003728174243932741959
0.003331661813963033344
0.003279469866895378099
0.003966985555008397876
0.003348543533779061148
0.003354131770134036617
0.003160776995627845483
0.002566029251166414542
0.002896335020425197873
0.003587471810670796613
0.003508841942108694833
0.003675909763584562975
0.003520097800170448807
0.003671784783586279181
0.003279254250934188902
0.005263486499638881863
0.005138220583790385591
0.004607700435949396538
0.002172948191527053832
0.004705953757347986974
0.005145242446029003186
0.004806274375122971884
0.004436943321378981203
0.006245863855710162386
0.004440725968777357348
0.005000875490566288224
 0.00445812348745780896
0.005347246035095198392
0.005559684876253261424
0.005528393311453498778
0.005479939677942368553
0.005362543708582645681
0.004841337681523320662
0.005137832321808313667
0.005518866485188337299
0.005098558589408225782
0.004602710476254460656
0.006213702349658755709
0.003913807219936022569
0.005060204991461481061
0.005581094880975100148
 0.00282327046685809397
0.005841540036904954887
0.005199192378838922955
0.007248250362367647526
0.005268308547956747009
0.006033502564418958235
 0.00571422839919109686
0.004915273754592074974
0.004338560489063070409
0.006478830817227720917
0.006100198236935612008
0.007220946227045301619
0.003937478854641661592
0.001758729500276280146
0.003815781598280251156
 0.00421813040191960139
0.004496245262985741099
 0.00632761460404413726
0.004923869078832171682
 0.00463525621429755532
0.005933018271476403829
0.006205262515468866827
0.002195405408190286792
0.005530400969540654778
 0.00480082496019424744
 0.00577958963654397976
0.004111300386246950246
0.004703229543159602108
0.005908995336606119933
0.005828583285994724458
0.005234515899837820924
0.004736226544684633832
0.005849116850118378161
0.004998734137766956166
0.004104384919605403963
0.005928398691101889779
0.005668809978086681439
0.005575190723334677578
 0.00634673813817037899
0.006065736990705396584
0.005755012795716964863
0.006715970491851322617
 0.00689549781695825495
0.005603720735563571392
0.006414212000398595084
0.006532582640917480865
0.006126132893430207699
0.005366702872182896322
0.005652181207129808142
0.004994545225002480597
0.005829286480108388305
0.006286514618255303714
0.006549678866278068126
0.007011778988748622668
0.006825786918332788639
 0.00705007265910993948
0.006813586107222168592
0.006642364529378280355
0.007177071439606967293
0.006888901254347509426
0.006399323933515257447
0.006720512013924387351
0.006287512091370841757
0.007173165070955351413
0.007191111257739488637
0.007189426827728485209
0.007173645175171404487
0.006445467893322076765
0.007165887905541626184
0.007173725676004927103
0.007193372919019341491
0.003615683805546221919
0.002669242382700370581
0.004719478749643469737
0.003100308726061384162
0.004078528859475400239
0.004033268426619339257
0.003718297107827734337
0.002773609758500918988
0.005264540714907950392
0.004817171798784352331
0.003937080661035608116
0.002845289732835303703
0.004941751568623085553
0.005494736251514743992
0.006515864515739982522
 0.00588225959040397043
0.005491420022335751633
0.006013115073235771046
0.005319889529552607015
0.006410023501660957503
0.005844751438643241113
0.006212849398034838051
 0.00632975078238504768
0.006957485569955744291
0.005269093599948300975
0.006735927636589331656
0.005866538021151874657
0.006845620028283347196
0.006876551300870248698
0.005817363771965287575
0.006291295242554607176
0.006653005773760622445
0.006735004961463338796
0.006539762367445253223
0.006771474733823890958
0.006502989264803621557
0.006827441119759644975
0.007190894261571227977
0.007041955626923628378
0.006524668698611035302
0.006817238912619497104
0.006519462712512908223
0.006222514559297034203
0.004141579033186259563
0.003271758742974459344
0.003830243652292575525
 0.00303485191675527009
0.002535142989666243699
0.003972006359003797324
 0.00291537835624445683
 0.00285304886993673415
0.004013014028180787209
 0.00295541236012163578
 0.00284632301779979462
0.004940622173585004426
0.004057517017424155936
0.004370095687419219693
0.004788582928307027163
0.006153704578627109192
0.005464071962339060902
0.005883200999305507155
0.005830636706951886072
0.005511389979201581149
0.005732445580342790392
0.005056489170381935072
0.005179632330272555818
0.005909990031085857361
0.005431743790896052804
0.006139970580298600641
0.004725344795933456542
0.006401908505143837774
0.007056653986204685161
0.006849094853771294997
0.006789477090548320937
 0.00664486378167386451
0.006604282160012399545
0.002914088258242145558
0.004047022614283154671
0.002231772624495316493
0.004764148752341136606
0.005865400012728408385
0.006039568281713782877
0.006312322898037419153
0.001873494275077189613
0.005119358122148823242
0.005938125036381443692
0.006637455009196503372
0.006682582533439296486
0.006680475608006851418
0.006420281876188193952
0.007187692924151776672
0.007027330289491763929
0.005488885144672497711
0.005905275288671294961
0.006576857573816813698
0.006335284625515552603
0.006297570885555267735
0.006259569905346647894
0.005222790610075333725
0.006171947926792810575
0.006133504546794063712
0.006314689979652385321
0.007011823249730022613
0.006318671814709762857
0.006226389512154257948
0.005979936845116797656
0.006828606711653490563
0.007032384659398242636
0.006975037395827203383
0.006648209537639103786
0.006025196269172077013
0.006515705239946364968
0.006220077439988724345
0.007024107503703611727
0.007085064951991570936
0.003942768418718229501
0.005612223971403416424
0.005018989410825269379
0.004735053973915121645
0.004193149697099696725
0.004413841556419533657
 0.00534972536913729934
0.005903736899169573574
0.006283347325567028088
0.006731456728186408986
0.006989445249919467446
0.006330516113482293449
0.007149295229676241523
0.007037479979625521458
0.005126461029051004349
0.004838817851890126615
0.005485541671752087144
0.004851944706949977253
0.004044339386494896077
0.005894162316035293087
0.005541743104711397555
 0.00640101818491175048
 0.00689574689090744191
0.006708080976071332212
0.006963569181594951932
0.007101686960887224238
0.006989581738281748155
0.007121823603391542676
0.007006550915055975715
0.006915763794217358665
0.006895943197316572668
0.006580935589311397854
0.006524563685447501427
0.006629537238477268765
0.006306171220210851462
0.005813296145908275828
0.005296847385695092544
0.005775974324450526901
0.007070419375521836379
0.006998576442702679479
0.007156542575885938007
0.007148003496705464949
0.007186047773035346767
0.005438380719000660696
0.005145982546248155549
0.004521657044161531309
0.003967631693424808134
0.004263636861111394331
0.005006179232223790902
 0.00539809329272842621
0.004775586054620668298
0.005837224818097142345
0.006192184248021323847
0.006741318310783997979
0.006735640445297860421
0.007216744943905159526
0.006937828978107667827
0.007179696942907431122
0.006997819308082312006
0.006798277478423923013
0.007218864142216036006
0.007012116107531244855
0.007053939317759758132
0.007176953763766021586
0.007237455249839474039
0.007104384772924900344
0.007236577870997866826
0.007235790613587970987
0.007198873349424469124
0.007224164058595734968
0.007133523193931382358
0.007207678072162283442
0.006426352883680123626
0.006625438847956592082
0.006441027101530898483
0.006800641801745497747
0.006845648235019418174
  0.0070074893340636513
  0.0069365691564876545
0.007100158621097651251
0.006752317463101563909
0.006929729343156362624
0.007073833899558170865
0.007053450358191942424
0.006669356478579108183
0.006679069195189445488
0.007151582236309891871
0.007151307786698687941
0.007054066205504692585
0.006911768097240300439
0.007115593823056039907
0.007095726054343116929
0.007046056605704520588
0.006884750748567593573
0.006739117713672127669
0.007119530193186342573
0.007146427739354737491
0.006974933580689176432
0.007068213641974638653
0.006890670189363689441
0.007044244326090878111
 0.00717387896991994109
0.005075315471976317785
0.005546220647970003317
 0.00529390529473615281
0.004337487480045798365
0.003882793916504585167
0.002879891186263799831
0.002762263515180257874
0.005725580210831627409
0.005201106118105404408
 0.00414560464744035892
0.005292720931952191524
0.005398562144829170337
0.005427886849602630258
  0.0071957549357088103
0.007070175473855018315
0.006852201479609858377
0.006777557954456959674
0.006984957219616613061
0.007119275981003303326
0.007218922948217828053
0.007172150326854880367
0.007221665686675059204
0.007176904155261448238
0.007140926985005069394
0.007056497260736932162
0.005539430438356855724
0.004554978802832847402
0.005929704963007769933
0.006883258071886007301
0.006233954595026346655
0.006557737673335124751
0.006596934205892328838
0.006448754560133487454
0.006902696740910505523
0.006869132729880885781
0.006736454656751400018
0.007184922294435827986
 0.00655657090424721558
0.007047377414152584257
0.007191226430971740281
0.007095855830812874965
0.007213151094217154155
0.007198060033079113282
0.007200243218352090149
0.007189417204392553259
0.007222033738054075419
 0.00707244412492549334
0.007133891342206052401
0.007038111623161963544
0.007153526330221935195
 0.00718779897973750425
0.007203492715642790395
0.007100580883099033569
0.005741475252100749355
0.005944269406888638523
0.006203828059348505918
0.006077140039463120244
  0.0064727816970559654
 0.00667698920206197255
0.005799748720962250373
0.006459763336595310962
0.006726944221218471819
0.006273495895649175078
0.007113261964743856913
0.006964518572849296915
0.007097363498180469729
0.006905494716099308192
0.007083105091055292776
 0.00685716958988465651
0.006734677319820830954
0.006016381432813400904
0.007019925396533316375
0.007223722757184166191
0.007241074414565904296
0.006381252736458715644
 0.00654100707031933775
0.006015232921503335141
0.007162355254651840003
0.005964058975968275327
0.006683835435871907961
0.007223143648025195582
0.007160374211313975598
 0.00714751193006946204
 0.00664366706627877307
0.006458769823120812451
0.006520079742802497268
0.006786073400541532338
0.006516365468647086073
0.006774898689413730649
0.006832418697765761662
0.006321691123215998978
0.006635376706233616848
0.006966028475589365609
0.006649145682847456933
0.006172956441232552507
0.006513464578707620946
0.007114297377043945006
 0.00709189148680041629
0.007156843243707805211
0.007183995493884921986
0.007160666649397913475
0.007131963600175377123
0.007102573112380022001
0.007168336481551056821
0.007179761648261775639
0.006913004965571035824
0.004198226987846558241
0.004114025459960426838
0.004664769473294547684
0.007210533425214939521
 0.00696148539142057033
0.007183856672820458818
0.007226681706260393474
0.007178762532040061303
0.007216415528462899638
 0.00712059940644925015
 0.00685264104795291467
0.006520906140697516062
0.007248151667941631245
0.007227187537697626375
0.007259170541135137253
  0.0072085217174062792
0.007111601676750245633
0.007050837190277057902
0.007220141794813812221
0.006930124686677697522
0.007126509032474106359
0.007220975394345321291
0.007098655018745855284
0.007137027522225975786
0.007124769670358061142
0.007226354447038050612
0.007169186397140039739
0.007255416004207662639
0.007218151047719069055
0.006901089736028908836
0.007200807765397125929
0.007213581931012846837
0.004037833534963087938
0.004948537040222550365
 0.00460562546411353007
0.003878915110533719471
0.002793365985981832115
0.003334824252713182099
  0.0056271561745456335
0.001548047809306844075
0.006623507045701554352
0.006923955085484296591
0.007046026298819510307
0.003000933190592982702
 0.00691358995678815428
0.006739860288852355524
0.007047197443922260766
