                      0
                      0
                      0
                      0
                      0
                      0
                      0
                      0
                      0
                      0
                      0
                      0
                      0
                      0
                      0
                      0
                      0
                      0
                      0
                      0
                      0
                      0
                      0
                      0
                      0
                      0
                      0
                      0
                      0
0.003050410454953954645
0.004510083067953155056
0.005332994648004452803
0.006079506922038376351
0.006787418042533299722
0.007458251909321619681
0.007765240848555392261
0.008073189696772769403
0.008387481241768364459
0.008634332740868623166
0.008745177838482127292
0.008888926699747499646
0.008946829849768347595
0.008985258773590618087
0.008967907792551195467
0.008886520584519873658
0.008850364793005670999
0.008666976372969951645
0.008413317055918672488
0.008209941406986241696
0.007662022041578459529
0.007068665145332785754
0.006822293089025130257
0.006066103494028227822
0.005191873330100906306
0.004262593194223645264
0.003239957572997722961
                      0
                      0
                      0
                      0
                      0
                      0
                      0
                      0
                      0
                      0
                      0
                      0
                      0
                      0
                      0
                      0
                      0
                      0
                      0
                      0
                      0
                      0
                      0
                      0
                      0
                      0
                      0
0.004185481689053723378
0.007126044769517043617
0.009012044339405368698
0.007476610556637820759
0.003359498784330765091
0.003824804052396666657
0.007623115294484764451
0.008935266438007660392
0.007073849763896791418
0.004923406016753968835
0.005845486723750464506
0.007738715247829693576
0.007216565576896144876
 0.00873390504211872705
0.008969304708886112129
0.008998199967386988352
0.006427861906803234923
0.007490221622680293644
0.008158658937622758137
0.005820207735438153937
0.006973273815875083957
0.007937397403238706864
0.008968657727659562484
0.008705641006336336044
0.008855639637582412432
0.007595214764515922229
0.006575138554492786225
0.003550923111505009753
0.008442174164425084865
0.008630993784946161887
 0.00847816847122597958
0.008292128681447349242
0.008822109114258449777
0.008959517558352152883
 0.00883764700605675288
0.005408275141513231403
0.005566687999333773569
0.005909184926695825596
0.005646747009422706243
0.005704031475236829088
0.005748528886657682316
0.003484564989241016684
0.006437482582655001083
0.007480669976395447687
 0.00703077415952609551
0.007920941932671222291
0.004781488143576894702
0.008806453304470156229
0.008822651337815302572
0.008806701783340397868
0.008426423342987893889
0.008637153127571807129
0.008555067695925094862
0.008952304566344663345
0.008973424153311588061
0.005976771874507926657
0.003994240106556904389
0.004510252975894659538
0.003572498518992330355
0.004091148082685392567
0.005836348364926562809
0.003883353589014643895
0.004039875029067441226
0.004744416763738351639
0.004064358866276055783
 0.00392256600591086961
 0.00469825104720045239
0.005732178220080757537
0.004031646008568552826
0.004022910796373820388
0.003591884204674930265
0.003751020874479009913
0.004176264077279313869
0.005117127697577793233
0.004633943550215772859
0.004128640588312075532
 0.00406400724499125874
0.004901511290950801535
 0.00414558083415367002
 0.00416892492849460939
0.003897695286288669052
0.003172751772894842441
0.003593556236655447329
0.004419135806716728392
0.004337142640497290182
0.004559225277435933685
0.004398643932928709803
0.004537269822774538629
0.004037283382457700943
0.006534301869263198052
0.006389151354807864544
0.005723870100200318355
0.002726968061890967798
0.005828149255994385762
0.006379667394933790855
0.005953337860903602265
0.005509888869278486978
0.007763577377767962549
0.005510472415898306879
0.006195521412844040912
0.005518482515575881368
0.006649195649969322393
 0.00691135872889756149
 0.00687457563096806161
 0.00680982227277121023
0.006662021833499721241
0.006018467943356031746
0.006381290050043409053
0.006857355710336704262
0.006323187112204067296
0.005711674654005564032
0.007725060328290739818
0.004856516182481611377
0.006286466475760564727
0.006931963718432774396
0.003486244948706814818
0.007258887173979522954
0.006459162661487560103
0.009003768393046798768
0.006549807209430344099
0.007494018133936736561
0.007107632538581317577
 0.00611993049309453481
 0.00541359975340879266
0.008052897936171345139
0.007582275070298216332
0.008972473666759931896
0.004906403838576533886
0.002166828731815093317
0.004741861467123779754
0.005247980444681086404
0.005555630856830849965
 0.00784392783140066413
0.006123688486040162506
0.005763766534536618122
 0.00736803528303349442
0.007724167912160387686
0.002706702699796113484
 0.00688525016013854553
0.005971353096479592101
0.007173759451595415615
0.005104977775260730738
0.005839083616638510339
0.007338655674160633052
0.007250131294909814388
0.006518767371351353278
0.005901007094760260183
 0.00728025916633942994
0.006210352242547262369
0.005099326172338011429
0.007369147497193468191
0.007049962788061666166
0.006927860080018777289
0.007865123582030611113
0.007525953327257590975
 0.00714714180825248499
0.008346329558357163877
0.008571619636359956856
0.006959316243110905652
0.007970808836008458007
0.008124013220103518118
0.007595402750555269207
0.006660735369961217137
 0.00700980504859441151
0.006197931406410688362
0.007224901150451456568
0.007819872832027887841
0.008142509946488891634
0.008716467001508763912
0.008486168584498613235
 0.00876273892836002162
0.008466793971975776142
 0.00825328054731744136
0.008921802080380928854
 0.00856404567713851296
0.007937491835217802549
 0.00834716746173644504
0.007802302489004602111
0.008917258306004684221
0.008942093927714552665
0.008932531505670632602
0.008917354473337132242
0.007997354925679600601
0.008901656950071145866
0.008921632891185306627
0.008943704973733541952
0.004479268316020886334
0.003322286468807254985
0.005870324225544669428
0.003836623423511523103
0.005072568646945436847
0.005025992086827583277
0.004614169964954203777
0.003452939632120307842
0.006520948863710187074
0.005974160234176505505
0.004869574434835487707
0.003525551956973491802
0.006134764909013178981
0.006828745955133806028
0.008100295567557629778
0.007309018062180668192
 0.00682045780253246782
0.007473276200105826925
0.006605393098101566135
0.007967054290176633913
0.007257449805093629802
0.007716555795532297965
0.007872405566971744581
0.008650588127895047705
0.006539662046891629374
0.008375925947708454458
0.007292451314250296066
0.008512378418688345411
0.008545773579366890832
0.007226842465844003811
0.007820822451568707617
0.008274863213833298647
0.008373668887522589185
0.008133585853501412374
0.008418565896652187644
0.008091043150154100111
0.008489706358346792853
0.008931989534607158443
0.008754035517386807297
0.008115263088108287323
0.008473852638932176731
0.008108023832377311835
0.007731721362368865376
0.005124556311863331763
0.004055222377778994539
0.004742190092125208797
0.003761674805071092698
0.003126222117224149773
0.004922498441970189591
0.003613719765359648534
0.003531933619961822018
 0.00496449705342883775
0.003667509807908629973
0.003521402531671533054
0.006125032330943963946
0.005028245908377679263
0.005412203476362724419
0.005930277566210697543
0.007631663688556992141
0.006762410519272585817
0.007294500898957822013
0.007221377700956264564
0.006825724140408824352
0.007122163601778684107
0.006283253870108139981
0.006451863126714631365
 0.00731695751130847713
0.006738984562095631271
0.007617863701316431035
0.005869385754252210569
0.007942602965864409281
0.008770455319040191752
0.008506143023871461095
0.008430559928443798201
0.008247127628929089294
0.008195130177658539045
0.003604594103848950733
0.005011895972937293817
0.002782794287227373289
0.005907992767042174499
 0.00729340663650639761
0.007511387646462842037
0.007850240578349248349
0.002344773865673895064
0.006366876217535334843
0.007371474958386378326
0.008250610088896987229
0.008301864229828089664
 0.00830317898285391591
0.007986316185894230812
0.008931216518589205067
0.008735430143005441447
0.006821848987538466948
0.007341584268143073674
 0.00817568813655080058
0.007877413701856635087
 0.00782581362353837115
0.007772073049282833893
0.006474438539298458216
0.007663871295945475642
0.007623014840153671465
0.007847492987615906773
0.008720436290373069152
0.007862519630831772341
0.007750956525484874182
 0.00744267624361564812
0.008487095682090347801
0.008753027125784830498
0.008678285249254015857
 0.00825672637826894637
0.007480361272294340329
0.008106175238438907693
0.007735679882592684346
0.008729172291267860845
0.008806156474461351163
0.004891743919971017381
 0.00696718219697628309
0.006227283450462349837
0.005856087048907302958
0.005186188798257335662
0.005466896608164519347
0.006645960817103102429
0.007337847860562290471
 0.00780629939064564262
0.008370399941382163783
0.008690640433894116293
0.007865829321405707134
0.008889154573470005663
0.008746059696877798995
0.006360870392711332443
0.006010599801069322137
 0.00681919871495050272
0.006020758853385878642
0.005007857029401650492
0.007344393848505898631
0.006907278106178752625
0.007950617846715645615
0.008564474851972375333
0.008323224175166192909
0.008653525030080969419
0.008824292013665357981
0.008684831703424522251
0.008850724592565523477
0.008707212638663738846
0.008589224679869769327
0.008563573161245187013
0.008169456738546587021
0.008113079471421178607
 0.00824027999219431595
 0.00783965435038567332
0.007226932688929373766
 0.00657405992164077687
0.007171290988845809358
0.008789083402081204754
0.008692012962880512131
  0.0089018175768867773
0.008892982904361019028
0.008939755009431690422
0.006751740619494277056
0.006384294583917198007
0.005602119610261548782
0.004911357418195694095
0.005288483714130932413
0.006214961230875836427
0.006696249682723262944
0.005922325189674696073
 0.00725381792039200661
0.007687218271362394363
0.008376732279746104334
0.008378269648115586193
0.008973972091236138635
0.008617764586227767698
0.008913712615134145728
 0.00869046694799795183
 0.00844843938405342304
0.008966635535328618817
0.008707373371329244285
0.008763758633900702727
0.008912405511671604372
0.008993751366685958856
0.008825799360130353113
0.008987931138102228656
0.008994438870565637373
0.008945092204001641942
0.008980154724283925111
0.008875836345970678984
0.008963534526987280635
0.007972830982944396211
0.008238522898983397999
0.008000268568801300814
0.008457045778494409402
0.008520641503818437296
0.008714355646949166131
0.008634126236202696938
0.008833099176933147459
0.008400791583804356755
0.008612487245394579924
0.008791006020131917481
 0.00876608302374167099
0.008293014828601555019
0.008306597407998279892
0.008889316009917210687
0.008891514291979965914
0.008769665977154650002
0.008595949221950956176
0.008844214567931720297
0.008818042231378293155
0.008756873396167050641
0.008557671255795703397
  0.0083754308652122713
0.008855327203222854854
0.008891451809724606678
0.008665504099644892252
0.008784984778264672348
0.008561345633229733992
0.008754687891604799252
0.008912006711589329222
 0.00630436773153913825
0.006880383995148177737
0.006565879630618536716
0.005384785668271763887
0.004804472637189353967
0.003579175693843384201
0.003412249362942002418
0.007099347734379351377
0.006464058432313809707
 0.00512482969143653478
0.006547692776458800823
0.006685882009858088067
0.006741280426186054865
0.008943261438381200357
0.008789484243093437926
0.008516001700426392707
0.008424144082089534552
0.008683949045413490511
0.008846817418416424647
0.008971641294421305729
  0.0089168348878396822
0.008972917817267313245
0.008922191389498932562
0.008872720640933541222
0.008770462335178540875
0.006886601683117676148
0.005650783031251423692
0.007382250725686514276
0.008554041242047080371
0.007740696080703650395
 0.00814697227548374231
0.008190084462309739355
0.008011410692540233552
0.008578078634891832949
0.008533685829759447838
0.008363824652359894141
0.008925625726875514171
0.008135548506450131223
0.008757292504480051337
0.008932881879170288808
0.008818932627065831364
0.008961644695554844137
0.008942804211234575348
0.008949722783942935106
0.008927043123923734946
0.008975602396192883248
0.008785897352079189565
0.008864861354615501815
0.008743829061406643496
0.008896072231960356833
0.008935270300677637667
0.008956688521308658543
0.008826649513181935094
0.007151240341907855007
0.007367177265353089255
0.007697623363839913718
0.007544491232038433998
0.008030366889141344472
0.008301925393801050726
0.007181272200088271301
0.008030633789833258387
0.008362476609835115329
0.007804464716074979366
0.008843618619698602468
 0.00865415080889905125
0.008824388911471931635
0.008582884415892871183
0.008798840595747998289
0.008525146468409176836
 0.00836936038826902387
0.007474517733048775293
0.008724167505443041273
0.008971230616970337843
0.009003976815787890706
0.007932184042830284568
0.008132865728254348725
0.007473430099910723448
0.008911750218908847179
0.007415336459859117602
0.008301058193275980338
0.008978472171162727583
0.008907555285100251727
0.008892782077876658364
 0.00825534800929799556
0.008031055454082633091
0.008107150213137768319
0.008436023764952010548
0.008107604444790368625
0.008431806844424041131
0.008498990826688817765
0.007867374897795592972
0.008249624905234705444
0.008661613249965977035
0.008269442262331784879
0.007684137993630316653
0.008093065641955774978
0.008845557438395393324
0.008823268385084324233
0.008896623036918268126
0.008930078186676557173
0.008900169904214584593
0.008874736684314337223
 0.00884056894870571125
0.008920332363908291956
0.008928785772134928758
0.008596794454115290127
  0.0051973315921148679
0.005092524075246959887
0.005780126083587638561
0.008958382158454680777
 0.00865152706102079172
 0.00892495016075373418
0.008977206978883833094
0.008917501391160766525
0.008963893029048670275
0.008841266240363878509
0.008516884094769156671
0.008098974366733359062
 0.00901255665703444564
 0.00898759592847790667
0.009025519156023335821
0.008962547863692778283
0.008845202634111851495
0.008763828595392686091
0.008978947051162599474
0.008612045921595054207
0.008862572749536659286
0.008979119587116059578
0.008829370820143912432
 0.00886987183690346806
  0.0088527200760604597
0.008978826527687444603
0.008911105640621783813
0.009016049076405990848
0.008971132317019485033
 0.00857510077988644405
0.008952881859893013772
0.008966062451023982388
0.005036211119287845733
0.006147102260273219418
0.005733021429256669743
0.004810734725733791309
 0.00348770648320764938
 0.00416205725336734212
0.006986620150994059079
0.001926323390464074019
0.008228494929668228944
 0.00860261932364768736
0.008743488533906126556
0.003728454157389096083
0.008591330984695824333
0.008377770160268676464
0.008766929309485209723
