                      0
                      0
                      0
                      0
                      0
                      0
                      0
                      0
                      0
                      0
                      0
                      0
                      0
                      0
                      0
                      0
                      0
                      0
                      0
                      0
                      0
                      0
                      0
                      0
                      0
                      0
                      0
                      0
                      0
0.006355427582349215156
0.009304945508637522955
 0.01094251850272467443
 0.01246961340138583348
 0.01387578663458246056
 0.01524044355094866451
 0.01586883222621684325
 0.01653671456121845115
 0.01715692377734397145
 0.01761143433466925978
 0.01787752202535979398
  0.0181324253263862728
 0.01824430436987785689
 0.01835027335843485152
 0.01832080604761304743
 0.01812192836935088217
 0.01802538703674118684
 0.01766307762159395958
 0.01718566442712252812
 0.01678155224535664292
 0.01568855069499297539
 0.01442124741202303016
 0.01394324368677105769
 0.01245105981309592609
 0.01065696296145416354
0.008628174243013552597
 0.00662517555024819127
                      0
                      0
                      0
                      0
                      0
                      0
                      0
                      0
                      0
                      0
                      0
                      0
                      0
                      0
                      0
                      0
                      0
                      0
                      0
                      0
                      0
                      0
                      0
                      0
                      0
                      0
                      0
 0.00850411383068036715
 0.01451599626734685969
 0.01839501070688072046
 0.01527606180248889008
0.006914446452615716915
0.007628510248271321709
 0.01553432213867777731
 0.01823443280015038179
 0.01447029782643003207
 0.01016747501078241189
 0.01198138141028020666
 0.01581357376305721207
 0.01473535269272831065
 0.01784523715117095413
  0.0182853538601001897
 0.01836471189445969959
 0.01314987315295326233
 0.01527540164333661757
 0.01670681031264187669
  0.0119062728837165243
 0.01423208000373468209
 0.01621718055428713126
 0.01829657331311046464
 0.01780433996171653169
 0.01807017696117935168
 0.01551696823925997719
  0.0134699060334513912
 0.00737961712230666457
 0.01722534302236895104
 0.01761538041990987763
 0.01732034934700152351
 0.01695227866386856894
 0.01798119011424749794
 0.01832265790958679391
   0.018028320015675392
  0.0110186588805061686
 0.01134004503248400506
 0.01198150694479873171
 0.01149043702541302676
 0.01164735413129886279
 0.01168982519532032159
0.007209531619727145395
  0.0131020093842161324
 0.01532243589739467303
 0.01432761262516362225
 0.01621677515545975543
0.009734225689523035019
 0.01799470811719873845
 0.01803538922752301668
 0.01802941378208767348
 0.01721954137539544183
  0.0176301978037312658
 0.01748672138359875367
 0.01828051034598541374
 0.01834252325558632934
 0.01210105172607394731
0.008067754263254647146
0.009170821442170887586
0.007275278583750158061
 0.00827703909150579939
 0.01189018644539779554
0.007810698558908211846
0.008143123511485184443
0.009640990264061103168
 0.00833393171745131292
0.007956509522247426358
0.009498914107072835636
 0.01164345824435017267
0.008198935492457192289
0.008101079596841025132
0.007347129641456486872
0.007584062210983383463
0.008445725934045071603
  0.0103320239884079814
0.009464713183725272441
0.008379194051506966626
0.008248206594835955779
0.009885648549310286845
0.008396446436151585452
0.008514488439751000115
0.007827926169813060123
0.006408605222113122543
0.007312069389883442405
 0.00885467711896169643
0.008754746365236463351
0.009270241351309913697
0.009084223307639437139
0.009153190031778588726
0.008080105417249764874
 0.01331198384059288295
 0.01306078213356774882
 0.01167677497620523558
 0.00568174070383184026
 0.01181319191544184279
 0.01296326712242598829
 0.01207100978506695996
 0.01123226512474251489
 0.01585804949540955619
 0.01121578680054336613
 0.01256696633165871844
 0.01117373066553893277
 0.01359292692929798055
 0.01412028594300049344
 0.01405421466837906454
 0.01390252944519169802
 0.01359257183305745582
 0.01229649600646381957
 0.01301306460063058647
 0.01399596491112799213
 0.01285453923378188784
 0.01162615026867811624
 0.01578563621432798117
 0.00988429731605808444
 0.01282652772535567386
 0.01413659751820703012
0.007022108851899991518
 0.01481807190504388742
 0.01317900416894695302
 0.01836653122333560886
 0.01338446673728952568
 0.01528343450469822271
 0.01453912128199582286
 0.01254476643177431829
 0.01114714249658597771
 0.01644792257053733983
 0.01548668484823210317
 0.01831395334523795368
 0.01007400375289584961
0.004343357966688763706
0.009680954100955929675
 0.01074051400607567604
 0.01120568735733810072
 0.01593093171063547295
 0.01252272532448277936
 0.01178248824247828119
 0.01502145934467130975
 0.01582499669451516502
0.005433621588360519616
 0.01411111250999395883
 0.01221416982333476016
 0.01460933179853640684
 0.01040459051666755251
 0.01189697200852602409
 0.01496351080778469955
 0.01483172067579029314
 0.01336810855275685946
 0.01211317002849693347
 0.01491301818618503625
 0.01267231546804222647
 0.01040567952024525067
 0.01505314112968188754
 0.01441611110792825542
 0.01414209664900063605
 0.01596317928261851982
 0.01531377378886929035
 0.01457182987510858771
 0.01704157791305498104
 0.01751093600650236587
 0.01418915895003001679
 0.01627265862592772519
 0.01661164297576237306
 0.01543150865522226883
 0.01356224202477892757
 0.01425046553640563034
 0.01261599104058779529
 0.01466817939228115195
  0.0159977833054816658
 0.01663760904094661874
 0.01780813640289618735
 0.01734153747071634152
 0.01789695903102712926
  0.0172839025839950193
 0.01684483264299297192
  0.0182270321645087198
 0.01749814926535719906
 0.01614105397763138106
 0.01702266318340074983
 0.01588118460971799095
 0.01821908889293446035
 0.01828066816758155619
 0.01822908978802874683
 0.01821713739688768027
 0.01627408576491972195
 0.01815909185422857897
 0.01824380470548066929
 0.01827880926554260183
0.009085052371885764949
0.006805188261377306293
 0.01200816676368440285
0.007763635143245597309
  0.0103741141801189634
 0.01032051827460488298
0.009392158536295373839
0.007076032291423714482
 0.01322179232398878156
 0.01214476522293464998
0.009842874561768175101
0.007153617152377157902
 0.01249750272442700511
 0.01394346437443547138
 0.01655059451058508296
 0.01491839657832305308
 0.01390865929691495126
 0.01526080221007945596
 0.01346141213036267624
 0.01627121849559357708
 0.01479184109282903094
 0.01573632324885208128
 0.01609989775143412516
 0.01768046843690466302
 0.01331602709725604808
 0.01712258360701044216
 0.01489732221077520215
 0.01740175650084832895
 0.01744829239801564194
  0.0147440621665304878
 0.01597830089964391229
 0.01692476956088757867
 0.01711320982650526082
 0.01663397777913425829
  0.0172030520984030981
 0.01656066387202331444
  0.0173551209641449114
 0.01821783099079878759
 0.01788512826652374765
 0.01659843316542696998
 0.01730912584593313763
 0.01658034980498745634
  0.0157808243120853009
  0.0103671017981410464
 0.00823369509673651731
0.009605904437899253495
0.007638063542755479073
0.006278644130866316807
0.009991789551124286017
0.007338207280640668927
0.007152652286762289056
 0.01003907318808510557
0.007465362862772597849
0.007121826605654137457
 0.01244188650352508023
 0.01020546666012980136
 0.01097011168406141456
 0.01201931563503027232
 0.01551411227484970207
 0.01368688282291805232
 0.01482143369710350531
 0.01463866300231294638
 0.01383550633351412172
 0.01453399304943678305
 0.01282599893531456009
 0.01323709404107236733
 0.01482078407249578025
 0.01371093534182671846
 0.01549996034674486038
 0.01197093753195223147
 0.01615964008970745616
 0.01791072909416288259
 0.01734373326440567797
 0.01718300173055301028
 0.01679253481429027889
 0.01667965293843794855
0.007287291947085244859
  0.0101578872190926997
0.005721576488465006209
 0.01200849417878104008
 0.01490944196332233407
 0.01536109092512448482
  0.0160524682066790006
0.004858265015522989644
 0.01302030605959672398
 0.01501600787574602913
 0.01685410384729956954
 0.01693803327723497967
 0.01695759698203825813
 0.01633849917099309407
 0.01823000902225548059
 0.01784529602841172097
 0.01393098948282363823
 0.01500189882532589059
 0.01670278447113205875
 0.01610210210900906921
 0.01597644155944825603
 0.01583875648360915517
 0.01314989416182179086
 0.01562079593142635427
 0.01556706973807157543
 0.01602244236342135683
  0.0178330391738026478
 0.01609637465014914989
 0.01588198059658149641
 0.01524395303560951813
 0.01733237019108691684
  0.0179297869465133014
 0.01776227380086367949
 0.01683548286162810451
 0.01524124128894640932
  0.0165886818970657976
 0.01581889290981380522
 0.01782285115827719063
 0.01798531126096683877
0.009952946593319210444
 0.01419362606669823286
  0.0126715183285267801
 0.01183493011553227517
 0.01048239733776474246
 0.01108319021747110507
 0.01355921653958738066
 0.01498643965465677567
 0.01592871040439825317
  0.0171114304117595227
 0.01776368141509224174
 0.01605416643033057492
 0.01816840440703674023
 0.01785848485555660906
 0.01294438699889974634
 0.01226010353002503564
 0.01393203627867538492
 0.01225443430104401939
 0.01014661779157100853
 0.01507896202168245575
 0.01419013144733797561
 0.01621514937633642545
 0.01746435731098535185
 0.01693732123700544476
 0.01766662288867306904
  0.0180115189618154023
  0.0177261648508526444
 0.01807152986816008139
 0.01777740849790513528
 0.01751434940334929691
 0.01745759963553112498
 0.01664156953446759707
 0.01658516366328079139
 0.01683090801201856182
 0.01601823104465138758
 0.01476632758504189437
  0.0133858601133510953
 0.01461297986562064798
 0.01795529154373117636
 0.01772367440382895121
 0.01820995091555791326
 0.01819953974519064252
 0.01829286027021219049
 0.01375632675546022664
  0.0129886254514854152
 0.01136458662946164197
0.009944561283640419511
  0.0107543335969018071
 0.01266179855702007605
  0.0136197504293623841
 0.01203826724329617667
  0.0148089811326312798
 0.01566073306251476727
 0.01709894011421066173
  0.0171389587298101144
 0.01834585021033469446
 0.01757742116286829456
 0.01816179620034329145
 0.01771792102754802742
 0.01724930288074409679
 0.01828808296526239149
 0.01774874544491858094
 0.01788279498665241302
 0.01816814816716804185
 0.01836066398986721179
 0.01800667715855943513
 0.01832848189599214916
 0.01837389624111318912
   0.018258259428413217
 0.01834543827462093227
  0.0181681731568469236
 0.01832810228605392944
 0.01622071417902051435
 0.01684163783779302204
 0.01631622306091011151
 0.01729120032115527908
 0.01745393893741320826
  0.0178176426490052435
 0.01768776399468292501
 0.01807544880805578638
 0.01719265356088591976
  0.0175871960573317429
 0.01794925732985855685
 0.01790012390667356304
 0.01695252602872127784
 0.01698674787631206107
 0.01815722946915624553
 0.01817261565348011684
 0.01791953142595442347
 0.01757824855374111317
 0.01806352520726867486
 0.01800372850889923187
 0.01788122961196720803
 0.01747991396101229375
 0.01710243434009303676
 0.01811291125675092151
  0.0181982468516972487
 0.01768188020074204503
 0.01794109750514484569
 0.01747161466718197276
 0.01787705357434571374
 0.01818202133382606708
 0.01285931311587417726
 0.01399592184676511086
 0.01334974275532457844
 0.01097037600547691276
 0.00972009248084145655
0.007308693067601164037
0.006878840551004636664
 0.01442610785996720907
 0.01319980410809197362
 0.01034736325941613966
 0.01324087594716071188
 0.01355158795667898465
 0.01374604616796431568
 0.01826329611930060937
 0.01795913101236500456
 0.01738960287811457811
 0.01720593676279659132
 0.01774523878299683055
 0.01806037175128641023
 0.01831947247417319014
 0.01822181921309196095
 0.01831292918042600262
 0.01823038997209884549
   0.018108953472552064
 0.01791160939886711143
  0.0140715149885087213
  0.0114950722494838297
 0.01512916145997314499
 0.01746488481623946487
 0.01577665067098260251
 0.01662289015360970262
 0.01668688582986926905
 0.01634557673204288172
 0.01751344873612557806
 0.01741130236244510174
 0.01704313129560518919
 0.01820937736655383471
  0.0165567623848656767
 0.01787683965289321372
 0.01822171093622921775
 0.01800867554041493332
 0.01828694390268919071
 0.01824810649473036783
 0.01828028046709409896
 0.01819438136142336945
  0.0183279685729331801
 0.01792431456356556249
 0.01809670142079923896
 0.01784098873204494062
 0.01818965037456527281
 0.01825511734569168487
 0.01830706615152662142
 0.01803234887362406905
 0.01466998748754574922
  0.0149560191771634949
 0.01566453165446075185
  0.0153703642591067717
 0.01633748791359669258
 0.01696825174974279926
 0.01454939742209370931
  0.0164086095404356383
 0.01708531601579054565
 0.01596963175834592921
 0.01807218744612390168
 0.01766552273449773988
 0.01803519111569306874
 0.01752896281479186455
 0.01794942995410909667
  0.0174210231538732864
 0.01708767008665937684
 0.01525124466763743206
 0.01781345875296156886
 0.01829127253582991594
 0.01840612295563848547
 0.01620381767681198029
 0.01662277857057440494
 0.01525048171808345704
 0.01824185669494621242
  0.0151554830406102764
 0.01692624623276436577
 0.01834022429456289363
  0.0182258543452937273
 0.01820088953284837441
 0.01685097970540051088
 0.01641657881921234144
 0.01657152605492587596
 0.01723575904180789028
 0.01659421231755454224
 0.01726865033781236139
 0.01738737551427844974
 0.01611102169555342356
 0.01685894863324051071
 0.01770473204664123335
 0.01691102401958153104
 0.01574377293975172051
 0.01651760464594592345
 0.01807894443226978204
 0.01805727850926516428
 0.01817544860070739385
 0.01824251921489860803
 0.01817752059657017083
 0.01816952646638879051
 0.01810988007577605738
 0.01826431040314687587
 0.01825691443279173903
 0.01757700505968464236
 0.01052588948154585188
 0.01031118335677513702
 0.01172869467181745194
 0.01828024206906662605
 0.01766508263222197131
 0.01821078209639788101
  0.0183133417662088363
 0.01819077530647118801
 0.01828377303217278149
 0.01801815602124189411
 0.01739284701112244966
 0.01651533823892451999
 0.01842271659886278445
 0.01837644067930607056
 0.01844604510209372703
 0.01831735397722077108
 0.01809107440670707639
 0.01789978275600936919
 0.01835924175168946251
 0.01758229250782095479
 0.01812157924053693636
 0.01835588861522666551
 0.01805985509426688215
 0.01811170818185009815
 0.01806845557313991463
  0.0183253442911508746
 0.01820134160585774874
 0.01840609212813039755
  0.0183203657532883743
 0.01750315968045996692
 0.01829727703053773968
 0.01831262522441670301
 0.01036089156901988037
 0.01253945010054345263
 0.01174579991002008481
0.009780439340134170975
0.007190855801745342328
0.008573966590189528031
 0.01423709469205232739
0.003943793156635967342
  0.0167884303108238285
 0.01755549526051910711
 0.01779662045436807699
0.007608565980301696882
 0.01753928313353672261
 0.01711328947448904902
 0.01793883259248760242
