2.169433673433787568
-3.723678369533861332
-0.3011108912577954433
-0.08985257560761100715
-0.4890620566198167207
-2.24924421656062945
6.759312717328219478
2.561309275892032833
-0.1253606832566599716
-0.001813535573720969404
-0.06636374678297314589
-1.693907265270204521
1.521049213732477812
1.720148116365858737
-0.1245287564264577485
3.649221292611806167
0.3392348698984303246
-4.532977455486021157
-1.929808619143140946
-1.533093408840920935
-0.4128518908837097712
1.201630566988222792
1.694914435540773479
2.024855786692060455
-0.4034800799069618304
-0.1056905973608637944
-0.8591485193204471127
0.2171276250893546811
-4.344816565795797558
-3.800461153503981837
-2.633714402559458101
2.08298772753329553
0.7465592663504646564
-0.2788344525692926235
0.7616506917983045799
1.067831098757644037
-0.4255135737237886739
-0.3010594121139618107
0.3735460085856784351
0.09742485919230367553
-3.050407972952178248
-1.292051026608620035
1.16526994945470963
-0.242022897076484389
2.012156787247715073
-0.4465094184631434593
-0.3437671244873894971
-1.500384312924156305
-0.3302813927818035178
1.852078838488158574
1.452869357476122669
0.2203038249177014241
-0.6680815052929017783
-0.609760122579462438
0.2876431174491478893
-1.056009336736906334
0.1722342286034302949
1.210895700649119
1.029421860864099703
0.1027422939757567516
-0.1879511653620333789
-0.399209481012120837
1.092273413284289063
0.8015799539465168211
-0.06434377515248455859
-0.6279048452603801511
-0.4575354561495114103
-0.43098557861391662
-0.2906934593377930032
-1.156617188436733112
-1.232565532559439347
1.170102920142363168
-0.5635610701081490426
0.3338421699201201132
0.1447092012226158242
-1.025393718919757058
0.8974032400284568389
0.1703693891105403091
-0.4462492141572906856
0.9862896142842604297
1.012839491819774729
0.3696710110153267892
0.1244541616098270437
0.3440645457912741567
0.5229384329168097478
-0.1891329686973499402
1.019903172841490901
1.246948102832824867
0.9232525831999016663
0.02654987753507683651
-0.6166186032676390649
-0.8883853302106026195
-0.02560646522279652268
1.228243565340176646
-0.4118442460613201406
0.4001770375448757688
0.6688673831567745198
0.6346822278719690402
-0.2329703589315780254
1.253850030562811746
0.8120212836067600692
0.1788738871275016851
-0.4418287469551193114
1.177571933452760122
0.8571876322613948274
1.040485144367591985
1.209036141538660125
0.5312861974619141892
-1.088971642271092444
-0.4300272957819314401
0.9516335018924266809
0.1685509971710639487
1.020563764693254827
0.3061804069593341282
0.9651247534485024593
0.2270449299911748708
0.8520127675222107788
1.115931102036087808
-0.6996221662209737291
-1.023317685854336467
0.04382214868839803823
0.1892640058237753942
1.375043873739705713
-1.204791525639815619
-0.3236955196334191376
0.8888861720450722537
-0.1814738397854980256
-1.193432325754036238
-0.9295139912401813032
1.460292509419009788
-0.2875578437548095279
1.464958366862326056
1.5623426074203981
2.101417334806800596
1.3312217250529923
-0.9282293731380448776
0.3969700527438734805
1.327941289877922815
-1.248613674329096312
0.2639183345137497971
0.9058744819990666164
-0.05543901124473717829
2.389806500660066391
1.185779867914245056
0.1020500980017879783
1.521813197708224319
0.4772513333622224185
-1.204026632746100445
-0.9613134932438249791
0.420347304430486346
1.7525162106169756
1.540588822387642054
0.6589443464891557856
-1.871941418503506815
-1.774557177946393782
0.5432898354472213143
1.702801325318902492
1.06582350757112021
-1.005704577720981874
1.120241517957183852
0.09738424055757692599
-0.2119273882292246614
0.8662368407821909866
1.419763099706769616
2.317847013393757649
-1.961571187792246374
-1.427804535872921443
-1.063487274105461289
1.736223974551968974
2.330660716966448831
0.6328449423791911999
0.5337666519188508651
0.8980839136863126848
-1.0445618643456962
2.060649478250978994
-1.578328516265252723
-0.9367634077302680051
1.520557568333017251
1.159511489871485557
2.799711248657446028
-1.692537613108076266
-0.05233785432207975485
-2.329515430855194413
2.079704698748720215
2.063784396819682954
0.4218508529669851015
-0.9924594586455496303
1.640199758786156536
-0.6369778177474503256
0.5944367424137850797
2.132042553072038604
3.355080663399625962
-1.535209856431095199
-2.071528085291927113
0.356884010231360016
1.337055972209197918
-0.7119846367274053067
-1.769389416138587245
1.4632066134338928
-0.1594533288278728866
1.504373806811402536
0.2620791542776260141
-1.136730843832764126
1.926392914610490115
1.481884125830789323
1.614482457872013388
1.07816422901129072
-1.817382957448242964
0.9432609635392987801
2.89177156884788733
1.878692896516603428
-1.80862251611078495
0.2667445159807774191
-0.5363182288608479009
0.8232252197038290031
-1.697815774587462023
2.760643920986535882
0.008760441339006917044
-2.391996077723148595
-1.168957967398148945
-0.2262889111276333298
1.853657386263239282
3.243779026538384347
1.133265883474639191
1.70657621592654829
-0.5400919099175700566
1.22303811032615517
-0.01592030192739931835
2.165707166593155097
2.302223850875351641
1.948510605307297805
2.39448227358986454
-1.398809998110388975
1.6643137603329754
0.9801719619773904268
-1.068868646959029389
-1.093989576735424185
1.087637891782502253
-2.735923120587104851
1.993302760018805575
1.26590200635922101
-1.174640689766632162
2.181627468518916757
-1.641933543852671429
2.079946297388082677
0.9056648682391782446
-0.7301685132567784509
1.561282430819872502
-1.414310311612397841
-2.264993349302628189
-1.382449862699866472
-0.8748717090348375747
1.207696654078481036
1.513854237208493991
-1.741052307465140059
0.3157726082754205854
-0.9001313992411428266
1.269662492677979593
1.883254415705521101
-1.174281429147645106
0.8825434865987240585
1.390121640271468229
2.056824915743672655
-0.7274007536581963418
0.8409209082220380216
-0.2956305995062047387
1.786937763616647912
-2.406143742577677713
2.132640421065282954
-0.2816070904634956906
1.469962467364316794
2.896304099904636331
1.56748180743350507
1.163844856503406744
-2.60819345869897079
-0.06565253735135817559
2.036576586032795788
3.398445096452014536
-0.6657792432161574459
-1.994601535678458326
-2.440542696123686905
-1.943906399403692031
-0.01762164326103742018
2.334462700500422816
1.568321661877711826
2.082568363118042498
-2.110513143067049402
-1.968817137823621888
0.1669645450410451593
3.433451314361299911
2.129705735316732351
2.543625390060126001
0.4941689988081787721
-1.623114480383648806
2.135781682861212616
0.3061575831337368658
0.3457026574439734934
2.234600239953157264
1.962741190272027314
-1.829624099724113329
0.2762954576812233776
2.680140472464719092
-0.8914422411962827919
-1.004343831650708507
0.654537140282404506
1.982436923228727554
0.9110823563550863868
-0.7701956097534653489
1.552647464889171491
-0.7734760449301117946
0.07076374522601039385
-2.175904380618818745
-1.329017542823766274
1.994206456464150179
2.146130777319788407
0.3299413511513233921
2.291450944076196983
-0.4445087887796835835
1.1654272985311116
0.4966362967178271637
-1.126023645544904417
1.609936087310751329
-1.622659942262249189
0.04116719337761271663
1.834695317809716286
1.926284756141435128
-1.708684537172215467
0.08484358725978294324
2.29107303969614895
1.64784370384785861
1.793528124431997384
-1.307153736057938831
0.8990757163800102703
-1.215564297728254584
1.136520046030548237
2.401135672901737905
2.206229452437094007
0.09158943833098602549
-0.6432293358480476453
1.502059956519118389
2.371600169263177627
0.9261491729959312469
2.352084343760104002
-0.7661410386252340832
1.403652853290036306
2.068132817107501076
1.264615626872923393
1.569378508843745967
2.169793891917162654
0.6644799638206357884
2.542540921343630522
0.6135919230249058387
-1.615162767635981211
0.2628981898796061145
-2.418679957864920738
2.05074145950750486
0.541467864471394611
2.028737944469529708
1.878060957519195995
-0.8035171902320662474
2.102229123380853881
1.787843269631574694
0.8695402127461648867
2.96014782233318785
-2.607179837614222784
-1.245311327203213692
-1.498793548989450386
-2.921565691355188843
3.201973449277739636
1.039850360967289555
2.211557305735436962
-2.939936499407239445
3.026574099050990174
2.455042031086149823
4.385047014301243884
1.361868510414940392
-0.3143858537451226232
-0.271859049684286147
2.323483257634614496
2.285161688173787287
-1.422772142362831893
-1.444775657393966739
0.680105343173331045
4.413414657869941138
3.710350854722705094
-0.02200351503429878036
2.090607609583967186
0.2001269738951701183
2.589931960582723125
-1.445450996266535393
-1.303745579041013736
1.291596728284857276
2.681428783299850682
2.834501927068155069
-0.8898259243037542898
1.487270079995047567
2.198409765275994854
0.499324351001677047
0.7111396852841516125
2.124881000564133426
1.349124297094001834
-2.395581494541754175
2.446544609215467236
2.462115937254464537
1.413741315277153632
-1.699085414271366945
2.318099040235094499
1.269016768332766443
3.733309314694103875
0.9043577249608251156
2.815916604672690671
-0.9173927100182976968
1.825981294320708992
4.049494849576695366
2.139437003076900545
-0.7030638031495384244
2.38980498668596697
0.199098902633789987
-1.645577970160119197
1.889450495527430052
-2.069282467230519007
-0.1577235875236848994
2.962135579821659093
2.463789971205016194
-0.9068290511166982037
2.968102182601182193
-0.5003544911560727781
1.911558879709579495
-1.049082271899567376
1.162453416111704385
2.120138769682438529
2.078652619003453772
-1.856253999667188515
2.743374004336203154
3.119859167347421192
-2.302547046765063055
-3.468456673754908071
2.211535688008353873
-0.1618326734782229159
-2.848294219080687029
-2.471809056065474408
-0.6247806638286328429
2.118445555573586603
4.693480625896707892
0.9827671237577261243
-1.834526523677999066
1.021734696198219883
1.544687961256687059
1.689791702002578999
0.3764851630132934335
2.223513555253750607
2.856261219876865987
1.690351592891096377
-1.011334289504196127
1.731891929900434723
-1.929518372939633242
2.403304881889660294
-2.921392136006209395
3.836216494414019351
3.454576179821669424
-0.4983456086141175856
2.398218006213975073
2.743226219403426036
-1.910057846500841094
-3.003804658613708156
-0.8994800941018474827
2.006099110779335781
3.692215981362887423
1.212688314529549949
2.575035070323748343
2.104324564512682905
4.216492973142885958
-3.710713502137548137
-1.307645838409298822
1.641457902818479475
2.95841585786251926
2.595342307322316522
1.389832055012549361
2.652432854076292479
-0.03832156945777243084
-2.546244299482625095
-2.393171155717752185
-1.283643500415605043
-0.02707028908949658114
5.130961258220693821
1.614074346697946805
0.1530731437660078909
1.262600799065381807
1.215000908068867513
-2.509326943308475943
-2.62966174890209814
-0.1434474340903408029
2.129822159132569226
-2.415226557939044394
-2.943857893151573091
-0.09989946738940534698
2.554096011577489556
0.4824912891722967223
2.36610086662992547
-3.724327851374213516
0.9148212510620220561
-0.5286313352146246869
-2.690754423531010353
2.897717847112303957
-1.464343828784437029
-2.397615496938822144
0.316382263103800021
-2.915623444354950689
2.832898951623893158
-2.162123088313734787
2.843958425760070075
1.852084662691165562
-0.99041614353993912
5.158031547310739207
-1.45127961556957219
4.297242780408698337
-0.4045437278054741514
-3.516886911522019599
2.257580032186022656
3.719958921358556214
-0.8607887669017660892
-1.165909626987248204
0.5229532650589088227
2.140714373284292371
-1.184027461373761581
1.712536153450582299
-3.93300612146559736
-2.045702385768996212
1.449626709569033389
2.927961796423962149
-1.056358173606161577
2.403067663726814018
4.332823254830143966
-0.9918737630674274719
2.65399547896607757
1.432911612524905509
3.772999973350866565
2.254068042453959198
-1.678827775864348615
-2.842500806228740462
2.896563614826070943
-2.748978660094063553
-3.370619022319382374
-4.181996235265459383
-0.7225703979350042161
3.778038651923857572
2.895629383568059101
-0.9941363115926220573
-2.966570592289321961
3.459425837331334908
1.21542564297496547
-0.6216403622232581361
-2.65560984295373359
1.887303735694370932
-0.3028512443457160863
-2.995008723704239983
5.370221941555854528
4.266061696271236769
3.61819978150405408
1.708406800110452206
3.662672939826874252
2.743232152237536692
-1.104160245285108921
-1.752022160051050159
-0.3537132455711503587
2.124536652119010327
-1.013078672333973529
2.322141025728951647
2.478249897694495552
-0.6152256406093781216
2.719994057462795212
3.069118606614935185
1.26010829035894889
-2.379098342012997858
-2.227174021152213079
3.335219698067793281
-1.61194838053845535
2.803465292759553584
0.1561088719705822636
1.661750573510600404
0.3491245491460899242
3.16590793353677924
-1.328822292466693478
-0.4292510042641975443
1.190149676144422797
1.117942025742550083
-0.04979567313390621808
-0.1605606586521269863
-1.681277966108213784
0.6415651085341418369
1.758356946343572202
-1.498737800612089277
-0.5677665634762676383
2.808385075875015957
0.3332629015961092733
2.45732097606334321
-2.326123509819300939
-2.24666812584419695
2.07536703209314588
0.8468868377943314929
-2.049456391256342602
-0.1203348055904933517
0.9658471795716015995
-1.151436299629477578
2.894968765244339881
1.279632015872754547
-1.814114253339480953
-2.060042109647008068
-0.5558847496330263649
-2.117283479196222729
1.929121585669169914
-0.66267795370548499
2.486214314814638726
-1.615336749376237613
-1.543153003865434414
-4.301116792011989709
1.248124536779975591
2.707887207213243386
0.5160948814510879501
-2.26587000653612014
-2.757963788145380679
2.791277540643462007
-4.10155106419304083
2.273269593224810592
2.035246785477041964
-0.5971524021611515076
-3.541546682353374997
-1.343587276051795731
2.71399776004306803
1.45976267043224972
-0.5180079474173701071
-1.896180147980979447
-3.150415237592218975
-1.188119536165461287
1.827238929350758045
2.15446973927325347
-1.254235089611263065
4.829310525656525854
4.050649887254552439
2.516516688519723655
-2.191792325762656812
1.962295701426476802
-0.4128988336173698426
4.452266356537492697
-4.512428127712388104
-2.19553526138528321
-1.071662568845582975
0.9693935132553319622
-1.812571374732697471
2.748287005400657623
-2.948393704610790866
1.718343587406042872
-0.8450252709951889818
-0.5116633324818405937
-2.886857867524601495
-1.37736963897143605
3.631091325199900854
2.930246139205550993
-2.781964887987619317
1.778893492144975497
-2.375194535043271937
3.441909471688003652
3.015358465515642017
-1.135822329877578252
-2.632399187641221161
-1.029943417994422461
1.509488228552740452
-1.380514717048766382
2.885880119972607627
-3.397091025597609892
3.848516132477040941
1.354429779413488522
-1.934712136425231543
0.9705166067889628989
2.789811558606997366
1.293234700839255069
1.434331869817368599
-1.038772684719137418
-1.762254940779649948
3.874990170477622176
0.3234611037942027867
-2.338918946462738013
-1.954674995146733707
-1.496576857765401725
2.103368433616839894
-1.355479688791692894
-2.944394280195251845
-3.055489641613878149
2.197959406297582685
-2.454340743617967391
0.3624426407831261021
-0.1110953614130599926
-2.563368858400838501
-0.4357680445339072728
2.539431646546794763
-3.458848122409770021
2.127600813866536988
-1.179238476854241213
-2.47310455454023792
-1.192013936546201025
2.279609645555884079
1.957554908109404579
-0.8367538869601317542
3.238645526110285111
-0.5067883220600751804
-2.700490952132008182
-2.194498493955920004
-2.794308795066996698
1.281090617997097558
-0.7234822560655383983
-0.07346050010136011277
3.398163082002452207
2.783402005148778002
0.3308266161319180498
-3.788961740708059356
-3.818894348277386719
-1.89559888371525731
-0.2724188432210996602
-2.081429159487208747
-1.863737065167165419
2.070826538995385491
-1.119629278374030923
-4.426468569094080152
3.347983621697462553
1.397526322086368289
-2.387731478948071917
4.006115539822962646
3.47162358210396782
-3.74543384817252667
-3.306839290720760438
4.467612900072590598
2.975199691080057551
-0.6147610768543991799
2.038737090144546293
-1.492413208993400797
0.6581319181264599916
2.61549245021859722
3.516047755176788581
-1.835516765510006199
4.678700068539363599
2.892157357009677021
-1.040738461309490104
-3.112343183716031803
2.662123759990917105
2.340088360825415492
2.905579204881536093
-3.754503202363741465
-0.9976657174257196337
3.965901342996497103
3.857716650616156873
1.742138427794305056
-0.7519479252695349114
-1.518931930897188476
0.5654908440564720973
2.756837484937900484
3.002555277094228536
-1.786542711529477634
-2.016576308549026919
2.734944496462583974
-3.343685168497217308
-1.657568297912997091
-1.152338527615908159
3.811228532806126168
1.257818244265077157
3.38666388817286057
-3.932895818318589143
4.52148720799162529
1.68611687058410209
2.191346640881370433
-2.47952766683282988
1.649997333608484329
2.915386542178024065
4.963567060422095167
-0.4245646446332110302
-0.10818469238014361
4.376243036776875428
3.107045896115637973
4.129525000441089944
1.3169579550446191
4.063627747762292408
1.265389208569301926
4.550904059190809647
1.95426613971683949
-2.812567045396060728
-2.798238539192944963
-0.66939289528525725
2.758441319790190249
4.095591894486863893
0.4872763114287373409
2.128845643907733898
3.427834215075419966
3.531610540748855609
-2.887914646159754017
0.5633884031912748114
4.012368513803427739
-1.514941179824164985
-2.784138320485928464
3.468028560711903019
1.337150574696547745
3.451303049351222896
0.1037763256735567824
-4.479516533355302421
-2.3653640587001874
1.083616051912513312
-1.930303707559131832
2.610907531541077464
3.336386175759840977
2.11415247465486722
-3.608315583058048226
2.549212825796345783
-0.6252145942864432149
3.448980110612451355
-2.642992798608467364
-0.3902226747618925962
2.154050293523318338
5.450773986885179667
-2.287599427536344265
1.785643501994647053
-3.187332751699086586
5.337040019292181192
2.252770123846951744
-0.5443399530911182671
-0.8655520288124636252
-3.773742510735242472
-3.048263866515801279
-0.5039908982295662199
5.343962924049324492
2.789869179343768213
2.678998827540961525
-0.360327411155173305
-4.674927915973078996
-2.620127038215293247
0.9899944855712948799
4.392956622544079259
-3.534754831238046346
3.409720137380593652
-2.596637919473767209
1.842927904036303133
2.983100988771531625
-3.174427420082868601
3.770047548535613302
4.541211239100420016
4.439565823509783016
-0.919440787588917896
2.688903389300149716
-1.750662434209402152
2.054800877757647193
1.140173084735154108
-1.104473086864288911
2.503871090023944035
4.580132288395581064
1.62109654406769188
-2.528011340205599033
3.608344176888803378
-3.612845043930340339
-4.495254312287626952
-1.423538253342047755
3.805463311966910123
2.076261198371922134
-0.882409268356487142
-4.772174963515142032
-1.398632013229418991
2.189306790587490337
-1.729202113594738854
3.610121523786485209
2.412718803292605685
4.141920916887083415
2.0430789007769663
-2.515174660313708177
-2.9590357443273958
-2.706217226774216389
-3.903619947267923163
0.6967449101986175064
3.151643444480258793
3.625170045652754247
-0.6078517165732147953
-1.197402720493778494
3.402962136972834006
-2.389437979025253789
3.257436622655790703
0.06546055525613761472
-3.372674464188337939
0.3066797083006379543
3.130475159485138548
3.295768230694587686
-2.09884201610982446
2.4548985342815417
-0.9832364851633237368
-2.950756914354798255
3.320647689077120379
0.7046642938024748615
-0.1269614631711303288
3.41658188371036653
0.4735266011723562873
3.065014604229288508
3.544046078287162338
-4.233021762225998685
0.07917973276688423934
-2.719627013558430839
3.070519477114982188
4.366337691784695885
2.998907047125818348
3.679354172488662478
0.7711636905650806062
-5.418323681615861531
-2.13985566336821087
1.513394748667537426
-5.394610246804131037
-2.908190481923266901
3.655421208156731883
0.72547864421904662
-2.615983395273927758
0.095934194632533068
0.5362939263990676997
5.074736382871324558
2.891925999869956243
3.676146955958035534
-1.352688445141499107
-1.846661840064548477
2.379454307986916817
0.1774744105744548717
-0.4581638174890980686
3.278468018247296722
0.02371343481194558914
-4.534540126277853744
-4.154568306011189094
2.544272968285754111
3.182989725769713729
-3.665130484889712381
3.459262493561968022
-0.1583311934783881436
-0.113733967593809368
2.911756713251081763
-2.5540937447060581
0.5981835769650107881
3.738036606521716987
-2.664964096507528524
0.3605265843392071456
3.125230354944733335
3.152277321671997701
-3.967722680194898377
-0.4241793333121331999
3.037767957087175841
-3.488691206137501499
-2.192872991468400645
0.5415038109431470348
3.92981527877581982
3.543543346882131573
0.4790314740576956387
3.461947290398651234
2.795991805238274619
3.13985302955783796
1.456913143896609197
2.405674446469569183
0.8418680478839123404
-2.025840082128532504
-2.638646333703053681
3.736631835736039076
3.231761909688847023
0.2104392881088770761
-3.696404488521492837
-2.856202563249440551
0.8920473216877355949
3.434575958698704579
2.60207255326069653
-0.6659554851594389202
1.424752822864112201
-0.8594767393188494919
-2.98955642589670223
-2.592186688969438713
4.316033821114086955
1.329965512365664848
0.6238491342608747381
-3.963251292219299948
-2.897582809370705448
4.545328737195137414
1.085217655414893345
2.841552548557391589
2.084163799115600568
-2.182810383002760979
-1.398589426912145051
-3.692184686853282827
3.454567548294182888
-0.7724573724941291575
3.209902913358864573
0.2292949160812038367
3.034940167207080819
1.433920217973126521
-2.66277220466747222
-3.210277984980309363
-0.4455742143771977415
3.653250412035620176
2.930625214728821426
-0.5048699260467425232
-5.293216804584575108
-2.530028448233674787
1.379050036951019909
4.725355775528414348
3.215363224829388411
4.20551819211066924
-2.716188741201703838
1.043324696483927561
2.980652192471115125
-2.798806746325188222
-3.521431943631650796
2.919727314359016557
1.065668482848838527
-2.36982665792600411
-3.508234959356147709
-1.36897540636231807
2.763188356350507746
-4.577581187065597135
1.122948709483112539
-1.503204836276758494
2.689185657802299012
2.462260216572187854
-1.022933464248227731
-3.493399300450120482
-0.722625197306610012
-2.722656763965860094
-2.597439290249969446
0.6656547038679545558
3.074376350787850321
1.084181886616138568
-4.55825356109017843
-4.854006882880866236
-0.4438610840131236857
-3.515146529615027049
0.3799718202659997379
-3.435495140775204348
1.295818214669529178
2.734376802411980556
2.859594276128803791
-1.367430644659124228
0.1252174737163919138
3.388311467833311941
-4.227024920788173823
2.820793517092285985
3.681621176866718415
-0.2446646349355886263
-3.021322621579447087
-1.138408301430541725
-1.623107294712561099
1.882914320148418641
-4.093721011282482891
-3.066641851357670756
3.506021614860288071
1.241043468099483071
-2.206540425980413556
-2.470613716569182383
2.139259552993326707
-2.264978146760155298
-1.630453752041219673
2.264664597838173865
2.077787363182372893
3.104866523108744225
-1.563328800606258229
-2.527456571416581088
-0.4600103220793507752
3.672153440632425436
-4.864248021831537372
5.331712722265407933
-2.979822529588537439
0.911848332261952943
2.528446365355620618
4.132163762712302457
-4.404237699752831858
3.909078485184335872
1.659559281633436134
-3.447583894079142119
-3.610094624054346113
-5.137793203830292477
1.884425492242352007
-3.076611556102171186
0.2696941824746506011
-5.326130759652281554
2.978628876626034927
4.174438920649168772
-1.145573698612916358
3.346305738577185718
-2.249519203550446989
-1.943680343383214826
2.599050692573645627
1.40811867494324594
4.765623331129020812
-3.453672894082377987
-0.1979008223117760257
-4.617765212312560763
-3.001167179220246339
-2.009868724061980583
1.765046059469738804
3.982656238726741904
2.708934694151474254
4.542731035956965258
-1.509992550699111424
-2.803266356909108303
4.180557061038998157
-3.214298780431767089
-1.380502438626252104
1.628552582686015437
5.177811047604970796
0.2238423457431993613
1.833796341805306485
1.195810044023328578
3.438141126174978357
2.166572638555700703
3.009055021311766609
4.645467875522215628
-5.320012619261730968
-3.144133790976236575
0.04615257843347744804
2.24233108215165311
4.661106022614841748
1.109422874908659651
-2.221870621071021734
-3.406145201352253071
2.184997331271095522
2.465360508223473079
-0.04864054516737695982
-0.7548538873456280829
-3.268854940737965009
-2.426372557982599876
1.122885906935296552
4.061663792483821922
2.867881732581520016
-2.373368361483657818
0.08088414042520833402
3.576213235759003073
-2.10927083961076578
-2.297692917085077724
-0.04763350295651355704
2.618691557342911924
2.352758598605948048
2.164336521127973256
-1.957159988970504916
-0.3393988807482082315
-1.812056248222274846
1.751569557832535429
1.505641701534980337
-0.2459278563025410203
1.504157360020080603
1.619400680408230375
0.2686903456124634104
0.04919421065625476097
-0.2695011946065075659
-1.025976538222379331
-0.8610326320139379819
-0.07220765040226166664
1.325199425883494486
-0.320384301191437959
2.403845014782964196
1.397407076287011662
-1.167737698876981645
-1.006437938494697537
-0.6977035492349552559
2.168724590871603297
2.338344232111161158
0.8255627637137031849
0.9309712371352827365
1.832000702209024112
-1.809010316261048024
2.343245382210473959
0.7591658002237973157
-2.704912287381219471
-2.751264312813471058
2.776768542612496393
0.4299868894417426257
3.369548326395844562
-3.069207641634060568
-0.4157094746361754134
-2.061092554118171272
-2.613535342665398886
3.497409145780978168
1.713502177961393924
5.008460964170636132
-3.785257801033409031
2.608589217735546306
0.1278608193863690901
3.775538864918798865
3.299961539062078675
0.9626360125040400728
2.995807760754399585
2.926519614848088757
-1.915363513183325317
-2.071604722406009014
1.462378889172412544
2.267953851123110098
1.929297529320809224
-0.7786606384014240767
3.131002208820784727
-2.312793837137069985
4.089674268539409852
-1.741812377422715441
1.909555056102606896
-2.442657563418242361
-2.869208569591739977
0.165980408050268452
3.650389966969223909
-2.115578222821564491
2.535569327412434237
4.484427729156784004
3.006755720541537613
-2.494086353063861949
4.651147550233670103
2.033171748250753197
0.8630483576982010963
2.905228743213809306
-4.5807476882602991
-3.082628998167160184
-5.700604800149239537
-5.769892946054622662
1.58515855854340848
4.42435217500981004
2.87762582297360181
-0.6765003348712456122
-2.617975801982569628
0.471186393128760761
4.667787556711024521
-1.477672008614904886
-1.26919714066149325
4.982969740535724945
3.116422356190025056
-0.0692881459058679039
-1.700792983206222742
-5.601627991291034725
3.392599627975958043
3.420775808389607153
0.1950854799677538554
-3.900835008085284716
5.093392611182806284
-4.841883128030908701
3.595601718252919632
5.796713471258247097
-0.7791417500827785281
-2.983228505459946334
-0.9410481199451743439
4.196601163582728056
4.594094364804498731
2.839193616467011516
3.820575087451510754
0.3974932012213370225
4.247409057709457869
-3.962241691242057939
-5.523928925383375876
0.2149426784702673787
-1.546726352035572294
1.831665782949536414
5.218582139552013999
0.9813814709838907246
-0.8196143332538305959
-4.373740491097365179
-4.34556431068241622
2.558777801729640533
-0.7324029408162574528
4.270049852197820073
2.708362618053992588
0.8606740994023843738
-3.376526569167371594
-4.033327746892527266
5.711629557741815688
3.932196703764544665
0.03991518263701541308
3.546714474046571475
-3.554126157844223144
3.378392134984276485
0.028176180414249654
-2.925092430406924127
4.07931095980368319
0.6165245128329294166
-4.032466379239471266
3.613161369865082406
-3.225690328421251252
-1.646636596893817028
3.386916356601562761
3.596837737757649922
1.711272050468979788
-4.237200668568839035
3.608914012419564887
3.071522604361061504
0.2099213811572046562
-0.6568011777243375482
-3.423081886230667781
4.073242929530291434
-0.8997333241621856548
-2.766280708506917652
-5.259797966757988164
2.316892866326246914
-1.26997970943802807
3.440765558868528196
-2.852175557273952222
-2.456120670763981995
2.042518373306362545
2.201111753004824756
3.780165484530878306
0.9218495982375739528
-3.856841042719984625
-4.37474346833519423
-4.854361229324549498
2.26507070602080729
-1.321801869742314395
-2.148329850883305081
1.579053731526753435
-2.858315886292628338
0.4572588977348994166
3.989818257318882289
1.187952768577825058
-3.590737872378345852
4.503527552603671325
2.31486500046201904
-2.114132851316250061
-4.030022173947210185
-4.778690640956882341
3.315574784026609656
-3.923693860489711138
-0.517902425614661821
-0.4392843015695059861
3.532559359582593039
-2.188662552140688167
2.706031378440624469
-3.586872575763691007
0.3960548865099713378
-4.428997851777224604
4.894693930580907626
2.183846536985611042
-2.641206201301121936
-2.232913943319506878
-3.51172481617739729
-4.825052738286732534
-0.8705186148773220722
-3.656724233494925702
-1.915889322629809488
4.410145798868307487
-2.604934911391254992
-3.326900889218649127
1.33886035326500541
0.261037914596654097
-4.149107884272540403
2.542528637011877812
2.408721646918936532
-3.314353302508724841
-4.146856707944522213
-0.8220067468470830807
0.2188663786620166363
-2.390521814799380529
2.43578520858944314
2.680626039660150894
2.610951238235423855
-0.8325034054369028214
2.492346555663353502
-0.1338069900939014567
1.756334893143798093
-3.268028038418953507
-2.626153545758491692
3.257791955438441356
1.566236948317811128
-2.609388193459535543
-3.366776942898556779
-0.6289075962074217596
2.515532694139635872
2.392084859571728561
-0.7573887494404062393
2.737869346689559613
0.9487613025742472894
-3.482753226026475524
1.778458270489407633
-2.377083416660620063
0.2377344796220234036
-1.572904386816356803
-0.8661989512653972545
2.201157811945370746
1.864179964383755994
-3.235629827585811746
-0.3617677770507771728
2.83830836812121623
-2.021748998059568425
0.6177506358365062455
2.248049317883116238
-1.82691900906709459
-3.474406421102074205
1.58117626984120907
-3.248629059917924167
-0.9875498071595466554
2.156890483184025875
3.207622796445193991
1.560135384407815184
-1.367405073134382754
-2.77665785127123721
0.2448408310726347126
2.873862050532875578
-1.691555007121904763
1.213880829528683369
-1.872693582749812347
0.7563276367065652206
4.572457157038770426
2.876959332127530189
0.05373484229293095521
-1.942368384170837015
-2.364674467961937587
-2.591599909195088536
-0.02732738314024012183
2.648728711865786956
0.5407613686927955632
3.18026100259356026
2.629021219458079983
-0.06967480142279983135
3.816129520334728298
3.200076145169425512
-0.6160533751678867187
1.643833968895606956
3.317412607937420876
1.812849420265501665
-1.695497824908770657
1.398418089070770698
-0.5902590502406697137
2.259887344066124459
3.079938062627851636
-0.2269254412316056291
2.905435836652482173
-3.485193680821905282
2.564272526056608381
-0.06994433558063015144
-2.40961922446136434
-1.478839734453313515
1.197216360557524339
4.598454339039994565
2.039665727341089863
-1.823356778485362151
-3.331293495978758123
-2.470465836203097787
1.075574456361513276
-2.634216861638852603
2.676056095008354063
-0.3445170440301609238
-2.14568416665581374
-1.614151875922809953
2.004823945444340172
2.655000164495590731
1.7280946857101811
-2.339674888882348647
-2.059311711932060973
2.757205967895619114
2.289699817609542887
3.401237978480402102
0.5315322907301402999
3.873778852368121584
0.4725408738900772621
-2.558788611700034465
0.2209726455279286683
2.382713986859740452
2.639499633898513498
3.61897582136519258
1.630298682048789471
-1.988677139313922204
1.681519973559462811
3.070924878576871464
0.6501762190483318937
-1.184274580280766376
0.8608276597749494607
-3.065458152028228689
3.3575046561854478
-1.881183571747675032
-4.861791569025673887
0.2803631769513607042
-2.514001053391594187
4.81651767982897816
0.8424823827557159639
3.549258464918455758
1.744995825646310728
2.711858141325200755
1.769607062557880583
-2.550831908491648647
-4.95396870186178262
-2.695814984643612355
-2.644657221754646237
2.439269442360339823
0.4226995414552962016
-2.424000940573936447
-1.60395022201706805
-0.7504223015274487096
0.8041790298459194908
1.510884465393305343
0.8200507185590895087
1.673578639043998395
-2.210149004029428266
-1.430482629515863913
0.05115776288907054881
2.40812925186464355
1.389404905014778757
0.7796663745135652412
-1.504563187670048485
2.261306766919574329
-1.810638866440264838
1.626445484763468841
-0.7871260601007301627
1.337356958778981086
-2.284229562183277551
-3.508347245172401152
-1.732709949651658032
-1.018724346851952456
1.023512806341038583
-2.420748659530924218
-0.5645365856718630448
2.04223715319496435
1.146479883744414785
-1.207067864723368134
2.332023662168814848
1.838050267246003289
0.2048141806789201547
-1.49615639071017581
-2.016569900905134549
-2.353547748467576639
1.185543778424400729
0.3973697369277122693
-1.615319848127570124
-0.9953323357796606263
-0.3369778475620286984
1.775637295518705638
-1.78323435200006819
-2.823224489832514728
0.3829352228093910737
-1.392702072708344119
-2.912645529718240756
-1.861913216453416009
-1.039990137830005823
1.546182062456577855
2.166169574807567333
3.144440290345293043
-1.789108044113504992
1.050732313262996653
1.872655391890160281
-0.1234478345694868667
-1.647487412035568033
3.40809527890830255
-1.996103226461683366
0.2257773611837577965
-1.789662394940741086
-2.927540457540386498
0.6199875123483449268
-2.015439756123115878
-3.30998642271354182
2.673710933778965071
1.535832871183200998
1.379164267186303361
-1.437226305532824044
-3.493048058199761385
-3.038246254763874887
-1.137878062597633244
-1.294546666590750794
-1.409252778135194228
-2.973059176717776975
-4.872212325384617237
-1.56380639858412307
-1.601019949232610262
-3.480514381585546602
-1.995463976189913113
2.60316883634288132
0.4548018034374470275
-2.838552347408949572
-0.612806251575855998
3.323560018024252383
2.856506606913035817
-2.755702826780475956
0.6867146445419515244
-2.352012921193698869
2.700106202569932723
2.465509685915021176
3.495329095335746761
-2.190154980037963828
-0.9575216784139809478
1.672159270445311208
3.450769367547027677
1.478335086853250768
-0.1884220774762596085
-0.04148615067848103466
2.250059414126550195
-3.976392769349626377
-2.137181005313854243
0.1543645594885333372
3.007140662295453293
2.262136373449970872
3.571988064989997547
2.291545564803233681
2.666325060297495497
2.8527761028089893
0.1864510425135166294
2.629680948857417544
3.057490935836826296
2.871039893321635006
0.5648474026957698291
-2.741739626905688176
-0.963129529807019491
-2.313929639923233417
0.6221731705515547439
3.132379398301776252
2.41041342047634588
1.778610097100161713
0.4278099869810821354
3.37354295028456308
-1.972434280695455566
0.1286616094736162119
2.93610281047365751
-2.306192490624639824
-4.982038458403082792
-2.174597257405423534
0.3356089703425608195
4.279404234997141288
1.934848655176846011
3.382401415619832097
-1.328633695785049307
2.807441200998489705
-3.744705791635754899
-2.434854100096243368
3.653404762616726753
1.112991640161617335
2.510206227749090857
-0.721965977826412364
3.943795264655546084
3.587938803816189903
3.895118349880190678
-0.8970028193763892599
1.309851691539769547
0.8402019252714068021
1.617761108224385458
0.1451037407462186235
-0.1737452644603851015
-0.2845102499793124018
-0.2866468549140976374
-0.3186954052627286593
-1.075170748878633731
-0.77738126633143112
-1.176692980852703574
-3.068071531056488777
-0.8138918467330580331
2.509332152555457274
2.004558221401334439
2.653498166998882191
-2.116215020791937462
-2.452575389016141916
0.4556722989673318014
3.006947211385254004
2.126982871448932499
-0.6702794204047662907
-2.940621920761280261
-2.431783931553455069
0.4441613433104987796
-0.3363603682234850845
-0.8799643399363956675
3.124330108303988496
2.571887319758809909
-2.562785868072113615
-4.214590518520118678
4.24122297477440835
-2.386000892274931395
0.786099827397805373
-4.16990786009246861
-2.226425499847903833
-2.407816318800884314
-1.491420407065691345
-0.02993260757464604599
1.893362856996941179
-0.9554224948826331998
-3.752684786736977696
3.04887195335541783
3.227254960318942434
0.5648749100597104666
-1.910665843323082314
-2.797262291854717642
4.00429444823964964
-3.502050373280492845
1.842018943411771081
-0.4207469219680387562
-4.059403905420102099
-1.761504511149481589
-0.552442788545895902
3.774594732078401016
0.1783830069648769945
0.0446826584279721023
-3.551529066683417835
1.166949647184456484
4.690850881001146888
5.857597631946947381
1.957360532091031446
-2.97954582152212577
-3.455123147376600645
0.5443554122921600014
0.8034680286532838167
4.241359285889969577
-3.096769071204878543
-2.196213766248892085
1.455153667274538876
3.172100719674474156
-1.783906967818258416
-0.4755773258554321647
3.523901233815019296
1.166746750944865685
4.716702130092753187
3.437891257235572429
-3.900237099857022383
-1.27881087285753603
-2.7862056186165578
0.9005553049571254354
3.651367433524377315
-0.7008451859949385021
-3.596211725112247404
1.740834910865866947
-0.4265510061729227975
3.035188977642654162
0.3272308099218305122
-2.707958167721583376
3.405791434875617085
1.201704679499374206
-2.204086755376682305
2.04218038551522163
3.541616943240700532
-0.5373914080598654053
-3.398992631261111619
-1.10737394883300011
-3.462786446971016563
-2.663256697952493202
1.935376114578877038
3.099105246347571896
-1.779432853976196327
-2.164915083696159037
2.256016875131071853
0.7995297490190010903
-4.079008351302366719
4.598632812531369574
-4.878538100322204585
-0.8430883712176129308
3.506799291410374497
-1.866547384345245586
-1.19378205990239139
1.847996371698348295
3.395516355544011766
-0.4675061502852266848
-2.980607997277787025
-0.9269054787882768931
1.856212073861885914
-3.563781702042459809
-0.7806641493873078819
2.653045503309915176
-1.0089105583166047
2.075505055322881542
-1.653608589078776836
2.783117552652793147
1.910173112966588205
3.433709652694537873
2.606773738869959445
-0.5775404479901320443
-0.8269359138230594208
1.297547105060212314
1.548601836071837656
-0.2890885259857059464
-0.4939733949230500354
-1.633236086568012224
2.024136250639084533
0.1756050393979542434
1.808841125967958874
1.283533848110147924
-1.700970571390196806
-1.449915840381973187
-1.891629468244865553
2.314363633714228374
-0.6419044580291813906
0.6768480887662465806
-1.020330115350778666
-1.117313423580122755
2.343759696768127121
-0.5548022112341424172
1.10114690896372025
-2.201979897412493337
-0.5305510744353882924
0.9861263550315493287
-1.848531211242157246
-0.3646631221281494417
1.671428822977197637
1.483868089114774635
-0.5253072778588842029
-2.009175366974424559
-1.815113545617882851
2.036091945105439116
2.376020611730571552
0.7176811814491822483
-2.756683032038287795
0.1940618213579572426
-1.771560492837074285
-2.733449688493743146
1.005362961949586964
-0.9602593522477629318
2.129639656809671155
1.198397176370800343
-1.772893661759538109
0.9851225392017989302
-1.546628750599663427
-2.102908940522918435
0.02323334354283346226
-1.965622314195886178
1.124276694858865389
2.532794727068183427
-1.850051128211797957
-0.4415330959996661697
1.678520247638418006
1.572582083875871062
-0.9490659290776727319
-2.531751289802047555
-0.8126343095107542158
-0.9312424804402633649
1.408518032210537507
0.9009851991357186174
0.4661313366088751797
-2.162553850403392097
2.185248316904745192
0.4164888765332191434
-0.1652563760753145428
-2.967935278540697386
2.780380248364807905
-2.312847818366167818
1.666971303503897994
0.2505568882003585407
-3.640695803571853961
-0.5562801899252358684
-2.628685187008813706
1.719116980293169172
-2.802678902463057398
-2.971290838132720324
1.832227679577327795
-0.1686119356717479256
-1.937371376047884119
-1.42589228212796848
0.6550874601766024652
1.516677429466937177
1.419694121237589535
0.3399286666238280352
3.084415613642794263
-2.806439372103413987
-1.01012545810636567
1.012010616565326204
-0.6446980307648719766
2.12614228406427852
-0.09698330822934592144
-1.079765454613941467
0.56251121234585022
-1.242612787804409757
-0.09424920164031821979
1.24972501021566873
1.642276666959908038
-1.658339430282249172
0.4617139133547687457
-1.180562753605284287
0.9935850425548333753
1.655949120198020541
-1.414734593479776148
-1.520672757244348361
1.902822526699478489
-0.5395292132902984594
1.151210986202880315
0.7594132026814517378
2.120053343637162691
-4.096692422639253373
-3.293354150847618289
-3.617593687039268424
0.8033382717904342663
-0.5475057803117757693
4.420931958828481001
-4.770690432253301694
0.7238296840414941702
4.615500545890282247
2.747589532662657597
0.08370641291738356582
-2.553138960567548299
-2.787073304425619291
-0.2640732905880274206
-4.199067455619995393
-1.690209309752281897
-1.527698579774525278
-3.162193495627033446
5.494520116295759316
-1.224865999638870662
2.21755147168476574
2.523000013838504252
-1.118116149948093607
-2.597878485139233362
-1.411994151195290481
2.411680531250291359
0.9319181960570768197
1.447552760442064823
-3.263482350960788647
-1.922790492738622348
1.027079159925532892
-3.641116163787571303
-1.479762335192142952
-0.9641277708092972354
1.185884333942734958
-1.933862390391116515
-2.854708688794517002
2.508858145866500688
-2.885150207675392764
0.8743632300112609279
-3.11974672433253053
4.817522607109494537
0.01557132803826497859
3.89667630870831605
-1.634494915853930364
3.759513437686143433
-0.2345965166549101033
-2.540413122453312855
1.340691858220984578
-0.9208462984019499808
3.881104980672175131
-0.1107649855185984522
-0.1129015904540631166
-0.03418515528398735626
1.658880971935488891
-0.4907344114178266992
0.2164803808932233009
-0.5915314374079706505
-0.8676525868027289423
0.2977894825463011097
-1.442400591043980329
-0.7889152457990387113
0.609457560539016896
1.79259635309022225
1.327899782948834817
-0.2761211493940666784
0.7072147923115427171
0.3228182224503335918
0.6534853452466554691
-0.3843965698616200188
0.030849739977247468
0.7372520005702244417
0.5334779933476928582
1.489343471636133787
-0.01878218244012462568
1.398372806340148378
-1.037881915109617026
-1.445182843917135695
-0.2095996726326660731
0.5593752756217684752
0.09658614751211985761
1.417154988781278213
-1.019099732670497582
1.921797762175434299
-0.8597927057968813847
-0.09081775754377978405
-1.996240605345272145
-1.491597831953225262
-0.813101812789259526
1.656848784109142825
4.032519062318071335
1.120215223987925501
1.076276144409916702
1.235583171284340587
0.5046427733926602821
1.183138792553298346
0.159307026874293961
-2.012615519721092205
-0.6424172853814673623
2.291752622261940431
2.611813055947715512
-0.4646965701389258463
2.469950596900083006
2.401731569969057567
-2.608826937540623447
-2.677045964472525519
-0.2331566593319287228
2.3673744666540526
3.856723045884984824
0.3926449582795554227
2.866428140105521827
-0.06821902693223409753
2.375670278209757402
3.069690922752225326
0.1696196412386738739
-1.494388435561692541
1.106142690425113928
-4.406692273887921729
-1.512823116158666714
3.415677287394746298
2.585983084625112838
2.600531125987044057
-2.912303838329206584
-2.861139611719984543
-1.371791032484357853
2.448104723943724359
2.476521633529963129
3.392917545280111025
-0.5516050147661167857
1.489348579231366765
2.309534596963457531
-3.464078087604484324
3.819895756422549749
2.017602742392695436
0.768974948254190882
-0.462789128109648451
1.370198234339484289
0.2436131324837453593
-0.04635202543212008086
-2.900071281513694643
-1.802293014024193285
0.02841690958054700344
2.406300620792865885
0.718590448885351285
0.706402260593219089
-0.7870488752906055208
-1.913633977146137699
2.147121032359221804
3.136029997839530292
1.147821843341686909
-1.161542506079820569
-2.853719256081705957
-1.89137855020318213
3.181251202254890664
-0.1420203688273455334
-2.34678165316798415
2.014891004709977285
2.520883462902104188
-1.126585101855458904
2.934169907646480446
0.7520914710675987713
0.3200604336888491219
0.9889089654755222059
3.366342717421596298
3.213929591415316978
0.9623407058789463786
-1.512781468398437301
1.939219279202519575
-1.699987353176861671
-2.204761284336464566
2.156911373531418263
-3.639206632375237671
0.2176920943247556417
4.117015416797245031
-2.827704367761941118
-3.456122964607219572
0.7615583751583934191
2.893869157727861907
-2.47512217427973269
2.25417968432356286
2.377433751957190644
-1.988208154505605174
0.07530705358843146902
5.217900575604858204
4.428213029668582656
-1.214689728108515387
4.686141545199140168
1.893887856703598604
1.834505971524885481
-3.716342105518705807
-0.8758752818704698129
3.772559859228541868
-3.868755231520172533
3.215206327074176862
0.2300509692665793082
0.9558654782884412615
2.563794231617124275
3.108577584810740202
2.840466823649308026
-0.1524131260056064419
-2.30936434942747626
2.063515208103957832
-0.7014355961048888144
1.607928753327495519
-2.764950804213754054
0.572086237453857227
-2.220167451037895034
4.352905976093843776
0.5447833531847376953
4.648435141106446622
2.897182064288494452
-0.7896875459417835863
-2.792253688493647967
-2.851635573674256463
1.958917918782663525
5.020479309939307022
6.123148896406057418
3.780819738630891269
3.0813034513132882
1.209182036596948784
-1.751253076822714805
-0.5573535321469281767
3.323223999287194363
-0.9162227486417773292
-3.355457041638849613
1.862034782659931054
-2.662380050257719066
3.041778431602109478
0.9668623156781263051
-2.713997555285138308
-1.166477571436013827
1.613283685797896716
3.409597599801134304
1.750202468507734421
-0.6158241458624924558
1.547519983847025493
-0.169728394796495291
-2.07491611592493097
2.09817340942433983
2.779761257231082805
-3.863022505828562991
-1.905187721130196854
-2.84743879989883375
-0.4247944830233267299
2.289270141161532379
2.267901804222527851
-0.9422510787678723965
-4.320438971050188037
2.422644316876764847
-1.830344198486517637
-2.403136793370794777
2.490094772563464343
0.01563814709286071372
-2.928564993647302828
1.457157627661760824
2.909300263763327621
3.421062524094255153
2.714064624186641073
-4.252988515364528155
-0.8784301039456552385
1.530379768809105645
-2.379132706215132398
-0.03447442877515201343
-2.400501043150724101
-0.3400521207913473898
2.178058183535211523
2.032101342813605438
-2.806781583411058101
1.439517264714836875
-4.342265242976258044
-2.412260259759657632
1.359697236129541409
3.355081587539351151
4.576657797033251818
-0.02136833693764094225
2.039080585426412018
-1.183684855379316225
-2.973161290931822798
2.157269120204821533
2.915400010447360302
5.329163297164197566
-2.789802673585990433
2.336237292127395726
2.729907341399777199
4.115468295782929609
-1.868278951634456675
1.419331292709080428
-0.4679469676563916547
-2.942403593126851291
2.906611443763261082
1.796313914000565282
2.161741341335023936
2.022136074675575212
-1.659395131297000558
0.7781042370790965945
1.166067138775396694
-1.244031837600123813
2.579042726940276697
-2.410098976379164704
1.412975588168347008
1.92445468209449988
0.4347875434250191851
-2.781022573181107571
-2.366026614372887416
2.437499368379726583
2.066575771585210219
-0.3709235967982495441
-1.498279729350714184
0.9613964141499107274
1.571573546548335587
-1.644236570065349179
2.124483018881250018
0.2510547310095204154
-1.768759440374114256
-0.1059381637637565737
2.174147796160788904
3.891670861849751972
1.616598033092987219
-1.867911013226763561
2.607896488249920708
-0.6619240020508284639
3.813883499423787349
-3.325807121793600274
-3.792860532904348769
3.137601657157019108
1.602117997589588949
4.475807501475821404
-2.663883119743976735
-0.6762818422659567785
3.570017005861614301
3.774914783531109208
-0.4670534111112180642
-2.636845373483697408
5.394978530493387048
3.442417471323032441
1.35847291525002456
5.130430411136643443
4.246298848126758507
-1.535483659566315051
0.2048977776688702401
4.598386785209474859
3.137140532319128372
1.930004983215411141
-1.018136208051815039
1.499974096280904945
-2.51915506735361161
-1.46036096378741842
1.252575073953737794
3.023334819913480409
2.521274176945060841
2.555133528091136252
3.580068280514542511
-3.096562428379701082
-0.993760490334686053
-1.609282277324417532
0.7995275954332033974
2.518110304329640226
-1.501018859298933528
-3.222765440808081028
1.523360723629351154
2.45967614350440833
-0.1459568407184189953
1.058794103568397205
-1.721746581510503082
1.024934752425561202
-3.548894018426655972
-2.166634901035438876
2.277882706424719128
-0.2524919924975598251
2.712936037743876483
1.252947953997003427
-0.9331834048616192145
2.246559917351142133
2.771115880124852993
1.055188386526722644
-2.534290109004749159
-2.393171488613158981
3.179743322208680389
1.770759745963677023
-1.459988083749132359
-1.228983328077444481
-2.637966904315922179
-1.701651484433222894
1.268021079458545142
1.759631002814116885
2.244811086707883874
-1.408983576241740865
2.988614330895566162
0.5245559627696309013
2.932742675205163518
2.217610179256532366
4.39348900754117988
3.771957495888116352
1.995384351408727941
4.771938204681428708
3.171894176960774914
0.9363154198788784521
2.754012569250757103
2.969672563887825412
0.6101771324017390974
0.2156599946335832074
-0.6541682981696073096
1.426811444140903662
-2.143835436845801468
2.331559635880441572
2.783104237166829087
0.9767900072453965521
2.115899641249483487
2.175878828285137789
3.190286369409280454
1.749811344821220249
-1.461246252889597308
-3.309863803776228686
-0.533309950502026453
1.122770003426240226
4.155723545696268673
-2.088287594283588344
3.364508113254049526
4.385722621309061431
2.413763286716838596
0.4851800838974906216
3.257433686695620612
1.884873119061436952
-0.05587165569440587926
-2.154819394606899863
-3.595294419194066116
-0.5623408769228281923
3.534258691066030522
2.460134049574093318
2.776553853273544981
1.221576209493230314
2.559383521051907362
3.897818063755339235
-1.600044027719820683
-1.806314229924120163
2.764727376612089227
2.81984937950190151
0.9659393728694916081
-0.6672045959146165606
0.9914519189213137906
2.772253602796298289
-1.440475024587646535
4.614953444181081998
3.03295354227063374
-3.211057597710349043
4.096599567988461033
-0.791215432441609634
3.289520770537073258
-1.472062916417467004
-3.59751121116684347
-3.187990410022603971
0.9361237960263557589
3.688780737361293749
2.411201280947543157
-0.1797468988401757506
-1.604640874321777266
-2.241668120362039662
-0.08935144209363277135
1.372399081825081524
1.729703881389798248
-0.2981034004871823129
-1.408239068094519597
0.9811435439537617986
-2.52164801295469454
0.7565479024784997897
0.05512200288754081495
2.560940165183385187
1.53352847092899558
-1.773275457688939127
0.9248702552246774733
4.696774679736185121
-1.156718515454835394
-3.417688545784359544
2.600541906229703937
-2.190699191523183043
1.373568784945220944
-2.362249715608544687
-1.777259366261741746
-0.08651916676889710722
2.001715729967641799
-0.7673577950651210289
1.364688483928023999
3.771904424511899112
2.6343132745572575
-1.304689734369278931
-3.115569446748251536
-1.715927493601269171
2.408186712439478239
0.4095208011401804127
-3.179957694398413803
-2.73099473656593883
3.417764312331697862
0.3786222217603426587
-2.416106193045378436
-3.589478495534987879
0.1411186203881522883
-2.058812510821413699
-2.389256078539341743
0.7638515013545044141
1.804392262703651717
2.389382612048970511
-1.113408944860542871
-2.529823360166204793
3.011226718715799944
2.325079359348207753
-3.255002324126949009
0.06410932902084361118
-0.32152978300972479
-2.619808387974531527
-2.096232773506029989
-1.137591149954402692
1.192696099898141515
4.196567918333297342
1.688792449672151141
-0.6861473593688833805
3.071113062313552522
-3.332756501725135934
2.865640753767386251
1.793283463988841087
3.287610244343514676
-0.8070787974509874285
2.227684751565999655
-1.074124641492081533
-3.66886443376930238
1.7713872102048005
0.3516545712341492269
4.809256276848873135
2.998376564468255623
-2.752739712462461075
-2.260970030328532054
3.757260421683437546
-0.3675034762858593318
2.371738428953301003
-2.308248251048518274
2.528137426917287822
-0.8331707661351637206
2.102801938045192998
-1.059925492777232581
1.487280151054454436
-3.138541014898534875
-3.16272743082260277
1.382259117392801384
1.338434542702645169
-2.187468214177168857
4.020519005004233648
-4.15942754877073817
0.9161247213058100192
4.08073620297798545
2.682084462302465333
-2.856465568890872664
2.933472541117225774
0.6351939361537034534
-1.398651740675052491
3.05894996494082605
3.034763549016895379
1.226989354262166598
-5.663814961712849261
-2.68391771699665993
-4.524126922666229511
3.288928873403749176
-0.2054723085453530607
2.440515490360223527
-3.939003008926881932
0.5817971233656368257
2.826383599625537979
2.495940031905466761
-1.971959334592577662
1.963904896432966174
3.10359293548190962
0.5117622603306556384
3.491659505045103362
4.457601705615409138
-0.02418641592402392265
4.520800132291558526
-1.810879712379330764
-1.460087951713398002
0.6281469450225112272
1.550328102407202424
0.3247464901159551331
-1.853910006634679863
2.414192652690759999
1.478406468042517519
0.4649858714976085605
5.126039965713385271
1.914142908538870147
-1.372560567637442386
1.36668133759533772
2.318895878134067612
-0.751611540496852415
-1.143409324017587991
0.6673183397898736491
1.033222901331796839
2.011292551646112425
0.5849903493463124438
1.594891920543912711
-1.027411694255275343
1.690740199493037776
1.784834441828903051
-1.54972894272694961
-0.4249108520259073929
0.8462834679205039068
-0.3953214916533734913
0.6623640776432772048
1.810727663807364163
1.148363586164073524
1.343974211856068024
-0.1725507614493828057
0.9080864043106836592
-1.3981323737396254
-0.4200627234253896947
0.8986898233700240102
-0.6370272460399826198
1.515289432228005051
0.9221811573845434262
-2.541807752269956922
-2.766596469403505232
3.224353229356470063
1.297839672336384531
2.912721721774691908
0.448384449347355829
-3.390221135312658784
-0.50872654180346355
1.623319737189474976
-2.195243971954501383
-1.920700007134102716
1.936567269429430471
1.375661196503702888
2.739241905236037944
-1.940744774759536995
0.1563989979612182557
0.9522145405413129371
2.211847280541096694
1.475077484917546089
-1.622974415522285385
-3.70670315217507973
0.9415453227865594465
2.487295164645241918
-1.150963927818117183
3.048624548030028247
-2.083728736648477131
2.564519738306397567
-3.361308193056642857
2.055448282582528652
-1.896746698058661806
-0.3509968562000028713
-1.441700147757994488
1.854661055879857967
-2.405818153778744861
1.657793708319276638
-1.27757945641171955
2.555739224361277095
-0.9339737282204986224
-3.868527636206499754
1.545749841858671036
-0.5090714557210639368
-2.357577173397855219
-0.3487866088786309438
1.676033984721136516
2.415917703425801477
0.4058610277209716011
-1.796247790015732759
2.008790564519805866
0.5613293833836555669
-3.450913246605786799
-2.604068662028557135
0.7312695259742267861
3.713833386242477275
2.950784046989316511
0.7486752292519850416
-1.081165704134634975
1.102656934977529257
1.078160982425208969
-1.386130448964846273
2.946108611422343593
1.981152740632821319
-2.460773426364444738
3.00387181843616391
3.839647424605587833
-0.8484133830431019874
-2.507775468660797813
3.109616958326591352
0.8357756061683572213
0.3148885435185747039
2.132046278993233734
-1.686517430151762698
-2.62230361480007268
0.3132475322402517026
1.943564719875136015
0.2745439648203138461
-0.9357861846482671275
-1.949206781194142035
-2.223750746014733881
3.296361203637719228
-0.9641180060190861489
-0.5931082748437535024
1.461750523918574629
0.5994028114005314212
-1.63751554494797813
-0.233999744618334532
1.206175768862322473
0.9640998273569324484
-0.2527035043041594431
0.2627556068229385255
2.072126582352146862
1.909445397194059257
1.080637165760112373
-1.225581612290590483
1.192511086244576468
0.3573047995652254283
-0.8623477125181859826
0.6567703159441472538
1.487964227617397661
-1.228889554410020901
-0.5029580626855970626
0.2505901782811055245
-0.09823012635951978988
0.8374735988280486154
1.261699524145013296
0.7259314917230403896
-2.027807281876983225
-0.6350667636217968148
1.130659428051663973
-1.072357289777126077
3.269612464812230446
2.645987798904755994
4.341969754588026476
1.779231003655849852
-0.1516026674011312914
-2.56273875093070469
2.14097874344230954
3.214980918750544703
-0.6236246659083850563
-2.771485781500104828
1.025211256410913485
4.586341851875428866
2.583827452702181393
3.796697037911016981
1.385560954382856647
1.259632739997312179
0.1118739204846107144
-0.009396580940666686768
1.394119219389093445
-2.411136083528456542
3.561130595465214377
2.292581410842485123
0.6387196717702932069
0.7593862311553446487
0.8403544807192980803
0.7704937195787113779
-0.01734356816926426598
-1.24811175611081171
0.3822054315243457179
-1.809017829036259961
1.774945949779527909
-0.1357895135609709647
1.361597515338271114
-1.444444395018620542
-2.712993579643653064
0.8253458680908229983
-1.638991404336301638
0.8155991982105412763
2.827507180776170692
-1.360998255344146424
0.7535482409653186942
0.1350232193747567533
-0.5583734974646991089
1.630317187635133891
-0.5609060729257526745
1.392740518255187299
1.673228315475016714
-0.1968673475594338862
-0.4133484344411109679
0.8026247578788175963
1.49738702889875519
1.813740775745327438
-1.870095663034121891
0.1547249305678347897
-1.268549184624372828
3.519889258808854393
2.260043593230182335
2.439411767825048649
-2.002514399172545811
1.074002175307793516
-0.6185250215895840009
-0.7013442205341617885
0.5868834205447249763
0.9453455698372948968
-0.6366667662406242378
-0.08281919894580275221
-0.4776117506905440679
-0.6933967168388603941
0.5154591111274843263
0.1206665593846960732
0.1590550155485629114
-1.272703142915079688
-0.0567299505969426493
0.1701625039688642871
-0.9563493960673057348
-0.3947925517437650411
0.01110748842181846774
1.215973192319430796
0.3163537468472262804
-0.06986076113999128978
-1.196372661174896379
-0.4636143558723193059
-0.857698048888562381
0.2671200418121118525
-1.12651190003552526
-1.659015845177019832
-0.91913212647075615
0.732758305301956181
0.9163959117420390488
2.377883711219391127
1.514707452130827914
-0.2743539529135661792
2.023545441346269236
-2.429815107928580353
-3.2595093107097588
0.5088379892086194456
3.384783264068346398
-3.944522560053774995
-1.687710171901055212
0.151924320858211781
-0.5047739311554275687
0.5059924581841077629
4.098806200786850873
4.810553492454792135
-4.198003441436182648
-1.13644205027181
2.459120519682462369
3.061561391164979717
3.595562569954271037
2.967143973106918686
1.102669586467941443
-0.628418596845680022
0.9558421883095804539
-1.864474386637303471
4.217681339765799287
2.394013579987508411
-0.08152717339212021963
-2.344293038770237647
-4.216414453485778147
-2.439234292997853881
2.778257531301707495
-2.475540753381279213
0.3842439513160054165
-2.262765865379554153
-1.872121414717171861
-2.960435113424650044
-1.484658990968361181
1.777180160486204974
1.475776122460993323
-1.344540452473686587
-3.686869610242019313
-2.820316574943075416
3.261839151453695074
-2.34232915777397066
0.5114790939229026945
2.080979742307448532
-1.48966713867297651
0.9047481917368129789
2.563404706568598979
-3.215810116609906899
1.658656514833334761
-2.47445662547047629
3.374558411419668946
2.408809872756191517
-2.530374698924887422
2.979897244714973858
1.13968803904790339
-0.3304435677189467291
2.822664012177386716
0.9780696503143804232
1.31875254679542131
3.227287240331044416
0.2927333323360620798
3.243456984847405078
-2.746408758237631087
-3.093736553380511012
0.7645666883117904211
-3.489712952586931483
0.8468445845808303396
-1.684761852360292744
4.199588475854168834
0.1637438251561854075
-3.472098174085263445
-1.50095503640263872
-1.038811655310732052
-2.934553907990906207
0.01616974451029181553
1.804951100230260952
-2.531606436944802141
-1.265162728935431247
3.335338188008336591
2.336261994923004792
-3.03914209057320539
1.788781355726038358
-2.478890296538740934
-0.911410826045672362
3.055225063746436209
-0.3473277951415861819
-2.273841352159301721
1.266443708013049063
-2.566101492884735435
1.292201748811264261
2.859681219308547462
-2.877733000466862201
-0.87557168778143879
2.675642283697074131
-2.625733207400007263
-3.624809400491758815
0.356830652867003828
-1.124928138800261213
2.208035212940953063
1.878424519946530813
3.858303241693593844
-1.926513557019332801
-0.3116315075823224423
1.56747947049619385
3.966635889795686598
2.425554969534690297
-0.1840389356125606279
-1.5410809202648168
3.601424723864772304
0.74546183917134623
1.724817187459558365
2.678787970752182446
-2.467321931039351934
-3.727167596618414347
-1.715259614052830228
1.835954357428026373
-0.9990761930898428567
2.982563860265880162
-2.464337272427300274
2.00216131268515829
4.097063850876202729
2.286542759444912587
1.613069111443434789
-1.766760291828421314
-2.609593905148373416
-1.179556068274364433
1.845370035780395712
0.06745126817498668659
1.719341699946606461
-1.942605407527790984
2.499881261694020029
-1.045441793282397835
-2.855962884702175852
3.024926104056746556
1.851204560077887917
-0.7630493392527029073
-1.36064403278963808
-0.5498688297325992069
-2.534365576767547257
-2.863976269762096294
0.515256349006123382
-1.17372154397757833
-0.1260283358346182825
1.875900381797013017
0.6342954222223395888
-0.8411497485868342228
-4.386472803574596568
2.162202910159183755
0.8404683509365482585
2.811611488621610366
-3.20699944343314769
-3.545323054986635469
3.003352658744890658
-2.314107440027821205
-1.664698861560484966
-1.810521091425949747
-2.48399473944290472
1.179473360153561412
-0.3296106929944854769
0.6494085784651666415
1.971143137685634317
2.433286518774532059
-3.08039789681308207
-4.047467794370267491
1.703464215375965152
-3.810220200217898867
-4.001334783754433744
-2.732071089646660678
-5.513684415596697974
5.362760604419395172
-3.094275385719451599
6.99114047752876111
0.8902057945148618145
4.303972495199874793
-2.480272598677877305
-0.9670698975598716052
-0.1911145835357283551
-2.307905478634956875
3.663468099608578665
-4.33380018657374233
2.322632518563130688
-3.379829403276119137
-1.520450783522142579
2.289158015159058035
0.172367120028673021
-3.670716182075771883
-0.7063104605775724076
-3.393478442894317659
-1.340835581060267012
0.9539707832943062904
2.813349403053323705
-4.192139118500591621
-2.409606350596176672
1.269263694101632645
-2.995468475744767378
-5.893112042967645792
-4.264732169854535293
-3.843083302091410136
-0.8428336133242160244
1.62837987311126442
-5.222955753648003352
-3.136528961504795099
0.2772377391861196028
1.898054388091403366
-0.9649558707899771326
3.984481180234311637
-1.259845665579785834
1.782532767903126647
-1.080477490982005184
-2.687167982326535753
2.011907982565428465
-2.863010258881597103
2.086426792143429854
-4.441926166997264502
1.51911802846220545
1.282245298904284958
1.403515800329639074
-1.508267528752859521
0.7979640116543892381
2.183822639112159347
-1.745140258310834858
-0.3049647448302101882
2.306231540406649572
0.8311939116732848243
-0.236872729557933509
-1.475037628732682737
1.385858627457349668
1.756138765616460207
-0.1151079782259243067
2.024820593601178054
0.739883718705789839
1.651890431771513734
-2.010056675703499884
0.7307343976839486555
0.7603237580564514708
-2.202108817736666779
1.124818090701156237
0.02958936037274126352
-1.241604959574167388
2.297899394266655904
-2.985155357804107012
3.551213971479545428
3.413766700686097444
-0.06004316875135219667
-0.1748294019193059046
-2.052189253225633614
1.359929650505624643
-0.4890456928074931042
-0.1874759151613018537
0.05899693647368650651
0.9656034287575326891
1.068633945368149263
-1.329869240398325658
-0.9056433150839507951
-0.9714070911005403541
-0.02449595255232031588
0.277073825093866466
0.3702801381595315355
0.3015697776461891966
0.2464728516349872223
0.09320631306567160601
-0.06455021120925204248
-0.114786233167968918
-0.1532665385693113835
-0.05023602195870385811
0.1030305166106033066
-1.871246743842459592
-1.87735985130735461
-2.040041036468570823
-0.1626811851610970583
0.424225925315277419
0.3584621492958996458
3.025490680845770886
2.764703770604380217
-1.885565687287658942
2.291618682426860953
-1.561687234142573155
4.177184369713184964
-0.8296942027721370128
1.440175513480656644
