0.2835094857540242375
-0.4850166309164224976
-0.08546439358044050083
-0.3742202143086063026
-0.516900111909916693
-0.29138863813946142
0.7500234855243563814
0.2171971137464323298
-0.2104608084980112426
-0.2669825501461030037
-0.5128425261235142196
-0.3419649204978650325
0.3041009219892820137
0.3313056560435923004
-0.01743618873337186154
0.5389943312354463778
0.08172511993841422018
-0.5799506647406013071
-0.2707483240986693906
-0.3100585022643359556
-0.02643373382959132364
0.3492571207834441749
0.3105566336973979991
0.4591429238011009439
0.05915899649209242772
0.06716571804798429635
0.1078742409251284839
0.4291128963535879026
-0.6246993106298136533
-0.4812340018833901056
-0.2869984986583609121
0.3058904006753361271
-0.006664578103493211392
-0.02642243081348602529
0.2135981435593860556
0.2383202536411999639
-0.2226893584494132605
0.02635672952700925803
-0.1006215685239508772
-0.08839560175869413949
-0.662596447748310724
-0.2554919184585705549
0.2282063439670712068
-0.05834656719160476179
0.3619425913673941508
0.2051781673204552681
-0.219643391711008662
-0.6922134439908602666
-0.329878328627274231
0.2828297067580869961
0.1401498095101296748
-0.07054203258185719194
-0.1421798172315495712
-0.2488945266456829009
0.1149697886154929793
-0.3659057433423186789
-0.02624267383231871156
0.3520960910790295051
0.3087042361546519231
-0.4248215589047952268
-0.4314357184116333621
-0.1426798980649819359
0.3301799978209623565
0.3235658378100516597
-0.1423900534363454207
-0.09190097351995631103
-0.1401555472117504697
0.1128739947639208208
-0.006614159633506954891
-0.4725700517713493087
-0.2106918422880626474
0.3623351157544950629
0.05048907920009260142
0.414353392608912019
0.3425772634354116719
-0.0197578527099928139
0.3638643142122919283
-0.04825457403633141851
-0.1170112156477522009
0.0676543322750441517
0.3206838730901198087
-0.001102307504069011644
0.2490460879764224977
-0.1460700392151291216
0.134293756129713282
-0.07177612857211093655
0.2457250333077930227
0.3288118287529218642
0.2371263015891484915
0.2530295413856096798
-0.06875664089622027242
-0.07163778464969236537
-0.1449677326260639665
0.3396630706918998821
-0.3192421198752562472
-0.1281376611291538681
-0.2578237539629303909
-0.05084428658072916857
-0.03887832714336490053
0.4846308044998637876
0.1911044575109187293
0.2803637939778241828
-0.2935263481832855459
0.4252416089856706494
0.3349469110411290029
0.2400205745760963516
0.3175011612247802817
0.294376912763198495
-0.2870900684910425715
-0.03417270513716792746
0.3110437755825097295
0.0774805862635921383
0.3729139646793472318
0.02472211019272917143
0.2776394739935854616
0.08308679475323936525
0.2954333788449610698
0.3992545602640982239
-0.2628883055126252088
-0.3545738343004952164
-0.02097286500637551843
0.05327946150307636547
0.3428370049082326565
-0.3979656911708976397
-0.09168552793103665333
0.3161677662027484459
-0.04339185595408606017
-0.3135486080848150503
-0.2097274279839683453
0.3695808161043668272
-0.08027347936052195432
0.3225739128744962159
0.379484678591095248
0.5557464673556693491
0.3638098708224458688
-0.2866981314792614866
0.09752311502357707829
0.3634381649089048483
-0.3769928272189837504
0.1038211807846365214
0.2332751282398501658
-0.09527449026866331716
0.5793082448987078026
0.2895575424973187428
0.009903863250318240691
0.3423788218111342152
0.1244241131487283381
-0.2897507033005254917
-0.3285496182044400082
0.01666686300595694725
0.4028473917505752677
0.3002916317674426683
0.2529173635210463233
-0.4392041632104425886
-0.3822933986888131797
0.1367624573691431367
0.3602458815939915682
0.2210065690684645812
-0.2531784295150541486
0.2836247685981151956
0.05691076514319848983
-0.1025557595818062384
0.1860257331671150705
0.3324749577831007108
0.5190558566767476956
-0.4043707002937166894
-0.2932185282850314212
-0.2177897998615402064
0.3383151024563678666
0.4321162077563975856
0.1071234911884411528
0.1111521728909154183
0.1865808996369068551
-0.2179547094873464375
0.4003420203468499028
-0.3291068833168391827
-0.1959736074544090878
0.2877246529720317025
0.2234834248763128139
0.5561049015683382502
-0.3432769471062330768
-0.0106554717370667875
-0.4825162585635180412
0.3754004088961705454
0.3727115274289209412
0.05793787315816802119
-0.242969027793108111
0.332621476040561026
-0.1392393119914059063
0.09380110453378769086
0.3860558812600871081
0.6058394782841168835
-0.3870756349301849863
-0.4741849981030550332
0.0372177788340730259
0.2395472303353588239
-0.2771898315864545492
-0.32496472605644805
0.3708774527037502766
0.01588866837040832022
0.3281019806233120839
0.1435949683617072925
-0.3193989316570071124
0.4634949300004108097
0.3173974793508009262
0.3756908548903918899
0.2885814924028199391
-0.3160651212592408554
0.195973254100454547
0.5170572079163778811
0.3149188814379286772
-0.3362236141931181921
0.01419412965958782857
-0.08710936283367332056
0.1098858031119778755
-0.3249927173825274962
0.512038374516571082
-0.02015849205482534573
-0.4525185691213545747
-0.232734973502996656
-0.03311198177600092191
0.3354526729315112643
0.5723804826258278577
0.1817983714733630296
0.3048342262306342199
-0.1126173683325319697
0.2197835963141226701
-0.002688880867013623919
0.4194065866961801392
0.4145333456527543481
0.3210839530178218881
0.5032363511656692268
-0.4629939000187143772
0.3198999618682195067
0.2023294510662346224
-0.3144076100617609337
-0.2117609555340450034
0.2103345109280736758
-0.5265346088195436147
0.3760202738389284427
0.2175043214720514817
-0.2420108845877819992
0.4220954669629580214
-0.3147736537863378703
0.3685646540964145901
0.1656857633801911145
-0.183336389067933786
0.2845237238767198695
-0.3009069004425226068
-0.4161040759999297678
-0.2410261789386172471
-0.1791762675164749463
0.2085397173605393339
0.2832167460436597617
-0.3272775426021357625
0.05067924307642741183
-0.1602193347344419705
0.2393849045851398072
0.3415347791042147585
-0.2028788902018444362
0.1750778964951225647
0.2369278090888857213
0.3779567861526116346
-0.1585159519607215739
0.1670582074584396615
-0.03120084466140669172
0.3565151413766385335
-0.4217829571569666203
0.3984318931239603234
-0.08142893659971817133
0.2581939070262375124
0.524242924462759996
0.2908555365125366499
0.1995757931565815269
-0.4663497954618074925
-0.006211607576439309546
0.3806134347649095528
0.6128535092223825753
-0.1308125347840906616
-0.364199921801176274
-0.4595152057437069115
-0.3776305892022001065
-0.01479175509879075354
0.4675476455359473538
0.3255741590679078201
0.3877159854424929719
-0.3905821118104240708
-0.3528773920138377762
0.05218796665513036198
0.614879450074132583
0.4038756814208358525
0.4390123345911380315
0.0676345392155931896
-0.3109606414532424257
0.4050653581439052076
0.07467702920263744049
0.04191675114711840289
0.4132777165342512715
0.3516877142901146946
-0.3303883284091224115
0.08961888414214029541
0.8102526332428352518
-0.3480548891056592931
-0.3858934924555879054
0.2928511385942534906
0.6591543921526861194
0.2222382227442225855
-0.1919365955540019431
0.3553715005581886133
-0.1923083034958161797
0.03265081889798441411
-0.3848007774950558679
-0.2510645320709685158
0.3251553340582218898
0.3830685645877033307
0.1485862900303281942
0.4678601126516673814
-0.1460974505429310233
0.194755944049341545
0.0818846162253802079
-0.2731041684348354814
0.3408533945010354671
-0.3549887844967788419
-0.04277547199536473055
0.3214779491911372022
0.3628388338439573757
-0.3295877799643037731
0.03466564117113508231
0.4818192815983721733
0.3331748909929575508
0.3642534211354388485
-0.2788297199446433949
0.1683239207364858325
-0.2374688356642953857
0.2448705644914675739
0.4765350596611411804
0.4471536405317427798
0.04136088449193261324
-0.1486443905533609278
0.3082111387168925409
0.4647589781402144959
0.1758843412522493876
0.4823394003673475705
-0.1419734868192929211
0.2576307517507783751
0.3792635155179777673
0.2316644954335377316
0.3245287317644931502
0.3996042389103276471
0.1216327640795918652
0.4601381874721112708
0.1021498741110298675
-0.2945535230572768892
0.04395189961488429192
-0.4421525465115148656
0.3829975562975111436
0.09415775129042801284
0.3759422014572764148
0.338505423017963325
-0.1475990198144021548
0.3868250419320355404
0.3390456569951799115
0.1565478395601695161
0.5363102978925101683
-0.453565655105170662
-0.2213255814273558109
-0.2446482968463828678
-0.5013450393201972499
0.5082357501704193314
0.1624129234669105248
0.3605924638527298609
-0.3746001999377713831
0.3786206400855398613
0.2456739209810189228
0.4959713746096693354
0.2322400740501484318
-0.04777938457594118477
-0.06159000269838977443
0.3778307464127499404
0.3837385052649937567
-0.2566967421568127072
-0.2637520964026198178
0.1191103750473674061
0.7213681792043208363
0.6052407603635749922
-0.007055354527681884091
0.3797624581126827215
0.0326624741308695829
0.4617476985739437101
-0.2888746367945414506
-0.2110037681865809533
0.2284169818093915172
0.4362151019023414178
0.4447719987424323396
-0.1758671159746140467
0.2817844499242594392
0.4085105189332265407
0.08198524064135710721
0.1267260692502211461
0.3828624711681125614
0.158256884489418076
-0.3520387185587644518
0.3556158884608293658
0.321041535970287395
0.2561364016847165193
-0.3265252781075665411
0.4091352194292354194
0.2198128040727020116
0.6022578038847320459
0.1529988179760678191
0.4564810734694362826
-0.1457767301494037604
0.2849987487009555953
0.6109873729579784474
0.3233723560087754523
-0.116127419132697432
0.4290852243249080322
0.02720473410308869508
-0.3215371108072449524
0.3297645983340549702
-0.330660865885272881
-0.0271786108432937254
0.4664330476533752323
0.3874303172428832931
-0.1422884814725823288
0.5463380819959655632
-0.09932062586586878905
0.3034822552658100192
-0.1893224151484161899
0.1883723842383583646
0.3214818701716272709
0.3453037284358667081
-0.3390867324661794302
0.4307754785934780895
0.4936116587072136852
-0.4268504462445221748
-0.645658707740129012
0.377694799242957846
-0.0362896146266664596
-0.4209861938367410183
-0.3581500133178897038
-0.09499757002776587633
0.293365820041606884
0.6528800975381878757
0.142887537817675131
-0.3298638854476567683
0.1915042399300718734
0.2969959416904088823
0.3395039081445774265
0.06283618032428014977
0.325988624023523299
0.5213681254219312278
0.3025598641346837203
-0.1345020542440321099
0.2538613362608990731
-0.285366938048969343
0.3163550873538843455
-0.4221170717110306336
0.5234095779645702162
0.5010375533438362616
-0.07900273022588763516
0.3551728705889953819
0.3883633902871519994
-0.2876150172027263641
-0.4006930449490831436
-0.1311448036502592118
0.2551933414353432794
0.4835797581295253611
0.1701236396572008702
0.3595142776685325559
0.2695482414919076475
0.5708166844393639527
-0.5099925595677589074
-0.1721192389202046147
0.2113024066207356833
0.3919577163742798409
0.4394207495292568044
0.2077981196527337593
0.4162662641384613504
0.0059077592477556444
-0.3805975829077833383
-0.3720406869051949283
-0.1721294376375087642
-0.02200782767670431822
0.7116406562434021144
0.2482622263814154573
0.008556896411426930318
0.2084681448780010549
0.2161397444687119529
-0.4044993712267705988
-0.4554495306710389935
-0.04794187043612793686
0.3338264097613937165
-0.3659604411431715554
-0.430496117855265259
-0.001889493528347584769
0.3607809026729628665
0.0544312221880383848
0.350032859646770167
-0.6206391151939431028
0.1176866648354602807
-0.06453567704388461779
-0.4103585044951941208
0.4203916636635863235
-0.1931448733762679004
-0.3659271864073244118
0.02191501560782675023
-0.4254910690220536362
0.4013090349586351246
-0.3458228270742362276
0.4286066239951267787
0.2918564897732420227
-0.1476432859889359461
0.7336484842632428061
-0.2323461952295894639
0.5944539079861789199
-0.02872738379451354393
-0.463378429503554512
0.3175576229458417776
0.4888814971135830301
-0.1391945765929799295
-0.2188082613745472027
0.1054917017958408587
0.3905608315064872382
-0.1793740621201927732
0.2548015383967474623
-0.6124369279516329589
-0.3171970578529101359
0.2128865732333672101
0.4283974646220635174
-0.145864681406379787
0.3378733204948001223
0.601722025674914951
-0.136750133934122553
0.3626703958944605954
0.2070544908475199231
0.5032155589959546038
0.2924713367036134715
-0.2390516300525870885
-0.4394997754334244999
0.4341756006466001572
-0.4330628659467177233
-0.529718798551338188
-0.5855311119281837451
-0.1017931102889389761
0.5086643087635041027
0.3870692383717950213
-0.1328758513378011097
-0.4119351854768165677
0.4837380017529347986
0.173595926333566658
-0.09665593247894709028
-0.4605698016557257524
0.2952398699834452578
-0.06064428305824232091
-0.5106403460835106101
0.7134886537838234233
0.5640769551617653699
0.4888623487568257708
0.2071879654808371496
0.4597485671760551118
0.3535687537076728781
-0.1494116987291580212
-0.2246263049183240823
-0.09344939337259960954
0.3403540212520763109
-0.2021383273266622316
0.3744018855564849591
0.4338034153428960149
-0.07561877580532767873
0.500921438709599709
0.5255393613652508122
0.1856226090513537486
-0.4342567616789582141
-0.3763435293105623081
0.5765402136601071037
-0.3007247526504145396
0.499463006391541231
0.05940153053087793289
0.3287154272018957823
0.02461792187536186727
0.5877654878084443979
-0.2333873874674842197
-0.2277494383937491707
0.4910185209444694054
0.4556642345656590765
0.01799046332942630042
-0.357435533394431626
-0.4141748173572838421
0.1331332768377397335
0.4071045282764630957
-0.4064903299008380544
-0.140575277890452488
0.604249881595338878
0.07906581917651546443
0.4836982614123646051
-0.5476798050909094107
-0.4174515954660980577
0.3504177447627768727
0.1337362464000297624
-0.3713777959468591572
-0.05095015894272910545
0.1977601306860603259
-0.1808350511542730632
0.518187768821553818
0.2165052580344261901
-0.3210730385346134974
-0.3913819882962338292
-0.1323319290706388984
-0.3785951812401496253
0.3204276375435053947
-0.1402379867390316504
0.4075076607617185154
-0.3016825114119449092
-0.2234751907880238586
-0.7217962331516756258
0.2178569738713435067
0.4038520247905468818
0.04996884018792052684
-0.3976954323550190296
-0.4983210418435295996
0.4413321641742681267
-0.7091901727553553414
0.3817682806552769592
0.3241008013167788748
-0.1317050948496732987
-0.6480088027405402906
-0.2108691315164192281
0.3878422024182605621
0.1859950504712173935
-0.05956388305237202835
-0.2420237405775858275
-0.4438708932818771213
-0.1889727233472641987
0.2259324852660742344
0.306499888581707236
-0.2018471523501527143
0.6764441452931968524
0.5485236288251889025
0.3793940196995324587
-0.35388318503287991
0.2548981702981262809
-0.1020413967772902664
0.5654257500560987415
-0.5149073162200289433
-0.2861100753157049259
-0.07531399386268766705
0.1810889463842841052
-0.2665753271221896759
0.4329307355141219782
-0.4885528311165868165
0.2484787907074898772
-0.1731603452700847812
-0.03887357250014443488
-0.3958131402958544043
-0.2146283926291489563
0.4685236961749687512
0.4043672967967882337
-0.4476642730247066826
0.2518417886760939695
-0.3569395674426524279
0.4432408689932772483
0.4149052089241767605
-0.2219775034930335789
-0.4558058967612165224
-0.1844519452308081564
0.1811847480279866751
-0.1603805505347996874
0.3533418482422520102
-0.4385638612622006494
0.4990381016749578791
0.1927914241340971946
-0.2672399876377255512
0.09812151322618641036
0.4924998047801159573
0.2586714103748368743
0.2292792088134693318
-0.2265642404579654157
-0.3125074863516119628
0.6813215715848357501
0.1785340609143537816
-0.3031671877135468374
-0.3486210629336555789
-0.2338283938292284314
0.3153924863509159904
-0.2632205965580548535
-0.5163037084856313408
-0.5711788960504404766
0.4371396705845824737
-0.4748450852521547971
0.08830248215083269514
-0.05487518685965882964
-0.4216391364045913859
-0.09701367731086756041
0.3656366936530158207
-0.5786130834133849099
0.3246254595207403448
-0.2314821659272749133
-0.4558434499243669835
-0.246413551545694276
0.3471309179444169168
0.4041746390026659808
-0.09185170685890040043
0.6136045386291374415
-0.1269747747457519449
-0.4540823301160936132
-0.401462975938636446
-0.4960263451732359052
0.2094298989958842672
-0.08594324656965532383
0.02328696750870441756
0.6168314380099798599
0.4601073253383085038
0.02781571452297649377
-0.7469896722892681584
-0.717292347143671627
-0.411937471802749311
-0.009886802002882695908
-0.3498035559368655734
-0.3622306224502662708
0.4100830978791976666
-0.1352733497510950067
-0.6913809760324564069
0.5107528324445227419
0.1489855896516931733
-0.3935245044340419662
0.5538659176768381265
0.5935444700039550492
-0.7405793140239652628
-0.5561076258679771289
0.6460261819039451181
0.4626503713250856853
-0.1567241131491533546
0.2978564719281400763
-0.1833758102255362288
0.0431130849929545687
0.3346985274726701487
0.4997762791503561064
-0.3488371877466249216
0.6244683166663123064
0.4032216030331856049
-0.1283013642883161498
-0.43465104539442867
0.3462850064606557421
0.2961610679116005174
0.3863381452844373287
-0.4711393269938200512
-0.1127139078622371032
0.5039828652206191917
0.4744046300301338892
0.1987818148240232674
-0.1074648623202707903
-0.2107442225260289792
0.09017707757167162108
0.3584254189518788491
0.363674464861539426
-0.2212467133731695623
-0.2781833104853562166
0.3531719744573326714
-0.4248595342375796613
-0.1964731171934920861
-0.1566111932153473885
0.4600855795234430334
0.1667884134333461055
0.419884615741822953
-0.5315229670283333485
0.5744186875932563163
0.2283864168772951619
0.2682483411865940748
-0.3134561183214318869
0.2237988561553828915
0.363261530486611417
0.6166967729031522794
-0.04020096363873613965
-0.02957823534518153746
0.5254665984499157227
0.3822420407830586231
0.5372549743484626994
0.1806553098862632989
0.4888320589876980482
0.1394626742109535966
0.5624023206634717331
0.2525606017832657813
-0.3565996643258664833
-0.3493693848910753297
-0.09627318284911393076
0.327453341268010123
0.5022688383286015856
0.07357026178245999748
0.2530962021682499064
0.423726524229448176
0.4224430042930822915
-0.3401164082305137559
0.07869316217985788953
0.4906973763637296204
-0.1981753708908343958
-0.3413999283638007309
0.4149160669369377774
0.1748154971386303713
0.4188095703342262222
-0.001283520042851385868
-0.5351793863742104751
-0.2911853133038725394
0.1208189007798467496
-0.2205141201637217385
0.3186842764151222029
0.3982884603331122153
0.2439940731194503165
-0.4286985764747316408
0.3146652661747331159
-0.06364214331780887468
0.4120042141328317253
-0.313073819483339344
-0.03560425987082470323
0.268668543241957658
0.6654150763305630711
-0.2894937630770137438
0.2095401238454362991
-0.3888551290013864681
0.6585590337791321636
0.2774695595828901018
-0.0757813094752762817
-0.09587982937962223617
-0.4512704035387939405
-0.371666219659995245
-0.06739341656902538003
0.6608441831167704006
0.3488628368193993912
0.3224970739678215681
-0.05480937868590009254
-0.5624269794615186502
-0.3066512789604632916
0.1274703216890438751
0.5316603345495015676
-0.433116788085670168
0.4008065466262466514
-0.3098417187860657562
0.2357462416035880359
0.3650564330927353329
-0.3783074094429398349
0.4556159253308544321
0.5391983965559582481
0.5455879603106604803
-0.106179813380334373
0.341633657244597877
-0.2039543030032923698
0.255775700468478695
0.1293101914249597806
-0.1445326173343744469
0.30328085317587411
0.5660134513676265966
0.2059795784087032899
-0.3166161839603151562
0.4478134705647091041
-0.456599987992900358
-0.5781950585318464952
-0.1720835666843545386
0.4597300034391944568
0.2627325982176453856
-0.1215950704702259549
-0.6415401600112583536
-0.1823215988088422446
0.2845164212398257897
-0.1969974052061344016
0.4341216006320475773
0.3014089570962976694
0.4984063623032136681
0.2529006477170737677
-0.298915217047919235
-0.3600338729411321492
-0.329546673837826043
-0.4622593173889178453
0.07464333905545596226
0.3763920083256687699
0.4497546206802895408
-0.06116331309882323819
-0.1327126435285410078
0.4041900128745775644
-0.2807270780791975007
0.3916978056033990074
0.02102159112831730389
-0.4115808659673922398
0.02739217942796528041
0.3838873198312288681
0.4010960043184975121
-0.2455057145857180434
0.3017486692426257222
-0.1308537879134388515
-0.3643056261550697283
0.4112439374085413712
0.08043704008148695739
-0.007810485819059977651
0.4301579126291727451
0.07336261229330232059
0.3628657287541330878
0.431049225939076408
-0.5109179338321455655
0.025284543946980053
-0.3195814358435134506
0.3576866137057562733
0.527465723361713823
0.3713156870329561987
0.4389730453902036533
0.08358247121754960873
-0.6418327547069939687
-0.2431053867388625611
0.191336498047160658
-0.6466017189157448053
-0.3553905741675002505
0.4447426662151784393
0.07960418389407308837
-0.3308068972810646047
0.01891397516101637685
0.06345139989872512765
0.6463751451356056776
0.3678529670680840691
0.4606866827363628181
-0.252415467034035168
-0.3721574690765127591
0.5125051001210961799
0.01349763638011039144
-0.04668471017778423604
0.398727368001088045
-0.004768964235026753803
-0.5565848290158772471
-0.5029388132679102341
0.3042728030983186116
0.3898904905337765014
-0.4558749525036318029
0.4357031729403465503
-0.02620895411335057851
-0.006856042533156784906
0.3720100945542374471
-0.3119813463135278075
0.08227695079501318176
0.4795122335409975345
-0.3383471091348753124
0.04051902795538239038
0.3959712920830093519
0.3942582971342630804
-0.5010737985155043761
-0.06310539994418111476
0.374769665086236603
-0.432890301453949855
-0.2631111919692073475
0.07370984790056976654
0.4979045374046143224
0.4379683985097779786
0.06818349712496105108
0.4378750649482082147
0.3489389919781225036
0.3972352827918109175
0.1979886887195568546
0.3296687765537629766
0.1139723459510930542
-0.2660651315772942227
-0.349606072946622437
0.4454120782118289879
0.3946052965385465905
0.03326100752968912805
-0.4562541031072919195
-0.347678674048830072
0.1231348734017093383
0.455338716811561961
0.3376698136651379856
-0.08893607288705446257
0.2573273618336828217
-0.1418750838630142563
-0.5208897479693886945
-0.4390550589071195442
0.5178846753600765407
0.1716705893023970642
0.06564536682375742005
-0.4667061643065943399
-0.3550311426510233681
0.5579845758641555076
0.1480837082458935638
0.3851139096996588074
0.2783653580577313269
-0.2785221781403476315
-0.1856884623469706452
-0.452239308441568455
0.4132616430506418359
-0.1062081651451970282
0.3938729654495584653
0.04009990039022393732
0.4061202725786278722
0.1892583434976093104
-0.3492173319524437547
-0.4129104103449530161
-0.05745814626679084103
0.4344418848409260514
0.3586313554801797698
-0.05080678171062147364
-0.6383767537006060921
-0.2948411809674163497
0.1813755254980281562
0.5884812998054826938
0.3863139866840452075
0.4755791239700392636
-0.3626113049664118626
0.08442680806309728336
0.3654638272863741655
-0.344865979869003858
-0.4206765093800300392
0.3460311431838014595
0.1116750215724036516
-0.2977631157406682161
-0.4235437228952520505
-0.1558885253363352097
0.3435355728248044582
-0.6097150638940788125
0.14845153786329085
-0.2090023185310946052
0.378420045939315719
0.3515474327393232623
-0.1287881447207029073
-0.4613461377188580737
-0.07581052942959730367
-0.3464961969361839422
-0.3199974655941202339
0.0776984927975702816
0.4007127452048730443
0.1483689263226633803
-0.5518158647647571913
-0.6132831581969689916
-0.06111865587770702601
-0.4348396975359394845
0.05364601574716496013
-0.4094381372519365625
0.1697791095692964825
0.3368210399764985374
0.363319771549912518
-0.1561500364310571265
0.02649873146669245311
0.4241946896091255415
-0.5194698080832692577
0.3648574675724614025
0.4683663920530068414
-0.01938867772994680438
-0.3613442890530479401
-0.1257806070915473695
-0.193419446664909761
0.2355636820138137799
-0.5030447154477427629
-0.3809396816015070408
0.4289831287136345317
0.1634333483838033008
-0.2699598859343472212
-0.3096252688078063864
0.2676551976207767747
-0.2655497803709539473
-0.2124591218523186886
0.2760265914135134335
0.2624969866975344068
0.3846020205058835462
-0.1960203449371490658
-0.3235901131111722506
-0.06598758076504354642
0.4334365175558141381
-0.5991925588558792981
0.6444639737359922904
-0.3576097657999985913
0.124900280595888008
0.312389674235838799
0.4994240982409987595
-0.5332049780378517179
0.4762167065692823331
0.2110274560783213516
-0.433393234348772971
-0.4534298368735656393
-0.6457864322641724275
0.2415827931088646852
-0.3872056227954379093
0.01990015179091522007
-0.652394873505791284
0.3649125682375838897
0.5445907169686008409
-0.1254622394034635713
0.4071057744469618878
-0.2651892505928176158
-0.2305815964688160968
0.3372972901612034669
0.1651418312587620285
0.6075266625323113567
-0.4327489093188954805
-0.03678796049202325003
-0.5563516539557902263
-0.3688622601630512921
-0.225962274814452857
0.2309379921520538503
0.4901446738646298429
0.3450124162792790883
0.5678788867909579929
-0.2021673129991505835
-0.3320742995762436811
0.5269326342324195389
-0.4160736042143383107
-0.1932071333375673938
0.2041317230998772603
0.7117577555248688626
0.04456001413869203898
0.2228664706785742355
0.1796781485405374024
0.4606336185736460975
0.2702293725588830187
0.3973388562143733149
0.6136953843976860057
-0.6700529565392198128
-0.3813385850913208475
0.02492089945539945062
0.2809554702423032735
0.6330371410498966123
0.1379200198959647239
-0.2981468982543813984
-0.4382753689581738721
0.2912953349948844139
0.3389214641815571638
0.004109461922898877129
-0.1202012037935011185
-0.4550132064903981144
-0.3279037232732404661
0.1797223086906397094
0.5820386552697569549
0.4162731382849207407
-0.4139844137258073542
0.01652894566151870068
0.5466125765572961148
-0.3393552072273041675
-0.3713438303798424767
-0.01276094772578450359
0.3968158903169651253
0.3999255185338292384
0.3679368952683694238
-0.3351396739244824063
-0.05007054434048480163
-0.2926317073990613582
0.3396228443187703783
0.269313895926551139
-0.07030894907691967455
0.2590500599160716622
0.7187679582685038149
-0.1296860940689600616
0.02549428010740925968
0.1123226734356398832
-0.1768947354355005219
0.1120626643168865511
-0.03535428744852556204
0.3842212475813997496
-0.09029469683868587837
0.7206337480872649914
0.4195755360935014555
-0.4376737722420161458
-0.3010582109301873643
-0.1510982420936473891
0.4771720847622246131
0.5132138715027468878
0.1844979402561083004
0.2659150509343793933
0.4855561501337521402
-0.3399167531239399298
0.4199698990976462598
0.07910821934813747069
-0.4544621083102298176
-0.4437461850785959783
0.4633629960077009224
0.1055858824080150166
0.5332614251864671306
-0.4638292552646559597
-0.009248669410382350659
-0.3790489461247155134
-0.4313587500714563538
0.5023990998403289332
0.1980372366085926816
0.6831520890738881358
-0.542510094364333062
0.4048803282808549064
-0.03086232552177245111
0.5262629347439808924
0.4162636497731997398
0.1456962536141865328
0.3827624736001085659
0.3575307161225383945
-0.2552203352346238963
-0.3063496807917742704
0.1713238738837480069
0.3310259490470460753
0.2205153944130513188
-0.1279205167614222982
0.4064511745636982809
-0.2970501252447058094
0.5545902817289826148
-0.275762329928587735
0.2074031563517858834
-0.3399187288169618903
-0.3682543883512687244
0.06074892723347470602
0.4656165550417878385
-0.2756228153642676926
0.29391595313928226
0.5550448339344236093
0.3641547855924749388
-0.3062466773322841673
0.5695387686402630933
0.2370662198044414248
0.07542522524679831641
0.3653615010956028364
-0.6280760739841565465
-0.3618652261036353623
-0.6943377752438766315
-0.7195695330186906435
0.2105113047999189191
0.5483514295107656533
0.3462377600679193423
-0.09894512116771854437
-0.3324725490000852157
0.07023883258463398116
0.5723765307890676945
-0.1908900484733899727
-0.1432245575634019386
0.6130914378936846987
0.3710254501220375811
-0.02523175764858877346
-0.1955676862151650708
-0.7074007773907754482
0.4250567258543855864
0.407913627860104322
0.007387351856961356378
-0.5118330910307646864
0.6206244119534480852
-0.6127510515572238692
0.4257283207545871639
0.714788129377268211
-0.123466019608210284
-0.3908542370214648232
-0.100917960733714257
0.5021376980981400173
0.561915498705890748
0.3378401246338851305
0.4677896712993329098
0.05977780070666412898
0.5570652082863059018
-0.4374437863331802623
-0.640739743903859682
0.07865297414114190422
-0.2021136695249284021
0.2188949901913344598
0.6454487439378741032
0.1299495467424092165
-0.08860541527638148007
-0.5337882966779690097
-0.5509313948544710682
0.3324032445591856288
-0.1028403185351351723
0.5400489612699301833
0.3367530037559696154
0.09744660554277700948
-0.4180525915428432437
-0.4846371080560503142
0.7113566147853283006
0.4829479173122617763
0.01439677895622694902
0.4440627773944941792
-0.4451828813223819292
0.4210086597747121351
-0.01714309810531109216
-0.3243530568060479236
0.5513664458846442296
0.1184918458745770481
-0.4784122341374216214
0.4480910763706687505
-0.4005262761141728522
-0.2228793659294399931
0.4265537537949536939
0.4466985903988314188
0.2076457166563701329
-0.5154991971315849852
0.4512479005132853938
0.3855013117972101444
0.02014483657160561977
-0.06658451656049310663
-0.408011870507755281
0.4990338869654346587
-0.09936136596893770101
-0.3414273538773183736
-0.6709704423649274219
0.2287972409249897643
-0.1749001471183533052
0.4395933223242229904
-0.2789163714701075603
-0.296905628044063008
0.2934499086496893949
0.2890598087917816694
0.4667067192110239682
0.0965605358844388445
-0.5086769848948071715
-0.5491943405318980842
-0.5719463920284527658
0.2886583297606262755
-0.1150390583218525858
-0.2904920531980267895
0.1776469102902423214
-0.370146183451233346
0.03916296163779017098
0.4960702952860670534
0.1697618254603853738
-0.4354756955837427168
0.5790709707336082479
0.2881590295893300402
-0.2980809858537177282
-0.5244494225773311813
-0.6052375209038942661
0.4093091451672359882
-0.4938413542838605563
-0.04051735582705540822
-0.08897372685518360746
0.4569073336882986114
-0.2909119412167427421
0.2814543388528342738
-0.4036973880659822655
-0.01798925657395543734
-0.5862400155183337125
0.5723662800939356421
0.2992820541173321081
-0.2689687048547409476
-0.3030304712943436285
-0.4120802540354827626
-0.5682507589720730001
-0.1431115491039609555
-0.4845818358183524577
-0.2263684368185758522
0.5521645023347677705
-0.3379113866380442643
-0.4372692798910382539
0.1784434606486626496
0.02956874005576411515
-0.5225957623218527859
0.3322038428578101277
0.3230142522749313017
-0.4606260937403912625
-0.5782949966761740113
-0.1123618284871560347
0.03150100886007156653
-0.3412647950298825505
0.3658029722416850649
0.402788759963837506
0.3883500071259871067
-0.1176689030411033482
0.34826426539439298
-0.009189590715250463976
0.2370302015358516645
-0.4266058864683277552
-0.3574538562446152312
0.4781648008863468857
0.2299685079126417009
-0.372765803803181639
-0.4795143565922090345
-0.09230263915208369863
0.3775125732160297676
0.3568489981594706872
-0.1067485534643859285
0.3872117173646123511
0.1316800878893910065
-0.4640538203461751499
0.3385677689982940497
-0.4387231072914457575
0.03231230069860931836
-0.2989523422851769752
-0.1602043676460378763
0.4149031527909943229
0.3350972227411213589
-0.4927479925576820352
-0.05732747804231715094
0.4738077190324708754
-0.30746242358337178
0.1024063965265066128
0.3754354019051417413
-0.267879358166007886
-0.5282949124256123286
0.262508432710900852
-0.5325208582349806319
-0.1448551464895888596
0.3249600657579617136
0.4937615600034814256
0.2333460057008475419
-0.1994560941386639974
-0.4003867758543159794
0.03698578785407547614
0.435420514361612887
-0.2481962931403166872
0.1852855691580338471
-0.2816002919590932518
0.1168344342661231244
0.753943535866500425
0.4739473417760078355
0.01722127296240630323
-0.2960390445743781296
-0.3540696439546912044
-0.3809422575271412814
0.003815040756308131151
0.4129375588121458329
0.07941221871465233006
0.4892810392078001391
0.3984347263537854067
-0.01443875272271232663
0.6371091017127498146
0.5311351969229071157
-0.1059739049183931192
0.2793101374483413779
0.5733702839559843278
0.3123569309589676046
-0.2799961939898248375
0.2326614426543520686
-0.09837231729703016514
0.3852840425094454235
0.5229247404773854635
-0.02687261337751826323
0.4334818624697978073
-0.4803355776578134839
0.3847572985064485196
0.004234939838791315983
-0.3269602629521143888
-0.229413909503618535
0.1797086090618060239
0.7415472918075100006
0.3283151907935318303
-0.2679651396910775474
-0.436066917956208
-0.3325579931648643406
0.1533753149047816233
-0.380522358889837875
0.409122518301434368
-0.038551229935304486
-0.3443998286174859702
-0.2680563477318260168
0.336006418419606212
0.4471580809798491596
0.2903271347309015482
-0.3311952030130859703
-0.2835690742704887746
0.4186707843207878588
0.3419711292043388084
0.5618386824538952329
0.07634348063133060414
0.6347269636146694038
0.0728882814634209536
-0.4132321013034995771
0.04479999461048107118
0.3968951344298667916
0.4098688202936019986
0.6040627659197004284
0.2730290055743119781
-0.3310337601483853698
0.2902632980028855836
0.533098637934924735
0.1111516623082341587
-0.1401284705205511627
0.1035089246275430752
-0.384246145442958098
0.442384831085774588
-0.2441176750792148631
-0.5978907404285861427
0.04762612896680504943
-0.3348120024777775372
0.702239858825060459
0.1271094834363240555
0.5076260322019201521
0.2365508298617909344
0.3868457858865190224
0.2646664589102694642
-0.3344578279406456023
-0.6671977416067929045
-0.5124255710670683195
-0.4987721366164697967
0.5093046349712538889
0.07633538372111554893
-0.4236201929909987896
-0.2859794953267558726
-0.1295600462750415571
0.1397707651377275151
0.2785187395446634406
0.137640697806918455
0.2940601465964525207
-0.3944253512043980336
-0.2562362583714622999
0.01365343446955278629
0.4257502605959420094
0.2428353397410444869
0.138189092832935706
-0.2610133529180621581
0.4080787857344082004
-0.3312646431451087281
0.3027849221904188592
-0.1593573094850030958
0.2395321065619002154
-0.3992024457197611009
-0.5923531248698375995
-0.2971799750908636906
-0.1829149210525741476
0.1719073338480739954
-0.4219469758535803749
-0.1011863341730096649
0.3548222550986715462
0.2623956276880279881
-0.250379553870789695
0.5125997279249301375
0.3928577259524090315
0.02272127041583390031
-0.3136323698275937377
-0.4329692512827066353
-0.5127751814979918388
0.2502041002369022049
0.08183468908512941953
-0.2634719859539556563
-0.1485201227692929393
-0.07980593013257909762
0.2951731497105483104
-0.2842058004176709063
-0.4567260687159824806
0.06481833778959618375
-0.2303548118876872219
-0.4651170103564705172
-0.2963155160166944246
-0.1725202682162386147
0.2340722749016913296
0.3490241381439802559
0.4698152123033605965
-0.2555316294094659435
0.1688014942926480133
0.292596742197875348
-0.02066357514916757412
-0.2604155542703751602
0.5303877908769087934
-0.3132603174391653811
-0.004225945815973001021
-0.2685529949773169944
-0.4328020998072529268
0.1149518632006612251
-0.2643270491458766802
-0.4572692112969873324
0.3764974602061104125
0.2122483554224407487
0.1835552980347837648
-0.2043787567661435323
-0.4781204866553338539
-0.4212406858162251466
-0.1642491048049921631
-0.1929421621557274868
-0.2009306816788800631
-0.4166271122107395031
-0.661675784678970702
-0.2156964305662532888
-0.2168619290657112508
-0.4635784188682942619
-0.2740386647165870548
0.309202340641931972
0.05687980085473823277
-0.3827786777024777543
-0.08354094141865217593
0.3728920519354487206
0.3716856199574182784
-0.368422861107709998
0.03456712129344498285
-0.356466742513406043
0.3605049095957227889
0.2710326222476394653
0.5300836309811259861
-0.3558841529618080868
-0.1497966861689924711
0.2411761551441926332
0.4945702252558967227
0.2155108912979169233
-0.03198862321563437916
0.02382185827925767732
0.3585828826052358531
-0.6605686026378067011
-0.3469883933210350935
-0.01222736904659006522
0.4190039073818738191
0.3484158820889804442
0.5039089186883822791
0.3347610242921713608
0.4095768379855726504
0.4312312764581701652
0.02165443851676548265
0.3909728412480435455
0.4487962144096643846
0.4271417758477142335
0.08490501132453913413
-0.3862324062219862908
-0.1328383362592873707
-0.328409032970749637
0.08570959416730342117
0.425738117988240572
0.3263802248266762795
0.2533940700321472006
0.0578233732068055839
0.4592185611397320288
-0.2790593340487591001
0.0125658019704226534
0.4141186270982266104
-0.3422367645051442864
-0.7023946828125254838
-0.3008418577348073164
0.03918666601103286407
0.5555415132466201555
0.2588936505543562028
0.4444105218128297508
-0.1869415504169368303
0.4015528251032552398
-0.5102956030481825556
-0.354802566458954971
0.5154531323809182775
0.1627846514918243614
0.3400285237811107586
-0.09935789320727916873
0.5163548472621558583
0.4668380199896515204
0.488485713270737254
-0.1111309912588597792
0.1554930365943147097
0.1085754290814497786
0.2850691296537323227
0.04250796647391619915
0.2552749268506941394
-0.1201510717365397718
0.2174363253945200414
0.08682839389588671575
-0.2023890155429097781
-0.1943822948586685639
-0.2245036932711989563
-0.5410680229901604354
-0.1207788623983596099
0.4554410056762389081
0.3248283722380818084
0.4545805854780525235
-0.4031735001695115339
-0.4322916112592509186
0.03247050548266208064
0.5845720012149667744
0.3901696696230820827
-0.1688530627642051141
-0.5234266124071050852
-0.4609573058184326944
0.1157007018510373408
-0.02911811153365850488
-0.1944023320490966822
0.487953810544129174
0.4356440060215985843
-0.4688712988311526941
-0.6610563015166533996
0.6415301027634194853
-0.253971592265477053
0.1931543832997836274
-0.5583334556803379867
-0.4397531868425892942
-0.4361065508083991071
-0.3040751118841267253
0.02969732444829945028
0.3350522010982642795
-0.1302937305485001307
-0.6893164637666729933
0.552062412622468468
0.5236382395754506369
0.0419369912333422204
-0.365293879548207745
-0.5590227328253893901
0.6823561429207313234
-0.6719042362564044968
0.3240225844911939768
-0.108501718363260849
-0.7430390761378637965
-0.2921042435762393197
-0.05230980423620325975
0.5770861829823025202
-0.02842417323936882734
0.1027228457821690449
-0.5027875106704819963
0.1213826062565129538
0.6032243491077646791
0.7974598522428725245
0.2915854426769491914
-0.3383764342642107681
-0.4483757194636358578
0.1434653087230697288
0.08050356555362020439
0.5643426819831761643
-0.4253708436518052194
-0.2602930915655171651
0.2228723950845119262
0.447125975470606396
-0.3043618633478415436
-0.1099992851087123885
0.4818417429308696209
0.1942355032016750138
0.5928888993336970392
0.4838391165273850381
-0.5058744093686895482
-0.1090497827737255399
-0.3414702867911723616
0.1650777519230239021
0.4831654864652013548
-0.06415639913327728094
-0.6055103563874989492
0.2582133988448893636
-0.02833565979253126893
0.4290033153433925883
0.08056740362904957209
-0.3484359114466866747
0.4533239982451575112
0.1859357804122757918
-0.2673882176134987909
0.2899362760804954919
0.4428449026744392669
-0.06574658869771123071
-0.4311030639649753859
-0.1540591773278811027
-0.4328746000091646673
-0.3108818942870854585
0.2723591110716116481
0.4021754995841405056
-0.2284086974889792676
-0.2672938373648574562
0.2934354865914470256
0.1219927057202403464
-0.5085914913649274283
0.5832410053586971621
-0.6305841970796790541
-0.1087400129860688208
0.4296659984033064927
-0.2420659878401840714
-0.1657655172523460341
0.2881193547781349396
0.5195806761615759939
-0.07669965486664365173
-0.3537730651925634073
-0.1568309465185626639
0.3207606419244927731
-0.6156322588263852813
-0.1380406698318563385
0.4672949391471952763
-0.1714164972537380593
0.3626383469845221308
-0.2916254064816061198
0.4775915887066358168
0.3240068526429723539
0.6053356086888551646
0.4560085895003270773
-0.1046565924830221012
-0.1493270189492844902
0.2495623974944234102
0.2884128288337839408
-0.06325281578716546171
-0.1197420020424775633
-0.3701364557123381638
0.3856551055109791459
0.008953295374279017504
0.379089751295357158
0.2599447448369631708
-0.3363536404130663127
-0.2975032095515151576
-0.5916736713274454162
0.6909247167444548809
-0.286433988810646023
0.1807406361741720202
-0.2652670940750624373
-0.3325292196805700318
0.5429263304106117793
-0.2344184139875608031
0.1738056717195197165
-0.49900746380349148
-0.1749692916640713247
0.2580676168742785381
-0.3767018102824564174
-0.101199660096239083
0.324038172277952452
0.2755021504082243444
-0.1191450066885602621
-0.3946471573187916859
-0.3758788026550145545
0.4252378325127236791
0.4850925529521079582
0.1326080031145908944
-0.5671677234162701975
0.01876835492869780367
-0.3758857588434872388
-0.5574479546406945207
0.2106144435682184846
-0.1840396708637919987
0.4224268280054871427
0.2328532054749800906
-0.3399720463062587683
0.1912819649108191966
-0.2804764026054494264
-0.3833496533896760816
0.00971976850333282176
-0.3946541140663376579
0.2118123840884930664
0.5084868060704903492
-0.3751709543299279748
-0.0784965316393759216
0.3631967793246789755
0.3173043905226294314
-0.213288986120600349
-0.4717583678543047498
-0.1559323750686440746
-0.1895736229345213464
0.2966744223307727912
0.1618819685691069432
0.07084649579690120713
-0.3875003128365653859
0.3866724893623621484
0.07917874975442101837
-0.02629930920199833114
-0.5683390738786423535
0.5396253318342811856
-0.447128704924027176
0.3251562831093919859
0.04232366100650372664
-0.6369280960773286981
-0.1028732511271115285
-0.4583468082452462622
0.3158259931741382864
-0.5420397642257430704
-0.5728252521859019675
0.3514555918986996819
-0.03078548839518071775
-0.3382792288628949651
-0.2428085779244430753
0.1212103694181024399
0.4330369085383498073
0.3657747830200617778
0.05985472018123914884
0.5340548445806186928
-0.4723040500865409719
-0.1579677067090891618
0.1785812882151454617
-0.1202089095754338977
0.3930694216063372881
-0.06726212556189789527
-0.3059200629693969442
0.09811080583404124811
-0.3691206587516737136
-0.03122809710412569745
0.3052396825580473427
0.4040308689920804053
-0.3524845501187661712
0.08920876027355058302
-0.3148221089867809241
0.2031384125012971054
0.4082240858397534478
-0.31619906615813137
-0.3620914556061602396
0.4967195763927247376
-0.1631690103454810636
0.2435751955647414146
0.2017614558084576404
0.4416933106605677173
-0.5384756754347451713
-0.4396584785593238842
-0.4619121270565329507
0.09881719687694093257
-0.06369307838763509089
0.5607293239418505992
-0.6129851993073235361
0.08202743074746600416
0.5645374772441742461
0.3433064287467764153
0.01821441694969387973
-0.3201105136427044862
-0.3541077928159538923
-0.03966538289843252879
-0.5325598486431907252
-0.2123931978956461186
-0.1923565954078748363
-0.3911523159015902751
0.6950126300112764444
-0.1101152966950671164
0.2928746856915858676
0.314442409900431652
-0.1440749217489220302
-0.3301030715739667332
-0.1784520558101471699
0.3130866395468671071
0.1270584897287953541
0.1855168713736048414
-0.4458352009630724422
-0.2673868918924321436
0.1221050338192694318
-0.4585173316390702691
-0.1860281498175269665
-0.1275697681738069966
0.1516510157738145403
-0.2634884542899865179
-0.3944453816173188465
0.3201666507623086577
-0.3256671827264442376
0.1213709302972485193
-0.4151394700703860408
0.627499364762213685
-0.03457435249484737405
0.4965424374340920988
-0.1987957204764473629
0.4470381130266009584
-0.0894722873480833375
-0.3526684808772718172
0.1784483090667314809
-0.130956927329290318
0.5311167899364713785
-0.3754259976943035704
-0.03783860236561113755
0.2069794664175246546
0.6787446318458999484
-0.4118186209068550041
0.1311799254050711183
-0.0002600088762022133185
0.01196595847268732554
0.008006721280940298432
-0.5475647071740737948
-0.2241900931659554785
0.2452398619688008208
0.5172798516764051113
0.3663032544329835605
0.01222596705707319417
0.5429985469655925767
0.3619471779076333662
0.3233746147413633643
-0.1810513696175473641
-0.3031802340732287493
0.08224289600012407719
0.2926743911903957329
0.3637679982238958831
0.06562958375291050306
0.4694299558953181628
-0.5044259849987309252
-0.4194522988967795962
0.1033126144674161584
0.5470520422040455744
0.4227984738733261416
0.4038003727107052354
-0.5700555693199391705
0.6302422565499228302
-0.3685293123094151024
0.07521011506079959552
-0.4927342093907802756
-0.2662923269097448031
-0.2206942181006219805
0.2720613943246590893
0.669630165609749306
0.2388604053349626111
0.3212386557084730976
0.5227649132475122862
0.2264418832242321156
0.2720399904681661818
0.2015262574223556369
-0.5550321420210508894
-0.09121158649230222404
0.5068829405613560768
0.5051527329865616034
-0.1509765963377110165
0.4927556115721020702
0.4772937324273696658
-0.440835237654429446
-0.4562971148912864372
-0.04326646814217312981
0.3548709697009690966
0.6156315493376343095
0.08206121973784480383
0.6282703278593700924
-0.01546187820020971347
0.3975687704093287533
0.5383583336369075489
0.03604178775319315936
-0.2137990371833454473
0.1843384024268640564
-0.6445687990128972089
-0.2135900482485917351
0.4929289928784700847
0.3346622622155111526
0.3981374387402145665
-0.4307697610732171833
-0.4400451592071829565
-0.1792845777930606455
0.4758997275464060817
0.4465617201017463289
0.5785931604545874185
-0.1314545703775308327
0.2607605805628587237
0.30859058962478364
-0.5335703286391720868
0.655184304460444511
0.3842547776034132001
0.4437394276832495321
-0.1242535683307193911
0.463820555997625561
0.261169561824087626
0.01071592222785971299
-0.5023165448914912457
-0.2709295260016967855
-0.02933800825263255946
0.4364658655115636887
0.1619776628379136774
0.3854231300817229089
-0.2416698196820472877
-0.4443208143854602277
0.3564247082715998327
0.5629251947641903397
0.2529979090261460506
-0.1627957124703056646
-0.5130324661155771793
-0.3165643307533622108
0.549332066493695037
0.03479845753159438448
-0.3577771126385464462
0.3802878321547102369
0.4329071879928881872
-0.2026509944670072116
0.5980945276081477413
0.2815251021744140658
-0.001730207020305414784
0.2065004860652780161
0.4584011502144169636
0.4292485451556082299
0.1964681343313519346
-0.3287159301956001367
0.3579164385968865991
-0.2619629339018215708
-0.3925755692403172792
0.3454893737621371752
-0.6198793716269843657
-0.01242706570647314837
0.7232682998079633663
-0.36725790751338383
-0.4816649295754479865
0.2037333213066072068
0.4309787514701096112
-0.5251840634752220627
0.4202891595686200077
0.2519006646776303371
-0.309927286158823645
0.05212267075445100456
0.5736712006212308923
0.4848300473177101777
-0.3115238572564441033
0.6226721672538559904
0.2272698707405221286
0.3068057695999416024
-0.4641198574803213073
-0.1423493226624825136
0.6059636334889881848
-0.4932724612946428056
0.5348287925346313365
0.05497985062699859565
0.07109360703350017796
0.4238123769339948166
0.5387937279073634622
0.3217705354337633272
-0.02915260446393113519
-0.415793621846298922
0.3620499572810146338
-0.0630748523377178405
0.3527187697887579909
-0.4251248098989092727
0.08525883676036725978
-0.3101434593376348192
0.4327073770055090973
0.1149813507673215496
0.7483129566910814434
0.4273947233887400166
-0.08884115376720050361
-0.3954022963056679774
-0.3158663976539144436
0.1927193540742143663
0.4816180252664622463
0.6252054965344743254
0.3474485406537344834
0.5634025182762247841
0.2097914999127379054
-0.3209182337709284294
-0.07113484041474618658
0.5762198671051330656
-0.04820453014573843065
-0.5195349785013561039
0.3538857354182151638
-0.4817012485516752318
0.4538848723200226698
0.1502949557399807234
-0.4353306244998951802
-0.2038693024746801585
0.2541627940900103577
0.5684991381989324966
0.2988842218979987919
-0.09024040885641779197
0.2314613216851498789
-0.004394744422840738893
-0.3035899168794758407
0.3450902159879254971
0.4580320962317562805
-0.596280330752877008
-0.299195172774152085
-0.4213745003676012124
-0.04893410493652746579
0.3749090163090473271
0.3494849607552147353
-0.1221793272680417042
-0.5991242871185091801
0.3724403957775078156
-0.2512389899833999407
-0.3327399139337419154
0.3478852974014923216
0.01934175643056965793
-0.390809280820796745
0.1317414379211280517
0.3958588904898235894
0.4057981251444021109
0.4238431216099332599
-0.6236793860588101257
-0.1203969062342396534
0.249003183461697003
-0.3826390658837219294
-0.0189384891483041426
-0.4080631206944744793
-0.0392630556463319999
0.377250619958677591
0.3368351508952874829
-0.3593975265095327165
0.1619930615155146525
-0.5444029576125615222
-0.2941055040312544611
0.1805582139977817413
0.4242887710390463307
0.5591537100482096845
-0.02542405518994153221
0.3433760106582582905
-0.1748399385125948835
-0.3822237450962000516
0.2097907075714957603
0.3862088377415011098
0.6316364729787471433
-0.4131171221314129394
0.2622212871118245192
0.4202699828923951442
0.554556518809916521
-0.2376019634611646614
0.2189930928130982557
-0.08257984377236282647
-0.4111233852825505464
0.4207026366535259743
0.3143363437364167234
0.3520951401521421609
0.3365489953243332999
-0.2696149167020563397
0.1432615146482136281
0.217622728592121395
-0.1932874810927115716
0.4666790629971417914
-0.4109102101014248665
0.2490563348510280717
0.3445269866856526808
0.08637150264852549997
-0.4680130031195571805
-0.3891246311368154465
0.4128764317636355874
0.3557736396160364745
-0.05710279258202825836
-0.2431547959812628279
0.177559819498858934
0.2708142425411076415
-0.2835702641347569997
0.3988894162311099056
0.03885043107479198288
-0.3074937400382561914
-0.04589238915777360539
0.5179605217352434288
0.4825100464531950073
0.1874893937160410362
-0.2212310485556973072
0.3303893792279894437
-0.08521166663985607626
0.4664087612462583521
-0.4103036785158343802
-0.4115101105068654785
0.3937694414092544615
0.2087640103975439976
0.5516204278419861717
-0.3250920118318499363
-0.07263931990650876469
0.4487512679869826715
0.4569002670598795168
-0.00120643197803046217
-0.3383249306228478526
0.620274120918790306
0.4029899823939039893
0.1173507345408194985
0.5920144526676958119
0.5213905879629963103
-0.1850054310573696625
0.00814899916840189191
0.556070052882351562
0.3971606484489515476
0.250297453612538745
-0.180284322451966933
0.2362293540290724692
-0.4138648951392360775
-0.228588550745504604
0.2218598394052969935
0.5075101975800475618
0.3963573167391016838
0.4290062168651269658
0.5816336619351645254
-0.4593876961958346938
-0.1272004457536743682
-0.2576781517148133416
0.1117219386832590672
0.4165136760430245833
-0.2335805722585375943
-0.5182159495506108993
0.2712808430906814561
0.4207146159415671716
-0.04041546861493952592
0.1852763448126445445
-0.2846353776739579677
0.1526274454745150666
-0.5562066629908296589
-0.3287809407083348567
0.3802903432782212545
-0.02202423745053247103
0.4504483905978812208
0.2276628973992284588
-0.1718937234709354833
0.3685420839364346723
0.4744028943854525782
0.1943742932140187507
-0.4019618906696297844
-0.3946792175390052004
0.5404358069202782611
0.285650358647142999
-0.2227854936197929125
-0.196283965059183968
-0.4510694123530759048
-0.3016356385309366672
0.2166348035477240197
0.3110016531940228424
0.3912677081192746376
-0.2547854477835137521
0.5072856187671602735
0.1058608099619258724
0.5045952980847980829
0.2592066818410641016
0.5479210536050939107
0.474663718087331099
0.2437305570995596804
0.6150298816303022553
0.4218457653548701725
0.1494337733365124765
0.4721155847058366994
0.5182704415705424728
0.09325442351645725492
0.04615485636977628009
-0.1207056757367101774
0.2433132725396292551
-0.378861160710361411
0.4077235720631214311
0.4843540227130605502
0.1746329040634322372
0.3615687161849630571
0.2887143716150541439
0.406259484720497055
0.2423435060426540055
-0.1589094045433906144
-0.4147512356770555186
-0.04345191133760879093
0.1213666144551756171
0.5291514246113100395
-0.279886296443963789
0.4508744009749487969
0.5225507187419247135
0.245427635237245978
0.08026605543775887364
0.558139829254298836
0.3203039763564179965
-0.002690321196315624205
-0.2933102493694378365
-0.457226228415156033
-0.04944141861278644051
0.4883274149938818809
0.3148059926515207607
0.3712993244600115705
0.1348649391032470113
0.3463767919056492395
0.4943263124582708001
-0.193184116350185231
-0.309721119164480474
0.5339647784871071057
0.5280165003080162789
0.1681526536179319686
-0.1227853060203905194
0.2022567623007829885
0.4778737732972646035
-0.1639159788575011434
0.6081162417900567441
0.4077848099792519276
-0.4012529107476636159
0.5377688338275360413
-0.07827702379779512276
0.4530019821776528621
-0.2610459680650424885
-0.5949378373245600704
-0.5410745702022038417
0.1376885210856679531
0.5894572126251740318
0.3820568928819262911
-0.01832949404684219852
-0.3537333344612399455
-0.6182260515352688834
0.05543940858069692362
0.412397804049061345
0.3739564974744870041
-0.1704082275333319019
-0.3161243291368610042
0.1989224456122394569
-0.5305933770271828998
0.1655936560100204624
-0.005948278679466030734
0.5186681980376789403
0.2926560265103900771
-0.3317080157138221908
0.1100512825874811335
0.6978986844029672065
-0.1378194157794854768
-0.4646949861984967511
0.3994637372020469201
-0.3237333071168890797
0.4335175461562520982
-0.5219128079224215622
-0.3599405736473544892
0.04680363281577557683
0.5208520513858808654
-0.2158126400245546916
0.2563593331814013609
0.5878474015911806516
0.3802254585863369396
-0.2117793242035017065
-0.4337845894800648194
-0.2800286016422177116
0.3987344886265513644
0.05386326663402678933
-0.5424729181693388469
-0.4327102525099279506
0.5766083437873789075
0.09231336458293117053
-0.3934474830786514055
-0.5963361843269718854
0.007282672705419919977
-0.3242333763253978929
-0.3950319088215962227
0.1490254355019849097
0.3530745415901567763
0.5150467751327281185
-0.2144690483076055754
-0.4973016712863409516
0.4189129537513786583
0.2998679849750909288
-0.3802341474646979136
-0.02700758573619585837
0.02683570325949770352
-0.3615430073007940281
-0.2984349474429429661
-0.2076219427265504069
0.2150364369197448056
0.6733232026303661577
0.2393271586804234241
-0.1190449686500942572
0.4182381846664843805
-0.3920772505294719545
0.4144733655138275186
0.2832611586700300998
0.4565950565527530647
-0.08476685187075082284
0.3250931353684024527
-0.1735214220897082493
-0.48445075367252316
0.2713870678574543671
0.02593398699547658573
0.6343540115035761762
0.4123487466127154222
-0.3466842115622438825
-0.3268755705790716282
0.5372831531556212514
-0.06130517085679373923
0.4126658530335721164
-0.3842994694645137654
0.4233266278365144242
-0.1399310987188164823
0.3321872507588031209
-0.1315019214490183719
0.201709544137387925
-0.4339729231685994781
-0.4636891725244643436
0.2274257226493924811
0.1479495206591368017
-0.2624378249428178655
0.5103847405210740762
-0.5395609083375842996
0.1377665422327248312
0.5312790061806357267
0.3624352196927010383
-0.4009316329798626177
0.4070698507241956587
0.01869114010373327042
-0.1688437866924793196
0.4395762373960473424
0.4098599874889055639
0.1409616789215474564
-0.7442189597750014096
-0.3345354215044276103
-0.6180712795421439143
0.5134713846074681065
-0.003764819343421045919
0.4054929893574492072
-0.59200478251139943
0.06939386393340679637
0.4469491010793615327
0.3761505678783152451
-0.2771230834765163187
0.2740566872015094968
0.4002043672792855444
0.009939234679132696176
0.4196227730581405524
0.6084200242930712932
-0.02971624965738945204
0.6613986461128664729
-0.2220052650571471553
-0.3867139131106043792
0.08733450498971843945
0.4321086022957780215
0.1339762545261678206
-0.3598638471904593295
0.4616739754118179273
0.2986043056446526789
0.06787546349990843109
0.6753384092432374031
0.3067567036129686397
-0.2378358534216092335
0.2361351694182896588
0.4277393111966132921
-0.2531443810489338864
-0.2949581203529214046
0.2480201151996530295
0.2675457861612432486
0.5844878950703650267
0.1619722339264387245
0.3061001682464952189
-0.2260121719436212206
0.4067442061906770268
0.5206901674311277262
-0.03398615845050634299
0.113178622111981167
0.2336093669830558994
-0.1082646015514912852
0.2050856735276773979
0.5429782353483422197
0.3378925617100538847
0.3364677797370909107
-0.06941463672081092662
0.3315275459561312643
-0.3675469842654776609
-0.05060487518547066715
0.4165697498669739263
-0.2644927184285107424
0.4091727430663522624
0.3447740974604380226
-0.4305061614423023042
-0.4188750182314524007
0.5272595261337518213
0.1911025905851757578
0.5043932663563019947
0.1058811691469721122
-0.5384845571917949991
-0.05282893872000118257
0.4193430350843168619
-0.4218716107208180244
-0.4126574475158057975
0.4172000807365415787
0.2044043707033738055
0.4739710233636271752
-0.3229942980809812902
0.01066077428060271948
0.1916041422844670661
0.3908929325088063012
0.2443683712752360293
-0.2570047061409393985
-0.6128621150395812123
0.1851417872268622256
0.4208322926717277812
-0.2115057245447861389
0.4743650371410533251
-0.3558574083875422622
0.4421464928914843329
-0.5632577270848694306
0.3802321587367342159
-0.364885042094090617
-0.1291945375235475368
-0.2230754877562302341
0.3939863312567754017
-0.4267993753358581555
0.255880161636347081
-0.2074003192210245872
0.4013563910058948192
-0.144667836110918463
-0.6077867071816772659
0.235690505007704304
-0.06191433366596517385
-0.3852154020715917726
-0.0001407022419435645572
0.3736494357073689709
0.4342407585423380123
0.002149760681590950472
-0.3316826584636639041
0.3850746995255484029
0.05353274401497487567
-0.5353795717954754618
-0.4244752321385845684
0.07300928039114484847
0.5248802835697626845
0.4843236107506013188
0.1504911908629728567
-0.58690818169873471
-0.3033595508379388628
0.2189927946633899725
-0.4052936950773289304
0.4588678710774088954
0.2640242891491152988
-0.4453203937641823651
0.4582867660437915935
0.6216087516781813038
-0.1079783954947993868
-0.43399604361314148
0.5250236175012505946
0.1633219852571055897
0.0392627690284077166
0.4721719735231916237
-0.3690426716632579929
-0.5321123406064488526
-0.002142954628902011931
0.4478178253564187861
0.00921416359202269393
-0.1630696693330399294
-0.3937985123951416311
-0.4030126764103753034
0.6170618186061898047
-0.2037238871286963238
-0.06439864558833353902
0.3569583954927796898
0.2656733011660133426
-0.5101840805615784902
-0.1135584378761426289
0.4037196269641710744
0.3719173700649265335
-0.2348502829539949321
0.1142055636484465286
0.4879591782670509303
0.491076322541813548
0.4009421827300999608
-0.2981323476518820681
0.3300719467367660975
-0.03844130633466069646
-0.09128509437255391545
0.3274050077056903651
0.3986220024847255128
-0.4641122455932831237
-0.1600357019050070162
0.2680353642650447066
-0.02704893765720076115
0.3092961119214229226
0.3161651654252712884
0.3040765433456333877
-0.5443647249198989568
-0.2571457826784771528
0.4370633085794725647
-0.1312122069448095618
0.5288673482787134006
0.4092578089175235023
0.6600795553623801659
0.2923352316514621907
0.01254728201172639751
-0.3677443237999495351
0.3689213554365394776
0.5247561876286517268
-0.1196095391694368265
-0.4288426926382474247
0.08573544933642168742
0.69053489577977889
0.4360586093637556782
0.5145781419746691121
0.134286535963713316
0.1992887897326105495
-0.07087023600715025573
0.08504220390446458333
0.4816678465069585968
-0.3802916059647639124
0.6047994463740756776
0.3563740735824535433
0.2487270342224844888
0.2300829390712122724
-0.0211321870146424437
-0.02799704837137382066
-0.2570046452420328698
-0.2550962902440851998
0.1948644899452576518
-0.467892000676854547
0.4820834320661305794
-0.1793249082881546441
0.2603019722991437024
-0.2057699579928166655
-0.4541953304186667761
0.1001515995762678746
-0.2983604982265544159
0.1623614892718490132
0.4297950000094806211
-0.5612223257715164282
0.4280710658274092251
0.1743376573645676608
-0.3301734813362666721
0.4499607801191956025
-0.2127957102734800154
0.2872189421535019105
0.2885670925048360869
-0.1381061699691708278
-0.221781459683231208
0.2310488442538901344
0.4396268806195777201
0.2983161441539610159
-0.4266732627604677974
-0.05288312527781213745
-0.2484253726675528795
0.5842351407746922964
0.3681314475278908982
0.4548683963529242535
-0.2544762864853051254
0.1558348336157985292
-0.253733408226927748
-0.25771180640436403
0.04126074704906899232
0.1191589524647709841
-0.5566903435294789926
-0.003978398420526003086
-0.3716783408783728704
-0.5045111383378889647
0.3490558466904843948
-0.01864409542742342593
0.1850120020611041027
-0.4006510980133450306
0.05217920548045299617
-0.07306798641188212706
-0.5419618342361959273
-0.3676999422878773349
-0.258079987882984363
0.4528303037826609256
-0.1413107363907605274
-0.006864860903051708471
-0.47575870836428924
-0.4091316702745543266
-0.2358724582273904746
-0.08870767859870190564
-0.4688938476066186745
-0.3511992694999463427
-0.2906079469590801545
0.06662703794435380356
0.1320314396335571239
0.4658038745474137876
0.3028101466971883649
-0.08565537707520855248
0.3652794544023321155
-0.4072375855935901345
-0.5655043177673256816
0.06246930711068418574
0.6391273136468513805
-0.7100477315751074769
-0.2744882019131268391
0.05791323144893863878
-0.1306126344086721569
0.05261935500781757258
0.548252311211821719
0.508585751807011377
-0.5328263717779240238
-0.2439277002984469034
0.3723488059101072167
0.2888986714335433637
0.6162765062085541201
0.501869483862552701
0.1435874715755766917
-0.1144070221639445772
0.1470730149489050398
-0.3582820121049189455
0.6853982507962355086
0.4475441406235955988
0.04031326941507594463
-0.3922110340216984903
-0.7458220530211520094
-0.4713304482823083008
0.4020902655639536083
-0.4072308709911170999
-0.04545387522010874842
-0.4325243032020276157
-0.3536110187465680843
-0.530709734099373498
-0.2638336304779756447
0.274491604898311814
0.2668761039542220104
-0.2384789224375647165
-0.5162358776169678753
-0.5053550267562662013
0.5383252356131268401
-0.277756955573175035
0.09547065138311802701
0.3640189478011255919
-0.2581554844946330474
0.1644102990410817033
0.4894523663940180125
-0.5543845062219736608
0.3250420678368540761
-0.3285435412227059593
0.503282480138406707
0.3694000900470045812
-0.4023145811278849293
0.4096835383535523678
0.1261476801243654466
-0.07079853285969518739
0.4732588122386803264
0.3169421090255400975
0.4671746250212452378
0.494551520723094773
0.03143264865357880966
0.5009782314565360828
-0.4528623314770182096
-0.4784070297332707611
0.1305870565717368315
-0.5460242276260491856
0.1109043401299436155
-0.2686240093104279025
0.6858707621853953329
0.2613221931772685691
-0.5197447854625500963
-0.1667571506494512912
-0.2944714891329794915
-0.4631188715832063596
0.006426710237540503301
0.2774002188171028616
-0.3795283499323114373
-0.1977199747633535676
0.4974845129950478118
0.3199412485610605428
-0.4842949796821210962
0.2709735090754633036
-0.3703911753470222612
-0.1238538090993076685
0.4527818852192588284
-0.02554469782755382917
-0.3617016326214292921
0.1818083756608978585
-0.4165370598557128212
0.1924570273046483093
0.4389943944323072
-0.4394033204076217003
-0.109759920666438901
0.4170302386630949654
-0.3434239795540429685
-0.5209672448187725458
0.1084470243603151834
-0.1984566192043042132
0.4053576561537937661
0.2548202037092348049
0.6089940867337060304
-0.3361569351992793608
-0.02286626015575237564
0.2465373667099378108
0.5766356947882526063
0.3519814194910000915
-0.02196415618693336319
-0.2246542757184793182
0.5176612237782329817
0.1040448591341061879
0.2696673172443264099
0.3799724742364669061
-0.3245951081603446475
-0.5406988009886708468
-0.2732652896086572025
0.2535248704632623307
-0.1775432648855389817
0.4518710035423333382
-0.3985120975235690866
0.3296434001140904901
0.5767915155572223007
0.3286991352999115157
0.2178748412868198592
-0.2474979730215532969
-0.3739455760761932201
-0.294252198873077575
0.3145052674809156734
0.09728212729194669894
0.4545171123469876062
-0.3348088710600347628
0.322510626003141454
-0.1655239856673454135
-0.4136163650914526646
0.6087574666192806516
0.2969106315281039299
-0.04055667244407363398
-0.2575655113824236175
-0.2510113296563972196
-0.569412346811988157
-0.7199497996887187501
0.3233010697824261759
-0.3118468352918756792
0.1400118449663561582
0.580866581078085642
0.2389926123268233116
-0.08396660938796871032
-0.5720012218060213094
0.3693102141396645277
0.05718170451077398547
0.410169340834286078
-0.4315093433026808145
-0.4880346120918375719
0.4532768232014180998
-0.4689384701185242421
-0.428079343756707642
-0.2480923798341599651
-0.3589166746473364533
0.1404918788673262808
-0.1505374526606447771
0.04085912647088366795
0.3529876347256906688
0.225273296329570577
-0.3957662530957548608
-0.4886910494112764458
0.3014582411615741031
-0.3195813086099928424
-0.3713430618572010067
-0.3115790186877124834
-0.6210395496463099185
0.4697447944243424711
-0.4665282946062608849
0.7006116822578640768
0.05247572957203611166
0.4726203278030604027
-0.3799459723192942784
-0.09292479658984698077
-0.05176175311705577542
-0.3166023080615508745
0.4994085538786488532
-0.5756779723092698697
0.2757310430260746514
-0.4653728146852411096
-0.1940045341402111267
0.3281842194264062984
0.06334366403042968052
-0.4063919137403563808
-0.1497109656730229721
-0.377702319774376738
-0.2236775111621390755
0.1103051573004170116
0.3816734384875006825
-0.5942624257129474064
-0.3191519686325612892
0.05976404326250917692
-0.4778951852431819192
-0.7685261166704467906
-0.537659228649443488
-0.4697355774921024851
-0.1264476034315077935
0.2308668879409055408
-0.7008254073628028546
-0.3914550037742934863
0.02868959418161939542
0.2096336202735132048
-0.1948435818682062448
0.519004024178297052
-0.2161036930537543754
0.275110457326842528
-0.1293667445916023562
-0.2279913542937101467
0.2674335110483246902
-0.4044772020753828468
0.3093704037971528042
-0.7093446829132976639
0.4186901022514612491
0.5525380824300760718
0.3966256426767314491
-0.4695115575465470537
-0.0563469644353295912
0.2835486307450599264
-0.3356635779804688635
0.1816144866214057796
0.4131645921461508109
0.07121699515717654083
0.1338479800616693693
-0.3419475963166762611
0.3398955944053878575
0.3393201499365811058
0.001266508039005662155
0.3737901377114722368
0.06059132260903933587
0.3572349848762313429
-0.4320909980948651197
0.3204239911923957296
0.09898076719791418232
-0.3338324195058014476
0.1471647801121452603
-0.2214432238011929122
-0.3418739685887093871
0.4509348320719998582
-0.479848941312197963
0.526790159704776273
0.4201445981217121761
0.4185510165045546738
0.0372431653727125847
-0.4015302431708848707
0.3432141037008782924
-0.0835335830638335719
-0.4345479668736594858
-0.3023817177436235459
0.09910470093581018325
0.267736478822220958
-0.2458179921911082255
-0.238948939775621344
-0.1679197859999178588
0.5223523455013288075
0.1713379621701604238
-0.000575443693805232151
-0.3510143838444675923
0.1321662488937208335
-0.1719134053454048905
-0.2458599758593220663
-0.3813078511733244969
-0.3040796539223965533
-0.1354478755376040122
0.1686317780680633149
-0.3380536412521334411
-0.4387734086276292023
-0.4356562646294869778
0.003117144190794043403
0.006869052896301042557
0.07789820585351421578
0.3788661370836740039
0.355452264101037585
-0.239052873782983677
0.2770438866575417047
-0.2032959575423200771
0.5160967604601855996
-0.158266731441805808
0.5172780648403136894
