0.07866011739021530613 0.1276551871662635895
0.2370253081168970655 0.03228707202375284691
0.1553752353796091779 -0.1313733450739399955
-0.07614397810303270842 -0.09047243238488979211
-0.03350869459899745439 0.07474009026943428946
0.1518450108936020837 0.001166787402625118651
0.06224446009115638251 -0.2168191359420320874
-0.1621745377114907349 -0.1008830124003222556
-0.09722316055181053074 0.1234259236896152745
0.01354652639852131114 0.005066631785047855975
0.02162902655561119158 -0.1625157581965061548
-0.2202634177150823158 -0.05554334714668999334
-0.1032841081072134459 0.1650207297515344784
0.1100996538398340135 0.1000819311628840941
0.02203098821802574117 -0.04917466182972617811
-0.1593255341623744104 -0.01181939417252276733
-0.06843742586384746196 0.2107107413239516502
0.1252089970788459183 0.1575498592006020215
0.1087923230424040349 -0.07285080299301280315
-0.07102916390172839267 -0.04117583973828643773
-0.06027876581356334668 -0.1066505557867588327
0.07871239777425674544 0.09334681114645483613
0.1062130688221453456 -0.1365345607650984006
-0.1410358930301697233 -0.207342246948366421
-0.2327959342308481283 -0.02146010143210333801
-0.09163440077402311423 0.0743610795673821795
-0.07555560414219061882 0.01223122305444084533
-0.1334825684742864949 -0.1123110506638731743
-0.2194660298199793691 0.1182656139529367906
-0.01401633608315401743 0.2292466118661947994
0.05329112971708497432 0.1270165533224307808
0.002716187400529804317 0.03857235490998062177
-0.1135573560292845313 0.134392546312245148
0.1182989768233322081 0.2181069731180321492
0.2348901098414422628 0.02130291969433698029
0.1156469483920379848 -0.06834377605255884114
0.05076198878113834939 -0.004876376545321722648
0.1206031096171486378 0.1258381957256903272
0.211453317199406049 -0.1359531262595164436
0.0224477218916357274 -0.2313220549275146198
-0.2491531672438432876 0.116974344901231958
0.02263276740872285225 0.1889986555107542876
-0.006347264509227666142 0.01214890097598935945
-0.07099161760376791752 0.05630017383671379744
-0.1393397944412990141 0.1953483158984316015
0.1162643356341465789 0.2532905090473492327
0.197833595728794831 -0.04941448888286582158
-0.03976309230008080731 -0.04413040492093180112
0.0556499890550503154 0.06010691085497234243
0.1992297047626071516 0.1398959853721275792
0.2526488017875184178 -0.1117685406674746029
-0.04510109767842403194 -0.1984980690085264288
-0.0380264843233838537 0.03358397550026152173
0.05665403666721526704 -0.05482633141956724798
0.1426736570004747129 -0.1910151413388025687
-0.1070644498899726571 -0.2559265786815585475
-0.2036205161596534863 0.03754499229085696971
0.03193231515364688966 0.0396610713432262868
-0.05889290448802911998 -0.05453930271527034773
-0.1888191040914629637 -0.1372498373718601117
-0.02660827404924493919 0.1900163524087756517
0.1942426471808770538 0.1993280988722151703
0.1929910423938329955 -0.0607635418183654491
-0.06466525034386948201 -0.09438472569303126003
-0.06572691055952742389 0.1002005184720585196
0.1917516873511924402 0.02453520218614298198
0.1960353390567743381 -0.1949988031999942417
-0.04788454905334594419 -0.1933713158367031393
-0.08604749298894255605 0.05869592687055094626
0.1011089218574425658 0.06728120349354126117
0.02578710626331483582 -0.1878073500146333896
-0.1952784920197993546 -0.1957865690720346774
-0.1960881061310223161 0.05023350296754177519
0.06026051366854813518 0.09706596725551368265
0.06461817701752550769 -0.08937279526065507185
-0.1808511343335756083 -0.02762859482289694441
-0.2007863833762805472 0.1902816512799035409
0.04839168451416139133 0.2005591847647212878
0.08923689470742748875 -0.05247258944832623728
-0.09864008232625764983 -0.07751497083687405865
-0.005250697177748337233 0.05356472598711825572
0.1594395791898962911 -0.07496949396785916597
0.03902488401721855571 -0.237440950159200026
-0.1375669753629749359 -0.09679147579871286156
-0.04008964975673409703 -0.07237298497951875909
0.05906578721370873974 0.006043688511400480308
-0.07760705050330557464 -0.1605155543128474749
-0.2372514339672055217 -0.03601979777471284172
-0.0938960157682671992 0.1405016180258926717
-0.07295401334782818104 0.04056606674265291618
0.003001150420880613085 -0.04691885618689422416
-0.1648361500276373515 0.07294220030668474575
-0.03847446316061278737 0.2372403626729711057
0.1391355939711621525 0.09948354634161082899
0.04020464854868940202 0.07237876990716046732
-0.05440818374366088173 -0.007969277834713279704
0.07163516462180215261 0.1587438794133272657
0.2357036519854819601 0.04161258741649438014
0.1021118722527824124 -0.1413079106544778973
0.07262076612481352389 -0.04083271581211207063
0.03487858075802885427 0.03700705279290424782
0.01041599300591935021 -0.01961619417982136959
-0.1251038039197603924 -0.05392388083213242589
-0.1356719898724125239 0.09111828667437231466
-0.02658891468508551084 0.1042082276275818342
0.03519122519963820833 -0.03834861077500494736
-0.01661236592048332544 -0.004346682719765025509
-0.05484070261023742815 0.1262369137749358161
0.09200258356501635204 0.1345815797410661596
0.1044323771396542394 0.02581122744900418015
-0.03881674966001966154 -0.03446157720202650682
0.01127026937530508158 0.006545937127984139715
0.1227082541620441447 0.05608113138436680162
0.1360450141012077563 -0.09089586863814888562
0.02706007389579263497 -0.1078094096247730199
-0.04023312852465231459 0.03120993334147238729
0.01499682611066182128 0.006310618227898499161
0.05429522137604977927 -0.1246510645151913815
-0.09178604989331380637 -0.1358866134894541333
-0.1074534140076680855 -0.0281925519198292264
0.02899659392412788292 0.01003570111723119107
0.0001483269387890729849 -0.03105080046412272976
-0.02749468775150355065 0.008019185978899435324
-0.005357825936053635732 0.03211969777287262268
0.0369583335056606066 0.01138450400984288881
0.01064055137173097916 -0.02550823014897551227
-0.03126816351032460362 0.002937489410081300673
0.004170778828123255719 0.02423539905433039557
0.03105870789737617127 0.005294466106411910809
0.01064205108785884479 -0.03694303987184015259
-0.02351829043009510609 -0.0105824327113162777
0.0002181040880141907139 0.03022370580562016781
0.02283289452157707261 0.0007798219349360709313
0.00406487800340695881 -0.03100041402584678349
-0.03566914811810049935 -0.00938193184998694675
-0.01045605561196205451 0.02499975509765729395
0.02060454522078711964 0.0006996173931068236027
-0.007911607290834574494 -0.01843052490755329315
-0.02277405403332790138 -0.005454990798077896143
-0.00812000811460503874 0.03877324879595372975
0.02696652022898390552 -0.02283991673440931985
-0.01361636012141450441 -0.03041812552825412866
-0.02300997784890591868 0.01438919932948604964
0.01868951550954068078 0.02181678532069560375
0.02501359927669826594 -0.0243801699743924731
-0.02252423634836476715 -0.02905901803400562367
-0.03026661587842705697 0.01545655321606528333
0.01390615311566559785 0.023067117997629491
0.02218318882294883013 -0.01751955346780261977
-0.02334707576329199397 -0.02435730155056662835
-0.02824589718296335872 0.02242331823805251631
0.01512480278907334975 0.03069473392198762002
0.01488032497308653876 -0.01067047603681054585
-0.01642844142488598252 -0.02414071310465140674
-0.02425444731393109829 0.02221693113817534843
0.02169894430470710803 0.0282619977378400708
0.03064908311449843561 -0.01378800632351233173
-0.01238703533622973266 -0.02265169064954947881
-0.02573596300779574381 0.01555518136213067913
0.02298386692283414801 0.02768834789343390529
0.07094214447368354937 -0.03975716213213824346
-0.04691408257997844305 -0.07083195334071748506
-0.06333415063684903756 0.04712762772131563055
0.05365877979920434526 0.05609639673934530696
0.0779957016040499912 -0.04564268952501462917
-0.0428489202978015668 -0.06005082339470545205
-0.05808051985746817691 0.04200732671322784245
0.03987174819057905106 0.05227315554863182223
0.05765316227035684193 -0.05488789080671868659
-0.04424875382357013054 -0.07816661710420426401
-0.0701888781957495933 0.04237637430230441205
0.04807873396091376372 0.07030278456648576813
0.06546674369393988557 -0.04897815049720927183
-0.04959370120032341456 -0.051237146532756149
-0.0799794869145140086 0.04181068979209983522
0.04321217534677729982 0.07417700873108915016
0.0733997572321088837 -0.04471481520661739484
-0.0459118416345381114 -0.06445904817209335835
-0.04996074441896274781 0.04684746274822947087
0.04265276118496109242 0.08002729038570505216
0.01577110439628052335 -0.01366006791040034682
-0.0266604596199504669 -0.03227068604078243974
-0.03364214937710316433 0.02741076654597255149
0.02981255877479142141 0.04444800667226957158
0.03889198604083751037 -0.0233643563319300071
-0.01409299100205466289 -0.01511906751576151502
-0.03021141458580475433 0.02702175137474257041
0.0358259112467577065 0.03010497124861890444
0.04070392867131646802 -0.03089048590309759548
-0.02409434837969600535 -0.03850608835265238034
-0.01498141228484895816 0.01405633662358224227
0.02690714072284270189 0.02151157067939935691
0.02855930897763598111 -0.03203566556728646569
-0.02822744016819733401 -0.0332756330856259705
-0.03432613657157739667 0.02651355701513826574
0.01354088409407187658 0.01559554017634105609
0.027256620688751447 -0.02002095975872947992
-0.02676731563261390209 -0.03625300804917867825
-0.04558003940739248361 0.0290274664494279723
0.02317665650564438781 0.0397268922886659312
0.03344467995740563887 -0.05917431188605749848
-0.07262053249247756026 -0.038211581003571575
-0.03682761199760621607 0.06468387191880115017
0.06310298004472490729 0.03148102948289080438
0.03110941832905164336 -0.05240224317335322873
-0.05508938033494471809 -0.03742484564555528109
-0.03529603089689428014 0.06912994293159276105
0.06732830854959141742 0.02365045710184964303
0.02123511533950870125 -0.06586698696650608587
-0.05593894631809184087 -0.02561110957465488266
-0.03511302992077831864 0.05713478035719692094
0.08047066745411665667 0.03763561096970040321
0.04055217203500806333 -0.07507851496803025215
-0.0668464360694959181 -0.03434191683730550282
-0.03064850218717340286 0.05969868392936697465
0.06447816273812909116 0.03177179678706913701
0.03456435585503446484 -0.07589834268964568142
-0.06864676507196920685 -0.04893641687442410598
-0.03485238445232904936 0.06129908101059540482
0.05178270905541045716 0.03209805034915554772
0.001411151657663536289 -0.05351876958428324754
-0.04338581763641899403 -0.003323248742476245417
0.001040151515604348723 0.03079067963937148072
0.03154350278834476551 0.003580524334506495279
-0.0007829947035383104728 -0.04689360250407305364
-0.05142058281610590448 -0.002311745647558896728
-0.006986575718902687457 0.04734915735705774037
0.02033803901757792396 -0.001117129058246607316
-0.00150360589103653219 -0.03223016363585139848
-0.04720514880008980924 0.002486759192058679568
-0.001496441769520342243 0.05257717334408436305
0.04384291768677327922 0.01156165358539524082
0.009464580476286321362 -0.03021589242271471507
-0.02020408433442923146 -0.00294284960368027329
-0.0003202391296030295291 0.04793522576142898034
0.05359400833323301611 0.002748528348699651267
0.007014470075011773782 -0.04218224977547885279
-0.03087134085397756286 -0.009045956883593284439
0.001420978045243175784 0.02130305913168472134
0.0466279088642736067 -0.001583075191374995038
0.01133061711875033538 -0.06959832807058681514
-0.08112999745000022689 -0.002003187228353779485
0.004779177523894635911 0.08586278712305558947
0.08161773164024217764 -0.007569689292517296948
0.002571524223816029891 -0.08826692050430143266
-0.07017268645748293843 -0.006925636685946176367
0.001335867071410706038 0.07975426692600531831
0.08608788413828390162 -0.005935790077621624222
-0.01504538857602518744 -0.09091702299747511651
-0.08801357448731295108 -0.00167458526557565557
-0.007370755430367934534 0.06985929911985246099
0.07997525159450960541 -0.0002715501353850111044
-0.004577902167712648469 -0.08343666565186641515
-0.08117773552997242792 0.005078776498734429747
-0.0006383859682885197799 0.08865785444207691102
0.06920186079076905139 0.01131540970166878581
0.002351136039516970189 -0.08104752327042427651
-0.08557409490248449324 0.001972327671199011583
0.005981651298164245185 0.07923367617761811754
0.08891788416659883454 -0.001928098819298891368
0.001672816523060251291 -0.02643893887189626563
-0.02822693535249107266 0.002844724089348051391
0.002762171700304202112 0.03392852446560085805
0.03540314543738357078 0.003554874809715411008
0.002463000995058177694 -0.03222615273380108336
-0.02648617659841879038 0.0002063320193426253636
0.00406168776713086363 0.02903418452578193643
0.0331586799660639267 -0.004044703406109925389
0.001881810626852559697 -0.03558393955823548754
-0.03162754234777719747 -0.002174635399661335993
0.0008983973378238398633 0.02700742231143182445
0.02758545101463989735 -0.004201989074949405781
-0.004628951404085714615 -0.03376281821019996854
-0.03529375284755540548 -0.004865252273670566709
-0.002332432605763110848 0.03304959054981337213
0.02877563757000330819 -0.001449744691556145888
-0.00412970416006796983 -0.02615256645009270131
-0.03339623372640413562 0.004510512737004712842
-0.004852151350353749344 0.0356705215980993029
0.03225957199211958171 0.003799106642399778782
-0.01907353403042031867 -0.02151305482177319484
-0.02783937771529851335 0.01057394317288177024
0.01890818545590340974 0.01397758080356114978
0.0193827977926517743 -0.02847972871631934341
-0.02621991202476542382 -0.02513055469520952129
-0.01882003283579539513 0.02056404467857654919
0.009601740305805718523 0.02735491859809532217
0.01248454080531057921 -0.01881529650406062182
-0.03007245830506497658 -0.01918447106815046599
-0.02414490004549765811 0.0257237227767433789
0.02201641102835856512 0.01851584614978987395
0.02573888977251432425 -0.007459867780186363664
-0.01874534610842164967 -0.01772820199491912177
-0.01996170027864509894 0.02690903762198319088
0.02554081351691780966 0.02874441989099890335
0.01513271216028551705 -0.01792248599982293467
0.002788841418811290138 -0.01663289057617384215
-0.01963264923968927045 0.01984723858983310565
0.0250183382559674497 0.01891723372262360189
0.02595753219976446036 -0.02599283454631548876
-0.1555747518646959371 -0.03211398113897235423
-0.09229300697835658707 0.07157431512624043424
0.0494812792440605595 0.0128526243878747861
-0.02886099648873886869 -0.004196021137704978796
-0.1134841443672010702 0.0828384035751186798
-0.03002313388011065495 0.153122306584333373
0.07508674792492318895 0.08942418995268078263
0.002716578448594231081 -0.03972565667493036662
0.0107641736479246377 0.0227011927274353674
0.06636449581077998039 0.1168582085432604972
0.1586477573719904111 0.02892805637674705777
0.09104166852982242819 -0.07394233381044020004
-0.04731256759479902235 -0.009887477123097574219
0.03083670119910981652 0.0156455305835688889
0.1138243645879085525 -0.08462374255818130853
0.0315805928388324525 -0.1589018355753748224
-0.08123921632173791707 -0.09193202425497229435
-0.004611182138771395544 0.01040364276592280895
0.03625870112386620631 -0.02574551751412001641
-0.08092072738364873563 -0.1140841313694007098
-0.09452692627838213402 0.1812554027115516331
0.1314386326880397915 0.1965186357996210331
0.130920286337727676 -0.001803112928420223023
-0.01329949180180878786 -0.01060618539096569272
0.06736047836889572094 0.06938298386537762596
0.2015303223558823909 0.0909715685626463072
0.1924720677854271922 -0.1330063474780723842
0.01628966828896526858 -0.1163704467890330496
-0.05576861241522985957 0.0589114396398241133
0.07796980550738751015 0.008750144810430997983
0.09309729506262209853 -0.1973114646535895078
-0.1376041671174569325 -0.1853233199548806331
-0.1384289961752808717 -0.009252130927901029353
0.04013395879975534264 0.03603450493915719144
-0.08102393583453625092 -0.0566140532400835339
-0.1866733293201928712 -0.09020395123923016789
-0.1874230677577111426 0.1353733289975238008
-0.002957035316284081609 0.141598762984248755
0.0521126198843839053 -0.04712245719687525175
-0.05385854583038805071 0.07533958644955453254
0.01241533670210218793 0.1176305088354754752
0.2299941229151294675 -0.05528371693008787141
0.07854948302870788657 -0.2462645937646250061
-0.1103074205747642533 -0.1028376642125151952
-0.02879138206963033353 0.1363848027925470829
0.06454889910359523642 -0.08166583952111405864
-0.05581867736047443213 -0.240629153843868987
-0.2542481324481318805 -0.07157295390615998898
-0.1149593274074141164 0.1016787833085633364
0.0691874172107277835 0.01298784134073875489
-0.1145250610534626762 -0.04082645214609693235
-0.2417978534528451851 0.06372068531509143818
-0.0902185064451952734 0.2578906546090841134
0.06197109773812743 0.1174724243130858409
0.0226299132307192126 -0.1157675969719085818
-0.1135154742467543859 0.024101820292819192
0.0458750520879117607 0.232096653565615707
0.253452502319485018 0.09693688645935538695
0.1212407997286134576 -0.058333346714574838
-0.105713451694805019 -0.0294250403702713062
-0.02816408031268183981 -0.03525198741051795148
0.07646618564227786186 -0.03322715750416439101
-0.1102848649603259262 -0.2179519117623016089
-0.2913018846549291774 0.0151974990754309338
-0.1002864840167840832 0.126747166890109203
0.02664952121133606563 0.005216636565647588854
-0.05244493752267424119 -0.1782791357220657458
-0.2110843218739302252 0.1067672818497697601
0.01664100861025567465 0.2859869520715625502
0.1322543021143715858 0.09206327651947440738
0.005043452720641074943 -0.04691816860728766775
-0.1662760499967730898 0.05638766521226765138
0.09970420143521721568 0.2134671157001339359
0.2761713987350898902 -0.0239983236733748613
0.05579092415564737562 -0.1781615033455369035
0.03433782657382240117 -0.02815614415152126529
0.03149281214616048846 0.08055559054577304812
0.2173534775620010184 -0.09554791313436319933
-0.03060583859964109005 -0.2744744864780934712
-0.1858401933573490816 -0.06763538646459768544
-0.04802203799709030274 0.2369327154084396869
0.1514550245761045744 0.009063228764313048177
-0.004703584871228026591 0.07035561297872808262
-0.05800097324135403826 0.1515156368575159007
0.1368908498997991052 0.2215882541912027048
0.2282710564851894441 0.02538723075444479158
0.09709621080964776774 -0.0185970726921424849
0.056790675357935895 0.002891513824054813171
0.1551179598232825529 0.04331426193323315021
0.2200309511318785383 -0.1345119178190614107
0.0254293848681372385 -0.2235944980124526804
-0.02148026637851065471 -0.08996404249618128457
-0.0006759446016551220364 -0.06848021993528712048
0.04565860890502189406 -0.151097440192618504
-0.1365847218534395335 -0.2190037415205604576
-0.2254041593560424661 -0.02429932418316630566
-0.007946127333880122212 0.1456937288826325727
-0.04333453702293871973 -0.003066347498227115029
-0.1512812822566070303 -0.05279178046026566928
-0.2387489406707295758 0.09698878235149256677
