    11.15260874878483222    -8.710044386627661339    -6.925067363076903959
   -1.012302774758549795     -10.3608735297015091    -4.908005217531628439
   -10.82576466726443343    -8.557480973273543512      9.62884654611220725
   -7.160757039538662383    -8.964914128869043708     10.24708556491833455
    -2.65589226375864218    -9.368462451848378336    -4.066084896868605192
   -7.469038857340096982     -7.93121052515590641    -10.63921780159139985
   -7.065742789667031509    -9.291459747731691365    -3.980420433384395995
     5.77659306003466444    -7.773598361368932785     9.990517874340397952
    9.392768923513054702    -8.946491920749544136     6.826700669389630605
  -0.9204586140979658104    -8.631691711127446709      2.04795986857596457
   -9.430280586728956749    -8.133511080940854399     7.217443970062630498
   -2.272784195600985768    -9.500146864614142928     5.945383996619779232
    9.725207259424976769    -7.687571189745396438     -5.19377256752452876
    6.940540194410388608    -8.755841861675071058     -10.0368217020624666
    2.233078039271342519     -8.94692090387011163 -0.008591430257666331574
    7.369304937840143843     -8.18142525346623195     9.219726497851523206
    8.759560088064013428    -9.502568216173031601     6.324295855257379806
   -7.662619644401819308    -8.908303399246952026    -9.413412120614440326
   -9.271916280072158401    -8.638052436758353991    -6.986584689176034146
   -2.502173679063856238    -9.491415448123776244    -2.786369505344812758
   -7.394874577441322039    -6.393901088034173341   -0.5697233210914347534
    4.145015299399633868     -12.1024611202074901    -5.217678668727524283
  -0.7183796475406851734     -9.22151924048070093    -5.026145066174428244
   -4.359052664697014912    -10.17763472294462268    -4.060563793686462475
   -5.414922531136356909    -8.014348634561498486     8.410904275496513094
   -1.002034635640545401    -6.533442097833744633     7.678735154154698428
   -4.398866104575621883    -9.792192239351528826    -3.817879935948639947
   -7.489332229904261951    -10.84379647552542458   -0.7670360705907455223
   -4.660151720273392861    -10.77449843627150372     3.680584346047357513
    10.26657678572905219    -7.362205212174752766      5.22036258318757973
    6.988832964062546615    -6.656479219654786839     1.152507386923186772
   -4.499779302138019688    -10.20457274133956282      5.17290288235153195
  -0.9368494441303200082     -10.7971341422245839     7.548780581061488526
    3.556021355795062622    -10.87822315102341797       4.8707866140603997
    5.489083624532319128      -8.3787981989052156    -8.265601165154098595
    1.334712069635449083    -6.864093228476202846    -6.966032555505536905
    4.739624928003655313     -9.83990027679847401     4.384311063633606231
    6.307817373789849746    -10.11869495094695814    0.2270294263235815013
    3.818525132068355532    -9.891793789568108508     -4.20220293385969601
   -6.791480768133983048    -8.509381899581937247    -5.342869752718444332
   -7.541910987623387186    -5.777760549169177473    -3.669456148154106145
   -10.10984258810324654    -4.123179010418844825     2.053089724450116726
   -6.520306339865126866    -3.479894090210823521     7.535060838883769208
   -1.904219662158610493    -7.841356769171181185     2.900528626594526482
   -5.140302668494668659     -8.93726980367773649     3.526849162396781256
   -3.755182358487732852    -6.386788930803350972     6.502963161827776339
    3.883739286446669325   -0.9744677531870028497      11.9447816569454357
    10.43758290658344023   -0.5335377929692237675     9.228039805865796197
    2.594394216144341847    -8.402407136417947342     1.960028753274511093
    2.311362253189110039    -9.781821422929057874     5.240077066662694349
    7.367458747102048733    -5.546660367705975148     3.364877555943886378
    12.74140150400740268   -0.3294029423689316949    -4.379699921909035787
    8.312135593303876746    -1.304733808399465511    -9.213185175172529995
    1.943110174584122163     -8.12373242628223835    -2.694335545416758571
    5.133096902213152291    -9.987694999928347528     -1.88365832467406169
    3.506588010442795778    -5.976548113961070108    -6.944133335094023529
    -4.17346485833176839   -0.4242573445963781498    -12.47373271433838582
   -10.07152189436223466   -0.6987530802726331647    -9.097949929597433538
   -2.193009407344965744    -8.728538333174109098    -1.582956236188071575
   -4.293220360937179514    -8.291748849378704378    -5.023892785253956106
   -9.364918004536631813    -1.784842934236118062    0.2747205733329152189
   -4.593573640331026553    -12.57708607660111255     -2.57400819760181454
    -7.03464978173933364    -5.049465972665533542      4.20235739737478653
   -5.469652232373444001     5.944619558119399905     15.41242982271210238
 -0.07697083425460600481    -4.384903401486899277     9.030790826591573506
   0.3690585347709265385    -1.457876793048933139     9.727120201759802853
   -2.330893442794036652    -11.93426176324977561     5.077576526326612161
    2.445916989545306564    -9.103661581844969319     5.794109825777637113
    14.98873871716375561     5.408217235897572195     5.356654663850108022
     8.70603574765042687    -4.559234575281248425    0.1231683245880567934
    8.987450506897864955    -2.331528369384349375   -0.2270719373309487421
     5.19785789051426228    -11.82759141197662167     2.229946782966798047
    6.356000138736357385    -7.452957050084760837    -3.123535173564220724
    5.459178061482942823     5.142675232470304003    -14.72312874796442905
   0.1562671607196653989    -3.650054863224397206    -9.352659195475375498
  -0.1914413666413557202     -2.57463679615282981    -8.889799773450183906
    2.286653037741582573    -11.85985544031382233    -5.037634835294093172
   -2.762205023765747836    -8.127166856810411844    -6.167564864870463737
     -14.882669007484429     5.487288523964776843    -5.322153604557354534
   -8.727941913076165292    -4.735598823623614173  -0.01706013835181885083
   -10.66697581957969909     5.725346161010494761     5.542334868010758697
   -10.69542224065957647     10.65909260358330535     5.977991344115121564
   -7.130070600080871124    -5.409773220895105261     4.519185098819282764
   -3.796120263570248454    -13.99497233444058786     5.227623604033738935
    1.814054067509773605     -10.3115198330861535     7.447913204594267533
    5.506877087119173453     5.239885846891348287     10.55428160405707239
    5.939458793721377639     10.59064850039825068     10.64199322132286696
    4.610101474551451695    -4.971425764869407793      7.17750901732864488
     5.37409350079416992    -12.96253288002510651     3.841523502626133624
    7.377200506190420448    -10.12669138744782771    -1.865039927992142799
    10.78316936490533884     6.627070134502426768    -5.600737119111751205
    10.15571265141304913     9.098199548977117246    -5.623242436516638243
    7.234374468457454022    -4.700864166960777801    -4.709662238198948359
    3.852627574714534653    -13.29798130441407444    -5.247002809158640702
   -1.841870116811128666    -10.28358897472464228    -7.362809036219915448
   -5.649884764785321423     6.443805650517814065    -10.76046568949738713
   -6.061749892957561947     10.74174575235998574    -10.64077820821745135
    -4.61382404979864269    -4.960521418858492737    -7.159739667924678308
   -5.487700616394370456     -12.4697991821905152    -3.992085927516713983
   -7.301553532456524387    -10.43471562567617816     1.797857810001529666
   -9.660198202371931941     3.048039945981917853     5.877987938338653073
   -7.925069316226367455     11.38134150471026373     8.382274851769663471
   -5.922379180612586502     27.26147947629487689      8.23588829833236602
   -4.167017761259852016     15.09342449408248577      9.73811860758998904
   0.7364978357745238791     9.021255846701407677     9.462628068495995137
    5.941570054610274099     3.625561192955633505     9.679651177039934495
    8.369463265337147462     11.07169777230916985     8.001429798898065826
    8.239210436660087566     27.24818989755840803     5.959661537968010236
    9.732571475740042999     14.88071281091447773     4.153275727267720541
    9.469971878721695546     8.619890772165486936   -0.7498324544774084277
    9.653954750587063316     2.943189613576251418    -5.949589976284971549
    7.784824852349397695     12.13943991750222295    -8.269053788906427727
    5.964699922592905601     27.36698621615800064    -8.266616110591940014
    4.148623720024133377     15.08641368046213493    -9.697939069634584186
  -0.6862177421967889934     9.283648389011498026    -9.425246839037709989
   -5.917917986832961219     2.559366612653917183     -9.75677113092640802
   -8.349016752412715903     10.73981894593363329    -7.918640501026695588
   -8.249841886772758315     27.20934433951428844    -5.908638041997766877
   -9.732755638500398376     15.19919061743592792    -4.214132664175336274
   -9.386256015752387327     8.795331614718385538    0.6977735208085374952
   -9.093165786091116587     5.018011723551320635     4.246917943361066428
   -8.282466151772254648      5.12916682191450235     7.910957323764987059
    -6.03531443645320298     6.108291631882066142     10.01191100489753261
    -2.72232131122042853     7.214084893466654158     10.12122328013358796
   0.6789204205223284827      7.96477284154606302     8.909390462442628333
    4.268133912509197714     5.843677150354131378      9.08661269288535145
    7.942648287994793499     5.175596192584363209     8.443187034564088478
    10.02099698771474223     6.181189552129922937     6.074027811367204599
    10.08900717113415446     7.203970987069579834     2.706464312518075399
    8.956807224317554272     7.373582587955695544   -0.6980900261490834424
    9.141042019958273812     4.887098967791498438    -4.310071079335691557
    8.404152404807318177     4.978290024226068589    -7.962677466248385016
    6.136414281917410563     6.184235040151759399     -10.1373475489156295
    2.673789014108552742     7.666569773206994398    -9.953147581745648509
   -0.698067531200602498     7.608054951110516662    -8.896956106667239794
   -4.248334967384018945     5.274910117751133498    -9.084405959155873234
   -7.882543048149915244     5.023037617017250156    -8.333972280878624517
   -9.774564329142652497     7.096827274197910818    -5.913450814825916169
   -10.18121987830397579     7.338914078771046512    -2.832105255925067677
   -8.730499582392699409     7.862133629506717014    0.6742934945542881087
   -6.775684038729091085     9.658173623585938117     2.867254377862501702
   -6.160587025376394799      9.39591102213304552     5.422401808836133874
   -5.572319268646992896      7.97414393462286597     8.610579908577383534
   -2.609531440278729963     9.177916337528346347     8.765963928349856715
   0.2933163818964023561     10.28859117142894952     7.536034781173318819
    2.774929376743556553     10.37519674922123336     6.703818713493429726
    5.696165002745694039     9.110880753583570524     6.633282015224777339
    8.441426427018839718     8.196671374024532497     5.522056691773521209
    8.870118142998737909      8.98805007701099079      2.60983781514870028
    7.622357100525192664     9.852101084202834258   -0.3556274191066703394
    6.578820200242886607     9.784360998316385505    -2.837610492377790283
    6.195505210662623163     9.437994430368975785    -5.461239698157032585
    5.601000111640056289     8.071282568194432017    -8.555728127276450934
    2.650047446319809374     8.827676329142258638    -9.043274701067179677
  -0.3550356046927575226     9.952381273903402104    -7.657887379581366893
   -2.762475655247234041     10.42562350914982261    -6.498033739803605435
   -5.353610259992517051     9.678889332915753485    -6.075753417198108686
   -8.555964835836901372     8.028863373871532261    -5.569449416839699296
   -9.101698997264746183     8.823468530618409744    -2.683604849352053012
   -7.292595970633862557     10.28950571338882014    0.3139266583453924064
   -6.999807742439011271     9.682842283971570652     2.385960729540200997
   -5.790260918765036458     10.18090329500969737     4.306690411162512611
   -4.190840541193073143     10.56430770972126432     5.785966108614894132
   -2.210134685491831341     10.73024296022301982     6.632813186124892013
  0.05436332541301010929     10.65526527788597377     6.996717559132053843
    2.330278320417211724     10.31466257327238267     6.615037867962307416
    4.508700396551635237     10.09774476368206919     5.990992814659066745
    5.818495286988761173     10.63407088402060374     4.203185565861354611
    6.639035450178469411     10.70365092638515314      2.22641851075228292
    7.339545182363820253     10.18766840726283718  -0.01711174428763152788
    7.020468097352293491     9.574269185568036633    -2.405048726138666382
    5.739115782324311965      10.1869507876041574    -4.264296296030245514
    4.199115042980044343     10.60705603437271982    -5.780332141668428569
    2.173502771437565428     10.69312435970577724    -6.580873067885170791
  -0.0484437255639951353     10.26268760426618876     -7.33125165145246438
   -2.256450719487447021     10.51166033354236085    -6.392432786389446342
   -4.455754964338066948     10.15272872174651297    -5.871714846244935337
   -5.858392970262654487     10.54387743304846126     -4.21206638739685868
   -6.712619589635916206     10.56913740554196934    -2.217555081889412083
   -7.106021551689087445     10.49370437590130578   0.04988669294255401732
   -3.505658548176995737     11.94845505342529002     1.507860246004712579
   -3.599285725483148735     11.49286926612313309     3.153051922465390344
    -2.14552836157287441     11.80064195379008218     3.656263103812417814
   -1.090507024581421014     11.91464144055713703     4.096949424192660949
   0.1905712642205641683     12.06124614087451441     3.715789518856704277
    1.441570410436393557     12.35676164492590168     3.166645543779143868
    3.255031799047771734     11.69259510037577066     3.699443214425963244
    3.596761071068396376     12.00631552464458984     2.233655272665833191
    4.312031712101097369     11.96253290952607706     1.238696874066860465
    3.923751916816569096     11.90425505879192869   -0.1376319509055559387
    3.354075944983700985     11.94118241321131357    -1.395144362126338855
    3.357081745129971928     11.58284724108234087    -2.918013026513261554
    2.134876161906297032     11.77285992213263732    -3.687160804401952152
    0.657772291429186251      11.9267908882355087    -3.494184854189732015
  -0.5104200141624318787     12.02496008538588512    -2.642746445874719186
   -1.497036808569138122     12.14975441105817211    -2.632294342942560039
   -3.790297654192231747     11.25521759423543067    -4.123397564872936627
   -3.708365846376977526     11.68380015486610013    -2.056277422170609714
   -3.995239819260402836     11.85782866631388366    -0.956268172638624625
   -3.620333295942705476     11.92232953893745417    0.2661133891256769468
   0.6266611630821072865     12.25550633180556659     1.940467014163682613
     1.07823958615408011     12.44161392926259957     1.733878045723479477
    1.950394705423890596     12.50946079849077464    0.8266633308305035843
    1.919195213858306159     12.31277734455319894    0.7034905736112359032
    1.998779391944981665     12.26313202511071765   0.04192951631375112231
    1.799615545540047989     12.37880505176267043    -1.147427332984910731
     1.74867957226130688     12.69960335658664974    -1.199687449206180867
    1.114029388671740728     12.57950661734187214    -1.836395189545921847
   0.9294650877879140349     12.36795305195873595    -1.871262604072637892
   0.1497775933656480818     12.22384166074585998    -1.971533805067150258
   -1.058557809326705845     12.12979835893586866    -1.774950693726867534
   -1.851039744353359939     12.32102743860747474    -1.318839878299602919
   -1.700531720293669169     12.40587734926293351    -1.197017691148715146
   -1.976368210365319733     12.27362254411663756   -0.6377161419531576225
    -2.10243210842370809     12.21188000982909649   0.02162380373916113555
    -1.99684833649453819     12.38569923825211028     0.710188463610776588
   -1.845393103883340657     12.72088057142472728     1.159225637628657823
   -1.373492168372152822     12.50995953724928533     1.648117351725292501
   -1.070702012664005442     12.22598090629321455     1.831990974903892511
  -0.1462883663976371207     12.13259344182756649     2.055245229251366545
    4.261422026857233369     11.81249971330440651     -1.13960287404981675
     3.84927255476191732     11.67032354046943077    -2.252880519026842165
    3.829257901711872858     11.16077099263465477    -4.283204007152297876
    1.231135577995481123     12.30638439047266353    -2.364205349121417221
   0.1623203673853426676     12.10677701409722928    -3.863962125588403129
   -1.319634561653823202     11.89121344190569829     -4.66069828957099741
   -2.304807339878319539     11.91654720097244891    -3.801513796176142712
   -4.283490580022592198     11.46760513354090349    -3.827776231338066992
   -2.252732827420164341     12.48562325787421301    -1.201725987441264021
    -3.93312064916120141     12.00349328898189505   -0.1870968233464129216
   -4.492762071605222118     11.72336337263326556      1.19404798466085138
   -3.867354971476141934     11.61698048224094038     2.277117984308862475
   -3.355622212414407723     11.43177260512451632     3.684128418400160143
   -1.377555496217168329     12.07271909735129078     2.732671204953413646
  -0.4077886459028930433     11.93913744969682789     3.407779830981382929
   0.7115347671128599005     12.01514180018049771     3.587996880479179307
    2.133807139477358561     11.74403614035031573     3.812377002106262847
    3.965196977576881388     11.44992100438323135     3.580485689909868707
    2.427845974561198883     12.32318968111265356     1.255714895154989019
    3.822967900748626136     11.97182874341845071    0.2127026823983521608
    6.631052076418373353     10.56995405731787585    -2.194906837769052821
    5.788202568678361359      10.5286161007307637    -4.151194272677705577
     4.46140704242475028      10.0080324971283332    -5.897131498089960289
    2.310525161472225975     10.37189255662268828     -6.56416599379772947
  0.06051993241467456403      10.7186668454756866    -7.016441294958919883
   -2.183670663901047693     10.59257222605693549    -6.764434749641328182
   -4.175094208234765958     10.54049951852714706    -5.897593064744172331
   -5.998022112314284726     9.879868252640825688    -4.615615303053522744
   -6.861869613876939944     10.20621295869772283    -2.483290425582371785
   -6.942756360046404396      10.7132593274489043   -0.1041705991276836718
   -6.635566427048021687     10.54104459567012952     2.118394171485152633
    -5.71038182749832135     10.51943144434534361     4.059083749545794539
   -4.379641540142942269     10.05146363113703423     5.790457847010936021
   -2.315916537944893605     10.19504950176922442     6.671831033361596219
 -0.05704451400451495541     10.63254660434570376     7.103671032219216031
    2.091694719625770915      10.7486760428153687      6.50630611876849585
    4.167817723202371205     10.51948534918805223     5.839016569831721348
    5.863631980882058947     10.10644905947977001     4.455913856836314579
    6.588679858678780477     10.28780529909891683     2.380638672475998252
     7.01639185642664831     10.70091741967797461   0.07112595795937066978
    8.986789894907001752     8.894985277660207856    -2.612840141210903244
    8.404813007132096558     8.130381657119304606    -5.365862913962839542
    5.324740131234771745      9.51267342141933625    -6.046203525990526018
    2.774643422130415704     10.19814397130537564    -6.686412315015483721
   0.3331974806991991334     9.865973124312695575    -7.983332519242869907
   -2.677519264490501705     8.605403723227745161    -9.398606171744354754
   -5.392802509013017165     8.041366375690953916    -8.595756328981101646
   -6.022114277233823643     9.340479509452483953    -5.443753736116967445
   -6.626592911197656477     9.950822398928748314     -2.87444034185239472
    -7.76840041200102327     9.936953641120052083   -0.4170999877466994854
   -9.174422845067347509     8.676856940445503596     2.572327744626104806
   -8.212866146804751466     8.269572056681784744     5.196865519029764791
   -5.301315326661067751      9.48215011905392835     6.034572394699601716
   -2.782890072131920967     10.05311610147306745     6.756593600426297641
  -0.3229441710784674013     9.854124773593371245     7.923554990292296374
    2.721865530390508603     8.283978861620170164     9.660230397079804021
    5.316920568396682256     8.126154033135996713     8.423371909996388851
    5.891131422997617939     9.668737299281843889     5.248337520301072701
    6.624939581177721415     10.05520209592508252     2.800808525754201472
    7.889468977866486377     9.967693716258949621    0.3479689579226727392
    10.47596962888461114     7.077681727044850213    -2.781969477594191886
    10.42980475924766637     4.927188557021000115    -6.160229212198958137
    7.744169861232803598     5.075304043001231058    -8.122988176050061071
    4.009303048663282354     6.299245199656979821    -8.668522974996770714
   0.6208712252089063632     8.665075654334355448    -8.616510259174839703
   -2.866414092426536442     6.445669850563268355    -10.94276085918772878
   -6.090304107802234412     5.188427177177977079    -10.54933185397763751
   -7.654049688166610466     5.898671624621004028    -7.549597283839140083
   -8.538996753771593617     6.233077849592102204    -4.055395676053318965
   -8.545778579698145805     8.479523531491347299   -0.6704572541169696587
   -10.44158824522930473     7.136308845145796553     2.758522893879527871
   -10.33273604338249463     5.116139656228936516     6.084621677405047002
   -7.619584748143208408     5.289300892087058337     8.054367996462895363
    -4.02094990603992386      6.15938579728044644     8.773883295251422965
  -0.5925687609934743305     8.439331090989456996     8.665138957705096345
    2.807755030039551514     7.327581948608448137     10.53403533037500672
    5.704574369291931291      7.20718975152015684     9.829177103781960412
    7.774219920815898632     5.970741497828981892     7.435375055450718307
    8.810206370557175148     5.992672581145962241     4.025443767978821086
    8.748036390397466278     8.580081832652822982    0.6041876522985277775
    9.708500427765894614     17.74472443330417093    -4.295375572079073834
    8.506664924459112598     27.28533638725745192    -5.512500666553947326
    8.921958475237172337     7.966013211559944907    -7.946456505804948556
    5.152681988813480274     6.537649852360096325    -9.081736619269239696
  0.05732084942348206202     9.247480150982470448    -9.760039088949648445
   -4.254389191137765813     18.58334305653977481    -9.815929080381801342
   -5.464315908152745926     28.55753907325503604    -8.597207283301417036
   -7.559111913334690236     6.645384076960630715    -8.870143927955378871
   -9.622044067129056799    0.6339676611676048346    -5.561506778918921867
   -9.815556934231853603     6.532356448016957806   -0.1928367223250038731
   -9.705210501163941572     17.48774551988700665     4.213100185682787213
   -8.432780135309046798     27.39430687755266192     5.504260668307297877
   -8.939170641197918599     6.841443164539413146     8.149906620923523803
   -5.058120756238058568     4.369041174365508873     9.325215747220644502
 -0.03618744488378484309       11.320728625585879     9.602314194789395074
    4.258477463715795608     17.74994275048564774     9.710846057268653908
    5.543855832659148497      27.2638090486502378     8.449164067565227754
    7.714944566521559466     7.443227412672756671     8.498179825073979288
     9.36784220041392679     3.630188078182567502     5.025208648354833052
    9.642625216893190299     12.21045819881230976   0.04089535770087448369
    6.330445866698876323    -8.735027424867441326    -4.980539219271342688
    5.123805141783516426    -2.063817832610173042    -7.257462127975891519
    7.448535020019511066     14.69655097566592694    -11.29773453656256876
    5.383165402856865178    0.1711910266495220989    -8.619512821332602215
   0.5247712431386966081     -14.6031176762811814    -6.191420129770159875
   -4.908644763485778384     -7.60959583438013798    -6.415498172796260334
   -6.970732764254538694      -4.8961591210422446    -4.624004639903301239
   -10.37409735995847093     11.60538944473229961    -6.787014464557276305
   -10.56486151603927759     3.561667490950798598    -5.719499104204419204
   -6.571630698418934102     -13.8045909614231519   -0.4114938936665064606
   -6.416738755743140565    -6.931717575669152254     4.949169591434455562
   -4.618385929956009051    -4.537623361925058774     6.906066659428129029
   -7.227175781054816284     13.44941375240923875     11.19857080658771231
   -5.704415578967429568     3.891892215704983116     9.896835604119736729
  -0.7025680161066625296    -18.09494469957193985      5.20580751655137508
    4.840819820204242063     -9.52710142248057501     6.060905713666985051
    7.232685553485407759    -2.971128776029801521     4.999176074635051314
    10.09699753919289833     10.33451649485730606     6.384561230922802366
    9.733675092931076023     1.779843424300062704     5.330126576374849989
     5.47234138887431687    -17.82610137152352436     0.617669925419757182
    12.31956393085791923     2.670318334537546967     -4.99835929267513901
  -0.2558908953760281046    -12.47346606249376322    -4.811325241097406114
   -1.317870997542182732    -9.938974104535558851    -5.587279453562009834
   0.1853097744837008121    -4.884994662860560943    -6.774329607182417057
   0.2901561658112241093    -2.142489239760268838     -11.9538967394984752
    -2.04087208255612973    -19.44486245791597057    -1.459604450621774241
     -6.3864349372987812    -11.85018157788441506   -0.7678983754549111307
   -4.628960937799035946    -11.99246406800977383     2.296397946834948023
   -9.270321299910939672    -2.610714225640015318   -0.6855968950864146372
   -14.48473842359608277     2.454919763537943833   -0.2263860951884546224
   -3.057668257848883187    -15.65438302664011871     2.567425271893200911
  -0.3471517191384368983    -12.76734265124585832     5.880945203855162617
    1.877719032653834219    -11.01364235634622801     5.419079798041972929
   -0.609187741881457745    -3.398719622953596975     7.898806954474772546
  0.08850292487143993081     2.519169535539361071     14.76076505867339428
    5.136989653772737974     3.734716905403507425     13.02286455458929915
    5.380331008756220612    -11.12631553156816189    0.7151276219722250138
    5.210603083216063247    -11.22142253956280022    -2.000551333202335691
    9.466497955735242442    -1.635787418821373906     1.027771240081994719
     15.1832122780393135     2.974646358178553829  -0.03399613045223774666
    1.922050445845169708     -8.82669688042135725    -1.281020559629298505
    11.25801092590375596    0.7075244966735659835    -11.34735911032493583
    3.243880692486301953   -0.8741740457878036663    -12.37656708899404734
   -5.461375150469896411    -10.28890451841280473    -3.143041589701990102
   -3.793409437446530585    -9.873452110988168329    -3.503091579803996769
   -7.351774236240837368  -0.04718048241036508494    -18.32724564617843299
   -8.947573549647712454    -2.736096232620016444    -9.185275595748766619
   -12.69955329112418774   -0.6010981099111230019    -3.678148304199014618
   -3.829713174809589393     -9.68614464099453798     5.091361922930223827
  -0.5587642352186964478    -11.00679894824641103     3.516908975754672539
   -14.96395271197799559    -1.676871649137839038     6.371882331366706786
   -10.10932700913017435    -1.769780633798540226     9.728080591331085714
   -3.113516430191605622    -1.121460861299661937     12.12390577862431584
    4.902772438100967634    -9.524487631361154172     3.286251159380603415
    3.986263692406863957    -9.132302138285110615      2.38349105618739765
    1.146417216821448815    -8.484186088970712802     2.338299739678421751
    11.40829597830317432     1.035769643562004516     11.38781859647270878
    11.54186016456437258     -1.91373884264341787     2.394879335215589489
     1.75074690909430597    -11.05448158348069043    -5.354117819530795686
    2.158152225012930803    -9.407357353363922314    -4.122801767061029743
     -3.7185517982195746    -9.437363265219014252    -3.530143120361097342
   -7.716959133460309594    -11.06898536338472283     2.307388921804397697
   -3.034838453096889488    -8.655271721770040116     1.815081958488916847
   -1.255499547459088427    -6.733325408466797057    -11.12138542567339705
    -5.53961020483645683    -7.951773135123107572    -8.315659171983320164
   -4.228703507822377361    -10.11807285480173491     4.773658993632703407
    2.148877758376338321    -12.17935581775095244     8.092063117122600957
   -3.028228455054408741    -7.598977219894973878     0.230359744107463793
   -10.27351476407708653    -7.034163422303718605     1.693704901631924553
   -10.15510775754387218    -6.873392904537993786     5.219389058996288355
     4.19691722431019798    -10.07330229105201091     4.447014134111987538
     8.34053313817005737    -12.23500529923668623    -2.390122150826832659
  0.07316339019778299313    -7.448248922571247377     3.302022180352975678
    1.468040426180747593    -6.854569589164852594     10.52087460000941199
    5.330574858901740321    -7.117597801614078179     9.743690203048373633
    2.962141365984495511    -10.08789336045273011    -5.269682214066611081
   -3.238095201867214001    -12.06156355790728085    -9.298220325641064932
   -1.913388307701060498    -9.297618506922638915    -3.825482629232052734
    13.52402896609467398    -6.156867599730856178   -0.5262542281774504893
    8.627436695016225343    -6.902394924149898969    -6.013507328538026719
