0.2072953823784101923 0.0819971933811742687
0.2243256288435127865 0.01119700846568437609
0.2150948416457310608 -0.06132780070220401197
0.1766990017418939019 -0.1230184558284338064
0.1383394028127108433 -0.1692529753217060506
0.08707465170498150664 -0.1981203444494612498
0.01420681582207963985 -0.2246409203504983465
-0.06500031062064728915 -0.2081856381981940229
-0.1208373054727907153 -0.1735020383589225834
-0.1730997452398810588 -0.1399676831532337962
-0.1967783587363453879 -0.08497195698183589163
-0.225546744617122652 -0.012383322091354192
-0.2070686843743912431 0.06666866115538594428
-0.1725933269212162613 0.1231079343238489221
-0.1372218469770820903 0.1730174316210245922
-0.08414232771854464332 0.1971981169877854434
-0.01250331046400756513 0.2245837584294901879
0.06177544131251364729 0.2151974462409246835
0.1258903598099365695 0.1739683338051719874
0.171039279965315677 0.1351307320482084684
0.01140567469488167757 -0.2260595076557581906
-0.05230518099591387193 -0.2054845568743625395
-0.100223992150107355 -0.1856440907302283339
-0.165727821410526388 -0.1507650512408970356
-0.2118895491197461678 -0.08624389811895182001
-0.2260944166962915725 -0.01229057613323784881
-0.2185682468684536084 0.05699254552264792356
-0.1844822180529105682 0.1011143253394036767
-0.1518664606610335699 0.1675526170877844334
-0.08474730559073499758 0.2114242502602366458
-0.0123930413576330313 0.2279299618463570265
0.0564068765834261493 0.2164247500328667084
0.1022622553916806565 0.1840735396852359873
0.1684982890954167534 0.1509122243263240348
0.2120182208483510633 0.08402308105724234921
0.2273049962592043893 0.01051181535524857089
0.2173342602272659019 -0.0588540829295542342
0.1818114527423682625 -0.1018873832137822122
0.148905248603061785 -0.1670363990347686622
0.08377520533964796789 -0.2126983590122140666
-0.2226878110642424857 0.05404071931984720523
-0.1819441562810312496 0.1216027841921092228
-0.1436680502528921155 0.1658983374073572103
-0.08628400403377729788 0.2056016602915388403
-0.0271145405673347932 0.2206173039935820368
0.05296397746335419765 0.2230206953901074096
0.1239409908008789474 0.1782768105285323645
0.164318631051184022 0.1387862683262860719
0.2074604780058157683 0.0855099787846861914
0.2198277779656515607 0.02627081767839235457
0.2222338992643898559 -0.05364551320920656757
0.1788565788290076009 -0.1249389746779800275
0.1385834615656544311 -0.1659419913546721081
0.08432000354974257539 -0.2074126778010108307
0.02525032869571619543 -0.2192326874199513331
-0.05449502011800807372 -0.222151782532242853
-0.126254851868875001 -0.1782369899995720763
-0.1663766621324361539 -0.1374755365123863649
-0.2085904048402793254 -0.08281248221697447287
-0.2210459808111659985 -0.02327183402216167693
0.1030781337862466118 0.1961756402584280967
0.1679338580164866646 0.1546468145997768329
0.2055276780819385307 0.08048378932136268649
0.208225546383706217 0.01134160709132049118
0.1989080238641235676 -0.04422149419581384439
0.1971149606942256549 -0.1019576334925181293
0.1545299702750010939 -0.1682149856344379857
0.08172001547287069401 -0.2066791491034583594
0.0113527402817552598 -0.2070316623138187817
-0.04498444952187331813 -0.1988549761206035715
-0.1029165040597331826 -0.1964137225763971373
-0.1687086510233283543 -0.1534155947840333267
-0.20739138251675307 -0.08016038236888890778
-0.2067515929108467987 -0.008845876308116850523
-0.1997589678956404602 0.0469199600011675072
-0.1951675379223283824 0.1044962740660497075
-0.1526072991980093052 0.1693178272236021131
-0.07913517497191942252 0.2078222059724210702
-0.00832422688828247416 0.2084553597387104606
0.0470169381456200311 0.1968572709617058825
0.1434043257852432307 -0.150314859781554705
0.1000549512531269114 -0.1859796668303220213
0.02927156750217275311 -0.2147951835311369129
-0.04885620650397777542 -0.2069147503424765278
-0.1066895988185668637 -0.1911323697475947325
-0.1482409957972334325 -0.1440123903902490732
-0.1859408410167386339 -0.1002371844768863568
-0.2149297150092123188 -0.02872121712679242406
-0.2063879360672507823 0.04958072190821762731
-0.1905507994677257677 0.1076752599729124266
-0.1444966334251215623 0.1498808691965760331
-0.09872001125430171498 0.1859572126743950782
-0.02767542232353952664 0.2149949427835836369
0.05124950155950876857 0.2064987938505694898
0.1093904947805613426 0.1895675046250453744
0.1508503832396845823 0.142306698455335473
0.1871020139719365427 0.09740254155759282828
0.2151283777692595545 0.02625340739296963891
0.2060593021748255149 -0.05219695130500470737
0.1890929680078299313 -0.1102187502637021199
-0.1828380611263747402 -0.09271322450472913035
-0.2042764655000399998 -0.03848015319477332552
-0.2094165341367751065 0.0202089276557607285
-0.1893550886305510605 0.09327475572283006056
-0.1468463555350539018 0.1503986841280663955
-0.09492508724617088056 0.1817681774806715334
-0.03868872260640725952 0.2052320475929985677
0.02054205556992546103 0.2092721283326543502
0.09397101340417626791 0.1891302690277621157
0.1511830201828507081 0.1462585588422199434
0.1824135828193036435 0.09377610071614345122
0.2066894545176001796 0.03756869762860910039
0.2089230874719015807 -0.02213178008350451254
0.1883780270917788102 -0.09536034404539207865
0.1450032602893277511 -0.1524173182129228143
0.09200358457750087982 -0.183336695351817458
0.03562840978293548011 -0.2054531406181138165
-0.02366481602436954629 -0.2087917772741269828
-0.09616093748577525524 -0.1878394466884509284
-0.1529865445636892918 -0.1445151400661545127
-0.03807977264732329697 0.2062208988122543329
0.02496007549885677704 0.208000865056110068
0.08702554787849130224 0.1907161013688727647
0.1411265241902496803 0.1539598749407019851
0.1816464804466674243 0.1018916923228807281
0.2061631199095787237 0.04003329569717036657
0.2081067247383586727 -0.02460172484113658936
0.1905432065692011234 -0.08740075817059247965
0.1534353988998036211 -0.1416583425917960215
0.1009328651831170737 -0.1821019921920139228
0.03876931449648751693 -0.2062935514691294492
-0.02612344247905409519 -0.2079631965044730912
-0.08894993090576035211 -0.1899218315826143033
-0.1428248170731106492 -0.1523356722263835838
-0.1829341514355042053 -0.09938213286697900051
-0.2064213214423882004 -0.03728249049514436447
-0.2083616536679579745 0.02797696829841772592
-0.1900167145196030027 0.09023340914022938419
-0.1515668025225592463 0.143572979321279659
-0.09882322829047138213 0.1831340305360199261
0.210078434107103057 -0.03121789464565558059
0.1899379895788665396 -0.09302302827758732184
0.151290737923938684 -0.1466993698305677218
0.09956708489643234516 -0.1863177272203256074
0.03766352950946508932 -0.2091234386830889136
-0.02933873867595328255 -0.2100921549598457894
-0.09288308108511245109 -0.1896832333831671713
-0.1469000993656307263 -0.1510000156702689389
-0.1867950580179323916 -0.09882718874148060939
-0.2094311644000365902 -0.0364598964682705598
-0.2102022669339695671 0.03038797945037638795
-0.1895354900989634772 0.0939780295883672484
-0.1505277762941774622 0.1486909578147409539
-0.0970150932214781242 0.1875747206189685434
-0.03485147309164517149 0.2097976501489434431
0.03208244285296493747 0.2100414454016775179
0.09551436891047611344 0.1886896907434751358
0.1491485399003567858 0.1489391136719457609
0.1878897104970445597 0.09638851714966306661
0.2097651422997603432 0.03459362300790942008
-0.1011875819458992465 -0.1826864137524580323
-0.1518303551585226674 -0.1436084136904191288
-0.1887041814707908216 -0.08944790923061880783
-0.2059520184902970952 -0.02680110781579208082
-0.2031570467753986697 0.03788042153496541664
-0.1838704160732286541 0.09953402595954873033
-0.1440534773821708081 0.1523531884835197525
-0.08956116483285526952 0.1895277097621732854
-0.02603656420005108149 0.206039680382035989
0.03899417391324516702 0.2030017478138742837
0.1007987338928972715 0.1829818450073577019
0.1527174070944738449 0.1426223926099440542
0.1893525722463348659 0.0877212959748154969
0.2071361190301321265 0.02451454137400786368
0.2026420823795836712 -0.04059383939959084614
0.1817676572051110107 -0.1014359884287911462
0.1414530369420086142 -0.1538554830527891493
0.08645973477337912105 -0.1899229362209726435
0.02358428636806743361 -0.2072140554880400054
-0.04095678016848092184 -0.2024923700951108962
-0.1380642384484991048 0.1623767986184272982
-0.08161229285596355298 0.1955821315130039095
-0.01827165811774686399 0.2122734896906768587
0.04833912060384618764 0.2060117571694125571
0.1100388833163271352 0.1806284869332216991
0.161174281754542903 0.1393735365068922982
0.1953739139354532528 0.08149882791378129654
0.2111561649994152523 0.01805202864237960905
0.2054485409011075625 -0.0495514785900732363
0.1799740035522772452 -0.1111654654484315885
0.1384878255397253843 -0.162067547846109522
0.08079476146827568872 -0.1964049887138409056
0.01600617087497736152 -0.2123141602723917776
-0.05044821989921551703 -0.206456760345698459
-0.1113044584909862328 -0.1802559136305219578
-0.1624812044915841802 -0.1374997477687279479
-0.197631909500554398 -0.07861886630524347885
-0.2125546521047141368 -0.01499585513449119833
-0.2051366544698348393 0.05121443857929228877
-0.1790503449549198933 0.1124120668158384156
0.1963458346408852584 0.07260864399189968788
0.2067386868820022261 0.009961300020766478136
0.2010032592751704317 -0.05317513125926878748
0.1760457386038585259 -0.1135728837982247774
0.1317736881600593546 -0.1630813288073806044
0.07427310377102532002 -0.1956690023432008374
0.01056520830712252661 -0.2074902369410304703
-0.05358089860963277662 -0.2008532970914722326
-0.1144438166175521659 -0.175591145213735117
-0.1639463898652717966 -0.1306969956382412756
-0.1961348318830467841 -0.07318686788118465569
-0.2065584539470680381 -0.009326582276520343009
-0.1997539728077323273 0.05497746844630378021
-0.1747397965093692995 0.1157512892542657407
-0.1295994021976147881 0.1650569694714508762
-0.0716590940751933303 0.1967422956474211559
-0.007482156448227902067 0.2076418960789049029
0.05752702650849234739 0.199725333193094795
0.1167086571225969815 0.1741450374893534769
0.1650720560528885772 0.1293989121002531439
0.002554204989764354266 -0.2114735547540983751
-0.06236761250500396508 -0.2036322766790870931
-0.1204409076064273526 -0.1747962806374008249
-0.1695121977275015068 -0.1279065408160840744
-0.1999264830463609866 -0.07009883724676592431
-0.2114101134712910446 -0.004520863712390291687
-0.2027118707396740882 0.06212975648883983792
-0.1753969493441859817 0.1214284157658023777
-0.1271383423464370055 0.1700033463803559686
-0.0689141644002496806 0.2002911076169770765
-0.002996294485674791657 0.2114223601388571516
0.06363059480416315139 0.2022920422504631555
0.122523335789086113 0.1729581440266582948
0.1718939512161145877 0.1262461654965767732
0.2009022641990270142 0.06637505147714028997
0.2115103031126599753 0.0005412630393323538324
0.2026707353009473134 -0.06519004446400443464
0.171767695771935236 -0.1232058215664956491
0.1252279721194426987 -0.171595671712112513
0.0668461048014408199 -0.2008821985206342975
-0.1962438764036673056 0.07078068464032906404
-0.1657206787687636185 0.1271028615072234969
-0.1181557190633821808 0.1723536419789464258
-0.05846866471109782998 0.1994100167069274565
0.005574323849758941983 0.2065659031812283886
0.06942766547255450893 0.1966913292561834892
0.1272042725673495356 0.1655344162851322687
0.1723948890445615723 0.1181138972663886011
0.1991286929777564829 0.05841116028401062421
0.2064678361046699828 -0.006733831258121053195
0.196254559956368535 -0.07067791124531799807
0.1646215033811203321 -0.1285239641828770096
0.1163754906365123271 -0.1735593107821376824
0.05613616666245562631 -0.2002173310303686227
-0.008284149723154256295 -0.2064022170484980934
-0.07228131023121732446 -0.1956640598986137958
-0.1296246890143754327 -0.1637072103690168368
-0.174169931272814521 -0.1152662547578978958
-0.2009746998211710267 -0.05570099028109031652
-0.2063972546937186681 0.008674398002979191377
0.1366498249904783691 0.1603897906165692999
0.1786884474561024061 0.1120343977875601221
0.2057224189282935156 0.05099100500848110368
0.2120800859347176659 -0.01543812419730999225
0.1965902284127131472 -0.08026632169853596677
0.1612958559813679471 -0.1355354946182591169
0.1118555771721038983 -0.1789063104355950728
0.05071593697054974786 -0.2058589194006059386
-0.01612697015265089628 -0.2120760600421759678
-0.08134968256711289092 -0.1962640100010371313
-0.1365510250667703873 -0.1604544595519385441
-0.1796010126497130932 -0.1105191902382176711
-0.2062130793411352525 -0.04883910674156823062
-0.2118635207372117357 0.01795070044008516968
-0.1954792919712685928 0.08300192086545632453
-0.1594902774609464613 0.1378927428014193879
-0.1092405934892736463 0.1805537880740127055
-0.04741181285349618801 0.206553093839105778
0.01905450709408657711 0.2115815829250967117
0.08330508441746002635 0.1952547611084713419
0.1050400288380527319 -0.1806859997335393819
0.04580647060770171725 -0.2051691320871256718
-0.01866509118023958538 -0.2086018938138052281
-0.08221588568897486571 -0.1921236657331375497
-0.1375805801780966287 -0.156063086480162122
-0.1801807858612062552 -0.1060639544097584513
-0.2052006411420713994 -0.04551265511497105953
-0.2082907403324451567 0.01903774841359945347
-0.1916607636709748153 0.08273350706536126975
-0.1554099992432650956 0.1384071359497427711
-0.1047846953012596533 0.1807621107233875202
-0.04411597609321250835 0.2056001915470642427
0.02113995791479551453 0.2083336236472935199
0.08471364322205930664 0.1911674776415222821
0.1396492444807616862 0.1542341563788720282
0.1817781149725226919 0.1032361053070382506
0.206406161856181658 0.04197736976723449864
0.2078197298878911026 -0.02267425275233310444
0.1909258733898792637 -0.08584046486486149319
0.1538562100059066851 -0.1402215421974401521
-0.2045043127488911094 -0.04798104067245784199
-0.2094313178635544004 0.02339442071976616591
-0.1900395316990312888 0.07759246019688743889
-0.1627779881631907788 0.1315761811605421494
-0.1166562509085119492 0.1754743132298255126
-0.04851977203037407399 0.2045784102472586186
0.0240394466238098084 0.2090200741013588936
0.07839250897629961023 0.1914056780953924675
0.1336693717391977954 0.1637275147820594079
0.1758983016688264178 0.1167920122688800577
0.2047287692074938048 0.04768369197482869026
0.2090361285198415464 -0.02565411083169129303
0.1886264118485278807 -0.07922474997293668664
0.1612475352478749402 -0.1324670489176008326
0.113608647971558202 -0.1769591953304551768
0.04577623296097147604 -0.2051910763458318632
-0.02711127708951798984 -0.20803787762459236
-0.08260326406430938684 -0.1922233777408250688
-0.132067182473519229 -0.1589947560151801775
-0.1776496003908609178 -0.1127381829769811689
-0.002149608317753795399 0.2146628302700321345
0.07545711966982962537 0.2017292841154739447
0.1347888707994941704 0.1600967131433511381
0.1750915076030889195 0.1201704317356037527
0.2026100830887983539 0.06791150367811038535
0.2147406348400289766 0.003148209873075075247
0.2010013847881758631 -0.07578329947412776324
0.162172117963454071 -0.1355676825597579016
0.1147060061383879948 -0.1685525149639769682
0.06830125916165442901 -0.1993726025714135652
0.001657578820820354874 -0.2145751991645674095
-0.07734181908814630191 -0.2006969149308542311
-0.1364376027298925542 -0.1591090621149459372
-0.1734792083951247066 -0.1157416955371100287
-0.2061762015361829625 -0.06485880754463926867
-0.2147085366746370461 -0.0001735273091343655471
-0.2003353400628213599 0.07907694073121032674
-0.1576567923660198434 0.1371324110983079825
-0.1133970841858000095 0.1720850670215149925
-0.06340554906615666897 0.2073991790352488762
0.2022134271923000104 -0.05309292017238431
0.1874704255015257059 -0.1254389402216319893
0.1282926000817661283 -0.1869289410143303298
0.05798905645263674469 -0.2057338045310325714
0.002612853031493142346 -0.2027481243509935971
-0.05958348965868842662 -0.2090289737895295596
-0.1284637262690870307 -0.1860905427978148396
-0.1868799556236555581 -0.1267265051355421779
-0.2066832923022956792 -0.05825219155061087117
-0.2083329594937783635 -0.003837774321109821418
-0.2092017573888164395 0.06200578762606596961
-0.185292074817455521 0.1299903802840521039
-0.1257517736289041344 0.1872724298071571924
-0.05929347893177294715 0.2106349307957635919
-0.001547831403443544578 0.2047795484334191951
0.05459769340513890429 0.2022061966469765049
0.1289140920309845839 0.1849525145603090337
0.1876882507771249209 0.1259822864892198857
0.2115027229582671364 0.0593647505293145028
0.2047584270079857716 9.801730655966057115e-05
-0.1262173107299637553 -0.1841288084711638073
-0.166083657898755066 -0.1368603744421796609
-0.2075358171897284942 -0.08493954993941105203
-0.227291802776352081 -0.002446940836968708195
-0.2134230776851522848 0.06712286944929628241
-0.1824673305168985904 0.1182328619241018036
-0.1353894368464063913 0.1565239061912072904
-0.08419958584528874912 0.2082577290603069287
-0.001022031846741392998 0.2264307399056525172
0.06970297327410453214 0.2115554204903659641
0.120118729348577799 0.1784601173473015778
0.1577558309830775496 0.1350030147755032495
0.2077953786160332272 0.08274287327102188006
0.2279012089628526527 -0.001807371514637246337
0.2036835014125074894 -0.07331062801438702203
0.183732293301361066 -0.1272225619047548661
0.1335606392788527275 -0.1680059177557095551
0.08188133067284848743 -0.2068376197187103138
-0.003346210496425672341 -0.2288915009767526765
-0.07551979472873407429 -0.2035566452480324084
-0.126989260751056432 0.1807398996101149402
-0.06373956325609851647 0.1978975986896003292
-0.01043050138757851096 0.2272308791134111661
0.05798962848893948752 0.2204191964835845174
0.130032007746797712 0.1885023495669363447
0.1764919013381883173 0.1257556731584571208
0.2074581105144497339 0.07653546924107733351
0.2266668709933596926 0.009484062784254582851
0.2204358962691272961 -0.05873396429097092752
0.1882930938072403804 -0.1295530114547992218
0.1260402199071127549 -0.1770292621703602465
0.07539981223087965923 -0.2081956992131731576
0.007866746337506735215 -0.2277167932724001032
-0.06021976580238468796 -0.2196226277457329623
-0.1317645411800001665 -0.1876641117412895521
-0.180262578299228815 -0.125107381502347792
-0.1983877083515681317 -0.06117291385316204338
-0.2271351052432698525 -0.007985944961004234552
-0.2195750807239748026 0.06118876936383563225
-0.1872764278848260966 0.1278644201340098652
