0.1637935096782789646 0.1109082905219446469
0.2276344203294954072 0.01612533725932464163
0.1994297995923217381 -0.09411677500602651236
0.06650816539801744642 -0.1118270948250767727
0.07698505916694349527 -0.08731397679038645221
0.1204669288139638417 -0.1057957043677621722
0.04144829291508413116 -0.2356737647474827779
-0.1164536862610913159 -0.1565919166657667172
-0.09588597688081197667 -0.04140209689664168385
-0.1155522294775946368 -0.0961512764431525363
-0.09375824858748965651 -0.1123917489064928943
-0.2414694865928664613 -0.03681722162496606915
-0.1527597768537119483 0.1175495852710380235
-0.04386065932529008976 0.1022674409611264018
-0.08375232197353375818 0.1036130041180999689
-0.1128340426124535834 0.09255018424662163345
-0.03598955253098876095 0.2311037767871761683
0.0891898902017240619 0.1994141394681304691
0.1173770560820419362 0.06191390090059194218
0.09049472999647041604 0.07409803969325186312
-0.01694505446175157901 -0.2124245947757654462
-0.01685116066116772171 -0.08759625902227592686
0.004469768075739583707 -0.153575819450833484
-0.1530827907717159375 -0.1859405953270060752
-0.2336904039225174978 -0.06173437795922451926
-0.2077903873194190953 0.02269585454321939103
-0.2004306247353484782 0.04790162185259189825
-0.1368783963113822943 -0.001466731019332455756
-0.2015933908738314906 0.1555566879586642581
-0.05572650151519283057 0.229035609888508046
0.01792698600487520333 0.2196462488599447149
0.03825309833805323051 0.1833725667388329816
-0.0003590385655187862055 0.1366990808262586732
0.1567817105299725566 0.2025283515382447219
0.2303637575288570161 0.05975340488105358727
0.2146115366234314648 -0.02255986956744977096
0.1916276184414143213 -0.04291252112047455602
0.1319352471892814294 0.003146403316484160367
0.1867824976254699454 -0.1492760954915912375
0.05784056313840547914 -0.2308351726073717691
-0.2503972806701741383 0.08314835370018228144
-0.09571735495151659223 0.1581841260939805538
-0.1157401337400928154 0.1293612950235071002
-0.09792032921909590848 0.1824120881987618958
-0.0801114389490931722 0.2176197816328988288
0.0816372690879710039 0.2504075657486257711
0.1630052123608537185 0.07706189632916472798
0.1059428192163660853 0.08110059766810709392
0.1938724715393206344 0.09561802631675926645
0.2145741657089880738 0.07619782419673495899
0.246928300603778017 -0.08163847489601575025
0.08445052315381276764 -0.1665078438732019717
0.08546424925556704577 -0.1147852235998186726
0.09483883983348850855 -0.1902326199462341938
0.07674872246167817325 -0.208814688812825805
-0.07899612269968017686 -0.2485745190150019102
-0.1687412095623832542 -0.08429850333527738604
-0.1113506254927772166 -0.08400083781126486959
-0.1971340556882427153 -0.09047783045123451717
-0.2167286288903823022 -0.07589055055384734405
0.05198995455628334372 0.2304946054857006654
0.1862592462353837852 0.1946576228227591687
0.2121583869881772388 0.02174219554191891141
0.09509471655224197018 -0.04115091516835701901
0.05267456269021932036 -0.008393452159454263192
0.230839465500390556 -0.05281826303326084271
0.194274339713958355 -0.1883980671481277624
0.03124147853456492319 -0.2189081750677282223
-0.03627611146811397097 -0.08649249832917155212
-0.008993884548228305367 -0.05341006626257068651
-0.05247197025375833351 -0.2310883721758606735
-0.1874723244057495963 -0.1928781766001081699
-0.2214621746358038101 -0.02955952292829798142
-0.08274653335730444703 0.04218756222510994941
-0.06367008499558632351 0.01269212966477594427
-0.2274121280513293486 0.05401083926814058411
-0.1941185898778075569 0.1863393087119364355
-0.02871104801096031195 0.2206043921762143312
0.03929080043472055195 0.09561325864520781037
0.006848355217832904039 0.04112939890710982233
0.08028196101700257881 -0.06398500300507949101
0.1406756713469727305 -0.145384667414012958
0.04065333514683554944 -0.2437781590166524792
-0.08507154466597821596 -0.1646699400141784508
-0.08965816770188386742 -0.1589451507649191908
-0.0591201095094982601 -0.07352788351789947552
-0.1453692736269441566 -0.141509078111615727
-0.2431676927596629068 -0.03856442643039580814
-0.1618420205225124531 0.08654350875076068095
-0.1571149720176419906 0.09139979556043929809
-0.0841144525813247862 0.06625617511382903002
-0.1386613256535186856 0.1409594245633787324
-0.03949964983254722339 0.2424558784152503754
0.08795787160335993837 0.1663387407163765264
0.09210930415451759612 0.1565259884939542434
0.06364651955003919337 0.07555576008440759161
0.1429986135281108017 0.1380809561508655192
0.2435216173906036008 0.03912981949614027788
0.1652571915647415846 -0.08806128780832253589
0.156863567932379766 -0.09382697612477264304
-0.07375836168019635208 -0.03572389387305589109
-0.1027500878360099595 -0.03249474078459248239
-0.1809524246476064968 -0.03021949938933566823
-0.1699715074162167217 0.09364806981456434698
-0.08929390828791014534 0.1353480372920191632
-0.03834807619371286003 0.07265602498150602884
-0.03253990820110647803 0.1110723785468024916
-0.0293726934989435029 0.1804279381875271704
0.09439859926542748525 0.1695624529350961696
0.1362517011994410221 0.08910937058705686864
0.07358139495556507981 0.03655233912019595355
0.1207436906092864415 0.03380823589560386089
0.1785990084613912343 0.02914500022305200819
0.1701090401644123618 -0.09440584539322137425
0.08974606022022244001 -0.1376299806794035185
0.0350796346120911956 -0.07461428910465726927
0.03184532158934594293 -0.1084223306994657049
0.0274322860336485945 -0.1788419639506314829
-0.09478649849855409759 -0.1700542230910999097
-0.1389375641850034426 -0.08965124713045401206
-0.01214585362278828608 0.1084244035719106464
0.01077340584694547534 0.1040829644939699622
0.03389340323517082976 0.09513450028182646179
0.06790197541892287192 0.08139862402408734599
0.09431190005927589382 0.05227742709696621415
0.1093299581633007944 0.01248854886951589888
0.1045383742248607306 -0.009768827055486132074
0.09480327287397828651 -0.03517714941584373922
0.08061714866219939213 -0.06838303799674909367
0.05123884943633590094 -0.09456047918351156989
0.01138437527549359188 -0.1096714271350438669
-0.01084983235563835059 -0.1045850949603313318
-0.03604346727664068523 -0.09468031109909244569
-0.06831163325918283846 -0.08028494092975914376
-0.09476943540086922579 -0.0503492190356944827
-0.1084423394099956472 -0.01260233127359977612
-0.1097352685912218739 0.01296881701632297997
-0.10037816828046707 0.03611557457190361919
-0.08081255253729890953 0.06904245683552576174
-0.04978786420090807602 0.09539424270507983195
0.1195739945083058864 -0.01179312020332589847
0.1045923646368708271 -0.0455484370780622691
0.07805112038862255242 -0.0735353378057699153
0.05997869935903271665 -0.09440727528686636283
0.03216429231070432743 -0.1160074129112469987
-0.009901702213179781192 -0.1173995904129152695
-0.04539287024587745217 -0.1008326065024070517
-0.0737064086643267613 -0.07696229480699559589
-0.09542546392517457787 -0.05860682257398321104
-0.1170317411906698912 -0.02989505904513820034
-0.1202360834938263207 0.009967841352009437078
-0.1052139735189015213 0.04449237369927429991
-0.08183780009822207158 0.07882456315178985873
-0.05557881637272051728 0.09585133078386551264
-0.02944192293345573169 0.1178248131760313427
0.01072898723582674761 0.1204681515316004259
0.04587125570346058806 0.1042363479217930239
0.07516191135766986386 0.07682056290538696874
0.09508219005579342242 0.05665672128041551042
0.1172869543968045325 0.03104437100101735056
-0.04166604987827787765 -0.07795415685722954791
-0.06457511711556172818 -0.06200060993696755729
-0.0808861046800732203 -0.03566760310420817592
-0.07870469878212053849 -0.009125603826798327212
-0.06984401783444929568 0.0131596751804068518
-0.08166267430139044492 0.03890409435962644685
-0.06483088073898388148 0.0692724508436022568
-0.03795612404686553309 0.08642930182358997404
-0.008574580380832240792 0.07876173145623265037
0.0143541848324402338 0.07008551451390578058
0.04163710763354177419 0.07858974602397476861
0.06471578328303406735 0.06161394128197381082
0.08004068588299761977 0.03495786686250151876
0.08558924661923447696 0.008537907674327285812
0.06938940758965343736 -0.01545707474706893049
0.07592528691273051078 -0.03629136119142888084
0.06124534748167229092 -0.06536156811316332083
0.03448270910693535668 -0.08021732283335765434
0.007680067809626865173 -0.08538185214805098233
-0.01457066841092003948 -0.06919268008583336071
-0.07745679322732823557 0.09168953804146066922
-0.0393573708157609059 0.1038100271235780081
-0.01168012264024120318 0.1180622552676206388
0.0265821633520974196 0.1044546026982352827
0.06012056799531717566 0.08863312630291611538
0.08968838128123639286 0.07922679503014595781
0.1023654838479647194 0.03762082090607034301
0.1093113125807532865 0.01129031730571254839
0.1015008563830575861 -0.03019663043111576323
0.08814876378617728103 -0.06223364254171599719
0.07821835948124321314 -0.09138081648322569916
0.04222859794811452405 -0.1061583813286939709
0.008409525380567621847 -0.1174790239648882684
-0.02584573771479514726 -0.1118929096916284477
-0.053676811124794159 -0.09633721251118521067
-0.08854013708112751235 -0.08173687295216328086
-0.1127797191123581094 -0.03793120564503305037
-0.1185274935161883536 -0.01074226003048279685
-0.103247591840127162 0.02593872188939102055
-0.08811943120469242774 0.05950609874400610011
0.08711644341477556286 0.02641041310965825534
0.07294272808102869599 3.484255449750190634e-05
0.07911921971096695649 -0.01550215101721111668
0.07957860768011204566 -0.04593021600936780802
0.05855019295090269776 -0.07336978960445289522
0.02911296731497566709 -0.08579805678396336399
0.004409096391107513065 -0.07876715432479949874
-0.01775177301587099396 -0.07830248232658444663
-0.04770366357339907853 -0.07940456099195092321
-0.07465381573764799661 -0.05714050121118464248
-0.08699018432151657543 -0.02820265782891282977
-0.07128880803131160127 -0.005388553517990423911
-0.07358127664724495309 0.01495614640256592333
-0.07958719804435873679 0.04766319265452070852
-0.05763292439245122634 0.07539432032231385694
-0.02736627858739257291 0.08698839643228968577
-0.003281138146535195286 0.07947848227594610238
0.02417174026655158348 0.07610584651788286636
0.04996031745768984844 0.07854744535098710789
0.0748333549784746116 0.05727484878622388781
0.002971954769084314205 -0.1069352247064823819
-0.03590671638680032612 -0.1124415842161536755
-0.0579435973754248157 -0.0993887931801861052
-0.0933555718710621929 -0.06789677078498006224
-0.1010146954426811572 -0.04271526843394195944
-0.106683968081820818 -0.007592776435937339044
-0.1054040259201063368 0.03301890883364719254
-0.1050882127730196625 0.06395631388945670348
-0.06628456908832235095 0.09388105468044015411
-0.04173880180508542787 0.1009349886364958732
-0.004661509648465596636 0.1065729046442235317
0.03472287798998720254 0.1058322389891764859
0.06103535084514435244 0.09412999299415478194
0.1001684778000454801 0.06917762114476903867
0.1022730287540754707 0.03357574570667496566
0.1071539171352710873 -0.002533647666398514044
0.1120247887046485896 -0.03622197019115359212
0.09136656773941193022 -0.05829421185728990429
0.06696004556841558819 -0.09438553286731858616
0.03880889760941613753 -0.101361466439024217
-0.08227644379696925914 0.02659466780156998292
-0.07109633554482791551 0.05286504154720274989
-0.04911895567731711099 0.07468034420700492282
-0.01848615123977222566 0.07941916445414451409
0.002083042827886293167 0.07080317472550648472
0.02576176573078491072 0.08233585290611077079
0.0525326689725372567 0.07089210198429982124
0.0738952316420906502 0.05083957741533315366
0.07689422876800247608 0.02295139941141364354
0.07041815530433637171 -0.002625118539577418839
0.08210716752674261654 -0.02679703940023618614
0.07029752255204287092 -0.05390313221542184646
0.04827483535063474551 -0.07513110087024135741
0.01791505473717719052 -0.07987098445131375624
-0.002815336734548585899 -0.0704379434849625452
-0.02807659917031810407 -0.08147945882094816128
-0.05368705688459285419 -0.07013440578727016261
-0.07435743846217103548 -0.04819969569474957111
-0.08462202669108490061 -0.02095578917695785359
-0.07046692012892549761 0.003199301400124557066
0.07367653847378156928 0.07868373136847212068
0.09219767303252429658 0.05694875173042818206
0.1147417040327359111 0.02243038633896950185
0.1200599862267524714 -0.01648028648684180669
0.1059959768465505853 -0.0534699174481047465
0.07950648296411735871 -0.07201846464122599323
0.05683095719948220992 -0.09293092042803940966
0.02263952531270234728 -0.1152150413983239474
-0.0166051117140409224 -0.1204326292317586117
-0.05390967754718840876 -0.1062523281394336383
-0.07249612061334939628 -0.07912161650197964413
-0.09245956700090314506 -0.05620158108420224286
-0.114857997599721387 -0.02127494895324836752
-0.1200662037609489668 0.01732488520791836475
-0.1051355869145578908 0.0552595190342833123
-0.07925076122813547175 0.07330154690128767858
-0.05607225250831388008 0.09373313389660052619
-0.02017374081478552975 0.1155934161852872344
0.01870942840749819855 0.1186092370233536586
0.05501914802569285445 0.1044116279852030788
0.04635823512711852168 -0.09263238079945713965
0.01675111296879774544 -0.1049512293641103183
-0.005046401066434868729 -0.1041457520944580328
-0.0371780670576126876 -0.09831510621681192885
-0.0718333311795281565 -0.07994207142830141166
-0.09118826892826469022 -0.04698471502331440924
-0.1030947794198515538 -0.0163766251211521878
-0.102856303577827296 0.006438846307720136504
-0.09760496907494302377 0.03671067914230318613
-0.08012480847136295437 0.07216586280681275278
-0.04605564216755050205 0.09219057152189234772
-0.01682543208051835368 0.1050610031757696211
0.00800984401388805077 0.1046490714039878256
0.03828823672872407047 0.09801308012650751522
0.07238028711638368196 0.07978960337140988957
0.09307233834844018394 0.0455537049234472774
0.1077851503823164664 0.01174846863676514037
0.1019247868670524609 -0.009566750127708594301
0.09960904195859093813 -0.03985405827453804978
0.07878154645460319627 -0.07380043001285668813
-0.1889947068083743797 -0.03863068734056374076
-0.1619081786271769352 0.06739526925931228762
-0.07131042990326397213 0.03652584615541282914
-0.1072245295490845268 0.07001101418441593727
-0.1194646401120234847 0.1300702238680562228
-0.03715652814916191315 0.1904599864051127744
0.07043530763962412011 0.1567596644452008692
0.0401439275182307459 0.08490828095372299211
0.07645086394657205076 0.1116423819656728739
0.1248577669455452621 0.1233874850694166719
0.1897300821324932885 0.03824238950025517919
0.1621497403615377864 -0.07150625619086831142
0.06755005344738007622 -0.03343202018987075086
0.1074602209548238263 -0.06215387777253077173
0.114652322030165732 -0.1349641084060562157
0.03636279119922371239 -0.1910721571562243315
-0.07184255942413279861 -0.1561629201792230914
-0.05043721149420398592 -0.102365156164147042
-0.05239533153275312966 -0.09622111247622246177
-0.1365119694910671144 -0.1133697999424900377
-0.03679887093377475632 0.2119702528678906461
0.1081723208274385506 0.2158892531961147665
0.1573425115016824083 0.08968965182116325763
0.1110740180765518864 0.07522088445799532397
0.1415160932193798016 0.07078831190048880118
0.2108875413386820385 0.03574100411030821378
0.2120100781137884693 -0.1054866905104485525
0.1131607279586979847 -0.1596974173935245545
0.03433035190314686486 -0.05450606897017056668
0.07758048254149826906 -0.1111369607727233921
0.03571166011497787368 -0.2117108340566334901
-0.1119820006951166153 -0.2140292595761605909
-0.1543232271948692114 -0.09389344624770760983
-0.08788692478816895193 -0.05401778986631203955
-0.1624995763017892669 -0.06708190068732192146
-0.2120985610484356632 -0.03550087519502834188
-0.2144642626299150534 0.1127337325835971599
-0.09070214700064584135 0.1530025672728435038
-0.04312611272990912042 0.07260465619812465909
-0.06499759805149557534 0.1694568574732043253
0.1095949544933356445 0.02620505782773464853
0.2216781651163155509 -0.1027894359894620802
0.1150654706001753569 -0.2421295354699182223
-0.01315204607336978478 -0.1750443418569793408
0.0009899716163949507861 -0.04756467669469360837
-0.02137691150327608244 -0.1667764263327896901
-0.1088142272592803605 -0.2293376968097483315
-0.2432157759959253374 -0.1056934533969996204
-0.1796573798471802486 0.005778423236375729299
-0.09500886119711884903 -0.01026545543974628771
-0.1731927955839899502 0.03252224041179544584
-0.2267808337720503553 0.1137915470364457421
-0.1090033216790387838 0.2350491071295324197
-0.007890754246695837193 0.2136954543423596475
-0.006115803432833237518 0.06224852213400027673
-0.02415311770013832751 0.1146620960915080562
0.1060131153175262186 0.2195676799926989664
0.2333702026695685383 0.1160502512101520001
0.2179572400950197109 0.01330270275452874636
0.06198496367375624233 0.005224408000343605182
-0.1173992765686682899 -0.170140338587415646
-0.08040649893908885515 -0.1210206851086746693
-0.1694433576555433307 -0.1544754879585440166
-0.2553373843601107751 0.009410086297706576203
-0.2002386754979087469 0.1105045838015601412
-0.1423467019573572967 0.06848779601576690523
-0.08866735854532395433 0.01174768300847413467
-0.1547411928201397613 0.1758943612592677452
0.0114514179987963774 0.2487281816394147638
0.1198314074561192821 0.1925655823643601661
0.06871771238126973824 0.1142683456577003737
0.01459002323989183787 0.09476606328697435855
0.1671873153006263879 0.1554754738182268781
0.2608469997348343838 -0.02209561117986511003
0.1518495053524741567 -0.1212548578077487643
0.1705132890364284559 -0.1201941873452082032
0.1152596967059467958 -0.08037239279205911358
0.1531504244332608788 -0.1565432719697398833
-0.02940164165457568798 -0.2692101461062152423
-0.1237954273536226169 -0.1525618090265166704
-0.08717441914818938042 0.2105276238350812512
0.02407069943354030531 0.1065970272282524833
-0.009527632091079485388 0.2192298299636657732
0.0142568894839334645 0.2206149926819654383
0.1391633672596088445 0.2143048015564968101
0.1782808906318344155 0.06420758808530817319
0.1876492805275669085 0.04282272576915559237
0.2275193956372115467 0.00534325318674743182
0.2231901147196931889 -0.01746893803145974089
0.2150274338647243655 -0.1346303132789581636
0.06892158082129211383 -0.1778295156441306868
0.04273931382435219167 -0.1886146963731125947
0.0033255651951217104 -0.2335371069297594582
-0.01831842991817683383 -0.2198831292477921306
-0.1349434647593185099 -0.2129411712488739061
-0.1997481016957422806 -0.07195607812017154603
-0.1043249186844050352 0.02256894674005038501
-0.2132084200384216921 -0.006773916862278800931
-0.2229848435645635785 0.01535547964736732642
-0.2101462683001667775 0.1084833354713858056
