-0.3012866687350478356
1.861529978710920519
0.9923950051332323108
-0.8209245121216357521
0
-0.1414977479497965818
2.162816647445968243
2.020686219503130765
-0.5196378433865879165
-1.79183269404310308
0
2.162183967452927291
0
0
-1.650334946093306554
0.8586655780818310824
-1.96657418434778597
0
-0.5227261282417628996
0
-0.05006966617193850388
-2.825239762429151202
-2.069229823636628662
-1.381391706324059943
-0.02124031748060588309
-0.7207914010517585401
-3.133457998669515021
-2.019160157467166261
0.02882934869132178918
0.745548843627353186
0
-2.41266659762187663
0
0
0
1.466340244679111837
0
0
0
0
0
-1.60749694524715081
0
0
0
0.4844612336114484941
3.134250635926115081
0
0
0
1.434332687931607175
2.091958178858599471
1.855119791859765055
0
2.151382047948788845
0
0.9893736123044315489
2.785711263571936769
0.2962622560890237899
2.760686823046439642
-0.865746179555333284
1.350538179201456579
1.570764571009981125
2.009764126941888662
-0.025024440525691867
0.8334949722846611841
-1.43517308437048019
2.279259062866421548
0.4389995559314704421
-0.7372695987262635198
0.430184845084983225
2.832444805736132665
-1.840259506936530398
1.951973966298359286
1.807144744937882797
-1.849074217783999385
2.027765287601996036
-0.8804708394375220237
-1.025300060800914626
-0.002466330222811105588
-2.306282220923696613
-1.057106214206200212
-2.699056681831416338
-2.908236127042116426
-1.458774589435112068
-2.030231617824806989
1.249176006717496401
-0.1421304279428377559
-0.8691349735776882079
0.8475076314885844342
0
0
0
1.505336328225363562
1.27182471074699599
2.708180185131080719
4.001412918446995981
0
3.792233473236014341
-2.034788567468418297
0
0
0
0
0
0
0
0
0
0
0
-2.444847299460926493
0
1.114297841205130535
-1.008491825076841986
-1.391306434660334101
0
0
-0.2091794452106998659
0
0
0
2.464424566957415852
0
0
-2.56962358439475258
0.7560099387928864711
-1.366779727489035645
0
1.202843856905717157
0
0
1.436355474384084507
-2.122789666281921672
0
0
0
0
0.3341905411335808207
-1.172038663089317145
1.044245695667472607
-2.352796336375516884
0
0.6565669220254576333
0.7100551545338920079
2.385695175442773763
-2.686986877509097482
-2.344276499196249031
0.03651034570592143202
3.350180098818751784
1.729128253417317129
-4.161587548897363042
-2.823741953269215621
-3.000843421221706553
-0.437995266493221902
3.31366975311283074
-1.946946940221251809
0
-2.860252298975137109
0
2.233439710052988136
-0.3406395868320745146
-3.341658361979801484
-1.508951673728029963
3.033438735136038567
2.57447032438136425
2.671434976546210205
0
-3.001018775147726636
0
0.4333734832011924554
3.374078321968113414
3.380009743888107376
0
0
0
0
0
1.716642605066272642
0
0
0
3.795649596890482869
-1.028023809654478926
0
0.1394306341644396818
-1.621051845401434433
2.216284358756789974
1.022833730579758571
1.832706688251771521
-3.656218962724911314
0
-2.268668056655482879
1.167454443817786514
-0.5930280357469552843
1.675640020908882644
1.905449168719530073
0.2480844760876803612
-2.679307767956411901
1.454493838793438076
0.2708097137786619202
2.521468758449277203
2.01210538667707306
-1.657364692687955277
1.884787939680814928
-0.4509553299370742119
2.661818367675726105
-0.5093633717774826986
1.142504287061168355
1.799860319830480559
-0.6366808187699549704
3.087017067566989681
2.249516498480061077
-1.519314080674512901
-0.8619580478564413673
2.211617726781368809
3.080761859582843876
-0.8375005691477688252
1.843994776906350053
-0.8753993407648665848
2.896223194186273275
-3.918262428754732074
0.3127752180459825726
-1.236767082679450791
2.110153245151203283
1.717408605630594387
0.7942116368333548282
-2.583447976144992886
-0.7860699490266911393
1.57743907446692444
4.083956885098042555
-0.9231969687974226346
0.7602646981326497411
2.890560208741630444
-0.1399695311589508329
4.393026145765872137
1.33759418533937402
-3.323692186965492734
-1.193396676356144326
1.919203850347030782
0.8780245774172210638
2.040794825334335982
-3.055431960426504112
0.9598717298609319437
0.4502087406963720118
-2.47382229541838683
2.64797378286549101
1.162770247914832966
1.299890915399198432
-0.4278158367206271739
2.796797450388929462
0.87612049189335095
-1.485203534953571713
-1.348082867472194302
0.9293781370993006163
-1.18059785849337584
-1.854907371442388486
-1.211610828895168579
-1.920676958504309306
-0.7038737324222740233
-1.867419313290882954
0
0
-0.6743095129491177842
0.1506631486432568057
0.4767241260710932127
-1.93305630733102829
-0.183222075334154022
-1.204996858666748771
-2.229364717027775722
-1.803874587669945573
-2.045314865169532759
-0.7935884032648211628
0.7280594486642792962
-0.2963084096967476544
-1.620786269474548069
-3.118452304211612791
1.251726461904711707
-0.6238097173740315693
-1.868102806552187856
0.4245285956948334216
-0.6120396084915208368
0.0213913519882623325
2.494642586839828091
1.250349497659766884
-0.8059522044619259473
-4.102493939547185775
0.6334309604799759352
-0.6453325131616722832
-3.873144869190450201
-0.1939125959705979563
0
-0.4181003087875787561
3.457161426385513714
0.229349070356735435
-3.594177532172701195
0
0
0
0
0
0
0
0
0
0
-3.495083919088421087
-0.7083394517071536223
2.185240473117295412
1.618480529994092976
-0.3651574838922669874
-3.299163485730426171
2.786744467381267576
-1.128358435168276275
3.129926435196153989
-0.9985131201290917691
0.06473290520015723137
-1.166617509724239721
2.170805050562150118
-1.408571262749964248
2.300650365601334624
-2.67252061590944523
-2.660301515385791404
-1.231350414924397008
-2.47909700365882113
-1.473304167950121535
-4.069444974721852404
0.01221910052138845681
-1.706184508301973768
0.1934236122506243494
-1.922300203343501268
1.877516997544247834
1.72695347880247696
2.363260466421140293
-0.565024786464994988
2.1471447713770897
-2.866922661518781723
-0.150563518741859359
-1.791387261026681443
-2.442541784009206296
-2.564263705892833034
-2.482546328112485323
-0.4917550529741573917
1.075535400489551208
0.302658955623001269
-0.4573103744231786782
1.990791275138483529
0.01651617476033377663
-0.05758018437845569687
2.785205283732934411
-2.862725668603274265
-1.947373126088365547
0.4738265491835122467
0.3997301900447230438
-3.860946245578755764
-3.305742501009054646
-2.365252985306596223
0.915352542514908718
-0.9982205769754813884
-3.837479384723498033
0
0.9404895157024582009
-1.343651825587530269
-2.544541919231616767
-0.5317368837144433869
0
0
0
0
0
0
0
0
0
0
0
0
0
0
0
-3.602171329012676004
1.178047575732945162
-1.704706059462765211
-0.6083198628535708696
1.406361920818260725
-0.105103214025142
-1.49327276219755789
1.897465269549911682
0.1040287814167425995
2.993851466159105357
0.631904084403374533
-1.38816954817241478
-2.489344367590914153
0.2091319954418845439
-2.852501395983910726
-2.922562956393638611
-3.121248451994289574
-3.845739411028450405
-3.484405480387288367
-3.78249859231615293
-1.993446839921819036
-0.198685495602036799
-0.9231764546334259025
-3.177203211567120267
1.789051752401007667
-1.099464009315819668
-0.586129325268085144
2.859322137676052922
-2.813407515639710255
0.2679119199218987224
2.077739202233133575
0.3398050744061626438
2.591073886317201591
-2.416240330537558822
3.08131943556174992
-1.336733143465556273
3.153212590054902176
-1.81853308081658005
-1.944934766865690445
-0.7098847791179039302
1.079507187074179253
0.5977072497188011813
-0.9985828149788390506
-1.149849911063032248
1.235049987748029876
0.5629240607756043069
0.4767083658527111467
0.9463519518868521718
-3.152778290312182818
-2.035355920156466603
1.712773971838636333
-2.288322614034795865
1.626558276915744727
0
1.117422370155716882
-1.786458583883695717
0.864455676277387286
-1.967994449382045374
0
0
0
0
0
0
0
0
0
0
-2.499245372805390275
-2.192299057146349206
1.127394269860746867
-0.7797716227480351314
2.175185954677901101
-4.062882873516894477
-4.114981440109461985
0.3069463156590411801
-1.657810352447457003
1.719473750057355366
-2.509939030998054488
-2.152903743299073636
-0.05209856659256689726
2.405072521069437474
-0.7024552152324451404
-2.324888529639702828
0.3570352876990354196
-1.853809579721444889
1.807483815765461577
-0.5556153936533780868
-1.487487923417628144
0.471078949918212142
-0.7853166167466139047
1.769273135986370482
0.7054971546445653052
0
-1.006572786911685613
0.702171306671013129
1.672608924581760359
2.192985078062191562
-0.5946125885783538623
0.8280004466843047251
0
-0.1277512658554424696
-0.08226427884881679087
3.401880610491430978
1.422613035262479952
0.9637469058585165227
1.55075346242398715
0.4668613227232143448
2.767355084716126346
2.508761272430944267
-1.851127148076158191
0.6237533766429985693
1.157260978805198626
-0.6345255257755059164
2.561412371714472336
-0.5066106052398315907
-1.885007895790067334
-1.351500293631811456
1.107604125215004842
4.553175830676110536
-3.068022976954319692
0.3883458101679431729
2.158697301227539889
-1.453808246498981882
4.557539638737866383
2.152401423048092788
-4.164830020508169639
-2.394478529448567095
1.670979556343428429
2.40672992750804049
-2.405138215689776704
2.071606783655882911
0.6327077088136452421
-2.886560082394418636
2.155136142931262988
1.523405579255724174
-0.3351231438528715634
-1.77402221869179777
0.3165228849307983316
2.999311431540849782
-0.6317305636777835742
2.200882583086645194
1.075575599157156947
-1.838613257988274352
3.248084330834910549
2.706796076637073778
-0.7984288485259481982
-1.923735832405091273
0.865080301014361952
2.796792798716309925
-0.5412882542699594124
2.014687239713095046
0.7265271906067886087
-2.383004029804573154
2.837384610745715019
1.345791434189085534
-0.7821055590540654245
-2.070265608120402501
0.330903245626746001
2.299044646078813425
2.002327646419350238
-1.491593176561972989
0.7019166128095297719
-2.506481365134379136
-0.2967169996669090093
2.600223142482708472
-1.597128033281177251
0.4943760660704317744
-3.493920822981349872
2.896940142149617259
3.191910839133901945
-3.191241699368983831
3.18351087196209237
-3.0759973028133758
-2.127896993294001504
0.3026791236123659856
-2.528447977388762702
-1.607875184560863646
0.9481003095046024454
1.269929495999112312
3.378676426425748502
-1.525388661461622553
-1.795154335485917629
0.9205727928052303
-2.58465213239184477
1.003059315928010564
-0.1578870672690065868
-0.8377649849610740995
-0.7894977969255703165
-3.030282984629623311
1.047990859810262521
1.637267268217647009
0
0
-2.199911733752729859
-2.192517999669890472
1.885755844771356937
0
-0.1435427544194984584
0
2.529551608906723814
-2.560367910475851438
0
-1.125914014173120314
2.673094363326221856
1.874700262254340277
-2.416825156056352952
-2.568915391443496787
-1.687730026425302121
3.000614276427460592
2.998090805161276684
-0.03256177236523044582
-3.494489595011380789
-1.443001377270376251
-0.8458368213369915622
1.65516825406007162
-1.80675956858607889
-3.713407136739226733
-0.08157221748751897206
1.977485847009649245
3.335131987262560216
2.50100507539706296
-3.490871371388074795
-2.86757031540223517
-0.3386982952061990404
2.059058064497168328
3.644802004678615592
-3.513183271456122192
-3.409299153900555712
-3.567906088376306517
5.493575982627114662
3.983500299884814577
-3.174484976249922763
0.4900029587932046571
0
4.079777211315276375
-1.510075682742300085
1.251574085781645751
-5.003573023833910227
0.5261278579788115639
-1.034780487736822518
-2.828203125533630402
-0.7085984573052849234
-3.553649353336461925
2.039391957031955638
0.9325272359666233468
-0.5831549290078250625
0.2712245091502788474
-1.79342263779680744
-1.666593820866328457
2.963543189171804926
1.967307723703445976
-1.184684903696178848
-1.937818330016607415
-2.634828883210122541
2.359420034413717726
2.692318680021525967
-1.403126548283276653
-1.450143979513943693
-2.245915692402827624
3.544104938109896352
2.335485752555404915
-1.445288634331638677
-3.688958217853125721
-3.698135622463985417
-0.8427891441195508593
1.500141138294202703
3.73861230083868179
-0.6293862166150019366
-3.369555708136332761
-2.243669583521486821
2.883253773418492649
2.945429772625841824
0
0
-2.740169491521331047
0
0
3.512639990033494808
-1.539666979340751363
2.460576349299435694
0
0
-2.226161816130368898
-2.935300177813118694
0.003507451497306433852
4.234545098327347823
4.000243328640187279
-2.7306457182199666
-0.6864948367896175352
-2.481890608869711468
2.938807629277654154
-0.8300229499637189479
0.2046544595933089405
-1.061655303608850076
-3.669470079365050097
1.651867658885832535
-0.460744735651029691
1.420235305261663417
-2.927392244042874569
-4.063357018375904239
0
3.208725343714042388
-0.3254518757924995676
-0.400953815331244301
1.780232937086662748
1.433457716397999127
-3.674693262815319716
0
2.105684812879162315
2.355432996677409019
-3.349241387022820149
0
0
0
0
0
0
-1.310425258395069292
-3.630984831576270722
-1.74158223427051273
2.258886207614105857
0
-1.286703851153894851
-2.320559573181201873
-2.314628151261207911
3.569311466009174705
1.737497617784574899
0
-3.974560560794227815
0
0
-1.02792430010731306
0
3.024201468938469528
0.7455162868295542866
-4.121774540418754462
-2.713985696148785376
-1.110060263540302072
0
1.419119121962271857
0.8470885758873657467
-2.707674786394807853
-1.855576550369851807
-0.2344235515424659966
1.464930044120645425
0.6736028351327143504
2.281015791887999633
0.7940240518501403555
-1.081512127429823389
0.617841468233279012
2.841078239321650933
1.056430895223836597
-1.486991740037859833
0.03465611189124093161
2.943906515617795261
0.5600624474336510783
1.753505290179675491
0.4023737738305147582
-1.021774783332594971
0.6970743949558391162
0.6432965425471720566
0.1858778364592454935
0.29470062112532458
-1.122704306002012098
-0.7090661296103228928
-0.4574187060879659761
-0.3199554596098511672
-0.74349258371043625
0.4136381763875028317
-1.947685850470924684
0.8027488463928156293
0.2722731074804881635
-0.2162086297946670677
-1.204193266761477865
-2.285116362235446008
1.015765691190955833
-0.1897856289148083797
-2.930985956019368288
-2.068907732440835812
-2.019016631518275151
0.4513281750936568582
1.231974320985636195
0
0
-1.829231002603468603
0
0.6411138040084650713
0
-0.2810791767726041335
0
0
2.369335779194675862
-4.08070299797442626
0
-0.7182960143079293314
2.417998050679065702
2.650414955967280051
-3.799623821201822516
-3.808282986132760062
-0.6112388276457664249
3.136294064986995256
1.985469797881128651
-3.264313483958217077
-3.089986971824830508
-0.00998849232450652047
2.596708625526894743
3.028975410844884752
-2.653074656312450763
-3.001800931708991538
1.834411531729243539
3.038963903169391134
-3.273739447484075527
-2.991812439384484712
0.7531855064801638022
-0.4588661294037847949
-0.8084056195174710302
-0.9758430336700820718
1.350593600757752588
1.708744093582698964
-1.72902854015024543
2.229385719623491191
1.614546059489772922
0.3581504928249461539
-4.596217205377277182
-1.973381209647406598
-3.079622140907997796
1.102248469957084032
1.596005207286933514
-0.6148396601337182688
-0.1253035495126456067
-4.202766929270897123
0.5345222603166179809
0.4937567373299255324
1.550152437170829733
2.594561914036473294
-1.227552019469729583
-0.5096111050264342524
0.3541819018969321053
2.640414967615055009
1.015630176854212641
-1.044133365343052677
-1.78291056010950566
-0.1156945205503575325
3.113006495630000536
2.286233065718122681
0
-4.156803820355596812
-2.137092462006437987
-1.087250272320757993
3.228701016180357986
2.410667266817549947
3.571411394493206881
-4.041109299805238919
-3.071711905786017827
-0.7743136790252698187
3.497917539138307497
2.446156289880478063
-3.173513668061355819
-1.984461633465259833
-0.2804844122704942544
3.220469968905748104
-2.361490398891578302
-2.399199989036085778
2.091149274516740153
-0.566909393517198601
-2.351646626986267474
-3.621374293476251172
-2.081005986621084158
2.462965135496675284
3.222462682092528397
2.371633686787234296
0.0346325089529398375
-1.784737233469068984
-2.233840868568607529
3.029874529013873996
3.005210981281417393
0.2077508950284032152
-2.26847337752154754
-2.904298566992091768
3.104947137598982998
2.970578472328477826
-0.3905462518944558536
-3.112049462020494595
-2.048948506841950401
2.897196242570579727
2.772532046340293821
-0.9268876200937017362
-1.743702744308906594
-1.658402254947494381
2.616383273232707474
3.163078298234749841
-0.7959418497489255673
-0.8168151242152047464
-2.089912626012097263
3.111933961758389433
3.543270893326408988
-0.2308607045137708036
-2.658067449603709775
-1.293970776263171585
3.907875811507314889
2.099586878293713266
0
0
-2.427206745089939055
2.330447582807483986
0
-0.6431856031905875959
0
2.800229036569358509
-1.972026958035232314
0
-1.626299946953421838
1.440238274127823459
3.443414639759946105
-1.328841354844644718
-2.788552056440775306
-1.373746150763791363
-0.7867395941926674796
3.066538221081226201
1.688140930529899109
-1.509347102292545317
-1.162252109487353025
0.5870065565682972553
-0.3495394901136865684
-0.1356009515286279443
-0.4985170811744351616
-0.8781554233584454305
0.4819959654850085595
-1.099371627921236438
1.264787125555150826
-0.07233851518122350055
0
-2.334854488693172136
0
-1.475739620569491262
0
0
0
0
0
0
1.611640565355374033
-1.000763990804283798
-0.009405464185079943223
-0.4628421361141801804
0.6067205638226358388
0.9692022430571671787
-1.791382690506406972
1.878730783749390731
-1.031447982078390391
-1.753591758907395715
3.230802578370577827
0.3427103783128487846
0
0
0
0
0
0
0
-1.051761249257829656
1.337845595628147644
1.160744127675656934
-4.535618901792025426
-0.3168213963081366602
0
-2.698635376120300577
1.330278285796954396
3.292135595706832341
0
0.01030854203099735092
-0.5937642043692106242
-2.858198505522518751
-2.94489354573140627
0.756303318745287334
1.606542629131582745
3.610578240399654248
0
0
-2.498564754947627975
-0.4360099327771684297
2.152508333991331124
0
0
2.946636260686914532
-0.7518271965834610882
-1.27876347364164844
0.8520982360250194398
2.473251234851804981
1.521647851929100348
-1.875536179279483573
0.005931421919993870237
1.889402597305758214
-0.4589684107546745384
-0.748006478643775341
-2.689584012541292868
-2.43983582874304572
2.615238068647683711
1.345510402157700236
2.166134433548144944
-2.361324026855653457
-1.080923095473743434
-3.153225466708909241
0.8620782235785287018
-7.81451183901377977
0.9119693245010949134
-4.930386209837166689
-3.308347769414530681
-2.263938292548887343
2.157989463219616155
2.535234526830199453
0.1534205470180358688
-2.210844867420606263
2.100805176706506572
-1.256395566664826102
-1.941577533897517194
2.914140912191920396
-2.288352754586180815
-1.083800383146033219
2.278315722721376169
0
0
-0.4565240146762202245
-1.532232146467575662
-2.427377280168911522
0
2.47488052471888631
-1.378397290551307552
2.003176365632112432
3.456368787122278796
-0.7396628666780129535
6.192088045878850089
0
0
0
0.9508722937060479774
11.60755266367243266
0
0
0
0
0
2.832613146763314216
-1.858528723109309277
0.5918279590594875961
2.555975494050694241
-3.505224925174405648
0
0
0
0
0
0
0.5280094257675983505
2.211471092697919527
-2.84965018721593788
-3.083951956908446146
-0.09499551123782323803
1.26566197672979075
-3.768830579215413756
4.231037646824833409
-2.146796703086388813
-0.5610527629049413267
-0.7891505628334776201
2.327425822549483492
1.630415269355968366
0
3.132617622854221739
-2.214609371056001308
-3.793577809887524133
-0.6008545467468013879
1.763304206729585877
1.36015138884345399
3.350583856021617901
0
2.142942548913596479
2.799113651910086098
-0.1273734286492273771
3.15323209917227798
-2.41151476993921543
3.378158528933134175
-2.262515973511948442
0
0
0
0
0
0
0.820046787981730807
4.210784819729197714
3.238428484862769352
-1.06745856147140894
-0.2811280314370840916
0.7912002069106427449
-3.907142837127886015
1.799631021214421756
-2.097315554814402461
-3.874331415632702225
2.585961551248306733
-0.2595953978879182444
-0.9317213248603453124
1.529796568304708337
0
0
0
-2.882753635195709041
3.488815045701324724
-0.3305239744301203819
1.27696058019660752
0
1.770061611142004665
0
0.1490155816015480972
-0.304421090327555266
0
3.748129891995102714
-2.903880954039412821
0.6153715222953530795
-1.385278702840204268
-1.624784790760842368
0
1.836983525671724404
0
0.4290836531859779646
-1.43235187913532025
-2.72770046042674208
-0.765843150516863802
2.721727466379864957
2.895269902319154376
-2.104075641133019925
0.7895042836914291096
3.582836442166613899
1.082923042214275711
2.823400055439623024
-1.358080864418729883
2.893579924824448923
-3.915102902549543629
-2.955202087762403451
0.7459947767142900421
1.407788844269968864
0
-1.458069906408323124
-3.985518985590200458
3.596451633511095203
-0.8057463787201839533
3.069515356452908073
-1.857925383935695951
0.7305928828328035474
0.2497481837982470088
-0.3467752206886636768
0
0
0
-1.269727666489983253
-0.4491036350995386561
0
1.540368306855166791
4.015303690287437277
-4.661286372304870085
6.112904256931491531
0
0.2705487225932290962
0
-3.559386022551550788
1.044409476865643338
3.46176831643256655
4.421927755768503943
0.3772450636105835753
3.319693327007096073
-0.6358251894705442275
1.204552371440147818
2.200149139937642051
-1.685615014426859126
0.9270516381407497564
0.8023942573041573656
2.285449629299054042
-1.533743156888293546
-2.876384623939137075
0
-3.407784362087924457
-3.410307833354108364
0
-0.6895183731339151745
2.28367562127646373
0
-3.009373366943344674
-1.894662010301420674
0
0
0
0
-0.8500396701782639841
0
-0.8386729524895698562
0
1.69053516038406193
-7.770423865046431011
-6.317231443556265091
-5.241215752172800002
5.41546461779358701
4.476744999345663167
0
1.364096673340537968
0
0
0
0
0
-0.79839410107188169
0
-2.240785187702711845
0
0
1.683461666930255562
-3.377659612983050508
2.884125629176612637
-0.945809115968166858
-0.2343017696923678783
1.585743940181447487
1.357646140252911193
2.761649768523946058
2.888478585454425041
-0.8341269118654972559
1.804701929451327125
0
3.280605527821505163
-2.284141341289988247
0.2249264297608561947
2.421199675271878071
4.004304216516271886
-2.354710596442003645
1.428951100461394397
1.113646652051389907
-1.718403608823467987
-2.18338111381797173
-2.092927352607798941
0.6363069876185996065
-1.640823742282272901
3.390738031747468462
-1.101174819418660134
-0.9723563348664293615
2.552229660765588548
-2.888515761722465047
1.794761344337223452
-4.418052579027446747
1.809827282313304142
0.03281142149518365136
-0.6721259269724266794
1.78939196619262475
0
0
2.785902902803374825
-1.62104602954045518
3.141520904452081542
-1.004920001532687346
0
0
0
-1.861435532321298547
2.4661862491331763
2.793332158475184457
3.179772606870016727
2.127593601654504507
-0.7594363867269908752
-0.5269362770581872413
1.603925432608481971
-2.865858750678291766
0
0
3.875261735173092248
0
-5.842355534338261158
2.942448263396512331
-2.381813979812164028
1.647099682105090945
-1.273097501796892406
0.08530048936141208793
-0.002523471266183989134
-1.150824267105866605
0.2324169052882143482
1.114711356641924
2.159333696765080912
2.612666652567609216
0
-1.190769609512277949
0
0
0
0.126828816930478927
-1.974275100378577896
-0.3911705591346952282
1.115186843152214502
1.567290453476504863
-3.132758369699748968
-0.8711580343863374321
4.450864000522725128
0
0
0
-1.295348581291421608
-3.030652577526506963
-0.3918237362096828602
2.720789460220193412
0
0
0
0
0
0
0
0
-2.564952179436383428
2.062554822170459268
-0.8244751662110362256
0
0
0
0
1.12588612461484594
0
0.716719494936031376
-1.581367593406244998
0
1.169785773567562082
0
-0.5514702041115320252
0
-2.158852004650895662
0.1785619782812701284
-1.501226513723903588
1.110771956991751797
1.148562888590763054
2.389606844885977299
0
0
0
0
0
1.740477013225347092
0.4085663124159533144
-2.441003906633005371
0
-1.59076459624670985
-0.6970105531935149035
0
-2.850115290725188544
-0.7957717128888839309
0.1489987964272669885
-1.369313416124635641
-1.578968438831523047
0.3556180016487069939
-3.790822904336061949
1.61375482430919992
-2.211854465504631051
0
0
0
-2.34837100806043253
-2.251406355895586575
0
1.453192421490166586
2.529208112873631009
-1.504243329641336224
0.007393734082558667264
-3.829934745144779829
2.988956445670763351
1.36065748796765229
0
3.779377786755415247
0
-1.788106092700241456
1.549316467586148605
-2.103410541110245724
0
2.509217282373288782
3.337422560286389839
-0.3153044484100043787
0.9599008147871402885
3.524585995632017799
4.062507850322122138
0
0
0.5379218546901035625
1.607484554626868789
-0.4534366719291033632
0
0
1.961857309909878166
1.150156633964562802
3.487570616896728648
2.337413982932166068
0.6576254909269921844
0.173542435939289641
0.9322099787104817237
1.692144687138498194
1.518602251199208553
0
0
0
0
0
0
0.4322667853179897879
2.265535623747790606
0
0
0
1.583104541244393593
-2.000650225135557125
2.26160033531341087
0
0
0
0
0
2.638828841316824381
1.926916791476866342
-2.887029988381495382
2.588518266768499387
1.25813682266049276
0
0
0
2.649789402314666642
-1.272194850656515275
0
-1.999330908662663164
-2.097925381987892468
0
1.014687814441983971
3.092736675151026571
1.521339368254387869
0
-1.518312212551902629
0.8591148681236808748
-0.862141109555413121
0
0.09696465216484587146
-0.9387196184479235095
1.511637063723614061
2.450356682171147327
0
0
0
1.415903641077444375
1.506357402287570091
0
0.7599347084280164699
0.03779093159901127097
0
0
0
0
0
1.063100955178544416
0
0
0
-3.632322542656786446
1.352071794621187095
0
3.112613196429876439
0
2.973193994410378682
2.0780488607090426
0.6561711029964893971
0
-1.721255977679094107
0
0
0
0
0
0.09045376121017274784
1.483055371994896898
-2.336137414192450912
0
0
-1.342641467050843529
0
-1.970853265492691575
0
-1.641306982868916187
0
-0.895145133701335971
0
0
-1.571397306896638701
0.3295462826237753329
0
-2.264434301153308127
0
2.927442891506941258
2.200306833500793147
-0.08669504020888714468
0
0.4521036103255025029
0
0
0
1.20117699756832863
3.1922834541692926
0
1.484157336590807841
-0.7271360580061477785
0
0
0
0
0
0
0
1.99110645660096397
2.792109357109093803
1.90094358952041409
-0.009177404610859838524
-1.717303522189344678
0.8010029005081299447
-1.708126117578484759
2.855346478344434669
2.054343577836304835
0
0.7863305300343249593
0.8502393103862955215
0
0
0
0.3836636819518926544
0.9380789813038556968
2.950117481736290959
-1.135964774333029448
-1.511930203768365732
0.7833529260617467793
0.5544152993550117703
0.6265642679354019862
-1.895593885720258331
0
-0.03219026282616860302
-0.1567886581263448487
0.07751773680339607564
0
0
-0.3265287780372338466
0.1097079996295647897
0.02132890409581009172
0
0
-3.352352124879225848
0.3478576821330441327
-1.801415045591937769
0
-2.947784752288628685
-1.913394358312435983
-0.4969489705657341716
1.550937079287292741
-0.9791095802878291288
0.4045673725906065998
-1.261816951710109214
1.416445387746699813
-0.721281061953849556
0.934284778024608964
-0.01898297659376116386
-1.97802997554301041
-0.9652921993640860565
0.5405358897562784204
1.242833975116343526
-0.09452722539249953926
-2.983212929156220827
1.012737776179427618
-1.414656912978710102
-0.9219347957027241858
1.883502750148825289
-1.767782807377888288
1.568556016172984791
-0.6927218701544538559
-1.196144262278727499
2.061278133458023021
-1.863502893660117232
-0.2993422449382040496
1.075060937223457636
0.5716385450992033102
-0.239388856538932937
-3.179254242941734088
1.564160648721913294
-1.554523455768290319
0.829605164445152532
1.624114037121185738
-2.208608291170900184
-2.395891099119119794
1.624730787173443769
-0.5335123001300128287
-0.1939792870893290166
0.9706459517708344586
-1.498752048729469655
-1.300145162572950763
1.862378798989107187
2.201911812029790916
0
-1.447507881206636426
0.198606886156519058
-2.563523094673082703
0
0
-0.07730077187014654239
-2.183147848284670012
-1.116015213466446054
0
0.3232735510092030751
-2.105847076413656538
0.2865707298124750557
0.4005743228793496868
-1.240464067734168285
0.902799064966148479
1.020594595876178179
1.596490808255039973
-0.7702525569221178037
-2.419872803247603343
-0.4915161191849969358
-3.067104282366703405
2.574992558034930212
-2.500006234640909319
1.189507914264586574
2.594200613003969202
0
0
0
0
0
0
0.2423585014113626979
2.401541668265799068
0
1.772697903527705732
0
-2.650313089601911809
0.498089808089481112
-2.501267458127431897
2.531141251848630702
3.187739330170471064
-3.533161430295978178
-0.6385071444382105499
-0.4179883633499076323
1.550073681258716363
0.01307762869542723229
-0.6056687741981147122
-0.9622543922292233765
1.094428626165724783
1.443736916375440993
-2.565637032809356288
-0.8478940304605273592
-0.0002608804578927842455
1.911532688595531271
2.388355549584035398
2.872437408297927597
-0.2686478546985858196
-2.757509167856128762
-1.549467734701220456
-0.735529496853217668
2.943702776366627027
3.460052681805620978
-2.786939295831525332
-3.058708110566901617
-1.320889167273685105
2.280643946292186808
0.3066645728114893443
2.599295975058752095
-1.749637129310528616
-1.233287223871530003
0.9099759088286388797
0.3117888275156341371
-0.8413116730730088033
-1.36806887386333309
-0.2096023490372793119
-0.3769606698005494305
-0.3819649423465813487
2.964955385495199103
-3.101359060030558723
-2.575588163182945145
3.066508677216568834
-0.9332109883428902908
2.516942321433077723
2.418278154335426589
-0.2111575963724075244
-2.618220677360094228
-0.4586647588866991088
2.237414270978371977
-1.313913247325102507
-2.445035023457323042
1.547858404016306588
1.274162629669270963
3.151357916248257673
0
0
-1.480848327849194623
-1.12753974258077605
2.088724125729647163
4.931509593841036931
-2.171952309893832034
-3.210778612915060393
0
3.592121442298311873
-1.398942546481093174
-1.520664468364821387
1.566952210386534317
1.313227011362997798
-2.860052619907547111
-1.54672854447036956
-0.5409357087616701865
0
3.168285919589628907
3.644322339247441533
0
0.6916938014128493073
2.907482886071269146
-0.9388805414227898716
-2.209967756383139026
2.54217583491212773
1.518182388546551076
-0.6913152288168677995
0
0
0
0
0
0
-0.7267750101816554675
2.163047674560708344
-3.788408401607451736
2.743036543737291222
-0.1496350472759828409
-2.456956050415366022
-1.914275450052063121
0.1004063336197688755
-1.3342865808754798
3.807549133663924223
3.040985073786904191
0.8248965859789565425
1.310922280127330586
-1.89747569782755221
3.402426379495504527
1.429315540510115445
-3.047481404429493335
-2.39088332610478016
0.7818882965587365952
3.183057150341572772
-2.32764292384353455
-2.999357266210869177
2.033051443746381359
-1.171767294931916226
2.058501512219809371
0.6236644939275092225
0.4518526399596959342
-1.297729647454358703
-1.872488304609497334
0.4749985080846676477
-1.316787996503933966
2.934102926931323019
2.673117455584969715
-0.3600713150944024887
-1.744793453896495317
0.5557003081020865931
-0.5442660288790182044
-1.699306466890175171
1.512416989515566357
0.5282752158944763465
1.813461909359067148
-1.054211600894194412
-1.137432027585032479
0.1498963249805456144
-0.4050714956391268662
2.972212606865680673
-3.51259923194100665
-2.311394740068531739
0.3755301610241944532
2.093273163373022161
-3.808951044075851389
-0.8539934666499260363
3.265714128411087547
-2.396259540732477156
0.1706686830116916909
2.780350721673503944
0.1786574947886868658
4.490251852243319242
-1.804980519097630687
-1.410716482409273054
-2.445656822194116398
0.862967844316227084
3.334706216199258666
3.679232273219849247
-3.823526602529435436
-2.051409798978311994
2.292631402247448325
-2.056301702122034669
0.6332350607584500413
1.058725190116280634
-0.6912427990193509286
0.6222545468993532225
-0.9116503489375018532
-0.5308459536892873309
0.5199362384962740169
0.845997215923944168
-0.317548364946510786
0.0834655952793688094
-0.6052839020367889455
-1.013020976379067406
3.346920327830061659
-2.719394117676573241
0.1015532917276444624
2.094976293368190134
2.363509023488896243
-0.5264227289711542745
-2.96296386756074126
2.547153045672497562
3.072923942546762266
-2.948724109975392249
0.5014291997892029729
1.836401793225967749
-0.499341476406028939
1.850641550831791937
-1.683025601428372653
-1.139599888750275181
-0.534346288968106653
-1.749016508912845769
0.9284359310574574753
1.09181498021206802
-1.420113365087004587
-0.7262623693548263537
3.926119181058405072
2.386338157345031075
2.696079029865797061
-4.025324839355950424
-3.756792109248386691
-1.986370264571830191
0.4656403432938115428
2.47844537881098459
2.401682596958689242
-1.977529139884220966e-05
-3.767228153532453216
-2.938834706028083055
2.842785468111390212
-4.260676435623478753
-0.1217219218837279071
2.712169557843878476
1.005792835708699373
-1.861998616571244769
-2.115723815594781065
3.709221628351299316
0.2546586328099367802
4.169539523760477095
-2.577791492849495825
2.215789084658420283
-1.630574342835639179
2.25126881192006767
-4.971745670871483114
-7.280989660274832964
2.583822502594216974
2.889822684742363368
-3.061633391425799822
2.01468178367183226
0.5799888691765830995
-2.45885850991768784
0.9865929530426775784
1.347926883684929189
-2.126304819243951094
0
0
3.707142800044155528
-3.208397977950439461
2.091504099369853265
2.401168853762559063
-3.109531220406816399
-1.150005706607172051
0.2504905532983316974
3.039306686748515229
-2.663698303836369963
2.367592344417240646
-0.6948851436507962331
-2.129722161949358039
0.898579672340811042
2.989124775950734225
-2.620688118862238181
1.727669128952216138
-1.012884475307915144
-2.60350459869887052
-1.791786504585665796
2.459104418846568052
-3.309071998985477325
1.942818797187506163
2.982895104374275519
-0.9127156651962279321
0.7869640039827262568
-1.189239876510083782
2.300493761996034614
0.04548698700663457439
2.057228247965082524
-0.3058709614539984467
0.9629075704389146173
-1.369646942795906597
-0.6195792463497494795
3.377284102504812147
-3.107527736301881394
2.954957577425929571
1.412691503343335375
-0.878939443492658623
-2.363099209419001756
1.201204491872475577
-1.094320677526183561
4.119707595061015581
4.31159435745466002
-1.983638013886360074
0.4254901293578303711
-1.324477859777800415
0.3260609774278365736
-0.4364706432169272454
-0.2204075499181313014
-1.689320066230429296
-1.16354558086919968
-2.43654113859196908
3.073575774634582203
-2.335743269619381834
0.01423975759852713803
0.5257708968550179884
-1.183684125022930633
2.277461004577396864
-1.72770675212118241
-1.073833428157879633
1.581988393148459959
0.3889487918676506339
-0.6954726114303134699
3.112600526702721027
-3.03052973989650587
2.01280503551717338
-4.232868496826264426
-1.339388151542725502
-2.839258807748016533
-2.916021589600215513
-1.038826303021228359
-0.07676278185219931327
-0.2537251990235364074
0
0
3.914880890950541037
-2.832450125659432771
-1.953750439102057257
0.4696435860341390267
-0.03937440079599063836
-4.93608792305996058
0.9472171500138566458
-1.978932602908912264
3.445451462959812527
0.3325536906741490273
-1.596290064697640343
-2.30924398940334985
0.3613339306420604857
1.331452351192088157
-0.247795803785243185
-1.97311083898370998
1.067132634818223735
2.788816133440851885
-2.914188857143785949
-0.6717143423493046051
2.09054510361383139
-3.51926779120695743
-1.2614556469927245
0.5339761418816169058
-3.612505547726152066
4.065458085791542331
1.378399777101305901
-1.477134685283299387
-0.2609854713466592813
2.135370862442402373
-2.687058308689507236
0.01718352016145890254
-1.063775981341848365
4.481818826426223978
2.782277648242118318
-1.15554563604353433
-4.128439555325245536
-0.6406763030964860439
0.4760364196578125151
3.487763252228759381
-2.571494742760495722
0.5670980477294546018
0.6538733239632301686
-1.384250012399686369
-2.924031036114456139
1.877195286578987155
-2.401702372250043016
0
0
-0.4853634067374666961
2.957155320150780753
-3.06247748806350506
-1.031893972162714279
0
0
1.283782366811704767
4.046667172355762787
3.011726832570947199
-2.038123336362843485
-1.214670219944736118
1.462782220025559798
-1.539781023714238639
-1.2300401511920942
0.8234531164180449725
0
0
0
0
0
0
0
0
0
-1.900535828447032838
-0.5122699365023760665
0
0
-0.2104058081189109364
1.271044955940968446
0.5163499054389961707
1.993423001630286073
1.641241922702548761
0.01920805497416141344
0.07214896858035135807
2.012038500446969636
0.8781856884348772097
2.555464213126242168
2.15918316685443612
-2.892671591013274313
2.566928223744130211
-2.291630946835981675
0.4677957722201036006
2.609682038661695014
2.069010180522204312
-2.099132451524013288
0.4750857819221609435
-2.29552516939866047
2.686924901092727413
-1.010338475934071445
-1.153100500588642774
-0.6887494973161796263
-1.468912516312804284
0.3808043952482295103
-0.7752207730241049699
3.450153309774901977
-1.68500968901136372
-2.990241439589825578
1.914376038306065952
-0.3653070511591415825
1.885346757527697426
-2.926149752922734937
-1.271087214960349154
-0.7129539247057110618
-0.5090179868301289989
0.2039359378755833951
0.1749066570972157564
1.138250397185048168
-2.938808022249562502
2.492595311295984217
0
0
0
-2.740553604253364917
1.795431788865971878
-0.1259623525246304776
-3.254785645051459841
-1.590620123389617113
-1.402925535781346378
1.263701973157750569
2.614591251725581156
2.396356333789189996
2.119832122475428626
-2.577543715586529061
-3.033188770679413171
1.040076307186655891
-2.855534462384169636
2.704241828849992757
1.664165521663181213
-2.195931100391693924
-0.2616641200067224005
1.851860109270301313
-1.699541178183892942
1.772116803551058162
-0.09866416709836314802
3.138592790494409979
-1.970484063323982626
1.26677289427257711
3.156930203129601598
0
0
-3.083624977958939528
3.237256957596195139
-2.629435750708080999
-1.113140914634592527
-1.434837018295430866
-1.606648872254384575
2.030583515903801484
0
0
0
0
0
0
0
-3.100471565982680477
-0.896863484287082291
-1.749582287414143122
3.637232388157208618
1.773951858656108049
0.8831396148629852005
2.053493267610140283
-0.6895558669622815495
1.170353652747167184
-1.572695481825443942
1.499256796573020356
0.820143353086508764
-0.5311213596293706818
0.3289031438258414042
0
0
0
0
0
0
0
2.354416659196653328
-0.07297802996242941376
-2.334255916290198574
-2.439213906136241672
2.556367378894596865
0
0
-0.3262789959410167251
1.048124186220668275
-3.594744558923397726
0.9431661963746247324
-3.444963100431220671
0
-0.2546961927183808427
-0.02038979778864292297
-0.1087688933223974752
0.2494763987571875785
0.5513405271403875041
-0.5527125317068344312
-2.840056284815124954
1.590462008451147824
0
0
0
2.143263132700238494
-1.179408735513433504
-1.628405591893973492
-0.4030319731904795089
1.361546654488947627
1.039898299361821099
0.5928269246886918031
-1.234232279877815142
0.2685327301114281973
2.038954574780592832
-0.3521810789216285875
0.2343063949297378989
0.8060367198587385928
3.44251872688752858
2.165299662411728665
-0.5406718581394287515
1.285186693464589913
-1.582486816788670092
1.717743002348828041
2.565376152351463546
-0.8735121403232003479
-3.697263377026798636
0.6936917432888812796
-0.526757200790324287
-1.156025168272349468
0
0
0
0
0
0
-1.20516417986090385
-0.6292679674820286229
0.2315946324750359497
1.158466524826053945
-1.328389265814286402
0.9222645428725519956
-2.352382712179863056
0
0
0
-0.02902928077836830489
-4.07705841943461067
1.354344914110936049
3.162523961562057728
-2.762129980829601816
1.256370218337393707
-0.4689448168632301961
0
-1.040495447247467231
0
0
0
0
0
0
3.471657981734719289
0.4840818587140598983
3.199889166999288825
-3.93782328428543682
1.492166307556956006
0
0
-0.9148967734316737488
-2.415956284648545616
3.008461143630817958
3.689514148905066016
1.890157308857024265
-0.4176378444731123074
-2.21699468452195525
1.793040247751020777
-0.3757440422717192585
1.574550814290219813
-1.799356840048824457
2.210678092223897551
2.604851404240082768
1.404692698733638778
0
1.841250642250315206
0
0
0
0
0
0
0
0
-2.427394689158640873
1.356210785712654854
1.505828089120383018
0.2019507196979437036
-2.261277886327326847
1.374403182161684889
-3.118684104490203612
-0.1049579898460434035
-0.08837909553375472571
-2.053984237420039438
-2.14927272772498279
0.3582452920795882179
-2.287343753108290301
2.143174540157982033
-2.137726449700553033
2.047886049853038681
-1.277219064475081156
1.65506253796235181
-1.147355195875028322
1.784926406562312051
1.467798481919740716
0.7073804372431926613
-2.6066973383280021
-1.258761356555454292
2.932281602437337931
-1.45934214245295113
-2.705971520551002651
-0.3171279246425738885
1.518652527566271004
-2.41980528687982499
-3.180223331556375044
1.625472782692438445
0
0
-0.5840248346709803196
-0.7604180446765500534
1.835780452208844782
0
-1.966141793798646731
0
0
0
0
0
0
0
0
0
0
0
0
0
0
0.5758962123788717857
-1.790847152798297204
0
2.250653808686839064
-1.023993446365576432
0
0
-2.209497617363418875
0
0
0
0
0
0
0
0
0
0
0
0
0
0
0
0
0.1497814584921769721
-2.008461628811280431
0
0
-1.725315035200474689
1.314928438605009076
0
-3.820198866618172318
-0.571550630384236924
0.4136707586938160319
-1.562533121799012825
2.347937739078946873
-2.292983111869822732
0
0
-0.2717688147353697903
-1.039931634638890934
2.178208120676913939
0
1.390966895207903065
-2.194624422563121957
-1.779201622114461756
-2.407063080988389725
1.516294836073861951
1.22537361870364081
0.394173312016193822
-0.2184894334608569466
-0.3969703601986308006
1.367608267480868944
0
0
0
-1.840833412363275468
1.764578627679491918
-1.4438630521646445
-1.825376000079500516
0
-0.4770223424092277509
0
1.636363226858985387
1.19994362611815597
0
1.348353657670272598
-0.3216483551270781782
0
0
0
0
0
0
0.1496173034077326325
0
-1.154260066014731301
1.023963637554970774
-0.09528849030494324079
2.412229529499627656
0.5217315656558686454
-2.917156727018795248
0
2.569471811172085562
0
-0.4764357140207687302
0.4504361783302493483
0.1261659381500890298
0
0
1.808179047451121901
0
-2.158243087303457486
-1.976203880492819254
1.934266980385116685
-4.697375838061962128
-0.7304499900708093518
-2.460109802699925741
-1.808740577446697806
0.3047836518305763187
1.58885688118444901
1.329370130668384498
0
0
2.113524229277217614
0
2.715807308285061339
2.430898529846768241
-3.14108526299666746
-1.154692787924229913
-2.109493660265570725
3.141659699625788171
0
1.49203945330030141
-3.344980156528188253
0
0
0
0
-1.670002012797412894
-2.11707338747056184
-1.131121776131014389
2.861771651341444844
1.676965968527378337
0
0
0
0
0
1.388265891944657104
0
0
-3.43888829267466356
2.047740245516216806
1.911793569053427788
-2.823751236703598622
0
0
-4.487316821082120377
0.9268718923510179675
0
-0.1673583207632702852
-0.3242702401801600409
-0.4077370743424240107
-1.600776675623928336
-1.437397626469345102
-0.1569119194168872022
-1.193039601281156825
0.1633790491545888679
1.280485707052458011
-2.511928345299073051
-3.191041788785589084
0
-1.536996052563289084
2.237266035362036831
-0.4556450550929254661
0
-1.7296598126291165
0
0
2.666627508939284574
1.284073229353865475
0.1274626137237782897
-1.255091665861588712
-1.514578416377662329
2.33107069541987455
0
0
-1.382554279585360257
2.20360808169587985
1.350889278568184082
-0.2594867505160714516
0
0
0
0
0
1.737818943293216734
-0.2849087784384018995
3.601533113565872135
-1.235486496262617306
-2.022727721731623074
0.5767437732972257036
-1.646299623392261768
0
0
1.079291534824925014
0
0
0
-1.649620246325486539
0
0
0
0
0
0
0
0
0
0
0
-0.4470713746730871074
-1.827059204566419348
0.9859516113402302384
-1.405184042354683083
0.4218751622126992729
-1.200158705508504786
0
0
0
0
0
0
0
0
0
0.3018641283833325417
-1.663565584378521756
0
0
0
0
0
0
2.670815342944021342
0
0
0
0
0
0
0
0
-0.7872412254690107636
0
0
0
0
0
0
0
0
0
0
1.98639247507259209
-2.223043396689436957
-2.488861313157711308
0.5025477615276994214
0
0
0
0
0
0
0
-2.391135653698694075
-1.622033867723264633
0
0
0
0
0
-0.6187464028935473204
0
-1.066949350679681885
0
0
0
0
0
0
0
0
0
0
0
0
0
0
0.4154228004486603676
-1.483844713544925975
0
-1.899267513993586398
0
-4.596025957457492872
1.970058030008194239
-1.833141151913434408
0
1.704240113539778001
0
2.762884805544058242
0
0
0
0
0
0
0
0
0
0
0
0
0
0
0
0
0
0
0
0
0
0
0
0
0
0
0
0
0
0
0
0
0.4304769520425804075
0.07389133401144312718
0.1060743192360352194
-0.01772599574355393504
-0.3159729257466428742
0
0
0
0
0
0
-0.2658179164683528439
0
0
3.53738126545316689
-1.03494033978481581
2.273684326725432303
0
0
0
0
0
0
0
0
0
0
0
0
0
0
0
0
0
0
0
0
-0.3565856180311316459
-0.448202947786134176
-1.155040438011163628
-0.3898642597580831981
0.5203761534804306477
1.270443849926602642
0.7651761782530870359
0.7500676964461718832
0
0
0
0
0
0
0
0
0
0
0
0
0
0
0
0
0
0
0
0
-1.263696938727688845
1.208041433155353284
0
0
0
0
0
0
0
0
0
0
0
0
0
0
0
0
0
0
0
0
0
0
0
0
0
0
0
2.471738371882970853
0
0
0
0
0
0
0
0
0
0
0
0
0
0
0
0
0
0
0
0
0
0
0
0
-0.6003222699839289023
1.396755998869672277
0
-1.992582504815526345
0
1.997078268853528016
2.350386854121869984
-0.5884280766148416442
-2.585437263567831323
-1.392260234831354637
0.3533085852684149097
-2.938814930736550757
2.581994135502535759
-2.310105021875319853
3.410387583006478263
-3.076669081751880253
-1.798014540477586909
1.413378396054098873
-4.892099157377951535
0.8283934475045002799
-0.766564059876656545
0
0
0
0
0
0
0
0
0
0
0
0
0
0
0
0
0
0
0
0
0
0
-1.286543337387450636
-1.289341169149367916
1.908472301956480655
-1.997009186952319659
-2.216088487807824414
1.278654541273918532
-2.402309484656675043
1.092433544424271874
0
2.299190038587838547
1.417166671036072856
0
-3.031153249394768601
3.494743029081368135
-0.628843764738093336
0
0
0
0
0
0
0
0
0
0
0
0
0
0
0
0
0
0
0
0
0
3.211392936531964004
1.206756494163508941
-2.00463644236895977
1.193177028736719381
0
0
0
0
0
0
0
0
0
0
0
0
0
0
0
0
0
0
0
0
0
0
0
0
0
0
0
0
0
0
0
0
0
0
0
0
0
0
0
0
0
0
0
0
0
0
0
0
0
0
0
0
0
0
0
0
0
0
0
0
0
0
0
0
0
0
0
0
0
0
0
0
0
0
0
0
0
0
0
0
0
0
0
0
0
0
0
0
0
0
0
0
0
0
0
0
0
0
0
0
0
0
0
0
0
0
0
0
0
0
0
0
0
0
0
0
0
0
0
0
0
0
0
0
0
0
0
0
0
0
0
0
0
0
0
0
0
0
0
0
0
0
0
0
0
0
0
0
0
0
0
0
0
0
0
0
0
0
0
0.6565980783194819148
-3.382385661928192455
-3.82624647461127676
3.248648236233935283
0
0
0.5434257126858557108
-0.8689502614774353706
2.469564837067390606
0
-2.732230790979367274
2.025704024384014978
-1.863280529501931682
2.894654285860362553
2.982510275275718659
1.481450764059492275
1.677278524684781447
-1.501059511216613629
-1.305231750584207928
0
0
0
0
0
0
0
0
0
0
0
0
0
0
0
0
0
0
0
0
0
0
0
0
0
0
0
0
0
0
0
0
0
0
0
0
0
0
0
0
0
0
0
0
0
0
-0.4438608126830842493
0
0
0
0
0
0
0
0
0
0
0
0
0
0
0
0
0
0
0
0
0
0
0
0
0
0
0
0
0
0
0
0
0
0
0
0
0
0
0
0
0
0
0
0
0
0
0
0
0
0
0
0
0
0
0
0
0
0
0
0
0
0
0
0
0
0
0
0
3.542089338884322203
0
0
-0.1359466764627842994
2.438271556983391264
0
-0.9840935449797162393
-0.2357074629062893556
0.8058666592898282577
1.202058420380490045
-1.420513145720538217
0
0
-0.4364196007408241984
1.041574122196081031
-1.184805682814243255
-0.679113443486516144
-1.351264712715882776
-0.9550729516252211004
0
0.396191761090661565
0
0
0
0
0
0
0
0
-0.08322042669083773436
-0.5052676716735156059
1.287328352565578315
-0.1238003149795890157
-0.4220472449826782047
0
-1.411128667545167303
0
0
0
0
0
0
0
0
0
-0.05987294006632670057
-1.796608934863654028
0
1.288063041706243972
0
0
-1.73673599479732732
-1.246629378098164542
1.347935981772570679
-2.840553776698232724
0
0
-1.103817781900930717
-1.593924398600042869
0
0
0
0
0
0
0
0
0
0
0
0
0
0
0
0
0
0
0
0
0
0
0
0
0
0
2.574218233446172288
0
0
0
0
0
0
0
0
0
0
0
0
0
0
0
0
0
0
0
0
0
0
0
0
0
0
0
1.950294856562083678
0
0
0
0
0
0
0
0
0
0
-0.002797831762044385683
-0.8848211993139393217
0
0
0
0
3.19781347110576375
-0.8820233675518233118
0
0
0
0
0
0
0
0
0
0
0
0
0
0
0
0
0
0
0
0
0
-2.307321003139383375
0
0
0
0
0
0
-2.66342571079958601
-1.932477555997404561
0
-1.941263046847013118
0
-2.08261691067566046
0.730948154802181449
0.004764570458507012829
0.7221626639530319691
-0.4411355194201050933
-3.190713333437126487
2.08738148113384181
-2.668874148922930623
-2.416103224010272665
1.641481391255555478
-2.41369255755815626
-0.6161174147522949784
0.5218391845145573527
0.7746101094272830334
0
1.797575142805960535
0
0
3.188302666985439515
0
0
0
0
0
0
-2.285130600088201014
0
-0.8442220323049365316
0
-0.1096475372971340428
2.217403736886782717
1.440908567783264482
0.177275928520009507
0.5080421547804514493
2.17548306279106729
2.113443062015117668
-0.7764951691035182346
1.679683360569151684
0
-1.709361582106331268
0.7861636474489080983
2.029138391468784608
1.974415574548600283
-0.4337597014459658729
0.1183521029252694173
-1.327279414566209459
-0.05472281692018443611
-1.910786288543515177
0
0
0
-0.00839996717180970659
2.812978430667324226
0
0
0
0
0
0
0
0
0
0
0
0
0
0
0
0
0
0
0
0
0
0
0
0
0
0
0
0
0
0
2.10874693042663619
0
0
-2.795318157460759068
0
0
0
0
0
0
0
0
0
0
-0.7261835843436743598
0
0
0
0
0
0
0
1.137956599266852553
0
0
0
0
-1.906647568153147843
0
0
2.05148821774100476
0
0
0
-0.152090235387143613
0
0
0
-0.1586069344757509436
0.6233010559858392918
-2.566782210470317072
-4.756255630056772432
0
0
0
0
2.088989444348259283
0.5892764084074048059
0
0
0
0
0
0
0
0
-2.408175275994565823
0
0
0
0
0
0
0
0
0
0
0
0
0
0
0
0
0
0
0
0
0
0
0.338766652743695551
-1.160946383197158704
-1.499713035940854367
0
0
3.812941270449781594
0.1035981707044432709
1.273533566816586138
1.492153175311289104
0.6858738172174567715
3.400882655343941519
1.13969724689588392
-2.539407703633195901
-0.6516312063042198899
2.912600806689118027
-0.4120586151058402979
2.626360874359586095
2.041387565626165745
-1.791328453200103699
1.772903559793234329
2.838938593718104642
3.095239630810263876
-0.5849733087346691285
0.9494322516041003857
0.2125777193585032532
1.46583498529771461
1.800827252131206535
-2.145807379207602672
-2.882661911453975101
-1.581797213197424723
1.840065254456061394
2.551500127147915631
0.3349922668334919251
-1.652403539064727367
-3.047632198495139555
1.267499984448507533
0.7114348726918541255
-1.42353120465691485
1.637340692861192437
-3.492468793520789205
2.038164228617433515
1.700789903511920498
-0.5560651117566534074
2.089756516449229107
0.3698407084126849598
3.587779323031819345
-0.3373743251067969906
1.233103177367567804
0.05159228783101843518
2.088438433238207992
1.787042572084908354
-0.4225299658884950071
-2.354676145665558717
0.1030100934630187731
-1.499340889793810083
1.619605157932297201
-2.20957253797340325
0.213938538585064314
-0.1674374141526109305
2.816479381932135428
-0.02466354773245672816
0.7594975465958530014
2.354105919416368486
0.3622653303021972082
-2.841142929664592032
0.3892394218069052392
-2.056981835336282316
2.936381565929381932
-1.991840589114171056
1.169935396112142367
0.5822756465130135561
-0.7110548452976186429
0.859422657178498306
-2.967909860566191327
-5.184417720880614588
0.8687518682097267186
0
-3.678979040516021648
-0.6099394458197378022
2.551836539406576065
4.439613036735551965
-1.302261520996071953
1.728490842312307318
-3.803643236746307554
1.188455686837421421
-0.7436904929406031872
0
0
-0.734361281909585828
0
0
0
0
0
0
0
1.570477502475648546
-2.256855015268573794
3.069039594696283846
-0.1246641962302858647
-0.1343686652705053108
3.161775985226313868
-3.203408259966789018
-1.932146179778024608
2.423511076558467536
0.009329211031228417869
0
0
0
0
0
0
0.4313369315680196658
0
0
-1.808288933213601846
-2.216507860314423706
1.887776497328976122
-1.459710701596130367
0
0
0
-3.946634631338809207
0
-3.832716018826269444
0
1.534405560340018182
-2.711122194423244647
3.030752363308379493
-3.048076740752277303
-2.501381715750235379
0
0
0.5466950250020422564
0
0
0
0
0
0
0
0
0
0
0
0
0
-1.746866437564104091
-1.757945221568561589
0.3307662262604418868
1.99820713427105745
-0.7470641206428285663
-2.73960862773697178
-0.01107878400577055368
-0.7157732689441264062
-0.8698062264919658171
0.9998023169217520323
-2.818641246934529665
0.4040574183706654998
2.023835358792546391
1.869802401245005852
2.303413602773916491
3.222698665305194776
1.719727720858233333
2.299141063518981287
2.624405337399598803
4.688443648179535295
0
2.505462774154836758
-0.004272539254951082492
0.3209917346243505998
1.954437059861164006
-1.973902366310434031
0.663745939573015975
-2.509735313411207258
-2.184471039531817649
0.3345805734324375225
0
-1.290691120288147919
0
-1.619856486428726594
2.042552115961837611
2.8213783978391338
0.1140035930668746172
0
0.7788262818772964113
0
0
-1.928548522894962813
0
0
0
0
0
0
0
0
0
0
0
0
0
0
0
-0.3672626924526582459
-2.270834618460473298
-1.819981611823239032
1.265664406644580353
1.130171355634082442
0.3279610550484715614
4.321327179678148056
-1.45271891937058073
2.749449989418874196
1.632927099097200907
1.854961634380151603
2.553937150195908501
3.993366124629730063
3.322553621539690916
2.421488934370366941
3.053036733655771329
0.6989755158146546687
2.502902296857673292
4.272676814005027524
1.467591987162936817
-0.5501344367980987027
0
5.271594361654474703
1.219640080363890267
5.529700881812718904
0
0
0
0
0
0
0
0
0
0
0
0
0
0
0
0
0
0
0
0
0
2.088711447829003642
-0.7046944849384613185
0
0
-3.123062620341212625
-1.112045109914481911
4.201904178169348469
2.241263109707706036
4.738062201648020277
0
2.637648305883450117
-0.5358329471007815537
-0.6475185227800972498
0
0
0
0
0
0
0
0
0
0
0
0
0
1.619777940421881057
0
0
0
0
0
0
0
0.579413342660756947
0.467727766981449522
2.011017510426730937
0
0
-1.684339895937895015
0.1195868851051314907
-0.2449109215040694565
-4.528571520503879455
-3.992413497025207203
-2.346286963240415524
0
-1.44563151749147889
0
0
0
0
0
0
0
0
-1.640888714832151596
0
-1.868549171645958795
1.504161609751717865
1.955014616388951909
1.484759047976228707
0
0
0
-0.1116855756793073695
1.770950200259088447
1.543289743445281248
0
-0.2276604568138071993
0
0
0
0
0
3.353308219622187725
1.803926781043025951
1.439428974433825115
-2.465873848345546904
0
-5.774046099048728564
-6.244301667461451544
-3.747502575521136858
0.53615802347867203
2.182284557263463931
0
0.4508530066372340439
0
-0.4702555684127231461
2.496799091940314241
-0.8833975006170825539
-0.3759654294334405789
-1.284110362160906016
-2.519866985828776773
0
0
0
-1.63646948521169433
-2.235416993293507293
0
0
0
0
0
0
0
0
0
0
0
0
0
0
0
-0.2850879096518433853
-1.949851374877256793
0
0
1.094925292181767595
0
-0.5826055784304694507
-1.664763465225397088
-2.750325379358450117
0.9534059993350618711
1.380013201833600656
-0.9529649234299811811
-2.167719800928385787
-3.854923106407539546
-3.673839003874121545
1.536011577765530545
1.154806248678309499
-1.904199388356192291
-5.007356804536773787
-2.901958182978836565
2.107771172109752289
-0.07451264799520315729
-1.778755860058742089
-3.103157416183511152
-2.845050896031058318
0.1254435282974549759
-0.2683871132461259079
-1.221654867864476524
1.612428375575047035
0.5268664614413050007
0
-0.8306898753493515697
0
0
0
-4.05195428128772317
-1.628552781710387753
2.105398621546907378
0.2581065201553822686
0
0
1.30238225617897907
-1.907733800550266423
0.27926357238577737
-2.122699678226034781
-0.6300799516056252436
2.887984419903392386
2.792066535212413214
0
0
1.16462523886016367
0
0
1.38367695287844672
-0.9532677546183656592
0
0
0
0.3909649925142142934
-1.33736120050658891
-1.085561914133381434
0
-1.506119202948771552
-1.357556336789695894
-1.871732817183971109
0
2.423401499559195926
-0.2810675795550527933
-2.805084826836404144
-0.7724216863220492169
-3.47689076537456554
2.961529716904979459
3.142613819423416111
0.494180223304475863
-1.987206486296420493
-2.704469079079793392
3.733951403239155198
-2.524017247263199426
-3.425081934426356778
1.48968427905843348
0.1810841025305627849
-2.648433596112915733
-0.3656136142321635973
2.363748247890327558
-2.17001549098261437
0.6354220548699711646
-2.818717039229229115
-0.4332482143802253716
1.8495717674951766
-0.214965877676828454
-1.331488767998998402
1.277653848944598769
0.5814610986219829192
-1.466981819009547605
3.257422395737525012
-0.9093435239912673884
2.608720847501829532
-0.8110274016381375795
-1.728326193019604995
-0.5141764803955636287
-0.9010646871707838068
-1.116522890322164896
2.805437545855554937
-0.6487015482424742796
-0.1354930510105354091
-0.6961927503226160718
0.09831612235335712713
0.7945088726760337616
0
0
2.385468824861354697
-0.09591788470810520828
2.282819981881451188
-2.481386709585178263
0
-1.467847843119422846
-1.223582595089811154
3.060871897518107509
-2.215038777830972805
-2.068937588863874577
-3.697380437764163474
0.2442652480295878226
-1.027362363596481254
-0.7471909347115498479
-3.194479475007081071
2.670018074167681998
-2.465830185501068694
-3.101683441300372213
2.950189503052559559
-2.615435716456630644
-0.8116170295914191257
0.7286492895070875164
0.09279603370670877482
1.803818686865211518
-0.8062793580938324434
1.908729480032651971
2.708231750162984675
-0.4118970147018757855
0
1.795611703833798645
0
0
-1.049128470844446825
0
-1.431688410129328126
2.622835995729870362
-1.602350983257280204
1.516595064469278498
-2.446221257143187611
0
0
-3.297050252448481267
0
2.547142144122476637
-1.719915808036570848
2.207508718535651671
2.036846145407388065
-0.6372314561425709289
0
0
0
0
0
0
-4.077463379758251349
0
0.7179409144432956635
4.284454492607918219
-1.271627611626437782
5.367138844501941009
0
0
-0.8508289953052939891
0
-1.683167232962124116
1.189052034596095986
0
1.540266319098506642
0
-2.61009804495904385
1.08268435189402279
4.054524405859198488
-0.1706625731281884162
-1.902821873538998565
0
0.9693973940192214256
0
0
0
0
0
0
0
0
0
0
2.87221926755821988
0
0
0
0
0
-0.7387771947664532046
0
0
0
0
0
0
0
2.519051612964255504
2.261494023013110866
0
1.869608543413717738
0
0
0
0
0
4.057584615265827921
0
-2.353385775314492889
-2.745271254913886239
0
0
-1.163298183373596251
0
-0.3918854795993931273
0
0
0
0
0
-1.147685666037515428
0
-0.08165063211260822906
0
0
0
1.219214066143953001
-3.324659421794958547
1.066035033924891406
0.7995022701303323709
1.300864698256540608
0
0.1461011889670984498
-1.395228659430411966
0
0
1.752001212283692988
0.303631166441044209
0.7983565789256479306
0
0
0
0
0
0
0
0
0
0
2.395969105295252533
0
1.774542368126700964
1.231820151410799369
-0.8332283580776439491
2.515236218069572427
2.212603049415251544
-0.6214267371685514574
-1.164148953884452942
1.27947959440170167
-0.3026331686543207722
0.1950935911389965471
-1.235756623667870757
0
-1.106864721065332402
0
0
-2.622546886039780922
0
0
0
0
0
1.268716185409259678
0
1.477054569071749812
1.628513751480434202
0
1.667222147717418723
0.2083383836624901619
-0.6077740678687446607
0.3597975660711744128
0.967308824487826735
3.182660828628395056
2.445550817482232464
-1.458883764054928589
2.726840705190733072
-0.6999133232295919882
2.685211508079599962
-0.7371100111469961469
0.7915088833008641078
-0.4558201234376375033
1.104407758738669365
2.420570660737420887
2.398230401142529278
-1.893702624778735855
2.084891072705893578
-1.580803749340930597
2.681505869030733624
-0.02234025959497020278
0.8402656657225286985
-0.3356795880314706326
2.477432816696258921
-1.841240203308205148
1.456747531460706568
2.791214088852895792
-3.017185457062134812
-0.3171071461440566619
2.016925004068629956
-0.1750493676795533138
-1.020685285235552575
0.3137812721560350182
-2.191974371748182993
0
-1.70314373191319679
0
0
0
0
0
0
0
0
0
0
0
0
0
0
0
0
-0.8456359175565905106
0
0
0.9486310949064332698
4.593647658814602686
-1.885398691677369953
0
0
0
0
0
0
0
0
1.528618894447860255
0
0
0
0
0
0
0
0
0
0
0
3.645016563908169083
-2.834029786583803112
0.4977267597933172638
2.378706800706010149
0
0
0
0
0.8626059253176345809
-4.291933025921264466
3.297987734768911938
0
0
0
-1.208619185554491215
0.3328986456078082412
-1.266309763202159155
2.044150881430348843
0
0
0
0
0
0
0
-2.507822971914406729
-2.445646972707057998
-0.2071758101625786608
0
0
0
0
0
0
1.880980040912692886
0
0
0
0
0
0
0.06217599920734881436
0
0
0
0
0
2.238471162544479309
0
-0.9962354654683589494
0
0
0
0
0
0
0
0
6.60648735660050157
-0.3579121434583409922
1.929190990762670088
-0.6518080012723472816
-1.232346378788126806
2.387944937376819343
0.8175005306410170203
-1.136886260326096521
-4.67729636583783126
0.9807125121229844922
-4.218542419223681783
3.306061560513593456
-1.954386790967113541
2.578522104289519223
0.1538926717366060348
2.779037810469355385
0.1632119814819674442
2.854718318626357387
0.7731064821129685072
-0.7275394562240741214
-0.5270237500456045332
1.951673647842886661
0.7173606907431981927
-2.08161183651338888
-3.381742068671961921
-0.4768865126201154991
-2.261245181577571373
-1.234312957099688246
-1.229337467214344448
-2.428560160463002049
-1.543631381424119375
2.090750183638332427
1.031907714363226924
-0.6535307256444821133
0.6278688657654568628
0.7176138001534516642
0
0
-1.058842469275105724
0
-1.462881317872875675
0.2819270080995907035
-2.142036932147878936
0
0
1.315429318672581616
0.1374632464781092023
1.191672687704766531
0.1088227846660792808
3.815216449226697559
-0.1237566309677836374
2.261662826694693873
-0.01620530856855157548
1.998263318089546159
-1.206606534006671394
2.917138849117319133
0.91253139153748275
-1.553553622533028644
0.421204843372072979
-1.816953131137946764
-2.004607457579836716
2.287103134221010858
-2.495934005745580109
-0.874434235329786036
-3.516235743017888993
4.315884954294693543
0.7754748487829580261
0
0
0
0
0
0
0
0
0
0
0
0
0
0
-2.466085014071050185
4.291710591800847574
0
0
0
0
0
0
0
1.054209441226657384
-0.5304757389123586631
2.385419457662477427
0
0.1743265121333866241
-2.881570763885811903
-0.3487262753965404971
-2.471702803296581319
0
0
-0.008659164930937653798
0
0
0.7806461458919791152
0
0
0
0
0
0
0
0
0
0
-3.540410105511734962
0
2.108279462703719354
-2.798972527256587295
0
0
0
-1.500645938338367902
0
0
0
0
0
0
0
-2.646029315429968332
0
-2.424629432552913411
2.532844488489271573
0.4098679605892308064
0.1088805482418018084
0
-2.42396394024746975
0
0.7585212552573934452
-1.448370045842648945
0.1622942556078266207
-0.9536446333580451684
1.305453482571274026
2.939802955970683307
2.28336919900306734
-0.5962269996495667135
2.606344790545728873
0.5469322273138806922
2.75688982836394425
-0.6564337569676158557
0.7133390342581983345
-0.3334581654261792871
2.626388377628094961
2.309539642412720806
-2.043550794105745805
3.122879955635290639
-3.09034799379134828
0.3069637282170465387
3.074370912469752692
-0.3168487352153741554
1.12684922151689948
0.4964915780062383321
-0.9555927246371938022
-0.5093251665697332564
-1.947521690953599061
-2.577879334464471039
-1.5070607216177212
0.4462675580674604903
0.9675716339399189625
1.575082892356571396
-0.5514679969805273974
-2.780226412091815646
-0.01132808031320602614
2.209558681360726862
-1.240937551434257768
-3.123994879955521498
2.685539013864630231
0.982075275567364403
0
0
0
0
0
0
0.001258829398768862053
2.444887377684923813
-2.063789680089674228
1.845939869603110628
0
0
-1.38619675093950967
1.443697956732837406
-1.991260661658380116
-4.35309043651846661
-1.515280329154476968
0
0
0
0
0
0.5213040758724586388
0
-1.438196524383865693
0
2.443628548286154611
-2.065048509488443429
-2.879596198652634165
0
1.369772791226647302
0
0
0
0
0
0
0
0
0
-2.825950672392803398
-0.6050639107188705568
-0.5989475080818129626
0
0
0
1.610664301450475566
-1.952127808680928833
-1.525520606182390715
1.539288860657557878
-2.333333137768149879
-0.3437684678637057956
-2.97456176355621249
0.09024770328373622752
0
0
2.313260530285358385
0
-3.21520745960191956
-4.919450671666356634
0.6804194327064494452
0
0
0
0
0
0
0
0
0
2.220886761673932952
-3.112666799642315407
-3.388888397344807402
0.4759803325039033139
0
0
0.4266072024985380629
-0.3812053290872211564
3.064809466839948815
0
2.22301282700162206
1.98956466990444425
-2.182283820106416528
-4.171848490010860999
-0.2762215977024919944
-1.70424321206443663
3.895626892308369449
0
0
0
0
0
0
0
0
0
0
0
0
-1.703463738297265717
0
0
0.3397343355607704285
1.281399591409938976
0.9538547000606851789
0.1887642008420560846
1.371144525797933778
-3.316166551266413354
-1.813561612531478406
0.6141203644999148059
-0.1509701347187143716
-3.096810900312959358
-2.74240515774929472
1.502604938734704021
0.1946125892242381306
0.2193556509555174561
-1.873762740065525678
0.7651970801326368754
2.937017746974165622
-0.8721771273149859782
0.05818744249789678524
2.961760808704785308
-1.131065062253417963
-0.5805383775157795245
1.001585612750539589
1.931950182563422436
3.039752938649166403
0.4435761759984545582
0
0
-2.055195289957817195
1.51454926167661541
2.486758935189263831
1.753855135213363114
2.014468626658893591
-2.383844068184144405
-1.19040122543811977
0
0
0
0
0
0
-2.498771465956264315
-2.238157974510400106
1.070973085678155634
1.621499770415794073
-0.7913272089879306304
0
6.360935974485879107
2.223236771088372254
0
0
0
0
0
0
0
0
0
-1.831813848224599806
0
0
0
0
0
0
0
0
0
0
0
0
0
0
0
2.171820666841528968
0
0
-1.637374207447622743
-1.307992349511190699
2.427681977031393323
0
0
0.2606134914456971763
-4.137699203397507297
0.5505266847376386607
0.9722096735126487532
2.132650675003957552
0
0
0
1.160441001491309132
-0.3275448913492538527
0
0
0
0
0
0
0
0
0
0
0
0
1.56022788217708519
0
1.372412908075688387
-2.815916227418244322
1.07081861284674984
-2.192805980869336757
3.397311722008395041
-2.059412563231848292
0
0
-3.108321234996952676
-1.824956594108160024
-2.126550889337098571
-3.665694822046824175
2.700078310918078373
2.125704698291830841
2.259098115929319306
0
-0.301594295228938658
0
0
0.1333934176374885205
0
0
0
0
0
0
2.90485555605184631
-2.615825828987388135
0
0
1.182380324955877748
-2.945840765594244903
0
0
0
2.903573366206888995
