-0.3019197947478478028
1.861070861852144764
0.9921770458108946089
-0.8195935904364324287
0
-0.1421570599013864955
2.162990656599992345
2.020685626305847471
-0.5176737956885846259
-1.79381002558949465
0
2.162842686207234078
0
0
-1.651652965688108265
0.9337742222348149879
-2.035462204716266488
0
-0.5968912245663343663
0
-0.007725397025117356278
-2.969236426946637142
-2.165383264673122365
-1.530665446805594021
-0.06543360717550071592
-0.9330315941846762939
-3.432989798017957117
-2.157657867671678442
-0.05770821014992034981
0.543407307182606325
0
-2.499958203869815598
0
0
0
1.476438901367282508
0
0
0
0
0
-1.58998913182327839
0
0
0
0.4914650274844423183
3.109739042916372487
0
0
0
1.462344776504430843
2.081454159307720708
1.775221009259741134
0
2.22737325043197254
0
0.9932811924181490504
3.223586875266322593
0.4521522411722311841
3.148457995691263278
-0.7819398168415920836
1.474010978154453921
1.588874955500082953
2.199102627753566797
-0.07512887957697175767
0.9531165701787031042
-1.749575897111868894
2.550301178672913949
0.6102276722499897499
-0.6357583853337659408
0.6165682551781308529
3.24433674003204997
-1.940073506446446494
2.542015851502476664
1.981317375533858005
-1.933732923514123181
0.8405385883822903414
-0.702320888537786403
-1.263019364518862098
-0.08882424869012361945
-2.307230501732917993
-1.057768728560380067
-1.496105884092677085
-1.542859476940747987
-1.459405098850269811
-0.9293628370724139609
1.249461773172538148
-0.1423050302941448186
-0.8688938160412502665
0.8478254028826484046
0
0
0
1.532682745233275634
1.261440839191626972
2.691217639681105389
4.528842950814257584
0
4.482089357964631482
-2.274231507337869829
0
0
0
0
0
0
0
0
0
0
0
-2.441042101792269214
0
1.275331930379131729
-1.01126530130279102
-1.391766803466683022
0
0
-0.04675359284807097809
0
0
0
2.696305754519032316
0
0
-2.641278963853264994
0.8038531622772155938
-1.482744069405435239
0
1.158534894447829755
0
0
1.429776800489478417
-2.286597231682650833
0
0
0
0
0.2544226540617228194
-1.220086169836089418
1.035864625159956143
-2.216621815157021835
0
1.327333190064168722
0.7814419710982334344
2.718965299067420016
-2.471044469218744766
-2.018694840213762109
-0.04824661297510040442
3.22630349963960672
1.391632109003251294
-4.385311007906286918
-2.954136222790054944
-3.346028030277930831
-0.4379952675769553383
3.274550112614707409
-1.946946943085341886
0
-2.905889609814954699
0
2.233439713678902816
-0.340639586364567537
-3.341658363468653636
-1.508951675508386492
3.033438738412752578
2.574470328228289251
2.671434981255857988
0
-3.001018777104086155
0
0.4333734845176583361
3.374078324777320059
3.380009745787842412
0
0
0
0
0
1.716719218923898671
0
0
0
4.097874688351578421
-1.069502251310243457
0
0.182824389271461385
-1.834671390636355426
2.255950794996045783
1.174195115838683412
1.832706687960267145
-3.915050299072788231
0
-2.702692467292852729
1.252326640574375594
-0.7651691393261117469
1.93752332796918636
2.542590019171715454
-0.2945048154450459199
-3.710862885871079264
1.947565310061620814
0.1989089855957023312
2.982516376067286146
2.059161755654979054
-2.837094835632752776
2.190799972709747134
-0.5950247093251554986
3.011737614462925539
-0.9233546204015231629
1.264277261312678702
2.028202654281419104
-0.7917164034482518931
3.467243971757190124
2.542969490799964927
-1.747460353653192078
-0.983534960322998697
2.48041937912753685
3.462123807734216463
-0.9242744814544791021
2.061136285206729646
-0.9868245924864779139
3.291606776377590471
-4.386398289392639427
0.4383400895251522988
-1.400987522567498367
2.356219026132557737
1.745575398941670464
0.8537546854404768348
-2.85326668689926688
-0.935387750168405141
1.768900070763276933
5.062754314437478698
-0.89182071350384029
0.4085192031268179425
3.348437628778308639
0.02332467186593844069
4.158779096216500548
0.8340975859580642693
-4.654235111311392892
-1.714316685657542916
1.82467247680275646
0.7172197862080766928
2.185932799584983766
-3.324681510258445272
1.084769942677092036
0.4174386797341516075
-2.334106619409719308
3.64171050763471138
1.468713013339536522
1.723480463401056761
-0.2997811064730149244
3.948190927238119041
1.354204819463936893
-2.172997494318326339
-1.918230044309221727
1.381460013771840911
-0.9727430227479916258
-1.938135711259376004
-1.377862684000456417
-2.593986107885866144
-0.6393062063718703003
-2.566730913474335463
0
0
-0.9653926885133160551
-0.1939720429083626185
0.3334368163761381454
-1.35553114984637757
0.07311902955681960636
-1.044828331669546806
-1.729926553231829534
-1.988453784979380856
-2.304249836380747762
-0.8922624996039022482
0.310702818176830986
-0.3743954033854519081
-1.836019095053878614
-3.345326707044740999
1.411987336776845403
-0.6696995634979376888
-2.001688584851231134
0.4682307413253729567
-0.4899846224291709018
0.002892060215312417751
2.675627143568063637
1.34363812219655232
-0.8819858464725534031
-3.1124568914734696
0.492876682646305575
1.048821650528373839
-2.905729522621340877
-0.3920012240452047658
0
-0.08026137983302090995
4.161278542001843661
0.2067273688521289454
-4.050187641544716222
0
0
0
0
0
0
0
0
0
0
-3.452982143892467271
-0.7956909552515454287
2.125064806982045695
1.601677078457094616
-0.2429286526129977031
-2.96061128056398104
2.657291188640921842
-1.268430006651069197
3.210053491279469817
-0.9138927054084469148
0.8761027191739837461
-1.546476234823258356
1.692181273912911843
-1.548210373886446334
2.046718575155534126
-4.347678540551879856
-5.016086946787823742
-2.422578953997242213
-4.127617459760248408
-2.424313093060430191
-5.68798734182415
-0.6684084062450224017
-2.842134797579446648
0.2200610807916322242
-3.017580028363697764
5.732819148471230974
2.208497836747630227
2.845852544214392488
3.575961156421315401
2.670407313490762213
-3.181145573557917938
-3.524321311718368932
-2.058846840740169437
-2.156857992059295182
-3.107109941971325284
-3.028584138630482592
-0.6935596316555776575
1.122298732796779275
0.07403563155786210825
-0.2908922191694965909
2.335024506959054058
0.2680202480898271622
0.1101986293808795009
3.102619770107156949
-2.86206990526484617
-1.900660319903193507
0.5589124672593238641
0.4010908485503760779
-3.846655368630945926
-3.323798622556259463
-2.349563830316950153
0.9614095853616529963
-0.9845854633660995336
-3.868597893376791053
0
0.9742347922393094217
-1.307600971247234956
-2.619331785130056378
-0.5447992708205317003
0
0
0
0
0
0
0
0
0
0
0
0
0
0
0
-5.086022060502486397
1.280894866028933654
-1.570248363227636279
-0.7717469987951230959
1.848641145378399964
-1.47692986865775211
-0.9163189750186583327
3.515773697274849674
-0.3462400634061952864
4.314275061707363079
5.523076932691888707
0.5606108936392621978
1.966244875503208478
1.130689805251557267
2.57551426039753828
-4.665772103153856598
-3.556832057205852493
-5.474067293772635345
-2.947562672296169861
-4.748175344453094304
-2.368353955304979941
1.108940045909445615
-0.8082951905802217007
-5.089695480758956947
2.379821389194978654
-1.556309983087434512
-0.6143809736187751946
3.939880153826007536
-4.389707843424674572
0.7948364918571382276
3.533385497722733248
0.9445748937425936242
4.475314507088971716
-4.976062487509905985
5.184544335288713057
-2.961200774256573354
5.334282737246627271
-3.388884877114237248
-0.5199688449783342881
0.3396701147584859082
2.014861713252979136
1.587177610396020899
0.08902555736865920555
-0.9339541477902190136
0.8596389597374632929
0.2371622702523027981
1.205013251882641301
0.6089944023469935352
-3.02655457009683504
-2.110916930990755613
1.171116418042521756
-1.943286389765487954
2.138967399672860203
0
0.9156376391060794262
-2.050013857275149842
1.083268180331347308
-1.595232301400137498
0
0
0
0
0
0
0
0
0
0
-2.001086394733997853
-1.48449249193643773
1.445783678596149757
-0.6444841468107200821
2.063201067410664891
-3.470330566923813365
-3.794912931878044127
0.5165939027975600117
-1.496903980357067621
1.356602247923277771
-2.518891846477135932
-2.169606967112157836
-0.324582364954230429
1.973426586566744412
-0.7052469823365005164
-2.415127042209676222
0.34928487936562852
-1.920597638740790591
1.813644864139183799
-0.5763322304952419595
0.1896184232588656871
0.4945294034684220574
-0.2132894946602800768
1.838794811714897337
0.7628312733087956321
0
-2.123358676592837835
-0.4029079179191458748
0.373619565055498426
0.5732128500499307222
-0.4973197908077405249
0.9345091369408734527
0
0.04863659888641290452
0.04119017689808139593
4.141678459437949655
1.431828927746149782
1.12205464446781833
1.921980126514930109
0.5459563896980903497
3.408074070269873967
3.106939680654797531
-2.219698333025299064
0.8674654383771089883
1.548359719797831824
-0.7336043891913422987
1.46500956238435176
-0.3116947212817799406
-2.239474242304284601
-1.558579960942088061
0.9077730738654399278
5.815401769023981871
-1.776704283666389328
-0.1364374496762865707
3.126375820971698083
-0.5572364885105745014
5.37256479411239507
3.211086289268671567
-5.951839218700274436
-2.689025948052278459
1.939607176865234095
2.166228681719958971
-2.161478504843739046
1.755536942991921201
0.3804713197540336433
-3.432957617247104132
2.523674234809054617
1.682195789574055134
-0.4106917387344095061
-1.785757361938036469
0.507982457467813342
3.408188496320901706
-0.8414784452576729024
2.456049880574690203
1.239181843479535416
-2.015691777229863035
3.681079394262670501
3.065494859257163363
-0.9521386163574405703
-2.169006653067622636
0.9824364191579342265
3.145418081969974633
-0.615584535597700655
2.317044888434367067
0.8248360022001495206
-2.698642975011927625
3.122113554349750686
1.770595218103553581
-0.8283731939714507053
-2.320582079924194296
0.3954253429703777911
2.576175047855463252
2.168024818945900378
-1.35151833623219253
0.7800116714943715612
-2.726688211569260112
-0.4081502289983682807
2.824859865977099371
-1.796163376582028182
0.4607460148217820683
-3.5195431551783809
3.23301009497546854
3.280694991625928481
-2.252844747084098653
3.317844729144057592
-3.603183622618057136
-2.598968412510847426
1.266698408094282247
-3.042314923158050632
-1.9284142146943688
1.004215210002944669
1.521934071667435218
4.869882030712322951
-2.557007584898899566
-2.499586135819793498
1.11390070829401
-2.903732767563585337
0.4853073382619955689
-0.3939383861401900555
-1.14817023275195651
-0.404146631907850773
-3.442742133039938146
1.174889768147040492
2.10564774968262558
0
0
-2.160104246939496875
-2.294571900307359247
2.323060000899042521
0
-0.1434648739496768577
0
2.529778032954787204
-2.560672214144662728
0
-1.125863345568766771
2.673242906904464089
1.875223769410044428
-2.417207340194985843
-2.569984061954899701
-1.6932651037869757
3.001087114978810977
2.999687107156677524
-0.02903362972316826315
-3.499665251277546574
-1.444120716386133152
-0.8520199085903712444
1.664231474063807559
-1.806400147490570651
-3.721920268776778506
-0.09426238048853440021
1.973566162750151287
3.355369012632793968
2.516251382654178581
-3.512917192894376761
-2.869900360186407262
-0.5589422101422785172
2.067828543238686034
3.902172099423538043
-3.580882037852168409
-3.418654812405842236
-3.60163226282176252
7.116805141243252919
4.461114309565815894
-3.021939827709890114
-2.020025984167712618
0
2.211373923258152185
-2.655690831677437025
0.6421877032810970887
-9.136831125410965981
-1.86684631567852688
-0.6960580233412344553
-1.569186219977054986
-0.6941972056010439207
-4.078220238936664188
-0.5412583023234195378
-0.3056781314200699429
-0.9053281757529650919
0.04679221569238097012
-0.8731281966358257485
-1.512496856302367521
1.91737399529880026
0.3903798919211644569
-1.147010626312061854
-1.55928907199474831
-2.404076504675293435
2.14948479590698005
1.870581779606419248
-1.390768308002522158
-1.257065878363231581
-2.174575786258181598
3.296495422219041238
2.280123813497734186
-1.453102773591218533
-3.676157438699315883
-3.657008192212141129
-0.78380747825565944
1.473156374471764396
3.670892121500256344
-0.6317026700748219481
-3.363456193757847323
-2.223054665108096906
2.870204862850024519
2.926259148062983151
0
0
-2.731753523683025708
0
0
3.501907532924846578
-1.759957973412296317
2.848989236887865761
0
0
-2.534244013217651137
-3.464211687710944787
-0.1493718320942603595
4.675366547071774903
4.608947210300161856
-3.188756688283051144
-0.7742860398053547089
-3.163221872056276585
3.314839855366748189
-0.9755899897840351054
0.275454999428709657
-0.9437841264152484477
-4.896256591287733606
2.187631882125966154
-0.3755043415276877461
2.219437745644765148
-3.416358070230097077
-1.128214252895463288
0
4.520752249760046304
-0.3256516189900038327
-0.4005384891265544867
1.779900250418431584
1.433924671723453059
-3.674551657393739124
0
2.105551869408435639
2.354468337572354297
-3.348900038403735291
0
0
0
0
0
0
-1.310425258937440773
-3.63098483186156562
-1.741582233044989714
2.258886207212353892
0
-1.286703851656054276
-2.320559572924124847
-2.314628151913602494
3.569311466149795109
1.737497617664062188
0
-3.974560561527732183
0
0
-1.027924300257548218
0
3.024201469320116686
0.7837915759609858091
-2.953285838084787063
-1.321473090681742679
-1.109650390619338456
0
0.5319025519485586218
0.8684422691778685977
-2.834742653241313359
-1.893441966580258651
-0.1620075698818439769
0.003812226375458065402
-0.2518890240124467828
1.545439014550589407
1.051237061227775493
-1.030449839059601969
-0.8646300428024105145
1.493126029910329944
1.826710725684286496
-0.4942019533228136363
0.7087633644579200975
3.491148533869513404
-0.05231298464025970624
2.876541533853298915
1.17309135395922115
-1.117947361226366398
1.049830808169012197
0.5602730272580366266
-0.1743062057250884533
-0.1232605457902089252
-2.075511505239419741
-1.216123423897109479
-0.7345792329832280254
-0.6495952372413152931
-1.140969820663578771
0.8593880813141847597
-2.667814232601420699
1.425916268001543141
0.3330845376872317853
-0.2648571070502273028
-1.526844411945414981
-2.628007268858344236
1.474054358351016614
-0.04581424676844275679
-1.005251202237694264
-2.363150161808247773
-0.6364397040028062502
0.6244739235723979487
1.738911465401274725
0
0
-0.5906254572343648812
0
0.670288170340840761
0
-0.2810789387461978261
0
0
2.369345201927521405
-4.080712659540632892
0
-0.7182958442956365319
2.418018420390420253
2.650424140673719453
-3.799633720794434844
-3.80831244075921882
-0.6112487909132734432
3.136314264686056674
1.985500259450035276
-3.264378047165362506
-3.090016596463582399
-0.01007951794170218462
2.596749050363308609
3.029209413580662869
-2.653129256252089174
-3.001939696987122375
1.83446316085000749
3.039288931522365456
-3.274013168267184692
-2.991860179045419788
1.76940279491198349
-0.3097742832758674791
-0.1965633781880160302
-0.4846633276418043645
1.389531495447173359
1.720450758673691682
-2.25406612255378791
1.838763325316314035
1.038738161355220235
0.3309192632265182676
-4.939171684669350526
-1.821698738777172144
-3.643597618000961269
1.013877034827292301
1.46985735414728147
-0.8000251639610937993
0.8244751584036487113
-3.660462064093486401
0.3514207710291393227
0.4559803193207317418
1.0861780812462134
2.301004921479079535
-0.1894018764236457264
0.006060199952375406457
0.1240759467332600702
0.9838647596103876625
0.7347573102170844583
-0.3453605710767663206
-0.159024736728022642
-0.06681598030897442642
3.016298077373786413
0.8597888128771282723
0
-4.108973940613291909
-0.2831006834612830314
-1.031363867046950267
3.083114057682760922
2.496180709059387048
3.535463686687743579
-4.042157960304317399
-3.048249712758885455
-0.7657642711037194738
3.527544576106337537
2.486439394791239987
-3.188148549039856672
-2.016885845711934966
-0.2775732338598852489
3.252203665894959794
-2.35758112614621318
-2.422384277936137309
2.084328958142592114
-0.558232428056190999
-2.342644761622329597
-3.615468992634200962
-2.080007892286328097
2.461609580545362164
3.212627732111625889
2.361902192002477641
0.04808825657242740692
-1.784412333566138598
-2.225713306688736015
3.019842008601552941
3.00126517675020521
0.235381901181386799
-2.273801563261163672
-2.897387721442340691
3.097477209575613344
2.953176920177777554
-0.3968576064249618174
-3.132769622623727379
-2.060545223602327169
2.862095308394226656
2.764937992646373743
-0.9306037432276853538
-1.733334541790568339
-1.663687617177365352
2.612839836713016339
3.161795599071335783
-0.794311850485424964
-0.8027307985628830966
-2.087417959140942525
3.112722266024201989
3.543443579940701582
-0.2308574233038356571
-2.657778134560278893
-1.293106108655517339
3.907034116509627175
2.099307407594627417
0
0
-2.426920711256443486
2.330164830898462824
0
-0.5366980644950904988
0
2.218842456408490094
-0.8168884380297077863
0
-2.064902888817115478
1.843678053757264346
2.755540520903579704
-0.2801903735346168989
-1.010909656749287011
-1.906287832001630544
-1.106362349908516451
3.908580942573508299
1.980801421536930951
-1.850349751978941804
1.053993232067829799
0.7999254820701129365
0.1132109050878514905
0.05593808002322291084
-0.4906108183058991989
-0.9183951351930184082
0.5468367044370749941
-1.066184934666285056
1.251076134587225663
-0.06175781118722457885
0
-2.337595180192632238
0
-1.483581321698252964
0
0
0
0
0
0
1.760674319223318074
-1.047081138241353404
0.005237276860732595352
-0.4511518427096161687
0.6271999894674242793
0.6344184557607701613
-1.727791789642880049
1.826470336550847229
-0.8680543302370709036
-1.723416874121646458
3.043846360924078898
0.4523496290049827118
0
0
0
0
0
0
0
-1.04110518131509755
1.431174785116232195
1.039282977628356308
-4.907737598122474232
0.1556061049661569551
0
-2.503710775564468083
0.7568822509204305993
2.883741573160209182
0
0.05505060878748526537
-0.5946800259225154539
-2.875713280805533234
-2.996522050033646245
0.79158457659658088
1.60872579166190155
3.532416365889633703
0
0
-2.458649933222409878
-0.3876911928213425118
2.142436647836608365
0
0
2.946636261270183965
0.729477986599241679
0.5559449678820682639
0.9413006866616469015
2.672735083354768726
1.202965317780733345
-2.081686900282463615
0.0059314210105222984
1.889402598816576129
-0.4589684101844633268
-0.7432793388242984189
-2.686955922167473254
-2.438039454003554596
2.610618833261256988
1.337794602249385179
2.169317860138658904
-3.527202313893947672
-1.101162856910944177
-5.767350412506098145
-1.357898959570559727
-11.25568310977556585
0.3688114982348897342
-7.747469748031285519
-3.064914732228766869
-1.850087891995900957
2.461418942679702848
2.247536420253166245
-0.4117804602774589595
-2.269882518107781522
1.845024602157928406
-0.7078188981287020232
-1.943676583343175057
2.912597198962957545
-2.28965216203815336
-1.084826391365795617
2.289011040781780526
0
0
-0.4564868984291749476
-1.532311388109811379
-2.427335154784521443
0
3.087163771413171443
-1.927779521035706267
0.9118624671458847031
1.640266833990360329
-1.422782332258250015
6.699747035789437533
0
0
0
0.5136476154075304557
11.78296350966907724
0
0
0
0
0
3.297528325806081462
-2.092887528314836043
0.2589328246670898337
2.93262942459304865
-4.017633475687923728
0
0
0
0
0
0
0.4367072739164354345
1.7370471905506355
-3.270314098475004094
-3.336733435293430361
-0.1734191211962512191
0.9305770473459882286
-4.290429844950410576
4.824738379121735754
-2.198896667613627898
-0.3645531114287760555
-0.8170938177309854389
2.293956763863215897
1.449169331182670994
0
3.110419204515776581
-2.130623618688720633
-3.891584553233899513
-0.5755741163603859123
1.741686952893124696
1.465231839630093402
3.363833488595957544
0
2.169471269780244072
2.816882021489989008
-0.1441343943956676088
3.166839021282935374
-2.425970157882212153
3.419669003827606968
-2.275837369005407673
0
0
0
0
0
0
-0.07821389504697791317
4.353878777246530163
3.337832935749332819
-0.889882730235828423
1.327420086816383904
1.393668937059250101
-5.281011441207444257
2.653660121490306611
-2.542462435314426727
-6.353068306077574334
4.870962938530763786
-0.06332505021450310356
-0.6858017396996637371
1.611866548292952839
0
0
0
-2.851143229256569711
3.740441193856440805
-0.3437198695232071555
1.330561258183770912
0
1.833092991643610725
0
0.07765594928098862315
-0.3787331702893940166
0
3.282033349033277592
-2.965651496381229268
-0.1334881758264040152
-1.635960961824245219
-0.2491074493933023437
0
2.404026822558005705
0
0.8191734822257185078
-0.4426224914839724245
-2.985505038488823093
-0.8586457162490439554
2.679225236723211445
3.075809992341223431
-2.105536113788907926
0.8152196484446835312
3.601267342019262241
1.058160235241186298
2.808955717545977837
-1.36900214597981229
2.920755762233591124
-3.925721195291991261
-3.051572658821131157
0.7365339678090956355
1.631812747403044384
0
-1.389979718053025337
-4.035644308997295759
3.598483592824180288
-0.8165893477278570733
3.424950574107006762
-1.953436713289840254
0.5766911273681104566
0.2489164681639189636
-0.3459755786949784695
0
0
0
-1.272824231011871587
-0.441300973122597695
0
1.535461100347873087
4.409451452935537752
-5.488332697269467708
7.790428454279325621
0
-0.3258527919868502432
0
-4.640536296936320859
1.214826840232865912
2.653134271951307799
4.311506834675604694
-0.2138825224265367142
2.93027617053258771
-0.6235861581811770193
1.204825770672357743
2.213370366530689193
-1.685036277098007629
0.9286832059526298755
0.8014952111159626691
2.28301729114389218
-1.534007957546935197
-2.876279978803945259
0
-3.409080446119234775
-3.410480453941368673
0
-0.6886647070693986405
2.284290659222986797
0
-3.00937323506708676
-1.89465850176056172
0
0
0
0
-0.8500433105956021196
0
-1.768800506765748182
0
1.936429947665780027
-9.891329874813433065
-9.162925507968951777
-6.186099420381906633
5.083216473879641484
3.917015447835676678
0
1.364672025904761776
0
0
0
0
0
-0.7980191374944197724
0
-3.038595501112709485
0
0
1.300339916633304949
-3.707021372386571922
3.508213361744281222
-0.8064701432051891716
-0.06641933681591252747
1.834343556184852009
1.381802849882642681
3.29787853495853378
2.658509875291991786
-0.8391176299786152759
1.799412077733212989
0
3.310973415678602816
-2.28183576348654471
0.2528299825446713722
2.459572787162517038
4.101621796879477699
-2.811081098807945988
2.593507992790582417
1.786517798418675973
-2.173726391344381614
0.4053970533445595548
0.7387541217976885122
0.6373547074651634281
1.465474470999169165
4.432092672293508784
1.405633981863949167
-1.016045841497197344
2.507423359733362833
-3.936131372325449185
3.477294001459756867
-8.145745109552185781
2.738549005890647869
-1.072056864870129189
-0.6224766894851605503
1.675191598507455693
0
0
3.03736654046029031
-1.755437042362609779
3.289594888853103249
-1.133474329755361554
0
0
0
-1.261795973709690877
2.256636510115504812
2.786047693574578599
3.219054961269438575
2.082207595707455283
-0.7923116244732842928
-0.1735330187171734428
0.2118227000624047229
-3.021792465456069721
0
0
4.241539921834863947
0
-8.116281246266176197
3.144158692959124313
-2.659316880530625316
0.6012761459542736997
-1.284687160578059428
0.06964692461320300121
-0.001400007822133646739
-1.150814005236021398
0.2324057202832991165
1.114714733306525041
2.159329924471484308
2.613719483050637393
0
-1.19124370170593763
0
0
0
-0.6393686596665417721
-2.067004258873336386
-0.4249552491617537009
1.089138015436070805
1.815858364631066202
-3.415521524859681524
-1.006093619696373009
7.073688244683568271
0
0
0
-2.542882547004850835
-3.028720736879845443
-0.3901910291680174558
2.721815746871969921
0
0
0
0
0
0
0
0
-2.554355962084463805
2.0709587404010672
-0.8035604797796722654
0
0
0
0
1.140401528649750418
0
0.6011155173325265499
-1.61302163910336005
0
1.178516680178121945
0
-0.5469514671059684252
0
-2.109857864880321454
0.2566127870644776543
-1.490748482077032033
1.123150617833664322
1.127525533354897913
2.472279966431329967
0
0
0
0
0
1.750795482304791539
0.3953198294136460733
-2.42716238122099881
0
-1.61002116615567803
-0.844787432680545014
0
-2.946575423662556314
-0.9175099078949502385
0.1501327888768042573
-1.368732251622651663
-1.760960934545179102
0.2522283483928129399
-4.170840870215651641
1.55504950232833461
-2.409879935671534135
0
0
0
-2.348371009001039234
-2.251406355973470497
0
0.7284043668444787345
3.705230454431527765
-1.32008698033996108
-0.1344676533719154909
-4.314683504949471171
3.163314314099692215
1.103996168542781486
0
3.848791814334806549
0
-1.477605744033958501
1.761051764702212141
-2.28459593840586539
0
2.635200301173072024
3.238657508736170421
-0.8069901943719067772
0.8741485364708599937
3.523469201230559733
4.119398496762297412
0
0
0.5959292955317372353
1.674281127708245664
-0.4563891195703829173
0
0
2.126859322239778916
1.17140030102745607
3.537870952972255179
2.366470651944799108
0.6191093828032897539
0.3965847556180118749
0.8665378307691867787
1.726275290174996035
1.32969053455698405
0
0
0
0
0
0
0.4324603632173543155
2.265528738542545995
0
0
0
1.642049009716960661
-1.502472785997841065
2.409427905163308736
0
0
0
0
0
2.638529707711827932
1.92692420418818533
-2.874519220180739687
2.530127840657951044
1.302821153935521892
0
0
0
2.618274015431929946
-1.276136229900910024
0
-2.005340995569324214
-2.097433511635060199
0
1.014573264404927011
3.092504864022602273
1.521193860154961275
0
-1.518865040499455921
0.8540138584943792743
-0.8714542887897113177
0
0.09696465302756872295
-1.166201026043952149
1.185619326963992748
2.351820353001878416
0
0
0
1.180736196151756845
1.514093264604431166
0
0.8597374594058091457
0.004374915521233558972
0
0
0
0
0
1.07222439902140021
0
0
0
-3.549887210672493687
1.217376024373231669
0
3.112006776039987432
0
2.972955366292385548
2.077931599617675484
0.647410751709744714
0
-1.725468147284090481
0
0
0
0
0
0.3333570684531295125
1.481522080027929622
-2.335503168662897533
0
0
-1.34227202125700984
0
-1.97084825635534644
0
-1.641274875767110064
0
-0.895023766674710064
0
0
-1.571311003867640999
0.3295733805882363754
0
-2.281033254883018113
0
2.932610583252831304
2.203405817584417115
-0.1208087692281126363
0
0.7267203492015058552
0
0
0
1.214144353336607418
3.19016830494349124
0
1.47330505123659794
-0.7292047656684141899
0
0
0
0
0
0
0
1.976023951606883822
2.820159149795760101
1.900884384455877596
0.01914924648717457323
-1.697714007219718768
0.844135198188876168
-1.7168632537068933
2.873200713956481689
2.029065515767605632
0
2.217302817052212216
0.8171412150653206696
0
0
0
0.8718226279329455153
1.318859710785965644
3.909771871662717224
2.288143817334633567
1.619575229416295059
1.051173127157811304
0.4470370828464725332
0.7493231275444229844
0.7477526014833496548
0
0.9832779448371685715
-0.3018499996133882091
0.1657266173101729634
0
0
0.9166106233055391073
-0.8175513275269955527
-0.6097559868042499165
0
0
-4.028113489493109434
-1.526366610109789024
-2.119930253872192694
0
-3.318703029985260233
-2.067686589642582451
-0.3300210754552989068
1.908183235621329965
-0.7477690084659274206
0.7094104595085041209
-1.293703479957024172
1.737665514187264115
-0.7491867644717664643
1.31991758117667457
0.2725813633461964813
-2.237977036206951098
-1.133669333376717825
0.5445167154854827496
1.566284843303186625
-0.1205664955223191281
-3.282217584144170086
1.104307702833666749
-1.567512270965680798
-1.019693350571076573
2.117410540665063401
-2.127436561244540947
1.714705313145190813
-0.8203822869238311943
-1.348686870582740394
2.262524233606391988
-0.5445668930029154975
0.02739504051890324574
1.307054274321174159
0.7787496906623218029
-0.2952182334988159296
-3.713342915434046709
0.5719619335218310008
-1.850676297629468836
-0.6835643949302140365
0.2493486595040506071
-2.554517452660844512
-2.604865808391925164
1.862666617804644709
-0.5054153552659859105
-0.1874910207397998685
1.158825462773460657
-1.362449500222850052
-1.199474364729629539
2.099450453126006977
2.417374787652125434
0
-1.284243054702434605
0.1629751354932205964
-2.554853622593891149
0
0
-0.1350937122308827343
-2.499207563421433687
-1.270610567891456322
0
0.1818715778974512587
-2.364113851180023484
0.08483463416858867678
0.3169652901283340762
-1.356525173609227197
0.9275607348777822336
1.093109836288731485
1.672374970317197063
-0.382828397969553591
-1.321151047406676771
-0.5458330539110635149
-3.435292190973878501
2.887899099268046221
-2.81534479912921709
1.342817599289083175
2.905314685162791566
0
0
0
0
0
0
-1.084670491243379109
1.452030473731208859
0
1.489499823689160118
0
-3.396634029009084177
0.5832483901349191369
-2.813563622985554069
2.877514643733526611
3.666800638564495785
-3.970829299172730309
-0.7230074416653322622
-0.6238963767555747442
2.75893311931615326
0.1560062542677455033
-0.8099675485500197336
-1.288237411156390566
1.523428419566354775
1.410290384456197366
-2.374309912502193587
-0.9951440663786594865
0.1066509303808233639
1.797486159912144332
2.67576475514758183
3.134338718399927171
-0.3252276723079592369
-3.394847227942730861
-1.835214701748867361
-0.8616022571975275879
1.65212604137856256
2.246419368245322179
-3.103970171026091851
-3.421586357869343953
-1.409043788327820623
2.281793494447878601
0.3225023409773682403
2.792421667157600318
-1.903121627694767781
-1.308828300828009494
0.9752576076575466546
0.3763029844608526409
-0.01594174482361127368
-0.586654463834656581
-0.3830808018326077313
-0.8938947746889658319
-0.4206490761065102002
3.336557472718995498
-3.468609953955710257
-2.88945913706409252
3.433732153136272114
-1.086303936566701545
2.864499018848600365
2.751532074334512412
-0.2271009596065319269
-3.083931599286184877
-0.5373936932053196003
2.434037211235581033
-1.42452772914785597
-2.736332825364443888
1.68557772568811659
0.9998072376514969273
2.913762978608310128
0
0
-1.450717342443316626
-1.208603846829799711
2.085767768966244162
5.078188909692521236
-2.161978448215077897
-3.172607696280533407
0
3.374635741543632772
0.3754032458675377049
-0.5748487040433004625
0.6143081249148188983
-0.5301505970586936067
-2.278401872192188815
-1.9653962520299042
-0.2620918853300856499
0
3.33283706371189492
3.619595090375517188
0
0.418640433657704869
2.858650110244155051
-1.181263403080765828
-2.604968794361629758
2.584544074027451455
1.263175692156467633
-1.475409009327926846
0
0
0
0
0
0
-3.235581980890894993
1.424933144222663151
-1.790757525744914203
2.661226352542802598
0.3492628147770976965
-1.624773137873004147
-2.988552376577253256
-0.3681642324055481863
-1.752259168257114696
4.638989941585958121
3.675627831337481943
0.7844417967159098559
1.408466600474591157
-2.098233282735682881
3.66537599208049869
1.546533031321821738
-3.403117259815124473
-2.613831264957535261
0.8831428071956684001
3.599150230488864288
-2.640336170016686523
-3.39681201305812186
2.294266253477138751
-1.29134184628099713
2.26764420091246155
0.668050157119112531
0.4729469278146254396
-1.422294849974603537
-2.622468873792824784
0.4802928563234109549
-1.801671252749694974
2.946645891121341343
2.834054066616555012
-0.4751440774758485253
-2.041320059593293212
0.8207976210043140819
-0.664341034398536423
-2.048766481583832899
2.147324796321484541
0.5284355452340951942
1.334106749891560639
-0.9657378727459478007
-0.795342891748415548
-0.008695914808944146812
-0.1435593207498604418
2.709946907530428106
-2.822232889653101484
-2.308294138530832651
0.4383134374142721446
1.817479283537807078
-4.045089603572830761
-1.337404389351548595
4.016868392668944132
-2.532122776729889502
0.1121244198156400029
2.863694034524658871
0.3904833548647149155
5.233543616870322879
-1.454122376204857181
-1.478212848166980509
-2.087287842518702696
0.9936977726995477322
3.847512425963482308
2.513728298576121123
-4.256915010396827626
-2.242367913828594794
2.469919326181623465
-2.225623968672147512
0.7193008093617402343
0.4607735776141888007
-0.7423228823066901905
-0.222078034785295142
-0.9788699606303697953
-0.6143227640697446201
0.8412700922477799326
1.368678951530663879
-0.5587457555864439041
0.1584184798483818102
-1.111779279301337686
-1.705176523021133761
3.757206548703047932
-3.047960877763729037
0.09717468045854335545
2.367558721547850631
2.704287820887350424
-0.5814324827011462249
-3.401351540428250164
2.882521856858075715
3.461672674026676777
-3.396568097004196041
0.5542348582885234798
2.170386567914087461
-0.6154381143581351132
2.175170011567415074
-2.364094439195967734
-1.422411087612916125
-0.619659447158244503
-1.861067587918580069
1.16914998487897237
1.336753924818109507
-1.626975509417302845
-0.6782973256254606342
4.398590862985575001
2.860691836804264199
2.971430904447323496
-4.340139381697815324
-4.00341028248052222
-2.19893913217729553
0.1961218534259053792
2.270654367735429613
2.230081808722709003
0.02167072424155448707
-4.832654135834991038
-3.791954970901898481
2.992421140726277518
-4.247746217181322059
-0.9502519499108386114
-0.9055538429258033206
1.703304366699818662
-2.093182387190273275
-3.237641109163785558
3.594928949041980459
0.01146213330593633811
4.093715922744284086
-2.667038348425548211
2.440009676586449849
-1.599903836738470586
3.530739613425737833
-8.723167614367325129
-7.236327597566441838
3.874817221818899426
4.660515125113557922
1.444824455145981013
2.62038814417352306
1.236293208320139003
-3.327366128033208081
1.226894999657640595
3.753399621153517884
-2.983288519648736425
0
0
5.007154173991506418
-3.506699883176144894
2.256909391613940219
2.716007423084459305
-3.523478977212216368
-1.30488397712765769
0.2771119856958474958
3.428555058266616218
-2.977761634963431714
2.672079215589675982
-0.7580499268934972612
-2.357643970725859184
0.9166797710682511591
3.210419590357364239
-2.896749165884204391
1.871145250983262454
-1.054401469266526892
-2.874593881104275273
-2.281964109038548738
2.466353034798730359
-3.427067766089991085
2.048820797803585947
3.162863328032091026
-1.016949884088095279
0.876607853397000647
-1.451854588151011649
2.862117680577138668
-0.007446421988395882444
2.088562344543235305
-0.3014147500937051083
0.9080144489088762816
-1.377378288500899162
-0.5861589690710833356
2.853506228280344281
-2.678673568903244817
2.707685214221282166
1.512966826842453871
-0.8924676239926205845
-2.389977094636144717
0.513938751122268167
-1.180547895634524114
5.354272782020492727
4.843060262006133598
-1.844605731070092292
-0.2585272317475514336
-1.461623691668426872
0.5274088592845008749
-0.6828516123994845533
-0.2365470783234896734
-1.817164059503129314
-1.927424707105748425
-2.819919057717302557
3.463954339450762365
-2.785824682125614959
0.004783443568892247616
0.5791508169770884784
-1.748656324744408241
3.299690058156629746
-2.023261569896179779
-1.228795938123577791
2.15325929075666922
0.5600134939133258882
-1.146430767415415275
3.538989162456275039
-3.325112956879026083
2.074532514309524345
-5.02877598926089675
-1.703553168148888686
-2.884012430010691741
-2.924584989022268378
-1.010629248065455288
-0.0405725590115767823
-1.144458721973512727
0
0
4.082253789438348157
-2.678500481731484584
-1.653706246157834014
-0.5960188495356477656
0.1563571779865201017
-5.042167322530700879
1.067134511687077181
-2.217157550258650023
4.554261127676584309
0.3440776083931609275
-1.498152053027542507
1.486840016801180608
2.526504621487440261
0.1659843878719102217
-0.2532083053298641029
-2.118842960750644711
1.228596995529977365
3.151443072451813432
-3.254873620722408489
-0.7564758428591877859
2.293739819326993779
-3.813428936990336027
-1.339274339325414953
0.6201176641956829272
-3.683612309477111157
4.628633124915384478
1.6796844299187903
-1.386086251978773776
-0.1125918245072174001
2.297526057493068929
-2.948948694993286157
0.02215528476899472632
-1.07596353840657688
4.877044623653375766
3.124948265999935693
-1.386031190900585797
-4.123946196687916732
-0.6331654663138458483
0.286758026663622434
3.490780730374070551
-2.907437815778771473
0.6199473918800205707
0.7944656317725684591
-1.213646272947602966
-2.751545299141469947
1.91395574095681309
-2.208411084480806252
0
0
-1.153174358142932565
2.825009772270300257
-3.430129142452394753
-1.157265676128378162
0
0
1.09602059256255191
3.813097698061812757
3.204022703710448283
-2.008111904720137897
-1.241408140760272616
1.788809432037136382
-1.537899026188379148
-1.427159958534713891
0.7667037639595197795
0
0
0
0
0
0
0
0
0
-1.680704858847150485
-0.6033577525988724766
0
0
-0.2791875779106085531
1.494595491431414125
0.594293326866758953
2.270384041007087461
1.847257161581373985
0.01741558593208589537
0.3022860446978433147
2.590912160933260822
1.44082993170070961
3.532595512571881535
2.536700964974065275
-2.311963537765704846
2.644247196545042478
-2.405434450834917026
0.3871957754560685361
2.75156961470766559
2.19093156314370141
-2.257051421088852372
0.5203143567852859253
-1.694486646756802273
2.746607575945104518
-0.8888154420993541471
-0.3922447292844629674
-1.270197759149805927
-1.580616981184655767
0.3645471965607718912
-0.8358027457470933452
3.950802955399697058
-1.997627662662568637
-3.597581099278794881
1.810063424144354283
-0.2741060362167035414
2.374099771979115481
-3.28429206194490364
-1.42370539128085638
2.984992069828903194
0.7523760275221678118
-2.232616042306735604
-1.668579694471974628
1.167166155203907429
-3.032467903759934025
2.557339435286776652
0
0
0
-2.925546720191362304
1.95939200345562603
-0.1309530037078996678
-3.677253861336469143
-1.820192411822547207
-1.580422852446438764
1.366545765811888025
2.794593716456951427
2.410117882000804457
1.975213177939481479
-2.07369344434447056
-3.309198144093114191
1.114042530226364569
-3.065770681894622651
2.971103979756698266
1.857061449529123331
-2.286255474636791352
-0.2089860767247201379
2.096831008893458304
-1.752096357650570368
2.014547096567618656
-0.1129669445214965123
3.527385207711452697
-2.200258910292779646
1.440093241978057881
3.442592772929348399
0
0
-3.464921768587911011
3.640352152267461783
-2.978633033943519859
-1.264662858291755843
-1.599594043812855304
-1.794697273051537367
2.272863466355700801
0
0
0
0
0
0
0
-3.323289728447666125
-1.011421130889452069
-1.895241777793804205
4.067560739394241232
1.851797356089322166
0.9309794031231199973
2.193863722495762225
-0.7484594855497952448
1.262884319372810094
-1.679438888674791519
1.496976397874256293
0.6962804981884797018
-0.5791024199863603616
0.2340920785012785277
0
0
0
0
0
0
0
2.606548744184495003
-0.06527122962343480383
-2.60035882969979415
-2.653575730596725357
2.835130909495325202
0
0
-0.3546392632156697422
0.9250199705870782996
-3.118804129135717584
0.8718030696901469812
-2.777277494366994226
0
-0.4859184153899799852
-0.01834179846643745754
0.1894535422563065341
0.3284552969635518016
0.6526254716491924901
-0.4895626966663483848
-3.159495705968902612
1.648910010973695162
0
0
0
2.284085908486280125
0.03537412620255544343
-1.780842156117612207
-0.4604248280829025819
1.468417761140642375
1.091944598170530467
0.6070812140682773084
-1.388288824390813359
0.3367290992502244285
2.141200249493314889
-0.4231268793799353722
0.467576616923544186
1.138543887039060065
3.978184130413458863
2.433020774466932767
-0.5606380515634634687
0.8056712046574554531
-1.494173417980033225
1.379165846123534322
2.48096084288301677
-0.7363701372045501348
-3.635423018044458221
0.744814235439325234
-0.5707127190110451442
-1.200349942308011952
0
0
0
0
0
0
-1.208902357325586818
-0.6296372232969991156
0.0180563502319168144
0.2035736620020489329
-1.361781622932336511
1.286424185263482345
-2.683150004803320332
0
0
0
0.5640363478347610871
-4.199634058963840566
1.390173280082869001
3.29892481785563696
-2.717828758087112107
1.368260005201314522
-0.4973746502422233817
0
-1.184242523338930875
0
0
0
0
0
0
3.766643454216256792
0.4585739632543844313
3.449027267372682282
-4.510979456897355355
1.660492834635887371
0
0
-1.196337805052816172
-3.114273753280722534
3.374463010291127052
4.158162398409271709
2.002499530951290296
-0.5048250073684051875
-2.660487874833552979
2.005961024142373983
-0.4894969171207014247
1.785068860654073886
-2.155662867465170773
2.510786031510105598
2.903339363235482473
1.562497085827955656
0
2.170990957713674785
0
0
0
0
0
0
0
0
-2.671819973802780801
1.495105318219152268
1.678186048862425839
0.2285821653108299212
-2.535087600071210368
1.279659233802735052
-2.422638231151312382
-0.05321690089693128373
0.2077953407227456639
-0.6932952472001295829
-0.593563643762438975
0.1390017547072508464
-2.669933009302531968
2.138472707640030279
-2.48685227865910452
2.238204311077701902
-1.545163355946752359
1.860586670663223474
-1.379974271413489273
2.025775755196608685
1.67016336593573711
0.7246792747300518922
-3.035829078421749649
-1.397604530347080098
3.405750026609981163
-1.655854807008041218
-2.993658826030597631
-0.3556123892609882042
1.129559785033710018
-2.325652645904420446
-3.271136737110162507
1.898104229874698401
0
0
-0.8404804716096964112
-0.9454840912057418389
1.485172174294723924
0
-2.122283805077131991
0
0
0
0
0
0
0
0
0
0
0
0
0
0
0.5792651340285552841
-1.475938234258290294
0
2.648205808195818634
-1.321368381870983599
0
0
-2.738584701484394923
0
0
0
0
0
0
0
0
0
0
0
0
0
0
0
0
0.3415266347687236359
-2.02655533830216017
0
0
-1.86563465544200402
1.481805300876728904
0
-4.160364296311510834
-0.686867873096707382
0.510402649409706699
-1.818059792138523978
2.587672047323592572
-2.234819772345679301
0
0
-0.317616186843235615
-1.006823963944851963
2.633111705273726511
0
1.79536368617339015
-2.267373715087542152
-1.838567409982083678
-2.856830639686808837
1.713970175655239458
1.320417328036347149
0.3925533317264957578
-0.2208921634893704911
-0.4269665917583294612
1.501875997466011858
0
0
0
-1.968276083285684486
1.928842589224258219
-1.54130949152735508
-2.023577331464054829
0
-0.515152393823048893
0
1.779782436746131902
1.316535215046293228
0
1.508424937641005714
-0.37647316296956157
0
0
0
0
0
0
0.1830807306433503978
0
-1.266523152908537009
-0.245050104340897551
0.09973160343768119884
0.8322970019073804293
0.4549570329993357642
-2.762373947088230697
0
2.291868882029715948
0
0.08266202835772852586
0.2681793401278605993
-0.4340154603213235429
0
0
1.908751537772767959
0
-2.368081973070883528
-2.328462441548121653
2.077269397913772409
-4.048906622284407675
-0.4167599802071478288
-2.029703955519899683
-1.972380512001440378
0.3334365736200813335
1.714898748726168431
1.441206914790678084
0
0
2.305817085620874618
0
2.990453304116258426
2.802187650118062923
-3.459566390710467676
-1.260549751142632235
-1.692541680310321928
2.936618251902506582
0
1.998295602465378185
-3.055601884749914898
0
0
0
0
-1.884898100612511174
-2.369761484715905198
-1.311805096198416232
3.110105454836408434
1.831687608869287276
0
0
0
0
0
1.077347106248278008
0
0
-3.217330980087566683
1.836911849030380184
1.690835229531461481
-2.899052880839907864
0
0
-4.241855545540413885
0.185517311770132115
0
-0.5108139728563584336
-0.7021948004491840312
-0.5933972437208239192
-2.186643040568539309
-2.01903910062958003
-0.1913808275928172709
-1.593245796845529583
0.1676039399389738227
1.827658273036762981
-2.96372943423541324
-3.764425333921245898
0
-2.602926865048408978
2.019202666764519982
-1.235504699749353952
0
-1.612943975312751466
0
0
2.946968618261754269
1.381462175106009882
0.1749268283867353446
-1.390579614768548522
-1.664271448704139678
2.48679542595002312
0
0
-1.565506443155209926
2.311868597561019811
1.42804795064946255
-0.2736918339355673413
0
0
0
0
0
2.012542569541523996
-0.1882656539983381949
3.69083728277569989
-1.363060204439592749
-2.200808223539895803
0.7194634427101902485
-2.006312845591467831
0
0
1.299530307272519503
0
0
0
-0.9383226494371283977
0
0
0
0
0
0
0
0
0
0
0
-0.4848633841014501344
-1.995370038458042616
1.057956388520532531
-1.506370740294081134
0.4889992981732084742
-1.340842277423133
0
0
0
0
0
0
0
0
0
0.324170174686952306
-1.342802664700505799
0
0
0
0
0
0
2.863218486986712996
0
0
0
0
0
0
0
0
-0.8377480191003364718
0
0
0
0
0
0
0
0
0
0
2.199016639570416043
-2.72577628830118579
-3.069619555637080666
0.580066864562328921
0
0
0
0
0
0
0
-2.564327128846044968
-1.829841575611947491
0
0
0
0
0
-0.9659738028177967673
0
-1.454874450956004983
0
0
0
0
0
0
0
0
0
0
0
0
0
0
0.4288063051054581409
-1.618949775008400982
0
-2.047756080113859234
0
-4.454071883394967735
2.372941237377067747
-1.736994777895706443
0
2.029097970039295262
0
2.717077105499261069
0
0
0
0
0
0
0
0
0
0
0
0
0
0
0
0
0
0
0
0
0
0
0
0
0
0
0
0
0
0
0
0
0.5743715761060453895
0.09610171349954189923
-0.1271161482638960005
0.08547092796784032387
-0.3662264819269812621
0
0
0
0
0
0
-0.343843267336910452
0
0
3.766092747934825624
-0.6090749943513649178
2.471910620865885644
0
0
0
0
0
0
0
0
0
0
0
0
0
0
0
0
0
0
0
0
-0.4782698626064742498
-0.4889006481382056069
-1.384425447185332558
-0.4623281954265073823
0.199593284994432324
0.990812604424405774
0.9220972517588612583
0.7912193194299741439
0
0
0
0
0
0
0
0
0
0
0
0
0
0
0
0
0
0
0
0
-1.294182127068763899
1.559632526194842272
0
0
0
0
0
0
0
0
0
0
0
0
0
0
0
0
0
0
0
0
0
0
0
0
0
0
0
2.853814653263437862
0
0
0
0
0
0
0
0
0
0
0
0
0
0
0
0
0
0
0
0
0
0
0
0
-0.7950701593800659772
1.91090672697446351
0
-2.985123611985190717
0
2.705976886353639976
2.948090381965776441
-0.8655353131753822371
-3.36391599904618932
-2.190053452602493511
0.2421134956130260307
-3.81362569514123706
3.085272105917923557
-2.881947644007318399
4.125971270840532057
-3.845309754241494904
-2.26816021194394013
1.627590584971453147
-5.967219749929878247
1.040699164932262555
-0.9633621102388139068
0
0
0
0
0
0
0
0
0
0
0
0
0
0
0
0
0
0
0
0
0
0
-1.53523468393680762
-1.384431307250632903
2.104112690145866438
-2.498380685867564122
-2.891186034622402534
1.577149542295808837
-2.674898859815384
1.793436717096162258
0
3.374506063066923911
2.061034635198189857
0
-2.637429509860889532
4.468335576916464547
0.03746934995697263904
0
0
0
0
0
0
0
0
0
0
0
0
0
0
0
0
0
0
0
0
0
3.895750796911689573
1.581069345969831508
-2.314681450948594232
1.17386254644632726
0
0
0
0
0
0
0
0
0
0
0
0
0
0
0
0
0
0
0
0
0
0
0
0
0
0
0
0
0
0
0
0
0
0
0
0
0
0
0
0
0
0
0
0
0
0
0
0
0
0
0
0
0
0
0
0
0
0
0
0
0
0
0
0
0
0
0
0
0
0
0
0
0
0
0
0
0
0
0
0
0
0
0
0
0
0
0
0
0
0
0
0
0
0
0
0
0
0
0
0
0
0
0
0
0
0
0
0
0
0
0
0
0
0
0
0
0
0
0
0
0
0
0
0
0
0
0
0
0
0
0
0
0
0
0
0
0
0
0
0
0
0
0
0
0
0
0
0
0
0
0
0
0
0
0
0
0
0
0
0.7892859948093735589
-3.857223102788168934
-4.389808080255178879
3.473496423214803119
0
0
0.9416833516815158456
-0.9286259141995688582
2.851780920814668718
0
-3.144389297512426573
2.319195943344838362
-2.215763383312857382
3.247821857532748879
3.691719017559978777
1.773783069338036089
2.091765580828275795
-1.917935948225929499
-1.599953436670707552
0
0
0
0
0
0
0
0
0
0
0
0
0
0
0
0
0
0
0
0
0
0
0
0
0
0
0
0
0
0
0
0
0
0
0
0
0
0
0
0
0
0
0
0
0
0
-0.5325849774670101677
0
0
0
0
0
0
0
0
0
0
0
0
0
0
0
0
0
0
0
0
0
0
0
0
0
0
0
0
0
0
0
0
0
0
0
0
0
0
0
0
0
0
0
0
0
0
0
0
0
0
0
0
0
0
0
0
0
0
0
0
0
0
0
0
0
0
0
0
3.811401712048969603
0
0
-0.1460766194988634692
2.631289158375135884
0
-1.057847763898949855
-0.2426771396297442984
0.8576593290591714158
1.191846163963608207
-1.521094985598711702
0
0
-0.4632472216997837178
1.100336468688518199
-1.27841784596891106
-0.8006958996858327682
-1.275382918174879476
-0.9411960832704470148
0
0.3341868349044324615
0
0
0
0
0
0
0
0
0.1703949809975357776
-0.0687153526655464586
0.7866469769394733857
0.2125870762317368379
-0.2391103336630857612
0
-0.5740599007077368254
0
0
0
0
0
0
0
0
0
-0.1219266372894866751
-1.950235308998316874
0
1.516297910785402214
0
0
-1.828308671708830158
-1.337804019023806301
1.638224548074888709
-3.008421225382396536
0
0
-1.180112553673833942
-1.670617206358322449
0
0
0
0
0
0
0
0
0
0
0
0
0
0
0
0
0
0
0
0
0
0
0
0
0
0
2.777365777874015063
0
0
0
0
0
0
0
0
0
0
0
0
0
0
0
0
0
0
0
0
0
0
0
0
0
0
0
2.274565777776098141
0
0
0
0
0
0
0
0
0
0
0.1508033766850585822
-1.162668051185343776
0
0
0
0
3.488543997395710861
-1.313471427869663311
0
0
0
0
0
0
0
0
0
0
0
0
0
0
0
0
0
0
0
0
0
-1.974035952650101899
0
0
0
0
0
0
-3.059847972215945955
-2.370018000977996753
0
-2.469579015208389183
0
-3.621654012000410372
0.6898299712379492021
-1.014459035190837355
0.5902689570159117549
-1.122653509272987238
-3.911436078274632688
2.607194976806621156
-2.717788959011449013
-2.726521183113521207
2.499000502727423356
-2.196307386462821754
-0.2678890012309368962
1.193647119268615553
1.184914895165612547
0
1.928418385233153121
0
0
3.381222281628434523
0
0
0
0
0
0
-1.830300116785835263
0
-0.4548902338042143945
0
-0.9538098188868828764
2.475738165824184378
1.375409882981620591
2.116268844022915374
1.348544126442162261
0.8764902978989530524
2.112339939798662858
-1.100328282842564231
1.686767771090830426
0
-1.127194039382021895
0.7835418127415165745
2.005731660137034744
1.984981435167441077
-0.4255721687078325433
0.1100436235722471318
-1.328798127057146283
-0.02075022496959378834
-1.895688036564787682
0
0
0
0.037149737518129132
2.856212878933643395
0
0
0
0
0
0
0
0
0
0
0
0
0
0
0
0
0
0
0
0
0
0
0
0
0
0
0
0
0
0
3.347947959044887511
0
0
-4.078941656566336782
0
0
0
0
0
0
0
0
0
0
-1.704289006428786557
0
0
0
0
0
0
0
1.461536120499552505
0
0
0
0
-1.915520121286207855
0
0
2.0555445348914132
0
0
0
-0.1527767217599138583
0
0
0
-0.1829774504159202564
0.643016832707969388
-2.593531054291193794
-5.324983935818070613
0
0
0
0
1.89908210152278234
0.9307579815356307185
0
0
0
0
0
0
0
0
-2.41055360387527351
0
0
0
0
0
0
0
0
0
0
0
0
0
0
0
0
0
0
0
0
0
0
0.0890783955844269143
-0.8792457244027247487
-0.9683241199871516214
0
0
3.839068587209386152
0.1750080593809832386
1.251002265493226684
1.498986005159703483
0.7137401401573857385
3.480063432329918438
1.011926310037851939
-2.588066321716159024
-0.6300760378646004245
3.068525353835691138
-0.3590051548794677139
3.020881091678812247
2.208967563041736692
-1.642002347902452142
2.056599043797838977
3.25503059186722421
3.507730824539434966
-0.8119135286517408234
1.059565459261889497
0.234149500188759685
1.419958992873707526
1.621001700651822475
-2.448165365292902518
-3.273581324378458834
-1.780673804324339971
1.348494666216941917
2.198459419706665141
0.2010427077781150595
-1.840741561053795605
-3.200632797198047275
0.6789921331012921391
0.8499647534897234458
-2.144924573358830244
2.117256555691945152
-3.189236227270737523
3.304754426407927159
2.684669774071500203
0.170972620388431279
3.247948947027778477
1.438264422590652902
4.784777697669979624
-0.6200846523500092022
1.78405849530550431
-0.05680547939668741109
2.72913918070254935
1.582281978524110011
-0.40656909844461675
-3.000719202375045747
-0.001392037598068017034
-2.055638516983401942
1.294182029070321649
-1.988851076968726428
-0.057272825064633201
-0.2880999494537883621
2.80476833135627146
-0.01857683185134785184
0.7510181515662637253
2.338748383133658404
0.387121835081125909
-2.823345163207619191
0.3761174681344637838
-2.053750179790007735
2.877480463910060848
-1.951626548052532328
1.075994206112243612
0.5387320807764025554
-1.049496960556612013
1.354646187117935829
-3.563194114239681021
-5.560610826168231213
1.360214342045375391
0
-3.708356045723327554
-0.6421893368324185225
2.385431417332357196
4.343421701183916461
-1.312639575201279829
1.692960666224902821
-3.805513361471180467
1.460680843708254351
-1.133469260228137321
0
0
-1.127901105302954177
0
0
0
0
0
0
0
2.404143147669095537
-2.513697153683069008
3.066166708890909032
-0.09715731574785284319
-0.1443002893978357626
3.027620754164775718
-3.210466998288745266
-2.594150103936391449
1.93157825190409338
0.00556815492743952152
0
0
0
0
0
0
0.4307213139164993154
0
0
-1.807726708914999758
-1.997416711928550415
1.957990283851558821
-0.7307192832146700567
0
0
0
-4.069167065944725437
0
-3.8509699109441895
0
1.871478987928296034
-2.650461034959013418
3.005600241426182873
-3.041829548628220525
-2.492873786269900638
0
0
0.5489557623583195545
0
0
0
0
0
0
0
0
0
0
0
0
0
-3.960949092981981501
-2.532257593562941
-0.7677247175807535573
-1.239778546123960101
-2.258816645533072709
-3.105823274808881873
1.428691499415845279
-0.6476636773869400843
-0.7104605744597698447
1.702132447465745768
-2.376914744679284652
0.7325663172940781731
2.458159597419365294
2.395362700349112917
2.20475798178700888
3.109481061973363047
1.74162671414382908
2.315405866104775612
2.912462231390440248
4.772277445028397125
0
2.88826570234285418
0.1106478843175874444
0.7077042495897669649
1.939202473503998991
-2.084454057495955137
0.6218171803862414526
-2.777617818042418918
-2.180561452766751618
0.3308055735681680876
0
-1.317385293117757428
0
-1.608396899935830904
2.081156051445631316
2.819063141415514284
0.2321306559597455521
0
0.7379070899698830788
0
0
-1.849025395485885515
0
0
0
0
0
0
0
0
0
0
0
0
0
0
0
-0.2179452175753253673
-1.13374996545458484
0.7889208179246398611
1.551491844137204756
1.385966047260662082
0.498288305974021295
1.380801197019924542
1.006866035499965228
3.227176475418485069
1.769437061711636394
1.876993776526075353
1.388504879883334819
0.8825128910392479042
3.658847393651460944
2.728888169458104862
3.039625450746616497
-0.488488896659878713
1.457792779908611225
5.036723583828543127
1.781853617187072691
-1.581832670838005273
0
6.739489859163660057
1.997098133202860337
7.269984809732438436
0
0
0
0
0
0
0
0
0
0
0
0
0
0
0
0
0
0
0
0
0
1.764532875982186999
-2.076355176813330594
0
0
-2.693590760222723812
-0.5830857093082495446
3.65625505686627017
2.532097510355974634
4.034445620215246109
0
2.706271237882196701
-0.6931637605465749141
-0.7563982824287146522
0
0
0
0
0
0
0
0
0
0
0
0
0
1.725593280125287121
0
0
0
0
0
0
0
0.5737791519610483393
0.5105446300790198455
2.110505050914474268
0
0
-1.191655447179105209
0.7546262293895189543
-1.69764743602326651
-4.168954654731925835
-3.790764091382949896
-2.014734893221497902
0
-1.438841750629393568
0
0
0
0
0
0
0
0
-2.130845360208069916
0
-2.57514880144860614
1.838893238533963803
3.761564021913188505
0.5400344182156181505
0
0
0
-0.06323452188202857704
2.044263862075990534
1.599960420835454089
0
-0.4443034412405363343
0
0
0
0
0
3.115183219664224179
1.946281676568624164
-0.505991988844160967
-2.769361122611016413
0
-0.3739351615213846736
-3.595464765218955083
-2.093116655359683609
0.3781905633489757168
2.154219761510428377
0
1.922670783379224702
0
-3.221529603697570465
1.502348109859271252
-0.8626592029450934618
-0.6685685879277031285
-1.334680782422508649
-2.49003486339102631
0
0
0
-1.627375660445932848
-2.22377252052176333
0
0
0
0
0
0
0
0
0
0
0
0
0
0
0
-0.1359821412557412623
-1.964419061994127746
0
0
0.762187552240491617
0
-0.5424542057190804289
-1.828436920738239824
-2.997056272888516393
0.6868722917407792394
0.8981696934961634904
-1.137375752285094466
-2.45460206717525864
-4.456533183504889806
-4.282334254815133967
1.229326497459845013
-0.1644820052017713918
-1.766161343977363796
-5.680679327826647196
-3.319157431215998155
0.9728937470915374197
-0.8534462866219948429
-1.977292314129105666
-3.914517983867736195
-3.384023033334134123
-0.2111309701518316873
-0.3520336576441712162
-1.399369875474478331
1.785117753508145499
0.616498401349842573
0
-1.068348285184209656
0
0
0
-4.742391725944075986
-1.925042556763960633
2.361521896527021713
0.5304949505520540898
0
0
1.423353691540091059
-2.407816587119890883
0.3562739710816058558
-2.483365345147861891
-0.814180138721875446
3.240690171538135544
3.130608193233079373
0
0
1.346316483513260831
0
0
1.457179467974946574
-1.047336217830444172
0
0
0
0.3310215902822082334
-1.686851338801434341
-1.168619352154060653
0
-1.827732187670909614
-1.684846686522538217
-2.279277816683694446
0
2.817349169048947832
-0.2781101536716377165
-3.254869966611977361
-0.8681378447181627989
-3.963597166949113682
3.418426608348307472
3.592625536911920214
0.545429869456985239
-2.256342664912747153
-3.095459322441776795
4.286564453159813937
-2.976759812792396875
-3.906719036868099071
1.707254501892525589
0.1741989286569566309
-3.047195667411326969
-0.4515456289817504354
2.710474492280828596
-2.444502328008748115
0.6926015632118144305
-3.17129723192316737
-0.4796066762874168221
2.116043362109687465
-0.07554875803672408963
-1.533288171736410188
1.593636448397535377
0.7572095796115280164
-1.698813968614112602
3.611211104189155474
-1.170454109806108089
2.884416200339225078
-1.073967924161088661
-2.017872929069859822
-0.5944311301642195566
-0.9299592241638542367
-1.457739413699409292
3.137103891256320942
-0.726794903891780586
-0.1655257968774362654
-0.8364268687860073603
0.09648618564742489356
0.9329130544342327802
0
0
2.69169055571917859
-0.1100819784355547837
2.595650038437109508
-2.801772534262232828
0
1.801255840009215792
0.8724494096076300664
4.262181129050774508
0.6853710562419456087
-1.044311653911907278
-4.238860406907826395
-0.9288064304023523343
-1.391161254263481695
-1.115884783767270516
-3.505287879563332432
2.847699152644345144
-2.613354659692030513
-3.101059378466166194
3.122975623139739643
-2.503253617220705163
-0.719531595200299301
0.8919332198822100821
0.4042285010971665149
1.783722022020405973
-0.7852458650023176334
1.981077427170214733
2.907482118318251096
-0.8922255516843954348
0
1.945408282864108385
0
0
-1.409544735260525039
0
-2.002557304960707274
3.117472945892178604
-2.054246479389192803
1.295574066668389479
-2.429867647924471186
0
0
-3.280593188033619878
0
2.501362995775596954
-1.809684524438573971
2.837633834547760969
2.785944660115208471
-0.5173191835761294932
0
0
0
0
0
0
-4.48493722249713489
0
0.1954620763760235302
3.389731719443144886
-0.4623548238595127646
4.682097060306240621
0
0
-0.8507255401091482483
0
-1.703197071648763217
1.171262703327921706
0
1.611464815082509272
0
-2.568967887022723495
1.292365340863095291
5.120030250852885878
-0.05168917443193476319
-1.880551527431252978
0
0.9939082475454319443
0
0
0
0
0
0
0
0
0
0
2.874459774976684923
0
0
0
0
0
0.1863358343487439284
0
0
0
0
0
0
0
2.511367026334919483
2.502127392358019176
0
2.412593021925584669
0
0
0
0
0
5.225521685840943675
0
-0.9295037289767046351
-1.019038099409115938
0
0
-1.712922466297253976
0
-0.08953437043243456239
0
0
0
0
0
-1.303150408389202486
0
-0.1047188603193353607
0
0
0
1.388188659734913566
-3.427530508715158852
1.198431548069664565
0.9264046911480363633
1.492907520053965875
0
-1.729682710153852776
-1.359891236144251669
0
0
1.740168125266774668
0.2956420734610443191
0.8182444957999966961
0
0
0
0
0
0
0
0
0
0
2.384145350765769056
0
1.844692844000607845
1.200009656353244747
-0.8597444173241243215
2.382173978732371467
2.334326378459894435
-0.5394525067651613215
-1.184135694412524309
1.226819897763854028
-0.04784760027247695474
0.04168850088973401202
-1.155354080968517438
0
0.2355801709033496505
0
0
-0.3640698734295457761
0
0
0
0
0
1.262485312339872934
0
1.469996372898408232
1.641165550621846991
0
1.660023352072041325
0.2075110605585353263
-0.6048544885717052066
0.3786802382819740576
0.9444336548736620429
3.499582649683377955
2.628557769422887436
-1.452512291513506026
2.869422673156564851
-0.715589697198379171
2.736776146701697332
-0.8710248802688728142
0.7115267608749701322
-0.6301599765258603103
1.022300054560252303
3.449876401495940215
2.855790485099014564
-2.025249385826727089
2.625306919553190177
-1.714476092141445029
3.071106476458648427
-0.5940859163990545033
0.8934486154242480271
-0.8245694819425122279
2.917380202404724177
-2.177657861034400621
1.775234640656956353
3.156620833096749124
-3.895675958399993366
-0.7226590811540196668
2.550196227212582656
0.3112317476454906084
-1.142145561747768046
0.2392406306800433924
-2.238964479567091992
0
-2.310955596544521207
0
0
0
0
0
0
0
0
0
0
0
0
0
0
0
0
-1.453377309403794948
0
0
0.8756797751680248654
4.779397089346647753
-1.998099110057030892
0
0
0
0
0
0
0
0
1.582551641143842946
0
0
0
0
0
0
0
0
0
0
0
3.903717314178622555
-2.87377888522505609
0.08953610116221101534
2.684478188334664228
0
0
0
0
1.487534531825220663
-4.881039870925741653
3.952892501691356753
0
0
0
-1.016371608721307274
-0.278903016300560691
-1.219239125843958105
2.414470648477696546
0
0
0
0
0
0
0
-2.49016335360845309
-2.434109068395494457
-0.2363733213670024258
0
0
0
0
0
0
2.594942087172453338
0
0
0
0
0
0
0.0560542852129586322
0
0
0
0
0
2.197735747028491726
0
-1.526994103377635748
0
0
0
0
0
0
0
0
6.497744749723610269
-0.075988463047800478
1.872368022481395666
-0.8410108506265784323
-1.501381876432333229
2.253313641226911024
0.7742067653999038512
-1.147465383218447155
-4.625376727242215047
1.076958089038713817
-4.244431108496699245
3.265743975082944672
-1.921672148618351006
2.583239879257234417
0.1663701444254867545
3.154362071726109829
0.302751323638809966
3.145551866495596816
0.9260282968032597095
-0.6825040958257099222
-0.1113819033782505463
1.949801728352694274
0.6707661397477314713
-2.219523569692336995
-3.256933769873846973
-0.4359077200905409621
-2.263545200192290885
-1.279035588604962914
-1.23169853144478747
-2.385709448443234848
-1.53974603455107939
2.088331855794071767
1.031846668747503637
-0.6520825186451819633
0.6205807710324519055
0.7237991656412114949
0
0
-1.056485187046568353
0
-1.467751084761619973
0.2821529892217646274
-2.141878618594932782
0
0
0.6112921377013639246
0.08498399574184933858
0.6431037250690652129
0.05104565993487949344
4.43017195301201383
0.03181158736779402668
2.535541088722113034
0.05436052224910354475
2.322075520796528458
-0.5602464777671103402
3.740081632239797838
1.211350263292193752
-1.894630864298401329
0.6925804817424729976
-2.108096432223101946
-2.528731368947604086
1.948356485529196158
-3.047501150500583567
-1.425393413384532737
-3.618987621420565848
4.33601157708000251
0.8581002330562348401
0
0
0
0
0
0
0
0
0
0
0
0
0
0
-3.105981127596964875
4.477087854476800466
0
0
0
0
0
0
0
0.5581197293272157633
-1.092831730314517413
2.503729501354319265
0
0.1743614507017799964
-2.881631950810441545
-0.3488104407350333114
-2.471711552748663721
0
0
-0.008678719964783955521
0
0
1.114437541828876999
0
0
0
0
0
0
0
0
0
0
-3.477911344023767448
0
2.088042293043837816
-2.890289709440068133
0
0
0
-1.608532392642359587
0
0
0
0
0
0
0
-2.646073003450443384
0
-2.416869734831747607
2.5328215100754079
0.4099203980617780463
0.1087899022587108383
0
-2.424031607816697242
0
0.6560000402280596887
-1.444526051805730349
0.161980756287207206
-0.9219236294667778608
1.321235556271554534
3.500283272502997534
2.483325735957175429
-0.4940192839408524828
2.959134427986240379
0.6652355160434947345
2.947086807996889934
-1.016957536545822105
0.6939478283025967142
-0.5411488445303334061
2.887062433987118926
2.432026861685025576
-2.253138979694293109
3.453874108989637648
-3.488235652540799592
0.2846658960577224118
3.339597360642921231
-0.4550355723020932941
1.233162316963123839
0.5668116749920744102
-1.155595310075467674
-0.6450726817113251466
-2.106435043688200004
-2.772785685661291133
-1.768227771872401322
0.5105226283641424168
0.9835347268536792642
1.549288143445367361
-0.6126324617969337583
-2.786562115350222246
-0.05886921727295642282
2.191756592772123202
-1.098293617915656828
-3.275060615896434602
2.699911013427910067
1.066819549117420607
0
0
0
0
0
0
0.01718601683502521404
2.428141609011403634
-2.042568056842343882
1.831744748935572931
0
0
-1.401675035070164554
1.688197889272065932
-1.99960856375869489
-4.685165841379318685
-1.491454143102907803
0
0
0
0
0
0.4730120984895368474
0
-1.461362361976874968
0
2.410955592176378115
-2.059754073677368957
-2.9773450198980278
0
1.710905364859454547
0
0
0
0
0
0
0
0
0
-2.848559338733610335
-0.5979335286885303358
-0.5963968600758305927
0
0
0
1.606506808092937444
-1.4119870303400468
-1.200689628584676427
1.688268497434564974
-2.805795533001668396
-0.4884985005462120777
-2.838027649908571703
0.05093047611066825464
0
0
2.216043643143745356
0
-3.43314112677627703
-4.556987154288961506
0.5205513230695647531
0
0
0
0
0
0
0
0
0
2.250625810045079778
-3.21619139862347847
-3.40613601495484275
0.5081544206557870869
0
0
0.2112974017553692352
-1.393808502661619819
2.888958126019240513
0
2.165113167033076991
2.317297032455457373
-1.826340033721748579
-4.143637066177205952
-0.1899446163313644187
-1.123846027512685364
3.953692449845841672
0
0
0
0
0
0
0
0
0
0
0
0
-1.633091464310489238
0
0
0.3553769563591010483
1.27266328967763398
0.9244861455503223802
0.2091441346633092779
1.375881684286393458
-3.113159664318166264
-1.953780622817156143
0.5691091891912213319
-0.1462328216957917704
-3.051892026160929028
-2.947812233615429989
1.159379041500452123
-0.4782405022094857183
0.06126763817843727117
-1.845315190652639936
0.5718907609574243045
2.46957173141969788
-0.9846500674542393305
0.08344298016965914777
3.009079871796333627
-1.359047142862099378
-0.6603710258057547966
0.8606651231984007167
1.928758170822299167
3.094324491853489789
0.5391475737784084954
0
0
-2.33668135083861106
1.462579193838308145
2.518326209991364806
2.192562987909687067
2.267714998555042438
-3.543461518509773533
-0.6146070000162139335
0
0
0
0
0
0
-2.875828924616711468
-2.800676913967387271
0.9234316200597064705
1.62210773711605083
-0.2557012503879048659
0
8.093780579132202391
2.357756072712740458
0
0
0
0
0
0
0
0
0
-1.831813848485732699
0
0
0
0
0
0
0
0
0
0
0
0
0
0
0
1.897680970462273464
0
0
-1.556540828411663746
-1.637619543721918536
2.522889812008377586
0
0
0.07515201064701450273
-5.736024506419461488
0.6986761170563444701
1.055747016153056883
2.219712266060500205
0
0
0
1.163965249907443322
-0.3481771441273115997
0
0
0
0
0
0
0
0
0
0
0
0
1.652460031094864057
0
1.414938211335994067
-3.169208212931915014
1.004557913788889589
-2.343817299256252706
3.772901548598521781
-2.293898911942745311
0
0
-3.87927991425076879
-1.751540307695196752
-2.161920605242301008
-4.339783011694635206
3.173016877245973699
2.193240798424825222
2.243159185738332617
0
-0.4103802975471043113
0
0
0.04991838731350723563
0
0
0
0
0
0
2.821026049783306178
-2.851610748087300085
0
0
1.166737549623084069
-2.905659204465137258
0
0
0
2.925636891626674618
