  -6.647438996170785153
  -3.317935496196001477
  -2.093590037902889556
   4.455413920976508457
   9.719683411538355244
  -11.65980366345830177
   10.42946795183116393
  -9.046981561248752968
   7.265165446663743865
   5.355148426205322387
   1.441537117624942521
   7.920461737750342124
  -4.460025726490902898
  -6.638322542362971923
   -12.2794863500781446
  -7.962723638798996362
  -6.881427369951243378
  -1.004505702472745732
   8.145037473125658067
  -4.650843556761544484
   4.205504150264173902
   2.907676767447205712
    1.74852926940263842
   6.299022996954009912
  -7.163652046262899198
   7.542534563638104927
  -3.251259462291881341
  -4.498310245931286921
   8.535429255012804362
   4.634857792321060543
   5.515927671200302917
  -1.626561596600978321
  -7.405987001923551638
   -8.13422474692524311
  -8.162655484463849476
   11.01696356414780453
    4.12053629057196158
  -2.049874831385217089
  -7.201514490322796114
   4.311520591625869869
 -0.8951667271232525147
 -0.4466602368135861867
   -7.09620061730646956
   5.385979880816876175
   1.042408996208149974
    3.67729780402516937
   2.671226485839412135
  -6.424847598826830541
   -6.31326517160136369
   10.73868581824462254
  -9.614620365393514945
 -0.7609695624670879122
   9.413561916553181419
  -8.121721514203430914
  -5.501515699127931036
  -9.991002448414413095
   12.59148249900163385
   5.081585274977667765
  -9.444879702246575803
   3.329503496404268681
  -5.047449205266907768
   5.123202103828682574
  -6.791167566746074691
  -7.923198960859875406
   7.888988752593455445
   6.263182342955328608
  -1.581884952181940918
  -2.096197387074568041
   10.88591638318592025
   8.001768884156760464
  0.6534562350159434096
  -3.783038458285159944
   2.415465234462489175
  -7.258349066140604933
  -5.833462290327148025
  -8.367242940630610804
   8.402722206038717445
   3.413921323192897539
   11.73493553268973955
  0.4909169086505084101
  -2.299755379267811151
   1.287416116274171518
   8.479134647982530026
  -8.593793868585711593
  -4.251190205646982356
   -2.26262973531332845
  -8.798947716749003334
   1.454053012378491605
   7.958512912327448063
   11.26708805860700835
   7.838922855592135974
 -0.8442605121442694482
  -4.947754126870656854
   8.352766846700639292
 -0.3972603890776493785
  -1.904367091175348969
  -6.576912045945138452
   6.341314023840588732
  -14.89958783934642028
   5.827001558539933512
  0.2036314527468809366
  -4.289509861671485957
   7.733967690526680983
   6.818131471563745549
   1.663377198685169756
   1.956718757921138696
  -7.150479478847191039
  -6.503257266385213065
   4.174042893622079475
  -11.47123364478663987
 -0.5916439696114004221
   3.890861358148533178
  -13.07169631104750707
  -7.933333284392536378
   6.507384367396806368
    1.85604142630751312
  -1.725263972436318127
   9.084742997502168294
  -6.915978956274218881
  -10.27274332546201485
   7.118453548788302498
  -11.21745911902236692
  -2.020431750709300811
  -3.580893257421718712
   6.352872996506633285
   8.490629951659601105
   5.035905854397490167
   3.749404669749257124
  -3.279495960860171699
  -10.42151232864292076
    9.24738360231292944
  -3.727501036382989685
  -11.63887573203776249
  -4.547757511102020089
  -5.755372297001120963
-0.03760899811047951208
   5.705243203779817307
   1.837519798627855749
   8.711296160375631814
  -7.323685356438533134
  0.8918355367883860074
   -6.54247460211677101
  -7.484678308888888409
   5.602067051668517372
   1.242364616286994572
   7.763648987937088464
  -4.975626542831232513
   8.267408878920097237
   4.527676847334689114
  -1.625806422089336456
   6.587507152161975021
  -9.470873663903931927
   5.612787764644516564
  -4.013288273426019792
 -0.5364793839022434785
   11.96719031029533653
   13.69230164678687345
  -2.741338301426576862
   8.456315234272576475
  -8.549955044576714513
  -11.06860546978946935
  -6.826446827578516618
   -8.36007173586614627
  -2.837572071985845934
   9.722789557665951321
   7.966801154370008575
   3.082955551109957337
  -3.688909202425909584
   3.885570430724559987
   6.532901309474810958
  -8.524906608169683153
  -4.655394673279754869
  -6.519361752413871613
   8.727042920395179593
   -5.38835939399226227
  -12.66091296810196987
   2.509051766057655453
 0.07422588702851584674
  -11.43663565499794288
  -9.525975350629165561
  -6.632224960907629807
   2.925110644275360272
   11.24855326938034139
   -9.99056296850017489
   6.756317293507825283
  -3.316364574421060141
   9.322244268018826219
   6.906087118051054574
  -8.128514383333765636
   12.65947392745234801
  0.7225700045845903086
  -7.314733846761527047
   1.895124490506216564
   7.816388044794554624
 -0.3285957361989531034
  -3.766902123754770848
   7.536471739886053456
   6.328856960401885168
  -8.905434462960485575
  -8.347353346512296213
  -6.803351815392320034
   8.245681114296880665
  -12.99522073351177553
 -0.3374140081222687937
   9.910866321204304441
   2.647330882888604631
   7.962431835325975094
    1.08511093671283998
  -8.540965088920295045
   4.662194287987688313
   9.507672695359387305
   2.565313330348952814
  -9.815174144126419975
    4.03034340678226588
  -8.033300527168208305
  -1.327180881257596035
  -1.882492887352352318
   7.855165890717922927
  -10.00460195810993724
   5.591155078504979947
   7.184959701598649495
   1.334910962585334149
   1.175050418134641284
  -8.475296074534941937
   6.448378082104563092
   11.52190148440001849
   -3.66346452167832437
  -9.686309529167466792
  -6.793352378886954313
  -4.152604327165802189
   3.767626694173255686
   3.193215443637476447
  -5.170773327232789818
   3.457359398997879474
  -6.191868913525575557
   6.465937808773295714
  -8.041075720654394132
   2.981935880396118677
  -6.985589333055796324
  -1.383623015612638341
   8.094391530752618635
   6.362340703256598395
  -3.237180382165398385
   -9.46073471296710089
  -10.29787756325736581
   5.084542119810743444
   -5.50550253540382073
   11.21707924723319039
   1.249554022541208065
  -7.060697173881753663
   8.321614552710881796
  -3.344069419818604061
 -0.8723734764917837614
  -8.157048986838901783
   6.679860257849614236
   8.507251771213972802
   2.302381118355688816
   -4.21031461133949847
  -1.685822730196553598
  -5.328986751703631342
  -4.875381765885569152
   8.404175997243132912
   2.718884203758106022
  -10.40849184487877821
  -10.34795416489755482
   9.495915410871393902
  -9.673144244090934762
  -4.145523743879279799
   5.952887080882303117
  -2.860969590273552576
 -0.4332776698716819253
  -6.244705632278038543
   1.055486400495671884
   6.657452696730818964
  -9.975160027882179037
  -8.018757627253380704
   5.527620497661187571
  -6.608770638362471139
   6.812174642297861737
   7.459396850568739801
  -8.064090174268105926
  -1.097110020533846875
  -1.542805812536836019
   -4.75818080258885967
   7.471303417240926059
   1.074459282483655187
   5.333476188243711391
   2.485322785091790276
  -2.325129949653659711
   10.79182690060266658
   5.183593756944784303
  -7.879491561217257356
   4.652715940811721573
  -4.422925002230284619
   4.053246313324999406
   1.940075747983335042
  -6.850479075968131326
   5.002865090917136826
  -3.076994540507192788
  -7.127400293879176729
   10.17453149856744332
   -7.36075193996579813
  -6.474286574759858581
   1.603760601238480632
  -2.404966616661512457
   5.325153919247876289
  -1.243919505558120253
  -7.282452417565183467
   4.154492959049918888
   11.30337384925910804
   4.641898182899709013
  -8.435511028491848862
   -5.13853232780324376
  -5.967211058991757966
  -6.113297799559520129
   4.682559523727640283
 -0.1994739827945888888
  -2.422181297602498784
  -5.856299278087671922
  -4.109363176291119579
   2.622931579503020139
   9.746960670884657674
   9.288432401914707981
  -6.536317981435673552
  -6.914608328823079297
   10.22114266348101097
   1.610826550904846055
  -9.036884260697579663
  0.7191430278321123692
  -5.682172068807716414
    -4.8774858420756253
   7.775750180305492698
   6.559459546894085946
  -2.113170584855646794
   5.523395279144457604
  0.9496187923775362139
   3.557761406940876725
-0.02843073753860905772
  0.9327102380914573665
  -7.677605877403829382
   6.340319964270957342
   5.514572237956499201
  -1.398152024027786045
  -5.971159322691986127
  -1.714600100619059431
   9.657264253022821876
    3.14773535243838154
  -10.96108246300218525
  -4.179693466027645243
   5.416035203033501944
   5.738049836398630532
   6.755056566195410284
  -7.199021518388735608
  -1.555194668174563422
  -5.777248908400695271
  -1.369155243021518142
  -11.04887212154460485
  -10.24047802241778626
   1.534629141028797106
  -4.976208565466698097
   2.333341505952694295
   9.564537478632592737
   7.591219030049563443
   -9.96752521803805358
  -2.895464680352321185
   6.071332333745103504
   3.380404786106059323
   9.671024466315135015
   3.188419750404720254
  -1.776181051561561919
  -10.74373805301484452
    -8.5562141835870964
   7.861493450295968799
  -4.739140830642925017
   7.687431717713446133
  -8.315401815257661866
   4.211477755707607962
   6.743318821391977913
 -0.1020882592729274174
  -6.661475695645208361
  -1.207614771563485734
  -5.617147420674672098
   9.934032138610028539
  -8.772020394011221356
    1.32443261484399466
   5.262412107249181403
  -2.855639002820241856
   4.433920826188348485
  -3.998369278147143824
   7.508723727786311031
   8.795411366374192852
  -5.554361621403728577
  -9.522693156287278526
  -2.116944560090493255
  -8.797079012315812463
   13.71574280591250528
   4.495704684069402823
   8.089897632620536072
  -10.22820684185958129
   -6.29403848931790133
  -2.822458253212542623
  -7.263535488939325546
   7.436158706328818369
   6.975779161141886675
  -1.948434487852686914
  -6.201033901712705187
   -5.18645339051676757
   1.937575702865302452
   5.506236728484655174
  -1.167787879889378821
  -6.160206092763980124
  -7.310981853889071402
   4.973302124021374837
   8.885694718667963343
  -2.884147499029159345
   5.057744244657847332
   6.190322762427022951
  -8.470451148723434187
   10.56940485819736608
 -0.6798762149632403551
   2.436504595902981851
   9.432877034568416974
  -7.556935544223582824
  -4.952415430564481191
 -0.2409673462711607594
   7.300192025286047937
  -7.107205109416959488
  -3.730454406173711046
   6.669197096832487404
   8.737758011658733892
  -9.046805253668098956
   4.271419956434424847
   -5.80803451795269865
  -4.531525243553655713
  -10.22925703535835851
  0.2040498692053192009
   9.409695361999997232
  -5.508886329294737649
  -7.903588712017695528
   1.633267142727036436
   12.21415816466823401
   5.438162818740096327
  -2.807587037502581762
   8.858159837463905006
  -7.476905683151185755
  -3.719974690361841141
   2.500602026161349301
   -5.34314737935946571
   6.178300923946760115
  -6.856366943841492478
  -2.377262464768032935
   6.574376009191571946
  -4.439842320292179068
   4.927835966626390451
 -0.6222602313945406749
   7.522747461869569996
  -1.539428214999162936
  -9.217155063427719952
   -5.94491124098759105
   9.873196704388920608
  -3.283966874646311318
  -6.749672289539966563
  -3.700072857559220996
   4.092224987830118899
    6.04862740527007503
  -5.608233138434705722
   3.742099043482458587
   8.379913603329674388
  0.3546538246116247572
   7.606444368816468682
  -6.139110898623935775
   2.893750404203702331
  -0.464587633575234138
  -6.770303987427755743
  -7.328968239510559535
  -10.34804831215142329
   3.092100251900649077
   6.446812415534631135
  -3.900571464719729597
  -1.518457351726063553
  -3.019501592950993629
   7.689388656651973797
  0.8005556864880483126
   5.820107734993259285
  -6.073404255211308111
  -12.41457461348827351
  -7.136001434619291039
  -5.566883947595233195
  -2.442097240475327613
  -6.785668109860971242
   3.703729397106401589
   4.661895206196227548
   1.816919667350035184
   7.130770587256519022
   4.845478431395936703
  -3.196731038486753107
   9.441941541653118719
   8.240559190995597305
  -8.380066231109781327
  -8.822895261977171444
   6.127409486966945096
   -2.13226167483839335
   4.579220341455696008
  -6.547645811559413609
  -6.044025222197992875
   1.971253395255553098
  -6.377813307486727368
   -7.86992976559143198
   1.248798094691925487
   8.341680969136682222
  -4.882033477622087503
  -1.218784166567521421
   9.270613364489046049
  0.6401899317555439506
   6.993073751291086992
  -3.475953998956524238
 -0.9441129312405502905
   6.618809632462662407
   7.000369503902587276
  -0.552337462669986623
   7.123212876189732867
  -6.831117837186652331
   2.800374484143156817
   1.390977110237021863
 -0.7703763525558136038
   7.233967445362571524
   6.385584054817413424
  -8.111713100874919036
   7.364481560936908089
  -7.996905194492637037
   3.311880063252210515
   8.628132695408442743
  -3.972795474294079199
  -1.021095612482272097
    2.06856089989747538
   3.213101147902927224
   7.243706913603577213
  -6.266811766236954462
    8.59054648881790861
   -11.2007223458844738
  -6.674024636996737314
    8.37924668761354674
   3.379457960127021821
   3.415264262564269515
   -4.46633806420795576
   6.111399938560139411
  0.3527503364853333823
   6.521985552836582656
    6.99637245594911672
  -9.993440149073080647
  -5.533110051856135136
  -9.987600738456313465
  -3.487460927940272182
   3.537900368996906408
    1.09173942696062154
  -3.390659062325785733
 -0.2309423228553137974
   6.112780669105881692
  -6.675310069239466237
  -1.365989828561792407
  -6.459282589316577727
   8.057822170077969304
  -8.570770911845677631
 -0.7051832722810761345
   6.544602573670844414
   3.177920563228480155
   8.764002765939988393
   11.01495648997329013
   3.337229660549612564
   6.466893410416403754
  -1.505856241514949456
   9.182346816270989365
   2.442904345831393265
  -8.409199104343478837
  -6.094354455894006151
   7.706703665326473995
  -2.936852795128636284
  0.7924286379077646325
  -5.625845196991399177
 -0.9496458605273521147
   7.768238216938850194
   7.087076921733320489
   8.950118391833433051
    5.87298430909548852
  0.5180112305962321084
  -9.366895588315015786
  -5.327450628181130909
   8.383598852527841316
  -8.956309987236069858
  -3.052975287178650632
  -15.05780791126791485
   7.956129311045151198
   4.639433098968854807
  0.5480071614620594111
  -7.348312649140820163
   9.074470258989673965
   1.535283974732392753
   9.975806997759901762
   6.243638010727499577
   4.030605766088751984
  -9.479912897813733252
  0.9209870264243469329
   6.485976838109772658
    1.57310718279073436
  -6.211122362008111075
   9.995431381187184883
   3.099084994763661172
  -13.35361161326056134
  0.5138439991190713041
   9.756027277854638413
   3.354712158798164978
  -8.236183255542155024
  -6.992671700928328349
   5.575341677959768205
   8.887388528446933833
  -10.64630361335444597
  -1.680246609065831898
   9.436871312098572773
   8.525434885154533404
  -1.968674403626676339
    3.43214211371372091
  -10.60910924769996733
     10.557739134875467
  -6.896427289816498885
 -0.6762552851132525022
  -6.783653125790175764
   13.06021650679887536
   1.721390175819539348
   3.395080755305627029
   8.010414874050326262
  -5.477329298091088816
  -6.143193988436207675
  0.7013547100376773535
   10.08928888253563194
  -8.243687297326664165
  -4.103493614726387406
   9.197027371442462851
   7.636565854716162782
  -9.067476035226073705
  -6.950613932756716018
   7.939203608943013357
  -5.347635038251162598
   1.216541233451936543
   4.550493730140371618
  -4.999788727486523143
   -4.96398241342683999
   5.876921642249035571
   7.509538655833774001
    1.26365111962908383
  -3.465705437832504732
  -7.290499215456577531
   3.999441160448801824
   7.376191861298596386
  -4.491729156735750905
 -0.9190163821010876033
   9.560688141856218181
  -6.456058898436556781
   5.783647208103699811
  -2.415834297749797965
   8.213313541659880812
  -8.359379753260098411
  -3.233585851736962002
  -9.802659257206750354
  -3.824793766780562709
   -2.90156698649226108
 -0.5822866294052414515
  -4.549454974120002326
     6.9445581699136536
   7.670172282882759873
   1.803085570697146478
   -3.07713406972337733
 -0.5665195393055955098
   6.806520715645311803
   9.099790910232789187
   3.332213395405953182
  -7.911805305625755125
   8.883596618521135468
  -12.48005239035847858
  0.8083940490262710998
  -7.216253038896624616
   9.242183278735566887
   10.51106170123274097
   1.286687638587879823
   5.962886967338544508
  -7.310825725814167342
 -0.3663550634978005038
 -0.6181303291641041531
  0.9603182670844722102
  -1.513219538089245031
   2.965884865403295212
  -4.879901605813167009
   6.621432608839235456
   7.056607159335524848
   1.268878414265923738
 -0.8371428502902662494
  -9.430110107732822655
  -7.430172814793967184
  -1.059745198573368796
  -6.569073424805996098
   9.190619121792831692
 0.04562965371839600159
   9.748700242021838491
  -1.170660960197956069
   12.66858892700579631
   4.195989991361268601
   11.51781317379036373
  -7.113591803802826519
  -7.824167987299762039
   2.985838967669524724
   -7.68800309085903244
    7.19171855174089103
    3.86434534115867212
  -9.881209989110274705
  -6.767179130137152221
   1.806141325921907459
  -9.098220263828023846
   4.805009123036543706
  -2.300672472936241331
  -7.065049082481392517
 -0.7888957988389807552
   7.452572696983420286
   6.974580032738761481
    6.07746976565208108
   8.718217881970417693
   2.250953737638655916
  -2.297109354085120181
   1.270089704390318541
   4.850689053889562175
  -8.438773977441270446
   9.051655127928185607
  -5.514469773772031402
   4.069152763584072297
   -8.51477598046698958
  -6.888832993597850063
  0.8864653810279433666
  -1.869280946001518506
   5.916230098896097189
  -2.407820666321615732
   4.526038794861399595
  -8.653708206386383495
  -5.645129783403584511
  0.1770540185994441407
   10.29746796633731343
    8.05295152202010911
  0.3960750821358274831
  -10.61814320379651555
   4.819088391706427998
  -4.067370101189571763
  0.4351745444056708267
  -5.352554210209310881
   2.468299969500090896
   2.322213220923647459
  -2.609702870411021447
  -4.650568317514761851
   3.938715862430567594
   5.210009871808623849
   12.63867261060258151
  -7.088483311336789328
   2.845282924623369514
  -5.626164253090706779
   8.823195981588916936
  -9.054117174791450395
 0.07831467281934884062
   -3.90988919791490197
   5.522223413338016584
  -4.489486741810106984
   10.58310094644987842
  -5.154754309147118185
   0.823111176249655685
   5.829866265268130121
   3.621881262618713126
  -5.904501130828951894
   6.211642803520373235
  -6.069103310432790721
  -8.184686036289605227
 -0.6302067545260784387
   2.633898513245779505
   2.319280335277902783
   4.635297341001324511
  -6.195400554771877566
   7.129319985692444739
   4.265324507136977417
   10.44127285736023225
    2.94658797913811199
  -1.755026750905706701
    -8.4725989318062922
  -1.150775784784719979
   11.13350821552076297
  0.5558145983029957327
   3.043992641104233066
   -5.81809393858459778
  -8.925959618507356197
   9.985572670841975196
   9.883654792835221414
    7.77529837522149414
   0.209789150418040693
  -8.676669348696984585
  -7.936557142282357979
  -2.130544295549530176
   10.74899172734981079
  -7.503149631466649261
  -8.448980194040563774
   -2.56248389971712065
   8.019508531667492335
  -3.666662289384183815
  -9.001836958346137507
  -1.995255999634694799
  0.1036470507032489496
   6.379987215243189347
  -2.223184283790222704
   -2.91393826856575977
  -3.434117965334710032
  -6.122950118562424215
   4.030532350216663673
   5.045112862888302629
  -5.092143965297896813
   11.39256988931929726
  -2.991005946125544046
  -4.233689906900798938
  -8.862086560632747023
  -3.154872951109773282
   6.941580012803817645
  -2.353234085644551499
   -10.2904207437341384
   11.62940706957446402
   1.256402458069691086
   10.05664444540680158
  -4.790139340466618378
   6.541234635406365072
  -13.62127703373025156
   6.137592818800314376
  -8.718328643752709439
   6.694011292514350231
  -1.217363422779820903
  -6.840733527308497486
  -1.482719175676145085
   8.078047168296553338
  -7.565509250093098714
   2.232585316230825345
  -10.62692435186145801
   6.699084960010085688
  -3.397339213076817632
  -2.965770432358264763
  -9.311135743088106764
   4.831405659657455054
   5.717763297371677211
   9.478014566620823089
  -7.937186683950232968
   8.894468721050920124
   1.580707493843715561
 -0.3742641125106084266
   2.640748093960132881
   8.972114346680204022
  -8.374579119737202149
 -0.3653442822023351688
   9.986567830403606294
  -5.845461841063261943
   7.865587628676260046
  -4.460358096687970786
   6.009348597440576256
   -8.99126547829323286
  0.8112695427619003308
   5.081802956522063042
    7.70726000168869696
   2.522470957768550015
  -3.815476630171091621
   9.557335641149462546
  -6.512695755447825974
  -10.22271863409966031
   5.443908736692662842
  -5.973694474695492751
   2.159234376120619636
  -6.434074027577407762
   2.692232681459643118
   9.385945624454214098
  -2.040865453389701045
  -1.390191313537878948
   6.548418767393091144
     7.9324384102754113
   1.993274332963067552
  -9.149116392156436461
-0.08675331610997631671
   12.18392259418429724
  -11.23399436364680959
   3.839387122401093588
   2.502477356039860101
 -0.8202547217788527245
   9.028413518471523957
  -4.917273878317254265
  -11.88399306989339266
   6.529751876240245778
  -6.028113879702576838
   11.43766787243880856
   6.674427255993533592
  -6.245887536204690171
   5.742852191180093158
   3.760251274889805373
  -5.010038422381837719
   7.661153916812999398
   1.315788588768730172
  -1.283888102299299394
  -9.681658437556652785
   -1.45531956507754856
   5.511660609499820396
  -5.737620458668254209
  -4.222054277726602578
  -8.592967257442559514
  -5.758649607451868491
   4.039444969793923867
  0.4105856193633624085
   6.220172004703249158
  -11.32205079881159193
  -8.013475660255465982
   6.549003943268955297
  -6.953391511457466478
  -1.475643145265404854
  -6.467264144331762665
   7.920231034988871599
    13.4928401318886948
   4.945360754748647558
  -8.467846074389079547
  -9.932608584687166342
  -7.927246279818044528
   2.692154300210343187
  -6.038532912470405911
   5.977865477048680987
  -6.386164750753985153
   8.145007715568432616
  -2.213032242633482305
    5.03714202482347595
  -5.322651003783327894
  -3.744290521141035999
  -6.054413651853213452
  -6.447787486783422395
  -9.371109868997155701
   8.538399644074733175
   4.371703021671081935
  -10.14717686623970039
   7.086598923202597433
   4.299828464834547503
  -6.461281344690656958
 0.01846510043133105239
   4.800650007812040876
    8.32101421687284315
    10.0947636075765228
  -1.144822273069385332
  -8.537258769128172275
  -9.874168507828418484
   5.263799338231214264
  0.8046862595211304869
  -7.965269774983108064
   10.19131122275026691
   10.00903720851484557
   7.862673538333239343
   1.948876972132400631
    7.87589754498192729
  -4.927230468469971925
  -10.79519724016572901
    8.65710826421629065
   9.933766251221380017
  -1.965633886416877196
  -4.761474680607738819
  -8.322675793401284494
   -9.00383707911027642
   4.902948399135179436
   6.780543499846343636
   5.753386809401291657
  -6.183517077685847241
   4.907915997844126466
   2.604520113659099856
   6.289024683558723794
   -10.4747420983297026
  -7.198719455862882199
   5.264269501880443514
  -8.024647086156733167
   8.323442620968236838
   3.761888094806115301
  -4.113426883305782766
   7.778071948479850839
  -9.623284144506783377
 -0.3370823444809918912
  -3.861043660025780255
  -7.570086397101945863
   5.707213586335486255
  -3.107865679922756641
   2.350449204115868884
   9.798094566323925392
  -8.886458485646116401
      -9.66485539895654
   3.773484526722111099
  -1.867679318244807041
 -0.2769212461561240679
   5.072251617921202715
   2.383419472407384276
  -2.137827246600330078
   -4.98598066515923577
  -6.845407053600618852
 -0.9428055188039533574
  -7.820126439909845573
   5.500281392279081416
   2.316017016940849604
   5.211991010770776533
   1.969273605856987075
  -6.510837731975465559
   3.216830023992960363
    -5.8010531771249223
   8.029908318722899452
  -1.579175412211919038
  0.8192848831566357237
  -10.34255097286127523
  -9.273686834439745397
  -3.545666503845486428
  -9.144989479906273644
  0.5580811012741504484
 -0.9747654596857715514
   1.243511562479423072
   6.250678059968391764
  0.8137805345713797767
  -4.492235992059095295
   10.02363890361995047
  -4.561554533381228183
  -8.531974183974455173
  -2.100493308890456934
   -3.32737319701494183
   1.470205770794864364
   10.02392970385563231
   3.912392581769727595
  -10.57769361826543175
   2.665341853877967626
   6.325827020276392432
 -0.5502804299320747106
    -8.6095995237660361
  -4.671620031360847136
  -8.459976049570466117
  -4.370912965150658636
  -7.292466352147263464
  0.7097845541427268978
   10.08297880547636893
  -7.696969436439875523
    4.58085835886790349
  -9.387409421573860158
    10.6957709935705676
   6.685255430603024074
    7.88286074985908769
  -6.786881447255533217
   9.708937069811158338
   1.346839561201083724
   7.250174273554024218
  -7.677726864148439745
  -3.857086351749003494
  -8.769956024131849048
 -0.3476318266466867923
  -7.243978203748365985
   6.638827016789226931
  -3.946391052446793335
   7.419368690474549055
   2.676611099897360457
  -0.428212763929396889
  -8.610304815145726209
   1.883018169665569452
   8.639913513400722778
  -7.454440470177064348
  -1.846755532364168673
   6.923549785702224568
   2.371592192377395492
  0.6335033758836974283
  -2.244516492006313424
   7.617207723929755758
   15.06961196624795818
  -3.046590845260406244
  -9.901392908046044994
   9.289153342291099236
   7.030609075824560072
  -9.017883214259983404
   4.813078294729936424
   6.096463307271621446
  -5.750241666962131681
   6.198503693047076268
  -3.475310551109038304
   4.155977263909244712
  -6.719245653983247024
  -4.832940028707963798
    10.6755226414625195
   4.379082080797873644
  0.9013367515136186947
   8.397463366763410875
  -6.799343082933628324
  -3.126753627058050267
  -9.883460675740039392
  -14.05015732264658901
  -8.534125305505256165
   3.672589430731013849
  -8.140096568411035349
  -7.250814231539381538
  -6.299684239366172278
   12.20671472763628707
  -3.060333854597068637
  0.3940286985447655765
   4.751996042590057812
   2.807613251233379792
   7.310001993345151661
    -4.4934220255554429
   5.572609103530564489
 -0.5744112616023845375
  -9.069824798924036813
   6.343722994411249871
  -4.454490668044828183
  -6.444367741536892957
   5.685159511415912803
 -0.3229290756279811214
   8.096085984043794426
  -8.068088331911557276
  -1.485726405707441744
  -5.942504853202482451
   0.647222222158198246
  -5.913796560596919605
   8.228744879289822123
  0.7944347258830536385
 -0.8454707631435895987
   3.272243834434722665
   2.895973969462778186
    6.35254054136163937
  -8.729346257658415098
   4.615334130879207741
   2.625457045166632586
   6.478924635267833132
  -8.079859649354915518
   6.036095574848269862
   2.608142635972097167
   4.089063103985861147
  -8.556506899150367218
 -0.8457607937973438128
    7.18325431145730775
   7.769158530201679902
   1.905838304349239953
  -3.209011802401406488
   6.944470637759499354
  0.4095101161345180985
  -2.036483760932318976
  -4.295226629646036187
 -0.4428290472171139691
   7.644231528481848059
   9.104021379465518038
  -2.217530782375977338
   4.789050175030611811
 -0.9341457588114319144
   6.025327662556051678
   -8.02525977512958022
 -0.7734692315076300284
   4.024109724649783892
   6.975809610455762311
    2.31484464844947091
  -8.861226434693518783
  -6.912103061865192188
   1.746936109701904272
   -4.36510327311157198
  -7.210078855710060353
   -10.7318292210373869
  -5.180445963057186631
   3.260077067422572306
    11.5421465277626254
   8.680904235981303785
   5.563262327906647542
  -2.674894525866136963
    2.79877005659465361
 -0.4603795237748355973
   8.665927156155134981
   -9.38459320670592767
   3.105035558670762974
  -2.941506250853984206
   1.462744798857078754
   10.56471343401932295
   6.655289021010189821
  -2.359800052382525326
   9.022585258641928618
   2.635204128506102084
   1.130519506305943223
  -4.255223011997962601
    7.98392861554133848
  -1.336909738700247541
  -4.659641866640514607
  -5.735287642857348267
   9.421997090415970888
   5.245615534145714243
  -5.418183025374795569
   1.224185791725760808
  -2.042526428691525453
   7.790574965591223311
   3.420058866901680261
   5.551383245471343209
   8.056934661840672973
   1.999937326951559902
  -6.349129393833672808
  -12.64556995291824748
  -8.627188664730066847
   6.873776376359967522
  -9.161205139346158433
   8.655650006404089325
  -1.588073496981514232
  -10.17116857806543884
    3.86951194494438333
   9.322629783514084778
   3.509454541831129148
  -3.386891832981252293
   2.137756955530899283
   5.977913063302741747
   9.958611112580690872
  0.5564185135211280331
   -6.04293909105874949
   1.155864333462879756
   4.313349507650837467
   6.763549280024029109
  -7.620311948297163518
   5.796912549028396811
   2.612822086461212834
  -6.199295874487521729
  -7.284675534832968147
    1.26904841002227764
  0.9823635550470913858
  -1.118672147340523892
   3.376750697750585672
   -8.49117030539936124
   6.521284348535218101
  -4.282300925136234504
  -8.652817038288565854
   4.676199336464045508
  -10.91235590297298153
 -0.9747194074365773675
  0.9480106682576512345
   -7.78422953584628452
    1.52597782376340918
   4.684702771409606115
  -1.754601791744590411
   7.249785841953236165
   9.666310463216444049
   2.216305093579718388
  -7.117771648636471049
   5.872089167642577934
  -1.982600939489364222
   9.813035027934034815
   7.294384598303310874
  -6.112039393519632213
  -3.643164024866195838
  -11.89351201910631772
   3.367681035081965479
   2.416524623739173983
   4.797578956157412478
   3.008578413807428298
  -8.349066702742279134
   6.370427612942109796
  -7.369400153050401414
   9.387934170731035977
  -8.945042002014801596
  -3.242717400500652047
   3.456566566400161022
   3.267641562916197895
  -3.164302494942311306
    7.00658095740658915
  -6.876107460041321673
   8.404558480764553252
   3.920683519246275672
  -4.419397256934560758
    -11.390288141724902
  -5.590697708608264982
  -7.819460623587243475
   1.781873583894835633
   8.382088358922981541
    1.23627752120598311
  -4.484778095841004841
  -4.933910637440401814
   10.40089991930279822
  -6.796076904809218888
  -7.848077355354361018
   4.711448113763394119
   1.014580533599555245
  -9.206150583627657369
  -11.84670498849469311
  0.3171046237569831172
   6.959473429939928124
  -6.260945543535455293
   9.132493772658255793
   -9.84845248891207703
   -3.03564036210248922
     3.8371914605561388
   1.578448570721818989
  -3.243935104157444016
  -6.357557821067066683
 -0.5586642367774357076
  -3.577744305173129913
   8.440523026941907148
   8.766392317548895363
   -1.57276262416766377
  -3.587506965713815443
  -5.088172414821499068
   6.239567294768050942
  -7.142489257590572294
 -0.5280726904119694698
   6.601084255334876083
  -3.584018756826493401
    -9.2734488033558371
  -8.466288295239188244
    2.26763438930339678
  -9.163665071953154495
  -4.343570862857845327
   4.259016888342467055
   10.81000696636744784
  -8.547479365681770247
   -4.24236238815648381
   9.664423090970872821
   3.772960838588887533
   -10.8122325636005332
  -3.140326232022268016
    5.54122417982587212
   6.788052355949733219
   0.825162445264078781
  -5.309676905335544816
   6.431480875083996906
  -1.966289448713863575
   7.826879714656144849
  -4.602938354445657687
   7.363627462603564489
   6.850736013755367892
  -8.565948116439606963
   4.303553141604224308
  -8.321480819726735589
  -5.641163814782179209
   10.88057452408671288
  -6.651112198440991108
   -8.32877874949369712
  -2.191634874395229637
  -12.62467246238206364
  -0.384843931393381633
  -1.732050804643348485
   4.474905668714457718
   9.276985537792675984
  -4.176381556270255757
   3.276022642466821289
  -1.052000470075654004
  -8.197811325713900032
  -8.583095118006719204
   5.457585426829280273
  -7.272553568041471017
   -8.98891730404666589
   5.462585276567368808
  0.7812107543217634564
   -5.18478905779805288
  0.2160274724794767343
  -9.774185903958450439
  -2.278059292395266944
  -1.492116465814572912
  -4.353358735082926145
   4.018381286564419952
  -7.845786496477380467
   -2.64055439918768009
   9.523255220517507169
   8.951638439252153745
   7.124029083756015623
   2.199982402616261989
   5.903334708744337078
   1.956402401954115078
   6.756895356947109299
  -9.337458625037319493
   7.981172659817585391
   1.014453469407444963
  -8.593308419557315503
   7.226711248333594462
   8.115993568578460327
   5.420827168043798494
   5.205232087144300301
    -7.5098972563931774
   -3.35676437361686375
  0.8104314100210078253
  -7.972749647773309079
   8.009234831944377575
  -5.504125526389302081
   4.832714861050270372
  -8.059319093833957837
  -8.161236947256176322
  -5.867966751169687356
   8.170223997129195226
  -1.216290645302666285
 -0.6811612832753748403
  -2.690927541834033487
   3.516028984685181769
   3.308575155018265157
  -1.716363736005195983
   1.224277308589398761
  -3.316696206628122034
   5.528076883519837281
    3.42704119633603943
  -2.347238132771342745
  -6.431944038204331804
 -0.1019178788354837967
   7.452404242318202421
   -6.53551090482288366
  -6.960748401637718352
  -5.093292775354333557
  -2.115582716469962321
  -2.923322397778981951
  -7.014748347465513234
  -5.780458604019905522
   7.554479295678819817
  -4.899165654673382164
   5.225939553925702974
  -2.526825004720673284
  -7.834900856344678921
   3.934168356523856325
   7.405748581460219526
  0.7256141211489210985
  -5.141472577917776121
  0.5015786299344002774
  -5.166188693917391106
  -9.075640934441633334
  0.7401121924326339307
  -5.232497718628222216
  -5.560891623579580667
   3.239350336952220744
   6.693712942994568316
  -2.844975573381648637
   2.468875369752339566
  -7.025983330862820786
  -6.569870159872204241
   8.812982338966753204
  -5.891462295423137263
   7.235609493114928625
  0.5037599159474097643
    5.40081651588597289
  -6.337947582994966744
  -2.357249528088168233
   3.756930985114644184
  -8.475231444943048587
   5.789741000753267919
   -5.61302037684770827
    2.46084162116243288
   11.18017648413698062
   5.146738658807008981
  -4.091425952191288573
 -0.5716167812653519809
  -14.70444457366876456
  -8.783181052719781334
   7.198803438135324306
   -1.57737285965503804
  -6.877320904983649896
   6.443086938306148426
  -3.324487605210927121
   2.860444322509194226
    5.92126353488156898
  -7.454718680004649656
  0.2530382419303735531
  -4.783195837593090971
   7.006645470006058751
  -2.464855861080899047
  -4.370516098689542162
  -2.518650401261651517
    -7.4343101531389717
   6.276340169553567883
    -7.1458108711707089
   2.293270184084296837
  -2.861242300210498968
   9.118727819172294247
   1.334877071252329017
  -5.978884181507311268
   8.800241976353017748
  -6.046541810508255566
   7.812329918935716933
  -6.923139958768796731
  0.7856973402521991723
  -2.258742878264950349
   6.206956497785181881
   7.648057956260737811
   6.893635207457144531
   7.820854164815779441
  -2.101035703564760659
  -7.875314998098131625
  -6.883999687502690534
   1.886305639673550472
  -3.113622733391343544
   7.092882925105456593
  -7.783850754237890079
  -3.427952932445298195
   3.980698038462152422
  -4.166696671308717903
   2.450199798496599524
   6.220576718304298147
   8.770305318066391465
   3.770376933902970684
   -4.35578720654175644
   5.653050213998864315
   6.479746420306475407
   4.802079871042543857
  -6.966719196834585404
  0.8892823202448683073
  -6.059904315638100059
   -7.31376124286025231
  -5.623370117679500346
  -1.677666564308257335
   4.601318308679338109
  -8.238156908447049176
 -0.6886014356579712725
  -8.397770323797860925
