  -6.647438996170785153
  -3.317935496196001477
  -2.093590037409382099
   4.455413920976508457
   9.719683411538355244
  -11.65980366399383961
   10.42946795183116393
  -9.046981560672371359
   7.265165446663743865
   5.355148426205322387
   1.441537116990252221
   7.920461737746586017
  -4.460025726490902898
  -6.638322542362972811
  -12.27948635007814815
   -7.96272363814456785
  -6.881427369206548406
  -1.004505702472745732
    8.14503747351954388
  -4.650843557472183143
   4.205504150844348921
   2.907676766969916393
   1.748529270196424346
   6.299022997285005587
  -7.163652046275131191
    7.54253456331561889
  -3.251259461322762778
  -4.498310245931286921
   8.535429255012804362
   4.634857792637107288
   5.515927670819532835
  -1.626561597188078467
  -7.405987001923551638
   -8.13422474692524311
  -8.162655484463849476
   11.01696356420685774
   4.120536289954319642
  -2.049874830717414831
  -7.201514491815865782
    4.31152059130572507
 -0.8951667262843227002
 -0.4466602375190026897
  -7.096200617602907101
   5.385979881188425189
   1.042408997754811883
   3.677297802534008841
   2.833841003692529892
  -6.343204044446498102
  -6.313265172028314609
   10.73669392199199635
  -9.613973796723161769
 -0.7609695632815534072
   9.413561916553181419
  -8.121721514527456165
  -5.501515697826020457
  -9.991002447632897798
   12.59148249900163385
   5.081585274977667765
  -9.479097103079862308
   3.329503496553040343
  -5.047248159219991592
   5.123202101393254715
  -6.791059150592186455
  -7.923198960719919803
   7.888988751616349049
   6.263182343436231037
   -1.58188495218194114
  -2.096197387074568041
   10.88591638318592025
   8.001768884156760464
  0.6534562350159434096
  -3.783038458285159944
   2.415465234462489175
  -7.258349066326822197
  -5.833462290863528743
  -8.367242940630610804
   8.402722206381948666
   3.413921322185291096
   11.73493553268973955
  0.4909169086505084101
  -2.299755379267811151
   1.287416117664627047
   8.479134649642370292
  -8.593793868585711593
  -4.251190205646982356
  -2.262629735313328894
  -8.798947716749003334
   1.454053011652797878
   7.958512912654985172
   11.26708805793292534
   7.838922855258362077
 -0.8442605121442694482
  -4.947754126870656854
   8.352766846700639292
 -0.3972603899671736105
  -1.904367091869986428
   -6.57691204594513934
   6.341314023068855832
  -14.89958783934642206
   5.827001559035203115
  0.2036314527468809088
  -4.289509861671485957
   7.733967690094472047
   6.818131471692860046
   1.663377199540405194
   1.956718757921138696
  -7.150479478686228241
  -6.503257266628259536
   4.174042891077146322
  -11.47123364478663987
 -0.5916439696114005331
   3.890861357039831603
  -13.07169631246982533
  -7.933333284550078801
   6.507384367067461817
   1.856041426942163675
  -1.725263972436318127
   9.084742997502168294
  -6.915978956274218881
  -10.27274332564655879
   7.118453548788302498
  -11.21745911913977523
   -2.02043175122121621
  -3.580893257059208246
   6.352872996756355306
   8.490629951150827637
   5.035905853321438919
   3.749404669749257124
  -3.279495962093755601
  -10.42151232783521309
    9.24738360230866796
   -3.72750103551487566
  -11.63887573203776427
  -4.547757511102020089
  -5.755372297355298983
-0.03760899851441956709
   5.705243203647691885
   1.837519798627855749
   8.711296160375631814
  -7.323685355569633515
  0.8918355367883860074
  -6.542474602709845044
  -7.484678308888888409
   5.602067052658754598
   1.242364615551889706
   7.763648986777710093
  -4.975626542831232513
   8.267408878800901917
   4.527676846315101145
  -1.625806420112526407
   6.587507152780808894
  -9.470873664629802846
   5.612787764433387672
  -4.013288273426019792
 -0.5364793826253283493
   11.96718879527293922
   13.68662949070962398
  -2.741332051948626169
   8.442954173416220343
  -8.549955044091044343
  -11.06860547030176178
  -6.947762109316231616
   -8.36132592914654893
  -2.698269864557326425
   9.867759149636338378
   7.801004897369880453
   3.353161334370907909
  -3.686198054662005674
   3.885570431515748879
   6.532901309066965645
  -8.524906608169683153
  -4.655394672167160408
  -6.519361752413871613
   8.727042919859270498
   -5.38835939454769175
  -12.66091296840455627
   2.509051766057655453
 0.07422588628752746498
  -11.43663565499794288
  -9.525975351384849077
  -6.632224962398330703
   2.925110644275360272
   11.24855326920797438
  -9.990562967732898869
   6.756317293507825283
  -3.316364573358215662
   9.322244267972322973
   6.906087118051055462
  -8.128514383842791347
   12.65947392745234801
  0.7225700060897914945
  -7.314733846928264782
   1.895124490506216786
   7.816388043985940115
 -0.3285957368258348721
  -3.766902123011106163
   7.536471739886053456
    6.32885695978042051
  -8.905434462960485575
  -8.347353347144547797
  -6.803351815596679231
   8.245681114249748589
  -12.99522073342794215
 -0.3374140085585548565
   9.910866321286571079
   2.647330881517139911
   7.962431835325975094
    1.08511093671283998
  -8.540965089227391616
   4.662194286050846515
    9.50767269508201629
    2.56531332956169944
  -9.815174144483494345
   4.030343407497865016
  -8.033300526335359848
  -1.327180881257596035
  -1.969128470396984909
   7.855165892036012565
   -10.0033516210024942
   5.584056302271324768
   7.184959701872653426
   1.162824498185125233
   1.171804619151701088
  -8.475296073141253217
   6.408268449191196758
   11.62078442720191163
  -3.793089969271401074
  -9.685349141925758687
   -6.79335238054209789
  -4.152604326129396561
   3.767626694871759607
   3.193215442203693577
  -5.170773327232789818
   3.457359397814219193
  -6.191868913428794308
   6.465937808478734894
  -8.041075720308104025
   2.981935880396118677
  -6.985589333246886135
  -1.383623015612638341
   8.094391531596601297
   6.362340702972428375
  -3.237180382165398385
  -9.460734712967102666
  -10.29787756325736581
    5.08454159228165814
  -5.505502535135088138
   11.21707924756844399
   1.249554023153707671
  -7.060697174182180014
    8.32161455245178594
  -3.344069421355123861
  -0.872373475731577197
  -8.157048987098939108
   6.679860257849614236
   8.507251771213972802
   2.302381119459747438
  -4.210314611048815436
  -1.685822730632752897
  -5.328986751703631342
  -4.875381765885569152
   8.404175997243132912
   2.718884203758106022
  -10.40849184487877821
  -10.34795416540869617
   9.495915410559144121
  -9.673144244309845874
  -4.145523743879279799
   5.952887080882303117
  -2.860969591233512688
 -0.4332776698716819808
  -6.244705632278038543
     1.0554863994209156
   6.657452696730818964
  -9.975160027882179037
  -8.018757626552915241
   5.527620497986368342
  -6.608770638802733188
   6.812174642036792349
   7.459396850078289454
  -8.064090173760392943
  -1.097110022192955281
  -1.542805812040112912
  -4.758180804051239221
   7.471303417240100053
   1.074459283454822334
   5.333476188243711391
   2.485322783070386343
  -2.325129949087473058
   10.79182690113183973
   5.183593758393799433
   -7.87949156106107651
   4.652715940058306465
  -4.422925002625350821
   4.053246313079649887
   1.940075746500960374
  -6.850479075702407883
     5.0028650923374407
  -3.076994539642348148
  -7.127400294790330548
   10.17453149856744332
  -7.360751939965799018
  -6.474286574759859469
   1.603760600633617805
  -2.404966614965320826
   5.325153919247876289
  -1.243919505558120253
  -7.282452417584488913
   4.154492959049918888
   11.30337384911468135
   4.641898183460026139
  -8.435511028491848862
  -5.138532329022010181
  -5.967211058991757966
  -6.113297799893214979
   4.682559523727640283
 -0.1994739815904160163
  -2.422181298233768487
  -5.856299278087671922
  -4.109363175553745862
   2.622931578489890114
   9.746960670611951372
   9.288432403282131489
  -6.536317981435673552
  -6.914608328609686438
   10.22114266314853737
   1.610826551344347823
  -9.036884260252787016
  0.7191430278321123692
  -5.682172069741742604
    -4.8774858420756253
   7.775750180305492698
   6.559459546398617391
  -2.113170585279589009
   5.523395279100458133
  0.9496187934271315134
   3.557761408385005097
-0.02843073753860905772
  0.9327102373696790627
  -7.677605877232002385
   6.325258601564886618
   5.299332631102765312
  -1.662876039740661893
  -5.944667686837750153
  -1.442045877545127919
    9.75235667368325565
   3.457688850739975894
  -11.03378993382805184
  -3.937974186173115232
   5.383084476479312208
   5.738049837648498297
   6.755056566195410284
  -7.199021518150486187
  -1.555194667506362816
  -5.777248908977020037
  -1.369155243021518142
  -11.04887212103585625
   -10.2404780248209164
   1.534629141028797328
  -4.976208566469378702
   2.333341506827536271
   9.564537477845888702
   7.591219028339308394
   -9.96752521803805358
  -2.895464681537085916
   6.071332333954692295
   3.380404787353323393
   9.539122002429792246
   2.864346637713164334
  -1.526248083225560936
  -10.83690849920823496
  -8.354119219017650977
   7.933064406214073827
    -5.0348678900879138
   7.687431717418713006
  -8.315401815415196296
   4.211477756454721444
    6.74331881903591146
 -0.1020882600273301799
  -6.661475693720223745
  -1.207614772514979951
  -5.617147420307301964
   9.934032138610028539
  -8.772020394169643964
    1.32443261484399466
   5.262412107249181403
  -2.851803487975348883
   4.431342676823337712
  -3.998369279134781795
   7.508723727786311031
   8.795411366374192852
  -5.554361621403728577
  -9.522693154445645902
  -2.116944559111672231
  -8.797079012315812463
   13.71574280689998204
   4.495704687229300944
   8.089897632620536072
  -10.22820684202550545
   -6.29403848931790133
  -2.822458253926705574
   -7.26353548828373885
   7.436158706328818369
   6.975779160470120921
  -1.948434487852686914
  -6.201033902367677264
  -5.186453389613353337
   1.937575704425788636
   5.506236729752665759
   -1.16778787882528623
  -6.160206092790905252
    -7.3109818534264992
   4.973302123500505267
   8.885694718683629034
  -2.884147499029159345
   5.057744245697982421
   6.190322762427022951
  -8.470451148723434187
   10.56940485819736608
 -0.6798762136369477238
    2.43650459520675744
   9.432877034592344501
  -7.556935544223582824
  -4.952415430564481191
 -0.2409673447259327583
   7.300192024523276757
  -7.107205109416959488
  -3.730454405733312662
   6.669197095301311329
   8.737758011767434496
  -9.046796686170029744
    4.27141995688634335
  -5.808019923416487984
  -4.531525245343130948
  -10.23586672212335813
  0.2040498702096043004
   9.627149250456501051
  -5.373482550669940849
  -7.918453324383172287
   1.908928840537559291
   12.10335351822976335
   5.129614966154400157
  -3.055795895163897491
   8.858159837956289806
  -7.476905683240615552
  -3.719974689760178421
     2.5006020268372251
  -5.343147377678336696
   6.178300923129999234
  -6.856366944387565887
  -2.377262463321889285
   6.574376009191571946
  -4.439842321440968576
   4.927835964529863055
 -0.6222602313945406749
   7.522747462798917262
  -1.539428215541782441
  -9.217155063685423144
  -5.944911240745519798
   9.873196703718123857
  -3.283966874646311318
  -6.749672290113058359
  -3.700072856255821385
   4.092224987830118899
    6.04862740527007503
    -5.6082331377324941
   3.742099042823098021
    8.37991360434750554
  0.3546538258140687905
   7.606444368816468682
  -6.139110902455146679
   2.893750402865260973
 -0.4645876313979314665
  -6.770303987372468413
   -7.32896824009299408
  -10.34804831066075437
   3.092100251900649077
   6.446812415333138979
  -3.900571464319184223
  -1.518457352249323433
  -3.019501592950994073
   7.689388656651973797
  0.8005556848553110338
   5.820107735575790642
  -6.073404255211308111
  -12.41457461328907641
  -7.136001436322706226
  -5.566883947595233195
  -2.442097241195385848
  -6.785668110040212753
   3.703729397385251865
   4.661895206196227548
   1.816919665572755083
   7.130770587277622141
   4.845478432054397544
  -3.196731039756032899
   9.441941541653118719
   8.240559190995597305
  -8.380066231364715179
  -8.822895263429625601
    6.16336988729424462
  -2.281444630400686346
   4.480708851005768878
  -6.565010602862726863
  -5.770311964650417735
   1.971253395255553098
  -6.377813307486727368
  -7.869929765912676345
   1.248798091948303046
   8.341680969191905604
  -4.882033477622088391
  -1.218784166567521421
   9.270613363943422058
  0.6401899320944497429
    6.99307375102784512
  -3.475953996375065191
 -0.9441129318469204668
   6.618809632462662407
   7.236120505479672005
 -0.3593660630594160965
   7.076400874897388782
  -6.779409747380567453
   2.472734698322744507
   1.663750071233257355
 -0.9702718441383328951
   7.101011592979910247
   6.505328923650348649
  -7.825719830114950426
   7.364481561655944475
  -7.996905194489851709
   3.311880062669860791
   8.628132695509041383
  -3.972795474763374024
   -1.02109561129426174
   2.068560902159383375
   3.213101147222670928
   7.243706913603577213
   -6.26681176623695535
   8.590546489289069498
   -11.2007223459136771
  -6.674024636008043743
    8.37924668761354674
   3.379457960127022265
   3.415264263048537252
  -4.466338063490419508
   6.111399938983885782
  0.3527503371401132792
   6.521985552549327991
    6.99637245594911672
  -9.993440148004083312
  -5.533110052986846661
  -9.987600738813885215
  -3.487460928659944948
   3.537900368480913826
   1.091739426092856791
  -3.390659061276745323
 -0.2309423221441564422
   6.112780669105881692
  -6.675310068835527133
  -1.365989828561792407
  -6.459282589761828675
   8.057822170073636769
  -8.570770911845677631
 -0.7051832730157840956
   6.544602572769525395
   3.177920564029312445
   8.764002765880054113
   11.01495649048024461
   3.337229660549612564
   6.466893410416403754
  -1.505856241514949678
     9.1823468157434327
   2.442904345831393265
  -8.409199104906539546
  -6.094354454535787724
   7.706703665582223195
  -2.936852793770167835
  0.7924286366024576589
  -5.625845196991399177
 -0.9496458605273521147
   7.768238216942905616
   7.087076922995236394
   8.950118391833433051
    5.87298430909548852
  0.5180112305962321084
  -9.366895588153910879
  -5.327450627617524859
   8.383598852527841316
  -8.956309987236069858
  -3.052975288105034934
  -15.05780791112576189
   7.956129311045151198
   4.639433098757702822
  0.5480071603148654047
  -7.348312649140820163
    9.07447025909244509
    1.53528397389140725
   9.975806997331698511
   6.243638010727499577
   4.030605766752838548
  -9.479912897813733252
  0.9209870256126729826
   6.485976838161700897
   1.573107183313574797
  -6.211122361112247248
   9.995431381187184883
   3.099084995438349033
  -13.35361161326056134
  0.5138439991190713041
   9.756027277854638413
   3.354712158798164978
  -8.236183255644888845
  -6.992671701181619071
   5.701979512133453554
   8.872739807087866026
  -10.64551165854909343
  -1.677844204029225628
   9.519651511803077781
   8.525434885154533404
  -1.968674403626676339
    3.43214211371372091
  -10.60910924801826383
   10.55773913460273405
  -6.896427289816498885
 -0.6762552851132525022
  -6.783653123621562031
   13.06021650679887536
   1.721390176456936594
   3.395080754826083513
   8.010414874076385416
  -5.477329296701702432
  -6.143193988436206787
  0.7013547106449532498
   10.08928888274059688
  -8.243687297326664165
  -4.103493614726387406
   9.197027370917563616
   7.636565855482936982
  -9.067476034931372553
  -6.831765193137858461
   7.891239346405257038
  -5.334645791568456197
   1.368335245724674243
   4.550493729569707213
  -4.999788727486523143
   -4.96398241342683999
   5.876921642555568148
   7.509538655833774001
   1.263651119629084052
  -3.465705437449810855
  -7.290499215367987063
   3.999441159957752401
   7.376191861347672685
  -4.491729156735750905
  -1.240880973197503678
   9.325407017924444375
   -6.33819505591175858
   5.958530735483634544
   -2.17646751714027209
   8.213313541659880812
  -8.359379752773078209
  -3.233585850838049502
  -9.802659257113514713
  -3.824793767526478927
  -2.901566986642521329
 -0.5822866305697036449
  -4.549454973376535705
     6.9445581699136536
   7.670172282332892166
   1.803085571584593705
  -3.077134070265651111
 -0.5665195393055955098
   6.806520715645311803
    9.09979091029524767
   3.332213392197933555
  -7.911805305625755125
   8.883596617903153358
  -12.48005238974236519
  0.8083940482019161822
  -7.216253039356709031
   9.242183278735566887
   10.51106170128322503
   1.286687638587879823
   5.962886967659935422
  -7.310825725473104164
 -0.3663550634978005593
 -0.6181303291641041531
  0.9603182670844722102
  -1.513219541416145564
    2.96588486721781619
  -4.879901605051184532
   6.621432609263617763
   7.056607159049601563
   1.268878414659375009
 -0.8371428502902662494
  -9.430110107732822655
  -7.430172814707454165
   -1.05974520019577767
  -6.569073424805996098
   9.190619122146195252
 0.04562965502615901059
   9.748700241585416038
  -1.170660960197956069
   12.66858892684586912
   4.195989991361268601
   11.51781317379036373
  -7.113591803192224283
  -7.824167987000713254
   2.985838968592291032
   -7.68800309085903244
   7.191718551175588559
    3.86434534115867212
  -9.881209990323631231
  -7.103156533708649079
   1.668823721978095698
   -9.18624029715837942
   4.803644085555984766
  -2.293536248563536883
   -7.09879468848156403
  -1.059297778730447837
   7.504178652544848838
   6.768851070448107521
   6.077469765652081968
   8.718217881970417693
   2.250953737638655916
  -2.297109354085120181
  0.9492482700146418484
   4.880062726308251442
  -8.735035678480162602
   9.085054965615729117
  -5.458740893721967247
   4.036390058392751889
  -8.613240327268471219
  -6.888832994254173947
  0.8864653803686933786
   -1.86928094440470427
   5.916230098896097189
   -2.40782066648245241
   4.526038795191876574
  -8.653708206386383495
  -5.645129783064792406
  0.1770540168677248727
    10.2974679683243604
    8.05295152202010911
   0.396075083082130297
  -10.61814320581364512
   4.819088392018123557
  -4.067370100055519799
  0.4351745439491401246
  -5.352554209588743284
   2.468299969500090896
   2.322213220923647459
   -2.60970286910445548
  -4.650568316824631232
    3.93871586422540565
   5.210009871594144748
   12.63867261060258151
  -7.088483312657167801
   2.845282923938876607
  -5.626164252040535274
   8.823195981168474589
  -9.054117174988238759
 0.07831467315265572271
  -3.909889198197602944
   5.522223413511907708
  -4.489486742642018413
   10.58310094630028786
  -5.154754306909808292
  0.8231111778573710902
   5.829866265450677432
   3.621881262985828354
  -5.904501130828951894
   6.211642803520373235
  -6.069103310432790721
  -8.184686036418430177
 -0.6302067552144661189
   2.633898513245779505
   2.319280335172414276
   4.635297341001324511
  -6.389829450971370228
   7.270720409652120964
   4.023502764982011648
    10.3990507773429961
   3.221576578053535034
  -1.552937896544651641
    -8.4725989318062922
  -1.150775783309406997
   11.13350821507950883
  0.5558145978180890623
   3.043992640437544583
   -5.81809393858459778
  -8.925959618507356197
   9.985572670048787458
   9.883654793066391164
   7.775298375193747447
  0.2097891493365581228
  -8.676669348696986361
  -7.936557141470743204
  -2.330148502566318225
    10.8151877452859253
   -7.63605951259732052
  -8.398729054933498972
  -2.318362056013013817
   7.957786117136686599
  -3.666662288960957472
  -9.001836958447677617
  -1.995255999790604307
   0.103647050494347831
   6.379987215243189347
  -2.223184283790222704
  -2.913938271324987284
  -3.434117965334710032
  -6.122950118562424215
    4.03053234893028911
   5.045112863098825784
   -5.02528153269496336
   11.51205108209832595
  -2.980585978154705273
  -4.373918404399235627
  -8.862086560760062071
   -3.15487295256168121
   6.941580013382899317
  -2.353234084283005512
   -10.2904207437341384
   11.62940706957446402
   1.256402458069691086
   10.05664444540680158
  -4.790139340924470801
   6.541234637420123121
  -13.62127703395612954
   6.137592818800314376
  -8.718328642972531739
   6.694011292564155724
  -1.217363422779820903
  -6.840733527856448504
  -1.482719173852700578
   8.078047168012597368
  -7.565509250093098714
   2.232585316230825345
  -10.62692435186145801
   6.699084960010085688
   -3.39733921156892027
  -2.965770433051192256
  -9.311135743088108541
    4.83140566142734329
   5.717763297385204169
   9.478014566620823089
  -7.937186684234252887
   8.894468721703130853
   1.580707493843715561
 -0.3742641125106084266
   2.640748094891725017
   8.972114346196251589
  -8.374579119737202149
 -0.3653442828465043313
   9.986567830296669612
  -5.845461841237744594
     7.8655876283952324
  -4.467160544041734127
   6.009348597440576256
  -8.901603436595642904
  0.8111045857714765939
   5.081802956522063042
    7.70726000168869696
   2.522470957190304119
  -3.815476630543309433
   9.557335641141559535
  -6.512695755188175006
  -10.22271863374426459
   5.443908736692662842
  -5.973694474695493639
   2.159234376120619636
    -6.4340740279285491
   2.692232681459643118
   9.385945624454214098
  -2.040865453744221902
   -1.39019131281143693
   6.548418766441717054
   7.932438411451551374
   2.286732093387654263
  -9.241683186834499963
 -0.1809100276281385145
   12.36589737669892664
   -11.2339943657216601
   3.839387122183100409
   2.502477356974408096
  -0.820254722932702518
   9.028413518471523957
  -4.917273879328371677
  -11.88399307040701558
   6.529751873653627747
  -6.027563099173458561
   11.43766787193798606
   6.674141713572375956
  -6.245887536204690171
   5.742852191898166758
   3.760251274641251307
  -5.010038421928554975
   7.661153916232162686
   1.315788589602255865
  -1.283888102997913006
  -9.681658437777787896
  -1.455319562914078269
   5.511660608628006663
  -5.737620458421798908
  -4.222054277408609835
  -8.592967257442559514
  -5.758649606996790737
   4.039444969793923867
  0.4105856184404065301
   6.220172004703250934
  -11.32205079894048794
  -8.013475661064171973
   6.549003943425883989
  -6.953391511869941866
   -1.47564314471872926
  -6.467264144331762665
    7.92023103408222795
    13.4928401317864477
   4.945360755466621683
  -8.510890659347825959
  -10.15988108621018782
  -7.553184262775543445
     3.0190827131727902
  -6.038532912470405911
   5.977865476766923258
  -6.386164750753985153
   8.145007715568432616
   -2.21303224205294935
   5.037142025274400581
  -5.322651003783327894
  -3.744290522214633654
  -6.054413651853213452
  -6.447787486783422395
  -9.371109868997155701
   8.538399644074733175
   4.371703021671081935
  -10.14614487255808051
    7.18706989914403227
   4.252966566137005522
  -6.461281342420399199
 0.01846510151291633206
   4.800156226794035419
   8.321014217573114991
   10.09476360598850597
  -1.144822272115244566
  -8.537258769128172275
  -9.874168507828418484
   5.263799337706292825
  0.8046862590889474198
  -7.965269774983108064
   10.27826697190941374
   9.888944499057533477
   7.862673538333239343
   1.948876972132400631
   7.875897544981928178
  -4.927230468870225977
  -10.79519723971072942
    8.65710826421629065
   9.933766251221381793
   -1.96563388433652908
  -4.761474679709703395
  -8.322675793401284494
  -9.003837078248105641
   4.902948399759670117
   6.780543499798246998
   5.753386809401291657
  -6.183517077671504936
   4.907915999861359069
   2.604520113659099856
   6.289024683558723794
   -10.4747420983297026
  -7.198719455862882199
   5.264269501408834984
  -8.024647085866053686
   8.323442620968236838
   3.761888094505319469
  -4.113426884179172127
   8.077223158335495867
  -9.695835117221498933
 0.03858189862837169137
  -3.938142390640323676
  -7.366120194109186059
   5.707213585977038761
  -3.107865679922756641
   2.350449204115869328
   9.798094566323925392
  -8.886458485125839246
  -9.664855399374957301
   3.773484527685349921
  -1.867679315729412481
 -0.2769212461561240679
   5.072251618242614946
   2.383419472407384276
   -2.13782724586604056
  -4.985980665804394363
  -6.845407053126633556
 -0.9428055201474740965
   -7.82012644031616766
   5.500281392279081416
   2.316017016578944876
   5.211991010770776533
   1.969273606440391511
  -6.510837731916480742
   3.216830023992960808
  -5.801053177672510053
   8.029908318722899452
  -1.758146256849048239
   1.247838548772780554
  -10.21196955934495065
  -9.371047096471667004
  -3.253114703669331309
  -9.144989478458882104
  0.5580811012741504484
 -0.9747654593036366721
   1.243511562001134774
   6.250678058546970561
  0.8137805349970368418
  -4.492235991212290003
   10.02363890288814474
  -4.561554533381228183
  -8.531974183974455173
  -2.100493308890457378
   -3.32737319701494183
   1.470205770794864364
    10.0239297043010076
   3.912392582842799449
  -10.57769361826543175
    2.66534185165910209
   6.325827020276392432
 -0.5502804299320747106
    -8.6095995237660361
  -4.671620031360847136
  -8.459976048760841749
  -4.370912966075538364
  -7.214951336386711489
  0.7097845535656470695
    10.0372287380994365
  -7.669014019140509397
   4.431686789854834885
  -9.374373558735594969
   10.75589454736557116
   6.821038536014469855
   7.948825752869456807
  -6.835361150100785821
   9.531691303774353585
   1.346839562256128664
   7.250174273170372885
  -7.677726863208529373
  -3.857086352930907847
  -8.769956024131849048
 -0.3476318271315572139
   -7.24397820394695735
   6.828224242297761037
  -3.533516235767968361
    7.38333481761810706
   3.079039382548153903
 -0.6352883473119776969
  -8.610304815145726209
   1.883018169665569674
    8.63991351374683525
  -7.454440469880611708
  -1.846755532364168673
   6.923549785702224568
   2.371592193125818149
  0.6335033741813311803
  -2.244516492006313424
   7.617207723929755758
   15.06961196624795818
  -3.046590844238489471
  -9.901392908093265888
   9.289153342291099236
   7.030609075877951142
  -9.017883214259983404
   4.813078294729936424
   6.096463307271621446
  -5.750241667556337255
   6.198503693034600914
  -3.475310553659689106
    4.15597726470810791
  -6.719245654260539879
  -4.832940028385328546
   10.67552264098430115
   4.379082081421726613
  0.9013367504516693884
     8.3974633670225316
  -6.799343082376916314
  -3.126753626203332637
  -9.883460676544849832
  -14.05015732243044368
  -8.534125303887377001
   3.672589432076709848
  -8.140096568399384225
  -7.250814232220513134
  -6.299684239577990397
    12.2067147277224386
  -3.060333854597068637
  0.3940286985447655765
   4.751996043496250266
   2.627553708866012361
   7.351223805743087425
  -4.360138209964052436
   5.572609104058680707
 -0.5744112632735638435
  -9.069824798924036813
   6.343722993598007065
  -4.454490668044828183
  -6.444367742046081204
   5.544413664819320076
-0.06111253991993781387
   8.251496588519307451
  -8.096854636215091716
   -1.76220852197516642
  -5.793789821323101386
  0.6472222213501799271
   -5.91379656083041727
   8.228744879278663049
  0.7944347258830536385
 -0.8454707631435895987
   3.272243834434722665
   2.895973970839980538
   6.352540541649599248
  -8.729346257658415098
   4.615334130879207741
   2.625457045166632586
   6.478924635267833132
  -8.079859649163267932
    6.03609557488208992
   2.608142635474598681
   4.089063101436104297
  -8.556506899150367218
 -0.5944487274881685712
   7.010614923996962844
    7.88793246552429661
   1.663875786144907387
  -3.209011801625315741
   6.944470638441639032
  0.4095101146824537963
  -2.036483760990557723
  -4.295226629646036187
 -0.4428290477333959307
   7.521053502097116095
   9.168289849272374781
  -2.217530782375977338
   4.789050175030611811
  -0.934145759270717746
   6.025327662453951127
  -8.025259775094486514
 -0.7734692326506942273
   4.024109723992236098
   6.975809610455762311
   2.314844650370749601
   -8.86041282414589304
  -7.034444719370356758
   1.746936110109888363
  -4.365103273111572868
  -7.210078855664328046
  -10.73182922135214667
  -5.180445962234617951
   3.260077068347413398
    11.5421465277626254
   8.680904236360809989
   5.563262327906647542
  -2.674894528356183798
    2.79877005659465361
 -0.4603795253387719111
   8.665927156155134981
  -9.384593206184076664
   3.105035558670762974
  -2.941506250853984206
   1.453755082496273277
   10.56380151875233686
   6.777951200211341565
   -2.50508244669355884
   9.024082299331061208
    2.98367905552447743
  0.9029677211649845825
  -4.042877057397854301
   8.130328893090087661
  -1.336909738700247541
  -4.659641866640514607
  -5.735287642663883467
   9.421997091375372335
   5.245615533289235799
   -5.41818302561225984
   1.224185791725760808
  -2.042526427898781805
   7.790574965591223311
   3.420058866901680261
   5.551383247129875187
   8.056934661054159008
   1.999937325620877004
  -6.349129394412566185
  -12.64556995246090665
  -8.627188664730066847
   6.873776375751126544
  -9.161205139132269082
   8.655650006439927324
  -1.588073494870060998
  -10.17116857806543884
   3.869511945638042238
   9.322629781476249988
   3.509454541831129148
  -3.386891832790361434
   2.137756954756658168
   5.977913063302741747
   9.958611112130032694
  0.5564185119123055134
   -6.04293909105874949
   1.155864334238740465
   4.313349506677258915
   6.763549280138926534
  -7.620311948397856305
   5.997004902774857094
   2.612822088229313167
  -6.322881064919583238
  -7.284675534832968147
   1.269048409976218705
  0.9823635550961391516
  -1.118672147340523892
   3.376750698419844987
   -8.49117030539936124
   6.521284349074063513
  -4.282300925738852015
  -8.652817038288565854
   4.676199336464045508
  -10.91235590297298153
 -0.9747194074365773675
  0.9480106664812164574
   -7.78422953584628452
   1.525977823423986912
   4.802451536847716973
  -1.516819092475828246
   7.249785841953236165
   9.666310462708983309
    2.51301035500436587
  -7.252116704814603132
   5.667177323547839762
  -1.982600939489364222
   9.813035028747915334
   7.294384598303310874
  -6.112039393481525806
  -3.643164024290033609
  -11.89351201848460882
   3.628684246581922235
   2.416524623128548654
   4.797578956642929882
   3.008578414528526146
   -8.34906670274228091
   6.370427611369792409
  -7.369400153050401414
   9.387934170402346012
  -8.945042002844976636
  -3.242717400101128078
   3.456566565540029945
   3.267641561671227546
  -3.164302495368357171
    7.00658095740658915
  -6.876107459631620067
   8.300346595435897257
   4.108367092104904472
  -4.129442838219468115
  -11.29710244053029911
    -5.7031301287047933
  -7.819460623587243475
   1.781873586462401349
   8.382088358811429885
   1.236277519700526462
  -4.193622947056686812
  -4.933910635061566907
   10.40089991869675856
  -6.796076904809218888
  -7.848077355354361018
   4.711448114080703853
   1.014580534224457598
   -9.20615058486722404
  -11.84670498849469311
  0.3171046230646189512
   6.959473429939929012
  -6.260945544014668407
    9.13053855486251642
   -9.84845248891207703
  -3.032060517237111341
   3.837191460681489641
   1.578448571785433518
  -3.243935101830617285
  -6.357557820476721133
 -0.5586642380528834551
  -3.577744304552357146
   8.440523027191590089
   8.766392317253629329
   -1.57276262416766377
  -3.587506964387219721
  -5.088172413613849976
   6.239567294768050942
  -7.142489258222348703
 -0.7632994050125782026
   6.353990234363509515
  -3.200011781374233699
  -9.438817676399533951
  -8.404803840394091452
   2.444199026444925149
  -8.914419907138084298
  -4.343570862589019477
    4.25901688809703316
   10.81000696651624082
   -8.54747936533897601
  -4.242362388623434732
   9.664423090229494306
   3.772960839489448048
  -10.81223256341865735
  -3.183420882730198631
   5.594093543939516522
    6.75885333486778439
  0.7387605116355533408
  -5.351472073653382289
   6.431480875083996906
  -1.966289448713863575
   7.695150980285557551
  -4.881882831927530475
    7.43085690781479169
   6.841690499543561899
  -8.497776686897068998
   4.550206538672939338
  -8.221299647471994376
  -5.641163814487721417
   10.86718870138193793
  -6.651112198672421982
  -8.328778748916660035
  -2.190066493644169388
  -12.77183293185183288
 -0.1876679998323185772
  -1.732050806723695491
   4.474905668053368757
   9.276985537792675984
  -4.176381558086136536
   3.276022642466821733
  -1.052000469261882731
  -8.197811325547315064
  -8.583095118579723959
   5.457585426040511223
  -7.272553568041471017
   -8.98891730404666589
   5.462585276567368808
  0.7812107528597883599
   -5.18478905779805288
   0.216027471940429483
  -9.774185903958450439
  -2.278059290920587454
  -1.492116465814572912
  -4.353358735641462474
   4.018381286174736111
  -7.845786496477380467
   -2.64055439818475346
   9.523255220517508945
   8.951638439252153745
   7.124029084814171853
   2.076326924382857264
   5.903334707455998753
   1.956402402599358048
   6.756895356742723457
  -9.337458625357754727
   7.981172660342184422
   1.014453470380956901
  -8.593308419247652097
   7.226711248333594462
   8.115993568578460327
      5.420827167519918
   5.205232088569951898
  -7.509897255044460707
  -3.356764373616864194
  0.8104314087256541121
   -7.97274964794656249
   8.009234831533143861
  -5.503254674633770271
   4.603512946754442225
  -8.059319093833957837
  -8.161236947256176322
  -5.867966751169687356
   8.170223997026074159
  -1.216290645302666285
 -0.6811612825146045047
  -2.690927541038233173
   3.516028984685181769
   3.308575153652532297
  -1.716363736005195983
   1.224277309080094911
  -3.316696207066280877
   5.528076883686883214
   3.427041195820546449
  -2.347238131586085963
  -6.431944038204331804
   -0.10191787777659779
   7.452404242318202421
  -6.534922781445224871
   -7.00313342778340342
  -5.093292775191270216
  -2.115582716989907297
  -2.923322397130430517
  -7.014748347245514992
  -5.780458604850611692
   7.554479294539453882
  -4.899165652946862792
   5.223133117916508361
  -2.526825005177916417
    -8.0054982896422473
   3.934168356523856769
   7.405748581211431869
  0.7256141202582281347
  -5.141472577917776121
  0.7919258060149737544
  -5.236256582072265964
  -9.075640934441633334
   0.740112193826831799
  -5.232497718628222216
  -5.560891622492281527
   3.239350339156408687
   6.693712942994568316
    -2.8449755737199518
   2.468875370244608014
  -7.221148626684537497
  -6.569870159872204241
   8.812982339541886034
  -5.891462291987817679
   7.235609493114928625
  0.5037599159474097643
   5.400816515946574192
  -6.337947582994966744
  -2.357249528773361913
   3.756930986125516458
  -8.412992275287749067
   5.583185437700228348
  -5.745900894985876306
    2.64266784155484169
   11.22682863474293669
   5.195777068374686891
  -4.091425952515476361
 -0.5716167812653522029
  -14.70444457333862687
  -8.783181051809119566
   7.198803438343947647
  -1.577372859655038262
   -6.87732090471821067
   6.443086938515373063
  -3.549969731571854581
    2.66343310675185041
    5.92126353488156898
  -7.454718679394673586
-0.04798135944245220108
  -4.755594886037231461
   7.010577311217765839
   -2.61731740511196076
  -4.370516098689542162
  -2.518650403257577164
    -7.4343101531389717
   6.276340169553568771
    -7.1458108711707089
   2.293270184584389249
  -2.861242299479779483
   9.118727818462877721
   1.334877070075326966
  -5.978884182271839265
   8.800241976810687206
  -6.046541810467275901
   7.812329918935716933
  -6.800781437278127228
   1.013867299847395209
  -2.258742877808743721
   6.206956498186633198
   7.757444317220147489
    7.19353385168512105
   7.820854164815779441
  -2.101035703564760659
  -7.875314997837964626
  -6.883999687123115052
   1.886305639673550472
  -3.113622734441085171
   7.092882925793441373
  -7.783850754442229736
  -3.427952933244569955
   3.980698038462152422
   -4.16669666927100657
   2.450199798496599968
   6.220576718304298147
   8.770305318066391465
   3.770376933315667589
  -4.261596800899730475
   5.651494638837057494
   6.479746420151781372
   4.802079871621785401
  -6.966719196117987067
  0.8892823202448683073
   -6.05948834088459698
   -7.31376124286025231
  -5.623370117679500346
  -1.677666562947475182
   4.601318307361207616
  -8.238156908659002298
 -0.5000288551839596751
  -8.397770323797860925
