  -6.647438996170785153
  -3.317935496196001477
  -2.093590031980798294
   4.455413920976508457
   9.719683411538355244
  -11.65980366988475581
   10.42946795183116393
  -9.046981554332170106
   7.265165446663743865
   5.355148426205322387
   1.441537110008654032
   7.920461737705270622
  -4.460025726490902898
  -6.638322542362972811
  -12.27948635007814815
  -7.962723630945850672
  -6.881427361014895716
  -1.004505702472745732
   8.145037477852287822
  -4.650843565289212833
   4.205504157226281237
   2.907676761719736547
   1.748529278928066866
   6.299023000925965121
  -7.163652046409687557
   7.542534559768268032
  -3.251259450662456807
  -4.498310245931286921
   8.535429255012804362
   4.634857796113612594
   5.515927666631055715
    -1.6265616036461783
  -7.405987001923551638
   -8.13422474692524311
  -8.162655484463849476
   11.01696356485643946
   4.120536283160268987
  -2.049874823371592214
   -7.20151450823963124
   4.311520587784133163
 -0.8951667170560932973
  -0.446660245278584056
  -7.096200620863720943
   5.385979885275468781
    1.04240901476809289
   3.677297786131246138
   4.618735237976221875
  -5.261596759937191337
  -6.313265176724777383
    10.6511753339922528
  -9.569136197235133423
 -0.7609695722406735197
   9.413561916553181419
  -8.121721518091744585
  -5.501515683505004084
  -9.991002439036233085
   12.59148249900163385
   5.081585274977667765
  -9.845371993911507857
   3.329503498189526844
  -5.037726874932678456
    5.12320207460353938
  -6.785481266893508945
  -7.923198959180411727
   7.888988740868176919
    6.26318234872617019
  -1.581884952181940918
  -2.096197387074568041
   10.88591638318592025
   8.001768884156760464
  0.6534562350159434096
  -3.783038458285159944
   2.415465234462489175
  -7.258349068375207658
  -5.833462296763715749
  -8.367242940630610804
   8.402722210157490323
   3.413921311101621114
   11.73493553268973955
  0.4909169086505084101
  -2.299755379267811151
    1.28741613295964008
    8.47913466790062742
  -8.593793868585711593
  -4.251190205646982356
  -2.262629735313328894
  -8.798947716749003334
   1.454053003670166433
    7.95851291625788626
   11.26708805051800866
   7.838922851586854534
 -0.8442605121442694482
  -4.947754126870656854
   8.352766846700639292
 -0.3972603997519402741
  -1.904367099511008687
  -6.576912045945138452
   6.341314014579799263
  -14.89958783934642028
   5.827001564483158091
  0.2036314527468808255
  -4.289509861671485957
   7.733967685340176423
   6.818131473113117735
   1.663377208947994568
   1.956718757921138696
  -7.150479476915636567
  -6.503257269301769838
   4.174042863082865651
  -11.47123364478663987
 -0.5916439696114005331
   3.890861344844117831
  -13.07169632811531912
  -7.933333286283042796
    6.50738436344467619
    1.85604143392331844
  -1.725263972436318127
   9.084742997502168294
  -6.915978956274218881
  -10.27274332767654741
   7.118453548788302498
  -11.21745912043127724
  -2.020431756852289151
  -3.580893253071582905
   6.352872999503284213
   8.490629945554323044
   5.035905841484887624
   3.749404669749257124
  -3.279495975663177632
   -10.4215123189504304
   9.247383602261779245
  -3.727501025965620496
  -11.63887573203776427
  -4.547757511102020089
  -5.755372301251242995
-0.03760900295776027635
    5.70524320219432024
   1.837519798627855749
   8.711296160375631814
  -7.323685346011739483
  0.8918355367883860074
  -6.542474609233677185
  -7.484678308888888409
   5.602067063551356974
   1.242364607465734183
   7.763648974024535576
  -4.975626542831232513
   8.267408877489742736
   4.527676835099631703
  -1.625806398367611427
   6.587507159587983274
  -9.470873672614386507
   5.612787762110965417
  -4.013288273426019792
 -0.5364793685792628164
   11.96710609769011668
   13.52518599617269146
   -2.74094043175655111
   8.158138960750900281
  -8.549955038748681346
  -11.06860547593698385
  -8.165051346989679715
  -8.344211838021525551
  -1.000362490120383141
   10.89069859160108145
   5.723738016659841499
   6.034637358253065464
  -3.537767804540684402
    3.88557044021882847
    6.53290130458067253
  -8.524906608169683153
  -4.655394659928625778
  -6.519361752413871613
   8.727042913964268678
  -5.388359400657417808
  -12.66091297173300845
   2.509051766057655453
  0.0742258781366544329
  -11.43663565499793933
  -9.525975359697353539
  -6.632224978796023684
   2.925110644275360272
    11.2485532673119657
   -9.99056295929284488
   6.756317293507825283
  -3.316364561666927724
   9.322244267460780165
   6.906087118051055462
  -8.128514389442081267
   12.65947392745234801
   0.722570022647006982
  -7.314733848762386081
   1.895124490506216564
    7.81638803509117075
 -0.3285957437215307753
  -3.766902114830794623
   7.536471739886053456
   6.328856952944298619
  -8.905434462960485575
  -8.347353354099315226
  -6.803351817844630389
   8.245681113731279765
  -12.99522073250576071
 -0.3374140133577002154
    9.91086632219148278
   2.647330866431021335
   7.962431835325975094
    1.08511093671283998
  -8.540965092605445008
   4.662194264745570749
   9.507672692030926243
   2.565313320901915439
  -9.815174148411321298
   4.030343415369457283
  -8.033300517174009059
  -1.327180881257596035
  -2.902210625172046754
   7.855165906534997688
  -9.932378627378348313
   5.297409945522787211
   7.184959704886709986
  -1.019111492334613844
   1.107112125973959804
   -8.47529605781068085
   5.673241373176489688
   12.32818004313554461
  -5.228176184171419827
  -9.643279666249435778
  -6.793352398748683463
  -4.152604314728938206
   3.767626702555307183
   3.193215426432075343
  -5.170773327232789818
   3.457359384793957879
  -6.191868912364192568
   6.465937805238553437
  -8.041075716498925274
   2.981935880396118677
  -6.985589335348866946
  -1.383623015612638119
   8.094391540880401692
   6.362340699846559033
  -3.237180382165398385
  -9.460734712967102666
  -10.29787756325736581
   5.084512980032528162
  -5.505502532179020747
   11.21707925125621941
   1.249554029891200901
  -7.060697177486860099
   8.321614549601729749
   -3.34406943825684122
    -0.8723734673693051
  -8.157048989959349683
   6.679860257849614236
   8.507251771213972802
   2.302381131604395392
  -4.210314607851302959
  -1.685822735430940744
  -5.328986751703631342
  -4.875381765885569152
   8.404175997243132912
   2.718884203758106022
  -10.40849184487877821
  -10.34795417103124748
   9.495915407124394747
  -9.673144246717852113
  -4.145523743879279799
   5.952887080882303117
  -2.860969601793074801
 -0.4332776698716819253
  -6.244705632278038543
   1.055486387598596254
   6.657452696730818964
  -9.975160027882179037
  -8.018757618847804025
    5.52762050156333995
  -6.608770643645597964
   6.812174639165018419
   7.459396844683335637
  -8.064090168175548357
  -1.097110040443141532
  -1.542805806576160066
  -4.758180820137418721
   7.471303417231011323
   1.074459294137661614
   5.333476188243711391
   2.485322760834935973
  -2.325129942859412324
   10.79182690695272662
   5.183593774332965864
  -7.879491559343074769
   4.652715931770741165
  -4.422925006971077266
   4.053246310380799855
   1.940075730194837922
  -6.850479072779446454
   5.002865107960777991
  -3.076994530129055327
  -7.127400304813029663
   10.17453149856744332
   -7.36075193996579813
  -6.474286574759858581
   1.603760593980122273
   -2.40496659630720977
   5.325153919247876289
  -1.243919505558120253
  -7.282452417796855926
   4.154492959049918888
    11.3033738475259895
   4.641898189623514526
  -8.435511028491848862
  -5.138532342428455024
  -5.967211058991757966
  -6.113297803563861876
   4.682559523727640283
 -0.1994739683445180822
  -2.422181305177730781
  -5.856299278087671922
  -4.109363167442641185
   2.622931567345463399
    9.74696066761218205
   9.288432418323793627
  -6.536317981435673552
  -6.914608326262360549
   10.22114265949133305
   1.610826556178869051
  -9.036884255360053686
  0.7191430278321123692
  -5.682172080016039573
  -4.877485842075626188
   7.775750180305492698
    6.55945954094845618
  -2.113170589942952926
   5.523395278616470172
  0.9496188049726772551
   3.557761424270418971
-0.02843073753860905772
  0.9327102294301167218
   -7.67760587534190897
   5.746956944677435786
   2.612551581983048266
    -4.4125288027581826
  -5.258873290480250873
   1.643792352851250138
   10.50097470602022298
   6.510456687581154256
   -11.2298173396034553
  -1.008445212383607625
    4.85828335864287375
   5.738049851397035717
   6.755056566195410284
  -7.199021515529752335
  -1.555194660156155706
  -5.777248915316613775
  -1.369155243021518586
  -11.04887211543962167
  -10.24047805125533728
   1.534629141028797106
  -4.976208577498866248
    2.33334151645079535
   9.564537469192142538
    7.59121900952651707
   -9.96752521803805358
   -2.89546469456949751
   6.071332336260164553
    3.38040480107322816
    7.56446873307013945
 -0.7560003999447060252
   1.256803061981357272
  -11.15850480170052705
  -5.653399014950682755
     8.2382038953511465
  -7.889959357216917546
    7.68743171417663973
  -8.315401817148064367
   4.211477764672977742
   6.743318793119192911
 -0.1020882683257586798
  -6.661475672545382309
  -1.207614782981414336
  -5.617147416266221605
   9.934032138610028539
  -8.772020395912281998
   1.324432614843994216
   5.262412107249181403
  -2.763206368765842136
   4.321395565807368833
  -3.998369289998796372
   7.508723727786311031
   8.795411366374192852
  -5.554361621403727689
  -9.522693134187690589
  -2.116944548344641852
  -8.797079012315812463
   13.71574281776222115
   4.495704721988175834
   8.089897632620536072
  -10.22820684385066947
  -6.294038489317900442
  -2.822458261782493594
  -7.263535481072276312
   7.436158706328818369
    6.97577915308070029
  -1.948434487852686692
  -6.201033909572370106
  -5.186453379675796782
    1.93757572159113689
   5.506236743700789305
  -1.167787867120268164
  -6.160206093087073675
   -7.31098184833821918
    4.97330211777093556
   8.885694718855953411
  -2.884147499029159345
   5.057744257139463073
   6.190322762427022951
  -8.470451148723434187
   10.56940485819736608
 -0.6798761990477270034
   2.436504587548287581
   9.432877034855561504
  -7.556935544223582824
  -4.952415430564481191
 -0.2409673277284249127
   7.300192016132802664
  -7.107205109416959488
  -3.730454400888927324
    6.66919707845838694
   8.737758012963144694
  -9.046318538841735091
   4.271419961857453096
   -5.80728539598218596
  -4.531525265027354088
  -10.30376011198274355
  0.2040498812567388409
   11.39407514989828307
   -3.50661387650367562
  -7.641969200378548877
    4.79985086154825602
   10.12194673895867325
   1.440144393800149691
  -5.574510303345160622
    8.85815984337251372
  -7.476905684224346871
  -3.719974683141886285
   2.500602034271858898
  -5.343147359185931755
   6.178300914145620659
  -6.856366950394370718
  -2.377262447414308255
   6.574376009191571946
    -4.4398423340776354
   4.927835941468064362
 -0.6222602313945406749
   7.522747473021731857
  -1.539428221510594108
  -9.217155066520154705
   -5.94491123808272981
    9.87319669633934005
  -3.283966874646311318
  -6.749672296417066342
  -3.700072841918422561
   4.092224987830118899
    6.04862740527007503
  -5.608233130008173362
   3.742099035570127352
   8.379913615543653549
  0.3546538390409559316
   7.606444368816468682
  -6.139110944598479058
   2.893750388142413144
 -0.4645876074476044115
  -6.770303986764290016
  -7.328968246499775852
  -10.34804829426341755
   3.092100251900649077
   6.446812413116722595
  -3.900571459913184658
  -1.518457358005179891
  -3.019501592950994073
   7.689388656651973797
  0.8005556668951996357
   5.820107741983619576
  -6.073404255211308111
  -12.41457461109789762
  -7.136001455060268839
  -5.566883947595233195
  -2.442097249116027768
  -6.785668112011864039
   3.703729400452607123
   4.661895206196227548
   1.816919646022674861
   7.130770587509761782
   4.845478439297474793
   -3.19673105371811106
   9.441941541653118719
   8.240559190995597305
  -8.380066234168971562
   -8.82289527940660534
   6.443644919709958785
   -3.79332551230649262
   3.322406413445191387
  -6.382405458310586255
  -2.480577396522861022
   1.971253395255553098
  -6.377813307486727368
  -7.869929769446367906
   1.248798061768455758
   8.341680969799359247
  -4.882033477622087503
  -1.218784166567521421
   9.270613357941545729
  0.6401899358224167891
    6.99307374813217919
  -3.475953967979006798
 -0.9441129385169887422
   6.618809632462662407
   9.519703797776035259
   2.073378194548446629
    6.14736476726730352
  -5.931986407643352166
     -1.269809152939537
   4.560444131463262885
  -3.090082514676873338
   5.172013858922548835
   7.371174254782690838
  -4.160397685354302766
   7.364481569565325181
   -7.99690519445921133
   3.311880056264016492
   8.628132696615633535
  -3.972795479925612661
   -1.02109559822614715
   2.068560927040370867
   3.213101139739849899
   7.243706913603577213
   -6.26681176623695535
   8.590546494471825056
  -11.20072234623490814
  -6.674024625132409128
    8.37924668761354674
   3.379457960127022265
     3.4152642683754868
  -4.466338055597514511
   6.111399943645094091
  0.3527503443426917018
   6.521985549389526682
    6.99637245594911672
  -9.993440136245126837
  -5.533110065424672541
  -9.987600742747174465
  -3.487460936576343151
   3.537900362804998977
   1.091739416547441888
  -3.390659049737298147
 -0.2309423143214281993
   6.112780669105881692
  -6.675310064392206755
  -1.365989828561792407
   -6.45928259465959087
   8.057822170025993103
  -8.570770911845677631
 -0.7051832810975733334
   6.544602562855006411
   3.177920572838465851
    8.76400276522075572
   11.01495649605673499
   3.337229660549613008
   6.466893410416403754
  -1.505856241514949456
   9.182346809940327148
   2.442904345831393265
   -8.40919911110020557
  -6.094354439595391248
   7.706703668395475049
  -2.936852778827018895
  0.7924286222440865002
  -5.625845196991399177
 -0.9496458605273521147
   7.768238216987510825
   7.087076936876302469
   8.950118391833433051
    5.87298430909548852
  0.5180112305962321084
  -9.366895586381755123
  -5.327450621417850307
   8.383598852527841316
  -8.956309987236069858
  -3.052975298295257822
  -15.05780790956206872
   7.956129311045151198
   4.639433096435032766
   0.548007147695733221
  -7.348312649140820163
   9.074470260222927465
   1.535283964640560717
   9.975806992621460978
   6.243638010727499577
     4.0306057740577792
  -9.479912897813733252
  0.9209870166842591965
   6.485976838732914196
   1.573107189064822498
  -6.211122351257743368
   9.995431381187184883
   3.099085002859921278
  -13.35361161326056134
  0.5138439991190713041
   9.756027277854638413
   3.354712158798164978
  -8.236183256774978645
  -6.992671703967809904
   7.062967388094623544
   8.336891841154777438
  -10.60302805744235677
  -1.624954739178513963
   10.19609462961799728
   8.525434885154533404
  -1.968674403626676339
    3.43214211371372091
     -10.60910925151952
   10.55773913160266098
  -6.896427289816498885
 -0.6762552851132525022
  -6.783653099766816297
   13.06021650679887536
   1.721390183468304302
   3.395080749551104837
   8.010414874363059212
  -5.477329281418451323
  -6.143193988436207675
  0.7013547173249858879
   10.08928888499520582
  -8.243687297326664165
  -4.103493614726387406
   9.197027365143686239
    7.63656586391745229
  -9.067476031689652771
  -5.106701737053050749
   7.115439725725620335
  -5.140342143427437449
   2.892834379500901498
    4.55049372329239965
  -4.999788727486523143
   -4.96398241342683999
   5.876921645927418503
   7.509538655833774001
   1.263651119629084274
  -3.465705433240180877
  -7.290499214393491023
   3.999441154556206524
   7.376191861887512857
  -4.491729156735750905
  -4.623161501169708032
   6.264365321938079489
  -4.782579243174254202
   7.500326057068775754
  0.4919242256205257902
   8.213313541659880812
  -8.359379747415840001
  -3.233585840950002677
  -9.802659256087896011
  -3.824793775731555545
  -2.901566988295390281
 -0.5822866433787879936
  -4.549454965198391321
     6.9445581699136536
   7.670172276284350943
   1.803085581346512978
  -3.077134076230660931
 -0.5665195393055955098
   6.806520715645311803
    9.09979091098229631
   3.332213356909714985
  -7.911805305625755125
   8.883596611105343044
  -12.48005238296510377
  0.8083940391340138643
   -7.21625304441763582
   9.242183278735566887
   10.51106170183853372
   1.286687638587879823
   5.962886971195236363
  -7.310825721721414538
 -0.3663550634978005593
 -0.6181303291641041531
  0.9603182670844722102
  -1.513219578012048538
   2.965884887177554052
  -4.879901596669366626
   6.621432613931840905
   7.056607155904452533
   1.268878418987340551
 -0.8371428502902660274
  -9.430110107732822655
  -7.430172813755813621
  -1.059745218042275283
  -6.569073424805996098
    9.19061912603318909
 0.04562966941155366385
   9.748700236784765494
  -1.170660960197956069
     12.668588925086679
   4.195989991361268601
   11.51781317379036373
  -7.113591796475587259
  -7.824167983711170393
   2.985838978742716865
   -7.68800309085903244
    7.19171854495725249
    3.86434534115867212
  -9.881210003670549469
  -10.58161413301793097
 0.01740225789688493174
  -9.909096335411977208
   4.726124987464730864
  -1.998737289686056684
  -6.999115791264827635
  -3.968276360779521283
   7.495837557907006676
   4.035202671832834653
   6.077469765652081968
   8.718217881970417693
   2.250953737638655916
  -2.297109354085120181
  -2.761860462210267375
   5.117728080330049778
  -11.52658799042459847
   9.423880399207522629
  -4.563264967326936095
   3.341175751732095911
  -9.286328068799784674
  -6.888833001473734896
  0.8864653731169399586
  -1.869280926839755441
   5.916230098896097189
  -2.407820668251654972
   4.526038798827112686
  -8.653708206386383495
  -5.645129779338097009
  0.1770539978188121477
    10.2974679901818682
    8.05295152202010911
  0.3960750934914591403
   -10.6181432280020438
   4.819088395446775586
   -4.06737008758094909
  0.4351745389273017905
   -5.35255420276250149
   2.468299969500090896
   2.322213220923647459
  -2.609702854732216082
  -4.650568309233188202
   3.938715883968624709
   5.210009869234879076
   12.63867261060258151
  -7.088483327181325677
   2.845282916409446194
  -5.626164240488638058
   8.823195976543589225
  -9.054117177152917861
 0.07831467681903292455
  -3.909889201307308326
   5.522223415424697635
  -4.489486751793041464
   10.58310094465481122
  -5.154754282299394141
  0.8231111955422379944
   5.829866267458690743
   3.621881267024094075
  -5.904501130828952782
   6.211642803520373235
  -6.069103310432790721
   -8.18468603783551174
  -0.630206762786730712
   2.633898513245779505
   2.319280334012044253
   4.635297341001324511
  -8.121544214781224014
   8.446035786678224966
   1.116178721395684859
   9.331919790015779981
   6.049329551022704976
  0.7030589735133647711
    -8.4725989318062922
  -1.150775767080959078
   11.13350821022571324
  0.5558145924841144669
   3.043992633103970835
   -5.81809393858459778
  -8.925959618507356197
    9.98557266132372412
   9.883654795609238874
   7.775298374888526709
  0.2097891374402506282
  -8.676669348696986361
  -7.936557132542978898
  -4.603839260748188167
   11.40328897522588392
  -8.709823907532610932
  -7.478069360739443283
  0.4666040963147466969
   7.102016378698625232
  -3.666662284305462816
  -9.001836959564625928
  -1.995256001505610888
  0.1036470481964355816
   6.379987215243189347
  -2.223184283790222704
  -2.913938301676481046
  -3.434117965334710032
  -6.122950118562424215
   4.030532334780162707
   5.045112865414585812
  -3.885516456179133105
   12.50979850970743001
  -2.530341961466378908
  -5.737559760839021195
  -8.862086562160527592
  -3.154872968532673738
   6.941580019752790598
  -2.353234069305995213
   -10.2904207437341384
   11.62940706957446402
   1.256402458069691086
   10.05664444540680158
   -4.79013934596083768
   6.541234659571447452
  -13.62127703644079446
   6.137592818800314376
   -8.71832863439055572
   6.694011293112021477
  -1.217363422779820903
  -6.840733533883910589
   -1.48271915379480923
   8.078047164889088805
  -7.565509250093098714
   2.232585316230825345
  -10.62692435186145801
   6.699084960010085688
  -3.397339194982043509
  -2.965770440673395569
  -9.311135743088108541
   4.831405680896105892
   5.717763297533999811
   9.478014566620823089
  -7.937186687358466664
   8.894468728877445329
   1.580707493843715561
 -0.3742641125106084266
   2.640748105139235413
   8.972114340872781924
  -8.374579119737202149
 -0.3653442899323655624
   9.986567829120346573
  -5.845461843157031545
   7.865587625303933628
  -4.527605426490499241
   6.009348597440576256
  -7.484309400639028276
  0.8022212930671259734
   5.081802956522063042
    7.70726000168869696
   2.522470950829596159
  -3.815476634637708031
   9.557335641054619302
  -6.512695752332017918
  -10.22271862983488866
   5.443908736692662842
  -5.973694474695492751
   2.159234376120619636
  -6.434074031791102932
   2.692232681459643118
   9.385945624454212322
  -2.040865457643952663
   -1.39019130482057518
   6.548418755976591399
   7.932438424389091303
   5.349144102793749411
  -10.19486346965790702
  -1.209057844755225153
   13.55841064932165452
  -11.23399438854496424
   3.839387119785178992
     2.5024773672544387
 -0.8202547356250506905
   9.028413518471523957
  -4.917273890450662321
  -11.88399307605684641
   6.529751845200833849
  -6.002719003326133951
   11.43766786642896705
   6.633765375988232016
  -6.245887536204690171
   5.742852199796979917
   3.760251271907153026
  -5.010038416942440342
   7.661153909842964183
   1.315788598771040707
  -1.283888110682664063
  -9.681658440210272332
  -1.455319539115907057
    5.51166059903805472
  -5.737620455710773726
  -4.222054273910693212
  -8.592967257442559514
  -5.758649601990935452
   4.039444969793923867
  0.4105856082878913682
   6.220172004703249158
  -11.32205080035831912
  -8.013475669959916559
   6.549003945152086281
  -6.953391516407176454
   -1.47564313870529662
  -6.467264144331762665
   7.920231024109151363
   13.49284013066174026
   4.945360763364336165
  -8.408337237109508422
  -12.08902036533129909
  -2.902082726614661379
   6.453453220445004135
  -6.038532912470405911
   5.977865473667586471
  -6.386164750753985153
   8.145007715568432616
  -2.213032235667086844
   5.037142030234575962
  -5.322651003783327894
  -3.744290534024207862
  -6.054413651853213452
  -6.447787486783422395
  -9.371109868997155701
   8.538399644074733175
   4.371703021671081935
  -10.09924984423385474
   8.041290257869970759
   3.435944175029847614
  -6.461281317447548744
 0.01846511341035510928
   4.754632625317049666
   8.321014225276117671
   10.09476358852033684
  -1.144822261619695247
  -8.537258769128172275
  -9.874168507828418484
   5.263799331932148107
  0.8046862543349347918
  -7.965269774983108064
   10.67165574931892102
      8.006926818824045
   7.862673538333239343
   1.948876972132400631
   7.875897544981928178
  -4.927230473273018774
    -10.795197234705741
    8.65710826421629065
   9.933766251221381793
  -1.965633861452700248
  -4.761474669831304851
  -8.322675793401284494
   -9.00383706876422174
   4.902948406629059619
    6.78054349926918043
   5.753386809401291657
  -6.183517077513740468
   4.907916022050914151
   2.604520113659099856
   6.289024683558723794
   -10.4747420983297026
  -7.198719455862882199
   5.264269496221145594
  -8.024647082668568743
   8.323442620968236838
     3.7618880911965622
  -4.113426893786447991
   10.84578166393224663
   -10.3215587355367564
   4.207756723328492043
  -4.789709871486043546
  -4.832261805220282369
   5.707213582034109223
  -3.107865679922756641
   2.350449204115869328
   9.798094566323925392
  -8.886458479402783439
  -9.664855403977576032
   3.773484538280977407
  -1.867679288060070109
 -0.2769212461561240679
   5.072251621778151254
   2.383419472407384276
  -2.137827237788858525
  -4.985980672901126454
  -6.845407047912809517
 -0.9428055349261963425
  -7.820126444785711506
   5.500281392279081416
   2.316017012597993752
   5.211991010770776533
   1.969273612857838529
  -6.510837731267649531
   3.216830023992960808
   -5.80105318369597267
   8.029908318722899452
  -3.724331848998784444
   5.824107804127617527
  -8.267325182283482121
  -10.00169545668303961
  0.2879302205565555939
  -9.144989462537555625
  0.5580811012741504484
 -0.9747654551001538881
    1.24351155673996705
      6.250678042911332
  0.8137805396792656687
  -4.492235981897432673
   10.02363889483828174
  -4.561554533381227294
  -8.531974183974455173
  -2.100493308890457378
   -3.32737319701494183
   1.470205770794864364
   10.02392970920016069
   3.912392594646587618
  -10.57769361826543175
   2.665341827251579421
   6.325827020276392432
 -0.5502804299320747106
    -8.6095995237660361
  -4.671620031360847136
  -8.459976039854964824
  -4.370912976249215376
  -6.004850704111904136
  0.7097845472177677362
   8.965401158287155781
  -6.961075906380985501
   2.529068040195848077
  -8.634622596926689653
    10.9333224428879312
    8.02402687197509934
     8.1615339524172974
  -6.920946480557223168
   7.045241087238210298
   1.346839573861622785
   7.250174268950195788
  -7.677726852869502849
  -3.857086365931853944
  -8.769956024131849048
  -0.347631832465132129
  -7.243978206131471254
   8.584192393249418629
   1.130935692495195877
   6.651984145555411843
    7.26494402736109457
  -2.851122710458986909
  -8.610304815145726209
   1.883018169665569452
   8.639913517554070665
  -7.454440466619624672
  -1.846755532364168673
   6.923549785702224568
   2.371592201358463381
  0.6335033554553004542
  -2.244516492006313424
   7.617207723929755758
   15.06961196624795818
  -3.046590832997400522
  -9.901392908612690391
   9.289153342291099236
   7.030609076465236029
  -9.017883214259983404
   4.813078294729936424
   6.096463307271621446
  -5.750241674092602118
   6.198503692897363138
  -3.475310581716843927
   4.155977273495603086
  -6.719245657310752406
  -4.832940024836335446
   10.67552263572390459
   4.379082088284111052
  0.9013367387702279077
   8.397463369872877337
  -6.799343076253088647
  -3.126753616801439151
  -9.883460685397739809
  -14.05015732005283979
  -8.534125286090716855
   3.672589446879368502
  -8.140096568271221855
  -7.250814239712960685
  -6.299684241907987925
     12.206714728670093
  -3.060333854597068637
  0.3940286985447655765
   4.751996053464353054
  0.5339522659860276299
   7.496517977738109018
  -2.635698123027744089
   5.572609109867959098
  -0.574411281656535877
  -9.069824798924036813
   6.343722984652337082
  -4.454490668044828183
  -6.444367747647149258
   3.683840256247566725
   2.748449651766375901
   9.365990476649312058
  -7.874594971444853542
   -4.60867368772591135
  -3.809771926604852865
  0.6472222124619768646
  -5.913796563398879158
   8.228744879155923897
  0.7944347258830536385
 -0.8454707631435895987
   3.272243834434722665
   2.895973985989208188
   6.352540544817150803
  -8.729346257658415098
   4.615334130879208629
   2.625457045166632586
   6.478924635267833132
  -8.079859647055126715
   6.036095575254112333
   2.608142630002118878
    4.08906307338877717
  -8.556506899150367218
   2.189164779944909878
   4.707761499092520729
   8.671604633204681889
    -1.0450711389434717
  -3.209011793088314413
   6.944470645945182596
  0.4095100987097463618
  -2.036483761631184386
  -4.295226629646036187
 -0.4428290534124962874
   5.824188361063196595
   9.722324283932525901
  -2.217530782375977338
   4.789050175030611811
 -0.9341457643228621155
   6.025327661330843299
  -8.025259774708462857
 -0.7734692452243987493
   4.024109716759213029
   6.975809610455762311
   2.314844671504811213
  -8.800806255168472703
   -8.34072486533955626
   1.746936114597706924
  -4.365103273111572868
  -7.210078855161272671
  -10.73182922481450063
  -5.180445953186362473
    3.26007707852066142
    11.5421465277626254
   8.680904240535348038
   5.563262327906647542
  -2.674894555746698988
    2.79877005659465361
 -0.4603795425420705856
   8.665927156155134981
  -9.384593200443717365
   3.105035558670762974
  -2.941506250853984206
   1.335713823392205457
   10.52219975915809158
   8.039982584256042841
  -4.067629952793499371
   8.828139349138693248
   6.534434994840600197
  -1.683918962219475013
  -1.548633944992875655
   9.308785542392744361
  -1.336909738700247541
  -4.659641866640514607
  -5.735287640535758236
   9.421997101928791807
    5.24561552386797203
  -5.418183028224360598
   1.224185791725760808
  -2.042526419178607888
   7.790574965591223311
   3.420058866901680261
   5.551383265373708298
   8.056934652402510721
   1.999937310983361805
  -6.349129400780395116
   -12.6455699474301575
  -8.627188664730066847
   6.873776369053872237
  -9.161205136779482672
   8.655650006834143539
   -1.58807347164407231
  -10.17116857806543884
   3.869511953268288007
   9.322629759060065524
   3.509454541831129148
    -3.3868918306905611
   2.137756946240006783
   5.977913063302741747
   9.958611107172792742
  0.5564184942152532454
   -6.04293909105874949
   1.155864342773210041
   4.313349495967897518
   6.763549281402791991
  -7.620311949505475191
   7.930365496960321003
   2.612822107678415051
  -7.488025099107694871
  -7.284675534832968147
    1.26904840946956865
  0.9823635556356642429
  -1.118672147340523892
   3.376750705781701001
   -8.49117030539936124
   6.521284355001363053
  -4.282300932367630431
  -8.652817038288565854
   4.676199336464046397
  -10.91235590297298153
 -0.9747194074365774785
  0.9480106469404321334
   -7.78422953584628452
   1.525977819690341075
   5.731111578256331107
   1.020304006311792078
   7.249785841953235277
   9.666310457126920497
   5.539429389453445651
   -8.24017955974791505
   3.147746535492614406
  -1.982600939489364222
   9.813035037700597485
   7.294384598303310874
  -6.112039393062356218
  -3.643164017952249978
  -11.89351201164580552
   6.400291049250918185
   2.416524616411667381
   4.797578961983610668
   3.008578422460600699
   -8.34906670274228091
   6.370427594074294042
  -7.369400153050401414
   9.387934166786763512
  -8.945042011976880758
  -3.242717395706368855
   3.456566556078591645
   3.267641547976553706
   -3.16430250005486613
    7.00658095740658915
  -6.876107455124895296
   6.625588938088726287
   5.852617524725991061
 -0.7281230631634614259
  -9.549109970275086567
  -6.530574334449941176
  -7.819460623587243475
   1.781873614705627773
   8.382088357584358107
   1.236277503140503109
  -0.780065251037648566
  -4.933910608894391814
   10.40089991203034714
  -6.796076904809218888
  -7.848077355354361018
   4.711448117571094052
   1.014580541098380806
  -9.206150598502462756
  -11.84670498849469311
  0.3171046154486124591
   6.959473429939929012
  -6.260945549286013545
    9.03726456390989874
   -9.84845248891207703
  -2.943381646520291106
   3.837191462060350666
   1.578448583485197565
  -3.243935076235525905
  -6.357557813982909423
 -0.5586642520828026814
    -3.5777442977238616
   8.440523029938098887
   8.766392314005713615
   -1.57276262416766377
  -3.587506949794661448
  -5.088172400329717959
   6.239567294768050942
  -7.142489265171881208
  -3.220333599585356588
   3.285519643970260972
   1.122237843129526791
  -10.59664016537107756
  -7.211602144114024782
   4.164408994404462661
  -5.668127579729346444
  -4.343570859631935122
   4.259016885397254981
   10.81000696815296713
  -8.547479361568267819
  -4.242362393759891326
   9.664423082074343085
   3.772960849395613714
   -10.8122325614180177
  -3.623352485356439168
   6.041749309751690333
   6.174619241073758147
 -0.5091538890481204227
  -5.755077913211098739
   6.431480875083996906
  -1.966289448713863575
   5.773063900000067861
  -7.613389550234000325
   7.728966411647320456
   6.319177790657582783
  -7.254864941066724526
   6.943354541656377776
  -6.584742202423886859
  -5.641163811248677717
   10.65682866971313736
  -6.651112201218142062
  -8.328778742569236115
  -2.146498988186970713
  -13.53379170421328581
   1.999522597041730965
  -1.732050829607508335
   4.474905660781399064
   9.276985537792675984
  -4.176381578060818889
   3.276022642466821289
  -1.052000460310397845
  -8.197811323714876863
   -8.58309512488276205
   5.457585417364050784
  -7.272553568041471017
   -8.98891730404666589
   5.462585276567368808
    0.78121073677806252
   -5.18478905779805288
  0.2160274660109097189
  -9.774185903958450439
  -2.278059274699106851
  -1.492116465814572912
  -4.353358741785366526
   4.018381281888207646
  -7.845786496477380467
  -2.640554387152554305
   9.523255220517508945
   8.951638439252153745
   7.124029096453906362
  0.6491374608891267162
   5.903334693284270074
   1.956402409697034717
   6.756895354494480088
  -9.337458628882536971
   7.981172666112771097
    1.01445348108958644
  -8.593308415841368841
   7.226711248333594462
   8.115993568578460327
   5.420827161757220125
   5.205232104252127456
  -7.509897240208570857
  -3.356764373616864194
  0.8104313944767630451
  -7.972749649852332254
   8.009234827009590774
  -5.451144794966428009
   1.899272042272318606
  -8.059319093833957837
  -8.161236947256176322
  -5.867966751169687356
   8.170223995891747748
  -1.216290645302666285
 -0.6811612741461297027
  -2.690927532284429713
   3.516028984685182213
   3.308575138629472168
  -1.716363736005195539
   1.224277314477751899
  -3.316696211886031698
   5.528076885524395578
   3.427041190150116101
  -2.347238118548256924
  -6.431944038204331804
 -0.1019178661288506621
   7.452404242318202421
  -6.486819114200510938
   -7.41254027553038064
   -5.09329277339757347
  -2.115582722709295815
   -2.92332238999635674
  -7.014748344825524562
  -5.780458613988386674
   7.554479282006429486
  -4.899165633955146149
   5.134770299106937941
  -2.526825010207579325
  -9.489671807960167627
   3.934168356523856769
   7.405748578474767641
  0.7256141104606042003
  -5.141472577917776121
   3.890640745258537869
  -5.674882423583492042
  -9.075640934441633334
  0.7401122091630110145
  -5.232497718628222216
  -5.560891610531978557
   3.239350363402477839
   6.693712942994567427
  -2.844975577441281267
   2.468875375659558724
  -8.848868267950734889
  -6.569870159872204241
   8.812982345868359602
  -5.891462254199304915
   7.235609493114928625
  0.5037599159474097643
   5.400816516613184959
  -6.337947582994966744
  -2.357249536310491056
   3.756930997245111037
  -7.172285125765009539
   3.002919869053184421
  -6.799472764237892264
   4.611772586683434483
   11.64244437591181303
   5.642347385817599204
  -4.091425956081545579
 -0.5716167812653522029
  -14.70444456970710156
  -8.783181041791827681
   7.198803440638807061
  -1.577372859655038262
  -6.877320901798393393
   6.443086940816835195
  -5.808995124589760195
   0.355068384505299095
    5.92126353488156898
  -7.454718672684951031
  -3.323801122350015014
  -4.372206962829356058
   6.570644544360346728
  -4.297480518102292812
  -4.370516098689542162
  -2.518650425212750399
    -7.4343101531389717
   6.276340169553567883
    -7.1458108711707089
   2.293270190085394233
  -2.861242291441866925
   9.118727810659290611
   1.334877057128300848
  -5.978884190681644561
     8.8002419818450619
  -6.046541810016501373
   7.812329918935716933
  -5.061292257476304179
   3.380350496694193296
  -2.258742872790468148
   6.206956502602595904
   8.426811273081858289
   9.950986241688092093
   7.820854164815779441
  -2.101035703564760215
  -7.875314994976129412
  -6.883999682947766985
   1.886305639673550472
  -3.113622745988243956
    7.09288293336125264
  -7.783850756689953521
  -3.427952942036556649
   3.980698038462152422
   -4.16669664685618546
   2.450199798496599968
   6.220576718304298147
   8.770305318066391465
   3.770376926855333988
  -3.041696727946650469
   5.553194025965648706
   6.479746418450146983
   4.802079877993438828
  -6.966719188235407145
  0.8892823202448683073
  -6.036408996646962066
   -7.31376124286025231
  -5.623370117679500346
   -1.67766654797887016
   4.601318292861775738
  -8.238156910990479531
    1.55719919854906097
  -8.397770323797860925
