  -6.647438996170785
  -3.317935496196001
  -2.093590047773041
   4.455413920976508
   9.719683411538355
  -11.65980365274754
   10.42946795183116
  -9.046981572776387
   7.265165446663744
   5.355148426205322
   1.441537130318757
    7.92046173782546
  -4.460025726490903
  -6.638322542362973
  -12.27948635007815
  -7.962723651887575
  -6.881427384845157
  -1.004505702472746
   8.145037465247942
  -4.650843542548764
   4.205504138660662
   2.907676776992988
   1.748529253526925
   6.299022990334086
   -7.16365204601825
   7.542534570087833
  -3.251259481674256
  -4.498310245931287
   8.535429255012804
   4.634857786000143
   5.515927678815716
  -1.626561584858979
  -7.405987001923552
  -8.134224746925243
  -8.162655484463849
   11.01696356296674
   4.120536302924783
  -2.049874844741258
  -7.201514460461405
   4.311520598028766
 -0.8951667439018511
  -0.446660222705256
   -7.09620061137772
   5.385979873385887
   1.042408965274912
   3.677297833848374
 -0.4136930087364155
  -7.445578778238509
   -6.31326516306234
   10.56571987739134
  -9.511932866504717
 -0.7609695461777785
   9.413561916553181
  -8.121721507722908
  -5.501515725166144
  -9.991002464044717
   12.59148249900163
   5.081585274977668
  -8.728311279584728
   3.329503493428838
  -5.027503295677329
   5.123202152537253
  -6.779205711162411
   -7.92319896365898
   7.888988772135585
    6.26318233333726
  -1.581884952181941
  -2.096197387074568
   10.88591638318592
    8.00176888415676
  0.6534562350159434
   -3.78303845828516
   2.415465234462489
  -7.258349062416266
  -5.833462279599536
  -8.367242940630611
   8.402722199174098
   3.413921343345025
   11.73493553268974
  0.4909169086505084
  -2.299755379267811
   1.287416088465057
   8.479134614785698
  -8.593793868585712
  -4.251190205646982
  -2.262629735313329
  -8.798947716749003
   1.454053026892367
   7.958512905776717
   11.26708807208868
   7.838922862267605
 -0.8442605121442694
  -4.947754126870657
   8.352766846700639
 -0.3972603712871646
  -1.904367077282582
  -6.576912045945138
   6.341314039275238
  -14.89958783934642
    5.82700154863456
  0.2036314527468808
  -4.289509861671486
   7.733967699170853
    6.81813146898146
   1.663377181580461
   1.956718757921139
  -7.150479482066448
  -6.503257261524285
   4.174042944520772
  -11.47123364478664
 -0.5916439696114004
   3.890861380322559
  -13.07169628260116
  -7.933333281241692
   6.507384373983689
   1.856041413614504
  -1.725263972436318
   9.084742997502168
  -6.915978956274219
  -10.27274332177113
   7.118453548788302
  -11.21745911667419
  -2.020431740470986
  -3.580893264671947
   6.352872991512218
   8.490629961835063
   5.035905875918494
   3.749404669749257
  -3.279495936188495
  -10.42151234479707
   9.247383602398182
  -3.727501053745272
  -11.63887573203776
   -4.54775751110202
  -5.755372289917587
-0.03760899003167836
   5.705243206422312
   1.837519798627856
   8.711296160375632
  -7.323685373816522
   0.891835536788386
  -6.542474590255257
  -7.484678308888888
   5.602067031863785
   1.242364630989096
   7.763649011124681
  -4.975626542831233
   8.267408881304021
   4.527676867726452
  -1.625806461625545
   6.587507139785297
  -9.470873649386508
   5.612787768867104
   -4.01328827342602
 -0.5364794094405447
     11.967010219928
    13.5000538854719
  -2.740457810544396
   8.312727403797439
  -8.549955054290102
  -11.06860545954361
  -3.973355704131867
  -8.233889580502776
   -4.86182851773932
   5.241152795106853
    10.2382691053579
  -2.636188974597952
  -3.327758472866948
   3.885570414900779
   6.532901317631707
  -8.524906608169683
  -4.655394695531636
  -6.519361752413872
   8.727042931113361
  -5.388359382883669
  -12.66091296205024
   2.509051766057655
 0.07422590184828476
  -11.43663565499794
  -9.525975335515522
  -6.632224967601757
    2.92511064427536
   11.24855327282763
  -9.990562983845727
   6.756317293507825
  -3.316364595677947
   9.322244268948904
   6.906087118051055
  -8.128514373153241
   12.65947392745235
  0.7225699744805623
  -7.314733843426762
   1.895124490506217
   7.816388060966862
 -0.3285957236613244
  -3.766902138628065
   7.536471739886053
   6.328856972831196
  -8.905434462960486
  -8.347353333867265
  -6.803351811305136
   8.245681115239552
  -12.99522073518846
 -0.3374139993965499
   9.910866330417964
   2.647330942783411
   7.962431835325975
    1.08511093671284
  -8.540965082778381
   4.662194326724554
   9.507672700906825
   2.565313346094015
  -9.815174136984915
    4.03034339247028
  -8.033300543825213
  -1.327180881257596
 -0.2756071128122581
   7.855165864356133
  -9.848862942956853
   5.030756666919486
   7.184959696118547
   3.107038279049638
   1.103972356516074
  -8.475296102408706
   6.333498621978361
   8.387019533598192
  -1.175853483477766
  -9.600549115991694
  -6.793352345784071
  -4.152604347893908
    3.76762668020317
   3.193215472313145
   -5.17077332723279
   3.457359422671082
  -6.191868915461214
   6.465937814664535
  -8.041075727580171
   2.981935880396119
  -6.985589329234013
  -1.383623015612638
    8.09439151387298
   6.362340708940001
  -3.237180382165398
  -9.460734712967103
  -10.29787756325737
   5.084479910486963
  -5.505502573142701
   11.21707924052814
    1.24955401029122
  -7.060697167873243
   8.321614557892804
   -3.34406938908821
 -0.8723734916959148
  -8.157048981638157
   6.679860257849614
   8.507251771213973
   2.302381096274511
  -4.210314617153158
  -1.685822721472576
  -5.328986751703631
  -4.875381765885569
   8.404175997243133
   2.718884203758106
  -10.40849184487878
  -10.34795415467473
   9.495915417116393
  -9.673144239712741
   -4.14552374387928
   5.952887080882303
  -2.860969571074349
 -0.4332776698716819
  -6.244705632278039
   1.055486421990798
   6.657452696730819
  -9.975160027882179
  -8.018757641262678
   5.527620491157601
  -6.608770629557261
   6.812174647519269
   7.459396860377747
  -8.064090184422367
  -1.097109987351689
  -1.542805822471296
  -4.758180773341262
   7.471303417257451
   1.074459263060312
   5.333476188243711
   2.485322825519883
  -2.325129960977406
   10.79182689001924
   5.183593727964483
  -7.879491564340896
   4.652715955880021
  -4.422924994328964
   4.053246318231999
    1.94007577763083
  -6.850479081282608
   5.002865062511068
  -3.076994557804088
  -7.127400275656086
   10.17453149856744
  -7.360751939965798
  -6.474286574759859
   1.603760613335744
   -2.40496665058535
   5.325153919247876
   -1.24391950555812
  -7.282452417179064
   4.154492959049919
   11.30337385214764
   4.641898171693368
  -8.435511028491849
   -5.13853230342789
  -5.967211058991758
  -6.113297792885618
    4.68255952372764
 -0.1994740068780397
  -2.422181284977112
  -5.856299278087672
  -4.109363191038584
   2.622931599765614
   9.746960676338787
   9.288432374566231
  -6.536317981435674
  -6.914608333090944
   10.22114267013048
   1.610826542114808
  -9.036884269593457
  0.7191430278321124
  -5.682172050127177
  -4.877485842075625
   7.775750180305493
   6.559459556803469
  -2.113170576376804
   5.523395280024437
  0.9496187713856348
   3.557761378058307
-0.02843073753860906
  0.9327102525270252
  -7.677605880840364
   5.362809759952178
   8.378339763452381
    3.81151141830208
  -5.232171498343189
  -6.299415299221059
   6.903426251885814
  -3.390151237492401
  -7.780741989445221
  -7.446446988829637
   5.538114892044693
   5.738049811401289
    6.75505656619541
  -7.199021523153706
  -1.555194622736919
  -5.777248896874163
  -1.369155243021518
  -11.04887213171958
  -10.24047797435521
   1.534629141028797
  -4.976208545413083
   2.333341488455859
   9.564537494366675
   7.591219064254641
  -9.967525218038054
  -2.895464656657028
   6.071332329553336
   3.380404761160777
   10.38846404308888
   8.851534986300816
  -6.147350358898794
   -6.86734846371518
  -10.68026023017588
   5.054069602528612
   1.879545871746451
   7.687431723608123
  -8.315401812106987
   4.211477740765327
   6.743318868513285
 -0.1020882441848758
  -6.661475734144924
  -1.207614752533605
   -5.61714742802209
   9.934032138610029
  -8.772020390842787
   1.324432614843994
   5.262412107249181
  -2.733632919501456
   4.214097464610632
  -3.998369258394389
   7.508723727786311
   8.795411366374193
  -5.554361621403729
  -9.522693193119926
  -2.116944579666912
  -8.797079012315812
   13.71574278616298
   4.495704620871448
   8.089897632620536
  -10.22820683854111
  -6.294038489317901
  -2.822458238929292
  -7.263535444359378
   7.436158699294214
   6.975779174577197
  -1.948434510810492
  -6.201033888613264
   -5.18645340858505
   1.937575671655579
   5.506236703124432
   -1.16778790117123
  -6.160206092225494
  -7.310981863140492
   4.973302134438775
   8.885694718354646
  -2.884147499029159
   5.057744223855153
   6.190322762427023
  -8.470451148723434
   10.56940485819737
 -0.6798762414890968
   2.436504609827472
   9.432877034089838
  -7.556935544223583
   -4.95241543056448
 -0.2409673771757204
   7.300192040541457
  -7.107205109416959
  -3.730454414981685
   6.669197127455986
   8.737758009484713
   -9.04575828075359
   4.271419947396044
  -5.806468701519012
  -4.531525207764159
  -10.06994044033245
  0.2040498491196201
   3.600489830694695
  -6.785844628152549
  -6.340325417719839
  -3.728881646812021
   11.86676446729811
   10.03010336416532
   2.259260588439023
   8.858159827616227
  -7.476905681362584
    -3.7199747023951
   2.500602012643833
   -5.34314741298202
   6.178300940281994
  -6.856366932920029
  -2.377262493690907
   6.574376009191572
  -4.439842297316423
   4.927836008556932
 -0.6222602313945407
   7.522747443282634
  -1.539428204146778
   -9.21715505827366
  -5.944911245829028
   9.873196717804891
  -3.283966874646311
  -6.749672278078132
  -3.700072883627218
   4.092224987830119
   6.048627405270075
  -5.608233152478928
   3.742099056669677
   8.379913582973041
  0.3546538005627392
   7.606444368816469
  -6.139110821999695
   2.893750430972517
 -0.4645876771212838
  -6.770303986100823
  -7.328968227861866
  -10.34804834196476
   3.092100251900649
   6.446812419564479
  -3.900571472730638
   -1.51845734126087
  -3.019501592950994
   7.689388656651974
  0.8005557191427961
   5.820107723342659
  -6.073404255211308
  -12.41457461747223
  -7.136001400550993
  -5.566883947595233
  -2.442097226074161
  -6.785668106276153
   3.703729391529392
   4.661895206196228
   1.816919702895635
   7.130770586834444
   4.845478418226707
  -3.196731013101155
   9.441941541653119
   8.240559190995597
  -8.380066226011133
  -8.822895232928115
    5.04722421336497
   1.013183623770574
   6.267354253544286
  -5.093162654647722
  -10.10175351460632
   1.971253395255553
  -6.377813307486727
  -7.869929759166538
   1.248798149564375
   8.341680968032225
  -4.882033477622088
  -1.218784166567521
   9.270613375401549
  0.6401899249774219
   6.993073756555935
  -3.475954050585722
 -0.9441129191131525
   6.618809632462662
   1.958646343508191
  -2.996073698408501
   6.720656053817524
  -6.934576003636138
   8.259788876749493
  -3.761863986307225
   3.032783042035243
   8.194410896014514
   2.911191825132355
  -11.66931783078779
   7.364481546556214
  -7.996905194548346
   3.311880074899201
   8.628132693396456
  -3.972795464908191
   -1.02109563624248
   2.068560854659315
   3.213101161508057
   7.243706913603577
  -6.266811766236955
   8.590546479394716
  -11.20072234530042
  -6.674024656770619
   8.379246687613547
   3.379457960127022
   3.415264252878906
  -4.466338078558694
   6.111399930085213
  0.3527503233897369
   6.521985558581674
   6.996372455949117
  -9.993440170453004
  -5.533110029241906
   -9.98760073130488
   -3.48746091354682
   3.537900379316751
   1.091739444315921
  -3.390659083306599
 -0.2309423370784562
   6.112780669105882
  -6.675310077318231
  -1.365989828561792
  -6.459282580411555
   8.057822170164593
  -8.570770911845678
 -0.7051832575869141
   6.544602591697243
   3.177920547211838
   8.764002767138713
   11.01495647983422
   3.337229660549613
   6.466893410416404
  -1.505856241514949
   9.182346826822091
   2.442904345831393
  -8.409199093082268
  -6.094354483058362
    7.70670366021147
  -2.936852822297998
  0.7924286640138957
  -5.625845196991399
 -0.9496458605273521
   7.768238216857752
   7.087076896495018
   8.950118391833433
   5.872984309095489
  0.5180112305962321
  -9.366895591537117
  -5.327450639453268
   8.383598852527841
   -8.95630998723607
  -3.052975268650973
    -15.057807914111
   7.956129311045151
   4.639433103191893
   0.548007184405936
   -7.34831264914082
    9.07447025693425
   1.535283991552113
    9.97580700632397
     6.2436380107275
   4.030605752807041
  -9.479912897813733
  0.9209870426578267
   6.485976837071203
    1.57310717233392
  -6.211122379925391
   9.995431381187185
   3.099084981269893
  -13.35361161326056
  0.5138439991190713
   9.756027277854638
   3.354712158798165
  -8.236183253487447
  -6.992671695862528
   2.978887132126449
   7.911552658035623
  -10.55423121218918
  -1.611049839103883
   7.088632940285278
   8.525434885154533
  -1.968674403626676
   3.432142113713721
  -10.60910924133404
   10.55773914033014
  -6.896427289816499
 -0.6762552851132525
   -6.78365316916244
   13.06021650679888
   1.721390163071598
   3.395080764896497
   8.010414873529101
  -5.477329325878818
  -6.143193988436208
  0.7013546978921633
   10.08928887843634
  -8.243687297326664
  -4.103493614726387
   9.197027381940419
   7.636565839380682
  -9.067476041120115
  -7.909001892505065
   8.022706448910666
   -5.44479369604002
  -2.023990612139885
   4.550493741553659
  -4.999788727486523
   -4.96398241342684
   5.876921636118397
   7.509538655833774
   1.263651119629084
  -3.465705445486379
   -7.29049921722839
   3.999441170269794
   7.376191860317069
  -4.491729156735751
   5.398858943348005
   12.35005033157945
  -7.755716707579367
   1.430075305027971
  -6.626505360326194
   8.213313541659881
  -8.359379763000533
  -3.233585893704105
  -9.802659259071511
  -3.824793751862241
  -2.901566983487045
 -0.5822866061159974
  -4.549454988989353
   6.944558169913654
   7.670172293880107
   1.803085552948203
  -3.077134058877905
 -0.5665195393055955
   6.806520715645312
   9.099790908983611
   3.332213459566352
  -7.911805305625755
   8.883596630880794
  -12.48005240268077
  0.8083940655133668
  -7.216253029694939
   9.242183278735567
   10.51106170022309
    1.28668763858788
   5.962886960910726
  -7.310825732635422
 -0.3663550634978005
 -0.6181303291641042
  0.9603182670844722
   -1.51321947155124
   2.965884829112862
  -4.879901621052834
   6.621432600351557
   7.056607165053977
   1.268878406396895
 -0.8371428502902662
  -9.430110107732823
  -7.430172816524221
  -1.059745166125191
  -6.569073401506403
   9.190619114725571
 0.04562962756313405
   9.748700250750289
  -1.170660960197956
   12.66858893020433
   4.195989991361268
   11.51781317379036
  -7.113591816014894
  -7.824167993280748
   2.985838949214204
  -7.688003090859033
   7.191718563046953
   3.864345341158672
  -9.881209964843153
  0.2181616624720809
    3.93971290257419
  -6.597158273614266
   4.635774316193558
  -1.636354834798113
  -4.870731576579497
   4.306951070103134
   4.417922461627839
   9.259494270140765
   6.077469765652082
   8.718217881970418
   2.250953737638656
   -2.29710935408512
   6.336190638859538
   3.937783625021072
  -1.709145123022958
   8.284634439647609
  -5.517111697329639
   3.556030928354639
  -5.506306284248918
  -6.888832980471372
  0.8864653942129492
  -1.869280977937789
   5.916230098896097
  -2.407820663104884
   4.526038788251878
  -8.653708206386383
  -5.645129790179395
  0.1770540532338309
   10.29746792659639
   8.052951522020109
  0.3960750632097749
  -10.61814316345396
   4.819088385472515
  -4.067370123870611
  0.4351745535362859
  -5.352554222620661
   2.468299969500091
   2.322213220923647
  -2.609702896542365
  -4.650568331317385
   3.938715826533804
   5.210009876098198
   12.63867261060258
  -7.088483284929231
   2.845282938313242
  -5.626164274094155
   8.823195989997799
  -9.054117170855672
 0.07831466615320837
  -3.909889192260892
   5.522223409860216
  -4.489486725171884
   10.58310094944166
  -5.154754353893328
  0.8231111440953518
   5.829866261617197
   3.621881255276412
  -5.904501130828952
   6.211642803520373
  -6.069103310432791
  -8.184686033713094
 -0.6302067416392779
    2.63389851324578
   2.319280337387666
   4.635297341001325
  -1.414203776722667
   3.416348305200455
   7.904437992072513
   9.420876462003655
  -2.620457211688254
  -5.303508620812636
  -8.472598931806292
  -1.150775814290989
   11.13350822434585
  0.5558146080011315
   3.043992654438003
  -5.818093938584598
  -8.925959618507356
   9.985572686705728
    9.88365478821186
   7.775298375776439
   0.209789172047691
  -8.676669348696986
  -7.936557158514657
   1.307924934072316
   8.995912229881226
  -3.948751141293295
  -8.309078387807801
  -6.852148309336799
   8.679720670701458
   -3.66666229784872
  -9.001836956315325
  -1.995255996516501
  0.1036470548812714
   6.379987215243189
  -2.223184283790223
  -2.913938213381225
   -3.43411796533471
  -6.122950118562424
   4.030532375944167
   5.045112858677831
  -5.145851770998345
   8.033776784845161
  -2.161884839552089
   -1.26566320262341
  -8.862086558086446
  -3.154872922071605
   6.941580001222194
  -2.353234112875479
  -10.29042074373414
   11.62940706957446
   1.256402458069691
    10.0566444454068
  -4.790139331309587
   6.541234595131231
  -13.62127702921268
   6.137592818800314
  -8.718328659356301
   6.694011291518231
  -1.217363422779821
  -6.840733516349475
  -1.482719212145039
    8.07804717397566
  -7.565509250093099
   2.232585316230825
  -10.62692435186146
   6.699084960010086
  -3.397339243234776
  -2.965770418499711
  -9.311135743088109
   4.831405624259706
    5.71776329710114
   9.478014566620823
  -7.937186678269844
   8.894468708006713
   1.580707493843716
 -0.3742641125106084
   2.640748075328295
   8.972114356359238
  -8.374579119737202
 -0.3653442693189511
   9.986567832542375
  -5.845461837573649
   7.865587634296803
  -4.274381120010101
   6.009348597440576
  -9.367576117716789
  0.7918165823048181
   5.081802956522063
   7.707260001688697
   2.522470943890642
  -3.815476622726731
   9.557335656075983
   -6.51269576064084
  -10.22271864120762
   5.443908736692663
  -5.973694474695494
    2.15923437612062
  -6.434074020554583
   2.692232681459643
   9.385945624454214
  -2.040865446299281
  -1.390191328066719
   6.548418786420592
   7.932438386752612
  -3.738212504924388
  -7.135242280137258
   1.771166537196108
   6.734930062259281
  -11.23399432214989
    3.83938712676095
   2.502477337348896
 -0.8202546987018557
   9.028413518471524
  -4.917273858094907
  -11.88399305962097
   6.529751927972598
  -5.976790116418258
   11.43766788245521
   6.572072118580781
   -6.24588753620469
   5.742852176818618
   3.760251279860893
  -5.010038431447501
   7.661153928429723
   1.315788572098212
  -1.283888088327024
  -9.681658433133956
   -1.45531960834695
     5.5116606269361
   -5.73762046359739
  -4.222054284086449
   -8.59296725744256
  -5.758649616553422
   4.039444969793924
   0.410585637822481
   6.220172004703249
  -11.32205079623372
  -8.013475644081385
   6.549003940130405
   -6.95339150320795
  -1.475643156198919
  -6.467264144331763
   7.920231053121736
   13.49284013393362
   4.945360740389167
  -6.056890533730297
  -4.307805502103952
  -12.97575126793271
  -3.611352037236995
  -6.038532912470406
   5.977865482683839
  -6.386164750753985
   8.145007715568433
  -2.213032254244141
   5.037142015804976
  -5.322651003783328
  -3.744290594145677
  -6.054413651853213
  -6.447787486783422
  -9.371109868997156
   8.538399646927179
   4.371702994944081
  -10.05044243895738
   4.410508038789294
   4.293062896986288
   -6.46128139009584
 0.01846507879962395
   4.691992652134215
   8.321014202867383
   10.09476363933683
  -1.144822292152202
  -8.537258769128172
  -9.874168507828418
   5.263799348729658
  0.8046862681647897
  -7.965269774983108
   6.844250419996514
     10.497735660414
   7.862673538333239
   1.948876972132401
   7.875897544981928
  -4.927230460464894
  -10.79519724926571
   8.657108264216291
   9.933766251221382
   -1.96563392802384
  -4.761474698568463
  -8.322675793401284
  -9.003837096353701
    4.90294838664538
    6.78054350080828
   5.753386809401292
  -6.183517077972692
   4.907915957499482
     2.6045201136591
   6.289024683558724
   -10.4747420983297
  -7.198719455862882
   5.264269511312607
  -8.024647091970344
   8.323442620968237
   3.761888100822038
  -4.113426908762667
   0.816640851973107
  -7.636833886378988
  -7.121852476624472
  -2.351719864042595
  -10.39139537750932
   5.707213593504449
  -3.107865679922757
   2.350449204115869
   9.798094566323925
  -8.886458496051675
  -9.664855390588141
   3.773484507457335
  -1.867679368552703
 -0.2769212461561241
   5.072251611492955
   2.383419472407384
  -2.137827261286116
  -4.985980652256086
    -6.8454070630803
 -0.9428054919335488
  -7.820126431783405
   5.500281392279081
   2.316017024178943
   5.211991010770777
   1.969273594188901
  -6.510837733155161
   3.216830023992961
  -5.801053166173172
   8.029908318722899
   1.661602713344359
  -6.893169849455312
   -11.2326086750075
  -6.174123330716104
  -7.803030687980321
  -9.144989508854138
  0.5580811012741503
 -0.9747654673284669
   1.243511572045183
   6.250678088396826
  0.8137805260582366
  -4.492236008995201
   10.02363891825606
  -4.561554533381228
  -8.531974183974455
  -2.100493308890457
  -3.327373197014942
   1.470205770794864
   10.02392969494808
   3.912392560308294
  -10.57769361826543
   2.665341898255281
   6.325827020276392
 -0.5502804299320747
  -8.609599523766036
  -4.671620031360847
  -8.459976065762968
  -4.370912946653064
  -7.651119828746849
  0.7097845656843255
   9.169924828119221
  -6.883789924146974
   6.490545944786209
  -7.863656904597781
   8.171030021728233
   3.187533886261475
   5.126208974177089
  -4.530075262420576
   11.21787775665485
   1.346839540100185
   7.250174281227073
   -7.67772688294667
  -3.857086328110918
  -8.769956024131849
 -0.3476318169492779
  -7.243978199776524
    2.13291652234842
  -11.00312507191609
    7.06576726720316
  -5.373408565923876
   3.566498408461558
  -8.610304815145726
   1.883018169665569
   8.639913506478473
  -7.454440450018236
  -1.846755532364169
   6.923549785702225
   2.371592177408949
  0.6335034099310265
  -2.244516492006313
   7.617207723929756
   15.06961196624796
  -3.046590865698749
  -9.901392907101636
   9.289153342291099
   7.030609074756766
  -9.017883214259983
   4.813078294729936
   6.096463307271621
  -5.750241655078014
   6.198503693296598
   -3.47531050009603
   4.155977247931979
  -6.719245648437406
  -4.832940035160679
   10.67552265102688
   4.379082068320814
  0.9013367727526029
   8.397463361580968
   -6.79934309406786
  -3.126753644152402
  -9.883460659643871
   -14.0501573269695
  -8.534125337862823
   3.672589403817089
  -8.140096568644056
  -7.250814217916748
  -6.299684235129815
   12.20671472591328
  -3.060333854597069
  0.3940286985447656
   4.751996024466235
   5.793843176773975
   5.569228010540741
  -6.146703040650728
   5.572609092968239
 -0.5744112281787993
  -9.069824798924037
   6.343723010676104
  -4.454490668044828
  -6.444367731353133
   7.208058359729307
  -5.163419479622942
   3.467574484740079
  -5.864997256003121
   4.042939120559919
  -7.485612518549324
  0.6472222383185672
  -5.913796555926989
   8.228744879512986
  0.7944347258830536
 -0.8454707631435896
   3.272243834434723
   2.895973941918727
   6.352540535602454
  -8.729346257658415
   4.615334130879208
   2.625457045166633
   6.478924635267833
  -8.079859653187896
   6.036095574171865
    2.60814264592206
   4.089063154981001
  -8.556506899150367
  -5.270892501819397
    9.03003053814937
    4.04169825360493
   6.109839143302889
  -3.209011817923227
   6.944470624116696
  0.4095101451758045
  -2.036483759767543
  -4.295226629646036
  -0.442829036891477
   8.881397038726675
    7.36165826377425
  -2.217530782375977
   4.789050175030612
 -0.9341457496257148
   6.025327664598065
  -8.025259775831438
 -0.7734692086463492
   4.024109737800735
   6.975809610455762
   2.314844610023905
  -8.723443758370312
  -4.406652498231548
   1.746936101542234
  -4.365103273111573
  -7.210078856624705
   -10.7318292147422
   -5.18044597950856
   3.260077048925757
   11.54214652776263
   8.680904228391231
   5.563262327906648
  -2.674894476065199
   2.798770056594654
 -0.4603794566249949
   8.665927156155135
  -9.384593217142946
   3.105035558670763
  -2.941506250853984
   1.504806085207707
   10.47876278937311
   3.857548536515564
  0.4016892986803711
      8.256752942292
  -4.546454565777177
   5.077804669640436
   -7.60765194525033
   3.960189096723481
  -1.336909738700248
  -4.659641866640515
  -5.735287646726665
   9.421997071227937
   5.245615551275286
  -5.418183020625521
   1.224185791725761
  -2.042526444546388
   7.790574965591223
    3.42005886690168
   5.551383212300736
   8.056934677570942
   1.999937353565225
  -6.349129382255802
  -12.64556996206506
  -8.627188664730067
   6.873776388536794
  -9.161205143623954
   8.655650005687331
  -1.588073539210586
  -10.17116857806544
    3.86951193107121
   9.322629824270788
   3.509454541831129
   -3.38689183679907
   2.137756971015721
   5.977913063302741
   9.958611121593853
  0.5564185456975872
  -6.042939091058749
   1.155864386221418
   4.313349527122405
    6.76354927772609
  -7.620311946283311
   1.372826422891313
    2.61282205109921
  -3.239298252512742
  -7.284675534832968
   1.269048410943459
  0.9823635540661367
  -1.118672147340524
   3.376750684365393
  -8.491170305399361
   6.521284337758312
   -4.28230091308391
  -8.652817038288566
   4.676199336464046
  -10.91235590297298
 -0.9747194074365773
  0.9480107037863497
  -7.784229535846285
   1.525977830551857
   1.391510344059144
  -6.219073464752432
   7.249785841953236
   9.666310473365654
  -3.814456770687002
  -3.157612148265992
   8.719267807945908
  -1.982600939489364
   9.813035011656428
   7.294384598303311
  -6.112039394281758
  -3.643164036389439
  -11.89351203154051
  -1.229090751156509
   2.416524635951685
   4.797578946447084
   3.008578399385474
  -8.349066702742281
   6.370427644388468
  -7.369400153050401
   9.387934177304825
  -8.945041985411336
  -3.242717408491123
   3.456566583602776
   3.267641587815604
  -3.164302486421386
   7.006580957406589
  -6.876107468235365
   8.607826315979221
 -0.4097117460548763
  -8.889788534294954
  -10.80398872147624
  -2.317431137981207
  -7.819460623587243
   1.781873532543516
   8.382088361154022
   1.236277551315116
   -9.01178934637985
  -4.933910685017084
   10.40089993142355
  -6.796076904809219
  -7.848077355354361
   4.711448107417229
   1.014580521101513
  -9.206150558836313
  -11.84670498849469
  0.3171046376042676
   6.959473429939929
  -6.260945533951192
   8.936954441402037
  -9.848452488912077
  -2.905003142784016
   3.837191458049118
    1.57844854944952
  -3.243935150693974
  -6.357557832873995
 -0.5586642381712511
  -3.577744317588576
   8.440523021948255
   8.766392323454197
  -1.572762624167664
  -3.587506992245741
  -5.088172438974466
   6.239567294768051
  -7.142489244955057
   4.086602320829394
   9.909551004484348
  -10.08266227024004
  -4.210559438181276
  -7.932042131927163
   -1.56259183845917
   -12.0269747883434
  -4.343570868234361
   4.259016893251155
   10.81000696339158
  -8.547479372537605
  -4.242362378817472
   9.664423105798425
   3.772960820577677
  -10.81223256723806
   -2.07474066042905
   3.939756651283269
   6.422163141141209
    1.57614210349536
  -4.181119927422769
   6.431480875083997
  -1.966289448713864
   8.747720343810231
   1.423044074770074
   4.800673968225483
   5.700066108891034
  -8.219077395508318
  -1.055424679518814
  -8.456252652050592
  -5.641163820671351
   10.93726399384839
  -6.651112193812409
  -8.328778761034469
  -2.119996906068322
  -7.395045879880364
  -3.904900017491862
  -1.732050763036416
   4.474905681936221
   9.276985537792676
   -4.17638151995265
   3.276022642466822
  -1.052000486351081
  -8.197811329045608
  -8.583095106546647
   5.457585442604663
  -7.272553568041471
  -8.988917304046666
   5.462585276567369
  0.7812107835612652
  -5.184789057798053
  0.2160274832604216
   -9.77418590395845
  -2.278059321888869
  -1.492116465814573
  -4.353358723912192
   4.018381294358108
   -7.84578649647738
  -2.640554419246225
   9.523255220517509
   8.951638439252154
   7.124029062592861
   4.416072936616159
   5.903334734511114
   1.956402389049249
   6.756895361034824
  -9.337458618628622
   7.981172649325611
   1.014453449937209
  -8.593308398500282
   7.226711248333594
    8.11599356857846
   5.420827178521431
   5.205232058631255
  -7.509897283367523
  -3.356764373616864
  0.8104314359280829
  -7.972749644308275
    8.00923484016902
  -5.388621148112133
    8.46442468201365
  -8.059319093833958
  -8.161236947256175
  -5.867966751169687
   8.170223999191606
  -1.216290645302666
 -0.6811612984907838
  -2.690927557750039
   3.516028984685182
   3.308575182332922
  -1.716363736005196
   1.224277298775477
  -3.316696197864939
   5.528076880178906
   3.427041206645914
  -2.347238156476487
  -6.431944038204332
 -0.1019179000132062
   7.452404242318202
  -6.421305887502488
  -5.834946456035701
    -5.0932927786156
  -2.115582706071075
  -2.923322410750024
  -7.014748351865495
   -5.78045858740577
   7.554479318466137
  -4.899165689203777
   5.069227953951708
  -2.526824995575831
  -3.498566008338505
   3.934168356523857
   7.405748586435974
  0.7256141389627823
  -5.141472577917776
  -5.009778075297157
   -2.87414420838422
  -9.075640934441633
   0.740112164548671
  -5.232497718628222
  -5.560891645325587
   3.239350292868458
   6.693712942994568
  -2.844975566615595
   2.468875359906975
  -1.947068352386839
  -6.569870159872204
   8.812982327464077
  -5.891462364129527
   7.235609493114929
  0.5037599159474098
   5.400816514673952
  -6.337947573929729
  -2.357249514384296
   3.756930964897199
  -7.868706426071292
    8.49063931481302
  -1.971819725449377
  -1.110969433873217
   9.939107283510589
   3.921227134993258
  -4.091425945707526
 -0.5716167812653522
  -14.70444458027154
  -8.783181070933042
   7.198803433962852
  -1.577372859655038
   -6.87732091029241
   6.443086934121673
  0.9591480038295221
   5.911734161869812
   5.921263534881569
  -7.454718692204146
   5.648689413142094
  -5.081076086870477
   5.450332577991974
  0.2081663236341993
  -4.370516098689542
  -2.518650361343154
  -7.434310153138972
   6.276340169553568
  -7.145810871170709
   2.293270174082468
  -2.861242314824885
   9.118727833360634
   1.334877094792376
  -5.978884166216756
   8.800241967199604
  -6.046541811327847
   7.812329918935717
  -7.808916632851187
   -3.73973614812644
  -2.258742887389088
   6.206956489756161
   4.018665539021604
 -0.1191234646201778
   7.820854164815779
  -2.101035703564761
  -7.875315003301472
  -6.883999695094232
    1.88630563967355
  -3.113622712396508
   7.092882911345798
   -7.78385075015112
  -3.427952916459868
   3.980698038462153
  -4.166696712062939
     2.4501997984966
   6.220576718304298
   8.770305318066391
   3.770376945649032
  -5.414440525508464
   5.433248084902992
   6.479746423400355
   4.802079859457717
  -6.966719211166549
  0.8892823202448683
  -6.009470947397471
  -7.313761242860252
    -5.6233701176795
  -1.677666591523903
   4.601318335041943
  -8.238156904208001
  -4.098403303737122
  -8.397770323797861
