2.863886218819553718e-14
1.427326025036162359e-14
-7.87768296358267391e-14
0.001296145056784593153
0.001645980193278198797
0.002085892017286289802
0.002352072725176315455
0.002491683202894252793
0.002523369045276138006
0.002529734327594785996
0.002584402474763991108
0.00261780626233033744
0.0026819777867856027
0.002511940728815697296
0.001986234094335652921
0.001592754225428697238
0.001195607152904575726
9.233541114402730877e-14
-2.491925293128587153e-14
6.609186024743792516e-15
0
2.726296742194633921e-13
0.001363541862160149928
0.001669747447439311368
0.002631984770963586347
0.0029064207529058304
0.002961630208874418014
0.00290548806872566439
0.002630982939587713648
0.001699990077399662382
0.001351705875223845358
-2.992023013428470084e-17
0
1.44490736791186598e-15
-1.83831923240031086e-15
8.433681264296456747e-15
0.00119455776787054835
0.001591820448975982127
0.001986843420040458868
0.002513300899091770648
0.002683095972035737416
0.002618740453288139272
0.002585859294645880425
0.002531354493537722825
0.002523620461859725234
0.002490752654967878701
0.002349983329564222633
0.002083802655303619144
0.001643260512126679942
0.001303896403817581288
-8.622429532033672424e-15
-1.320698611592234127e-14
3.611835304993314869e-14
-1.467502979777530522e-13
4.016846376500344902e-13
0.001133612480037133078
0.001894420797860216221
0.002482028440561716287
0.002927797955466705532
0.003038646536169277695
0.002926545279022414563
0.002479201511515839555
0.00189111052444887527
0.001133706309002052628
4.010634949541592475e-13
-1.439555444215395191e-13
0
0
0
0
0
1.780920799156589609e-14
1.977967887972340622e-14
-2.12665646079262429e-16
0
0
-4.243081275574220609e-15
-6.441666126166126846e-15
1.573267147196617444e-13
0
0
1.684169440771917291e-14
0
0
0.0004256685346212582652
0
0
0
0
0
0
0.001283320702813718801
0
0.0004525237328912194777
0
0
0
0
0
0
-7.543044685051417008e-17
0.0001447634070055905627
0
8.466623984778824287e-17
0
0.001897174020351932982
0.0003738533336260232921
0.001237818507791904783
6.557767112142282926e-16
0
0
0
0
0
0.002027432915870587288
0.002102062951757684844
0.002018208589618258799
0.002099705779215667572
0.001199304013352573165
0.001987635554994641139
0.002499622106873228104
0.001344230336875912009
0.001613667066235076287
0.0002688312384694457706
0.001063104910683143308
0.002071177090863293886
-5.863930012466904337e-23
8.378570060511474012e-06
0.0002532867678734785342
0
0.001691228501047073538
0.00118498640582738457
0.001460212880849442226
6.962073270649455855e-05
0.0009708143584666646285
-3.440923301644917156e-22
8.642785829145067922e-05
0.0005710330306128698569
0
0
0.001515083031335577113
0.00140602446921525028
0.001911049442069658825
0
0.001246259633655482681
0
0.0004304436867688550268
0.001170383044230275792
0.00223530200994449162
0.002480736434289732527
0.001479422552533775663
0
0
0
0.000780962975579436525
0.001480025340029519562
0
0
0
0.0009056406057764383255
4.283085326980372982e-15
0.001167334474599689533
0.00209368160982138958
0.002572118209284968669
0.002703499381128143635
0.002525215147047783163
0.002548479323394709211
0.002146961059190757512
0.002270091665151127876
0.002516789481475845049
0.002463177031804912424
0.002557066670657652009
0.002196150683897546245
0.002410396200342886357
0.002284628256454984338
0.002490391896380051567
0.002617576759773603337
0.002389321987011494477
0.002219418743972689356
0.00126532020334876546
0.002790960984996990104
0.001777222423153936547
0.002085899683963726367
0.00233414921949618966
0.001536535263711540566
0.002382800752980393771
0
0
0.001296364233403087159
0.001642095675676445016
0
0
0
0.0004211656786868105649
0
0
0
0
0.001740786645811784718
0.002058006189384823173
0.00217805103348787726
0.002513587813425061535
0
0
0
0
-6.907205105015201123e-16
0.001550679123067419656
0.0003217519969862687188
0
0
0
0
0
0
0
0.00257925122734876033
0
0.001797313094670710109
0.001709551968241297161
0
0
0.001995401795040624426
0.002388050490418095959
0.002634754790408827367
0.002350021124485048019
0.001776187116886569686
0.001647642902247342753
0.002877075241564024631
0.002406854852673268302
0.002670030230771536315
0.002058417502896026791
0
0.002298571297942429963
0
0
0
0
0
0
0
0
0
0.001134937887491048892
0.002403100543155380076
0.002466561748160252428
0.002496565478807713599
0.002470405886446237764
0.002214673105869795471
0.001841082010283759916
0.000980408268533675218
0.001863404158814343983
0.001724915127444382563
0.001131837722375118177
0.001797688704665607743
0.000789898448823692762
0
0.002008652228182788296
0.001012755398370899585
0.001137027695711364693
0.002043258714056311095
0.002480219736275412687
0.001765163811228310153
0.002392596956877421355
0
0
0.0006524623622807220521
0
0.001503350318955401456
0.002941576979587015236
0.002693736550660753501
0.001905251689635217805
0.001237802834209653481
0.001756135489052402772
0.001459945862234309595
0.001983019256688210979
0
0
0.001054265384566304342
0
0
0.002390365356547085457
0.002489587584202093088
0.001612366810227225649
0
0.001845976735740016911
0.002164130917618968877
0.0009050154387219312962
0.002435837548982986399
0.002676766459789447963
0.002908575982974498722
0.001849796538218267603
0.0003755403402877234001
0
0
0
0.001954242261217700814
0.00224772938193023783
0.002844884908011253641
0.002815166700415758401
0.002681282478868156609
0
0
0
0
0
0
0
0
0
0
0
0
0
0
0
0.001452083765321972525
0
0
0
0.001452785643738660742
0
0
0
0
0
0
0.001868584265391741743
0
0
0
0.002431248942227268867
0.00209681063236621338
0.002133666973578101592
0
0.001054346121412723034
0.001765817098699291616
0.002461706563268266802
0.002179958072353808778
0.002200755740278735866
0
0.001405152246987283931
0
0
0
0.002303188642181958068
0.002565171262471238091
0.001462855633197251461
0.002378925952989770914
0.002241973374559641519
0
0
0
0
0
0
0.002200418948772370122
0.001699081364499220159
0
0
0.001613581326517155544
0
0
0
0
0
0
0
0
0.001274816923822184129
0.001431968006206000166
0
0.0008377945655706210389
0
0
0
0
0
0
0
0
0
0
0.001037383192822548738
0
0
0
0
0
0
0.001194780800226687319
0
0.0007102222318800708537
0
0.001870808418633348319
0.0003835670551205537602
0
0
0
0
0
0
0
0
0
0
0
0
0
0
0
0
0
0
0
0
0
0
0
0
0
0
0
0
0
0
0
0
0
0
0
0
0
0
0
0
0
0
0
0
0
0
0
0
0
0
0
0
0
0
0
0
0
0
0
0
0
0
0
0
0
0
0
0
0
0
0
0
0
0
0
0
0
0
0
0
0
0
0
0
0
0
0
0
0
0
0
0
0
0
0
0
0
0
0
0
0
0
0
0
0
0
0
0
0
0
2.001570417125376016e-14
4.218770936180528321e-15
3.736442825626210716e-16
0
0
1.494647329313934009e-15
-1.944459132740069902e-14
-4.002945877861181195e-15
0
0
1.265147207632683809e-14
0
0
0.0004238004725947229598
0
0
0
0
0
0
0.00128547256699327434
0
0.0004525409509899541304
0
0
0
0
0
0
-7.744138611320072546e-17
0.000144245815146463389
0
-1.993629684216924672e-17
0
0.001898863505882927762
0.0003786857365473680968
0.001234969657267853465
3.760355824416304059e-16
0
0
0
0
0
0.00202904075444262184
0.002101987521469632272
0.002017833729364809994
0.002098870588949362445
0.001200467623802197814
0.001992008001353646335
0.002499873610473619685
0.001346552811352141931
0.001611631737269834681
0.0002679762878562780498
0.001068501495077844084
0.00206810031903556556
3.563478366130130389e-15
4.947990675571009607e-22
0.0002519607024870137296
0
0.0016843879136016818
0.001183010062722849231
0.001459862529892725106
6.798427743586902888e-05
0.0009703234104726835528
1.056529418089550009e-21
8.514950908331849052e-05
0.000136415483180556791
0
0
0.001518314476903498238
0.001406538250190037887
0.001909234294700461187
0
0.001239662039647791876
0
0.0004324805304439813887
0.001169313208559689867
0.002236613638206543311
0.002481971047042839159
0.0014764433403075981
0
0
0
0.0007812163131288269542
0.001477418219659037578
0
0
0
0.0008781741548131775888
0.0003411127888168098005
0.001180373016300314366
0.002095026897967081168
0.002571364720418130995
0.002703878610006006915
0.002526052536472972367
0.002549405913281986309
0.0021513019250449638
0.002270441997072057076
0.002518593313227040619
0.002464787892010232573
0.002556085272331265652
0.00219493728153274557
0.002409421347056637467
0.002283698926205483641
0.00248929301261038979
0.00261648936933635062
0.00238832158457031804
0.002218884257904626001
0.00126778774866579823
0.002791407554280310541
0.001772626908568049157
0.002085029953107627072
0.002332626520092896238
0.00154651438171873293
0.002381885399366602107
0
0
0.00128206481978086111
0.001641657872392088833
0
0
0
0.0004446078666046992091
0
0
0
0
0.001744803704738733582
0.002061407926444889897
0.00217559923835146515
0.002511927486435053865
0
0
0
0
2.073909268553589469e-05
0.001548914583457900894
0.0003216641506667068011
0
0
0
0
0
0
0
0.002580474653251657331
0
0.00179766415045841876
0.001708630133111006854
0
0
0.0019947040260022658
0.002387480756787130776
0.00263453294736178947
0.002349903427068134737
0.001777190620240238833
0.001647724877634625931
0.002877068779620919458
0.002406725568796350481
0.00267089462418605315
0.002058070171221098883
0
0.002301012201947887081
0
0
0
0
0
0
0
0
0
0.001134476905842828846
0.00240390483878160548
0.002468493676630146866
0.002495128937334382957
0.002469475351501825965
0.002213645486040750811
0.001840780140667220037
0.0009800513880572191833
0.001862598707123604494
0.001723913507946461246
0.001131321268736651441
0.001797117543133187282
0.000789110261895949682
0
0.002007813957203372773
0.001012265952240109287
0.001136669447990125122
0.002041304032774817444
0.00247892345619047565
0.001764018455990477808
0.002392443423459047081
0
0
0.0006550229169222860411
0
0.001506928741832593661
0.002942034064804855114
0.002696111520707472967
0.001903942358599269684
0.001240141655731603941
0.001754085179441661245
0.001456076333645037321
0.001981570744184740947
0
0
0.001048439404065047232
0
0
0.002388715834974766434
0.002489067402018565762
0.001616119026322319603
0
0.001848198704838421467
0.002164459558246061011
0.0009076093409393140837
0.002436195535470487769
0.002674986011546607711
0.002907698161379993363
0.001848687781958209889
0.0003742336861230356315
0
0
0
0.001955667836266614893
0.002248819854158628367
0.002844196071584544506
0.002815772972959778957
0.002682451440596143964
0
0
0
0
0
0
0
0
0
0
0
0
0
0
0
0.001452284335872908562
0
0
0
0.001452319238410233922
0
0
0
0
0
0
0.001867823038350736441
0
0
0
0.002430816882628229324
0.002096486953078603287
0.00213328568686977629
0
0.001054649013191854678
0.001768670134426685676
0.002462601017318489984
0.002178540513814195261
0.002199436980303127228
0
0.001413135561202061427
0
0
0
0.002304969190262090833
0.002564852745923081392
0.001462386273815852351
0.002377961413859294108
0.002241646467661803296
0
0
0
0
0
0
0.002201904413716636224
0.001699979182265358088
0
0
0.001613722613391179806
0
0
0
0
0
0
0
0
0.001272614267513284781
0.001433993175629317022
0
0.0008360294030192661407
0
0
0
0
0
0
0
0
0
0
0.001037130579531899506
0
0
0
0
0
0
0.001193293013713258395
0
0.000713863994436839751
0
0.00186992556571813134
0.0003832960937444373811
0
0
0
0
0
0
0
0
0
0
0
0
0
0
0
0
0
0
0
0
0
0
0
0
0
0
0
0
0
0
0
0
0
0
0
0
0
0
0
0
0
0
0
0
0
0
0
0
0
0
0
0
0
0
0
0
0
0
0
0
0
0
0
0
0
0
0
0
0
0
0
0
0
0
0
0
0
0
0
0
0
0
0
0
0
0
0
0
0
0
0
0
0
0
0
0
0
0
0
0
0
0
0
0
0
